 4.574037526336682E-3 1.5331131E-10
 0.013775887331366095 4.4468861E-9
 0.02308600179225434 2.7790844E-8
 0.03250569586433573 9.6959582E-8
 0.04203600767024263 2.4955576E-7
 0.05167855206740314 5.3201368E-7
 0.061434482525408784 9.971242E-7
 0.07130506786081019 1.7014556E-6
 0.0812916922371172 2.7027213E-6
 0.09139573981783959 4.0569635E-6
 0.10161871011344634 5.8154664E-6
 0.1119616412465698 8.0215061E-6
 0.12242580203376065 1.0707238E-5
 0.13301349941420184 1.3891088E-5
 0.1437257715105258 1.757589E-5
 0.154563771792324 2.1747812E-5
 0.16552865372918793 2.6375932E-5
 0.17662387772989213 3.1412305E-5
 0.18784829032484515 3.6792541E-5
 0.1992041984532299 4.2437129E-5
 0.21069390905422943 4.8253911E-5
 0.2223185755974353 5.4141866E-5
 0.23408050502203048 5.9995872E-5
 0.24597969732801497 6.5711733E-5
 0.25801845945457174 7.1190847E-5
 0.2701990983408839 7.6344282E-5
 0.28252276745654286 8.1096249E-5
 0.29499062027114025 8.5386957E-5
 0.307604963723859 8.9174675E-5
 0.32036810475388205 9.2436849E-5
 0.33328004336120953 9.5170214E-5
 0.34634423995461594 9.7389913E-5
 0.3595606945341012 9.912754E-5
 0.3729340209780314 1.0042807E-4
 0.38646306581681505 1.0134589E-4
 0.4001501359896351 1.0194041E-4
 0.4139986919052661 1.0227195E-4
 0.4280098870332996 1.0239811E-4
 0.4421848748433271 1.0237088E-4
 0.45652711574412296 1.0223436E-4
 0.4710366097356875 1.0202324E-4
 0.48571566375720343 1.0176204E-4
 0.5005677382174454 1.0146528E-4
 0.515593986586005 1.0113847E-4
 0.5307955623324734 1.007796E-4
 0.5461759258656256 1.0038113E-4
 0.5617362306550527 9.99318E-5
 0.5774787836399379 9.941809E-5
 0.5934058917594642 9.8825326E-5
 0.6095198619528147 9.808844292417179E-5
 0.6258218476895808 9.7342962E-5
 0.642315309378537 9.6424187E-5
 0.6590014004892748 9.5369094E-5
 0.6758835814305687 9.4166857E-5
 0.6929630056720104 9.2809425E-5
 0.7102419801527828 9.1291361E-5
 0.7277228118120689 8.9608465E-5
 0.7454089610586431 8.7756486E-5
 0.7633027348316886 8.5732646E-5
 0.7814052866007968 8.3538262E-5
 0.7997189233051507 8.1178754E-5
 0.818247105353525 7.8661859E-5
 0.8369921396851026 7.5996994E-5
 0.8559563332390663 7.3196342E-5
 0.8751419929545995 7.0276095E-5
 0.8945525792404764 6.7256267E-5
 0.9141892455662888 6.415881E-5
 0.934055452340811 6.1005403E-5
 0.9541546599728175 5.7816693E-5
 0.9744880219319 5.461283E-5
 0.9950589986268327 5.1413723E-5
 1.015869896996799 4.8238563E-5
 1.0369241774505733 4.5105641E-5
 1.0582241469273383 4.2033098E-5
 1.0797732658358691 3.9039442E-5
 1.1015726876457567 3.6142669E-5
 1.1236270262353673 3.335914E-5
 1.1459397420134753 3.0703579E-5
 1.168510834980081 2.8188757E-5
 1.1913495328919163 2.582377E-5
 1.2144535288097981 2.3612492E-5
 1.2378228227337266 2.1553604E-5
 1.2614689493596167 1.9641972E-5
 1.2853803739915534 1.7870538E-5
 1.3095801660213666 1.6231904E-5
 1.3340567907531417 1.4719179E-5
 1.3588217828827933 1.3326065E-5
 1.3838751424103217 1.2046471E-5
 1.409228404031642 1.0874099E-5
 1.4348700330508388 9.8023697E-6
 1.4608000294679122 8.8246792E-6
 1.4870414626746928 7.9346605E-6
 1.51359433267118 7.1261969E-6
 1.540447104761459 6.3932574E-6
 1.5676113136414451 5.7297761E-6
 1.5950984940070527 5.1297432E-6
 1.6228971111623673 4.5875973E-6
 1.651030234499219 4.0986773E-6
 1.6794863293216926 3.6592124E-6
 1.7082653956297881 3.288850603227735E-6
 1.7373789681194204 2.914184E-6
 1.766838581486505 2.600069E-6
 1.7966327010351266 2.3186021E-6
 1.8267843961571148 2.0655975E-6
 1.8572821321565557 1.8378236E-6
 1.8881259090334485 1.6328828E-6
 1.9193272614837082 1.4488674E-6
 1.9508977242032501 1.2840758E-6
 1.9828372971920742 1.1368554E-6
 2.0151344457542657 1.0055433E-6
 2.0478237739775693 8.8847693E-7
 2.0808706777742402 7.8406489E-7
 2.114321295927938 6.9088382E-7
 2.1481410243509184 6.0772859E-7
 2.182364467130926 5.3359064E-7
 2.216980089572046 4.6760269E-7
 2.251999426370194 4.0899167E-7
 2.2874224775253684 3.5705233E-7
 2.3232492430375706 3.1113468E-7
 2.3595027922986302 2.7063762E-7
 2.3961600559167175 2.3500489E-7
 2.433255637979577 2.0372243E-7
 2.4707664690953792 1.7631691E-7
 2.508727153351869 1.5235502E-7
 2.5471146213572164 1.3144289E-7
 2.5859404078073366 1.1322513E-7
 2.6252275820940593 9.7383036E-8
 2.6649646095214696 8.3632056E-8
 2.7051514900895674 7.171889E-8
 2.7458112931901834 6.14185E-8
 2.786932484127402 5.2531424E-8
 2.8285381322930533 4.4881387E-8
 2.8706167029912226 3.8313072E-8
 2.913179730917825 3.2689798E-8
 2.9562272160728597 2.7891003E-8
 2.999782227848158 2.3809766E-8
 3.0438216968518885 2.0350714E-8
 3.0883802271717972 1.7428628E-8
 3.1334578188078845 1.4967686E-8
 3.1790429370642345 1.2901064E-8
 3.2251471166367626 1.1170481E-8
 3.271793426917299 9.7254959E-9
 3.3189703332099282 8.5225647E-9
 3.3666893702105662 7.5240568E-9
 3.414950537919212 6.6974042E-9
 3.463776905727696 6.0144422E-9
 3.5131569389401033 5.4508821E-9
 3.5631021722523494 4.9858354E-9
 3.6136126056644335 4.6013679E-9
 3.664711308568186 4.3098782748176404E-9
 3.7163982809636073 4.0150329E-9
 3.768661988154782 3.7891869E-9
 3.8215370342294554 3.5956888E-9
 3.875011884491712 3.4275719E-9
 3.929098073637467 3.2796819E-9
 3.9838071363626363 3.1485401E-9
 4.039139072667219 3.0321265E-9
 4.0950938825512155 2.9295045E-9
 4.1516946354064554 2.8402955E-9
 4.208952865928855 2.7641538E-9
 4.266845504726583 2.7004244E-9
 4.325407155887385 2.6480749E-9
 4.38463781941126 2.6058561E-9
 4.44453749529821 2.5725324E-9
 4.505117718244149 2.5470019E-9
 4.566390022944992 2.5282328E-9
 4.628365944096654 2.5151074E-9
 4.69103394700322 2.5063152E-9
 4.754417101056521 2.5003777E-9
 4.81852694095247 2.49578E-9
 4.883363466691069 2.4911319E-9
 4.948926678272318 2.4852805E-9
 5.015251179783961 2.4773468E-9
 5.082313901834167 2.4667077E-9
 5.150137913814769 2.4529669E-9
 5.218723215725765 2.4359383E-9
 5.288092876958986 2.4156181E-9
 5.358246897514433 2.3921045E-9
 5.429196812088017 2.3654649E-9
 5.500954155375657 2.3356413E-9
 5.573507392681437 2.3025384E-9
 5.646891128093102 2.2663338E-9
 5.721093826914736 2.227691E-9
 5.79613855853817 2.1873071E-9
 5.872025322963405 2.1449603E-9
 5.948765654886355 2.0992433E-9
 6.026371089002935 2.0484625E-9
 6.10485316000906 1.9917142E-9
 6.18421186790473 1.9292893E-9
 6.264470282081774 1.862556E-9
 6.3456284025401954 1.7935502E-9
 6.427686229279991 1.724239E-9
 6.510678366388908 1.6558383E-9
 6.59459327917103 1.5887889E-9
 6.679454037018187 1.5231628E-9
 6.765260639930381 1.45854E-9
 6.852024622603525 1.393322E-9
 6.939757519733535 1.3249578E-9
 7.028470866016325 1.2516297E-9
 7.118176196147812 1.1726239619973147E-9
 7.208885044823909 1.0927344E-9
 7.300608946740533 1.0116016E-9
 7.393347901897681 9.3247923E-10
 7.487113444991271 8.5705013E-10
 7.581928645413133 7.8612196E-10
 7.677805037859181 7.1966826E-10
 7.7747310876335005 6.5740677E-10
 7.872741398823836 5.9969783E-10
 7.971847506126103 5.4817556E-10
 8.072037874844385 5.0573651E-10
 8.17334710906643 4.7601718E-10
 8.275775208792238 4.7195907270915E-10
 8.379333708717722 4.81854493177566E-10
 8.484034143538796 4.9185903E-10
 8.589888047951378 5.3223326E-10
 8.696918491347297 5.8522061E-10
 8.805125473726553 6.4701336E-10
 8.914520529785062 7.1383766E-10
 9.025126728914651 7.812261E-10
 9.136944071115323 8.4493825E-10
 9.249984091082993 9.0282675E-10
 9.364269858209491 9.5307492E-10
 9.479812907190729 9.873272E-10
 9.59661323802671 9.8643867E-10
 9.714693920109266 9.2960297E-10
 9.834066488134306 8.0932772E-10
 9.954742476797751 6.3432991E-10
 10.07674495549143 4.2221005E-10
 10.200062389519426 1.9266707E-10
 10.324729382969483 -3.7064812E-11
 10.45075747053752 -2.5551858E-10
 10.578146652223536 -4.5610972E-10
 10.706931532115272 -6.3205186E-10
 10.837100575516818 -7.7289694E-10
 10.968688386515918 -8.6568572E-10
 11.101706499808486 -8.684982637967914E-10
 11.236154915394524 -8.278885251665583E-10
 11.372056702665857 -7.868398E-10
 11.509423396318406 -6.5888979E-10
 11.648312669831745 -5.0300668E-10
 11.788574572158975 -3.3344306E-10
 11.930451331914314 -1.6172479E-10
 12.073827602138614 6.8531828E-13
 12.218818729791023 1.3952716E-10
 12.36519402095324 2.395493E-10
 12.513299516502716 2.9141992E-10
 12.662904522521153 2.9499785E-10
 12.814124385967698 2.4762863E-10
 12.966959106842355 1.3585445E-10
 13.121408685145118 -9.013590172362438E-11
 13.277473120875994 -3.1848911E-10
 13.435267760994128 -6.5403442E-10
 13.594792605499523 -1.0466708E-9
 13.755816960473876 -1.4880454E-9
 13.91868686679464 -1.9628032E-9
 14.083286977502665 -2.4422583E-9
 14.24961729259795 -2.906974E-9
 14.417562465121346 -3.3536607E-9
 14.587468535950302 -3.7810038E-9
 14.75898946420737 -4.1802621E-9
 14.932471290769994 -4.536283E-9
 15.107683321719884 -4.8314212E-9
 15.28474090401618 -5.0547741E-9
 15.46364403765889 -5.2004831E-9
 15.644392722648012 -5.2681962E-9
 15.827102305942695 -5.2447991668341714E-9
 16.011657440583785 -5.2211658E-9
 16.198173473530442 -5.1238095E-9
 16.386650404782656 -4.9720115E-9
 16.576972887381288 -4.7695703E-9
 16.769371615244626 -4.5456321E-9
 16.963615894454378 -4.3210568E-9
 17.160051765887992 -4.0861432E-9
 17.358333188668016 -3.8166202E-9
 17.558806203671903 -3.5084097E-9
 17.76124011698135 -3.2002264E-9
 17.96575027555551 -2.9406222E-9
 18.172452026353536 -2.7309897E-9
 18.381114675457123 -2.5387535E-9
 18.59196891678457 -2.3555434E-9
 18.805014750335882 -2.1951931E-9
 19.02013682915191 -2.0430355E-9
 19.237565847150946 -1.8562296E-9
 19.457071110414695 -1.5985029E-9
 19.67888331286146 -1.2493063E-9
 19.902887107532087 -7.9602224E-10
 20.129082494426576 -2.0584145E-10
 20.357700167463232 5.2173481E-10
 20.588509432723746 1.2926513E-9
 20.821625637167276 2.0260182E-9
 21.05704878079382 2.702692E-9
 21.294894210562532 3.2836984E-9
 21.535046579514254 3.7066523E-9
 21.77762123460814 3.9427194E-9
 22.022618175844193 4.0289123E-9
 22.270037403222406 4.0232331E-9
 22.519878916742786 3.9324316E-9
 22.77214271640533 3.7384353E-9
 23.02682880221004 3.4605318E-9
 23.284167868075215 3.3615841E-9
 23.54392922008255 2.8103297E-9
 23.806228205191203 2.5874175E-9
 24.071064823401176 2.4567743E-9
 24.338439074712457 2.2825668E-9
 24.608466306084206 1.9538657E-9
 24.881146517516423 1.5169085E-9
 25.156364362049952 1.1251069E-9
 25.43423518664395 9.1010403E-10
 25.71487433825756 9.34658674345335E-10
 25.998051122972487 9.5943535E-10
 26.28411158166618 1.1483683E-9
 26.57270967346119 1.4248621E-9
 26.86419143923497 1.7423404E-9
 27.15832618506921 2.0472442E-9
 27.45522925792307 2.2930505E-9
 27.755016004755695 2.4054989E-9
 28.057571078607935 2.3552137E-9
 28.363009826438943 2.39352682556391E-9
 28.671216901289572 2.4321872E-9
 28.982422997078113 2.7443723E-9
 29.296397419886275 3.1307382E-9
 29.61337086363235 3.4141142E-9
 29.9332279813572 3.4284559E-9
 30.255968773060804 3.0562859E-9
 30.581708585702333 2.2746047E-9
 30.910562766240936 1.2018603E-9
 31.2423006207583 -1.4823165E-11
 31.577037496213577 -1.129296E-9
 31.914773392606782 -1.7998583E-9
 32.25562365689705 -1.6743339614451742E-9
 32.59958828908439 -1.5476627E-9
 32.946551942209644 -9.5152467E-10
 33.29674531019111 -2.9410885E-10
 33.64993769911051 3.1125179E-10
 34.006359802886123 7.9523666E-10
 34.3658962745588 1.1268146E-9
 34.728547114128545 1.3661053E-9
 35.09454301551367 1.6756272E-9
 35.46365328479585 2.0337944E-9
 35.83599326893426 2.2696791E-9
 36.211562967928884 2.3680887E-9
 36.59036238177973 2.2666112E-9
 36.97250685744594 2.0178417E-9
 37.35788104796837 1.6984918E-9
 37.74660030030617 1.2811426E-9
 38.13866461445935 7.2164908E-10
 38.533958643468736 8.7513651E-11
 38.93271308125265 -1.2372612734265517E-11
 39.33481258085193 -1.130968E-10
 39.740257142266585 4.2165085929886454E-10
 40.149162112455755 9.6096251E-10
 40.5614121444603 1.3534584E-9
 40.97700723828021 1.6700974E-9
 41.39617808783379 1.9883736E-9
 41.81880934616189 2.0611189E-9
 42.24478566630537 1.7191711E-9
 42.67433774218251 1.5271054E-9
 43.10735022683418 1.4737716E-9
 43.543823120260356 1.0248868E-9
 43.98387176942022 1.6320198E-10
 44.42738082735459 -8.846445E-10
 44.874465641022645 -1.1514536568234413E-9
 45.32501086346521 -9.014163019672005E-10
 45.7792471886006 -6.4933051E-10
 46.23694392251051 -2.9380541E-11
 46.698331759113244 1.6436911E-10
 47.163295351449654 2.1422091839471095E-10
 47.63171935256057 2.6444374E-10
 48.103834456364324 5.6625046E-10
 48.57964066286089 6.550546E-10
 49.05902262509113 4.7604043E-10
 49.54198034305504 6.156784340613841E-10
 50.02862916371178 7.5638365E-10
 50.51896908706132 1.8179346E-9
 51.01288476614455 2.7563549E-9
 51.5104915479206 3.2397018E-9
 52.01178943238946 3.1531061E-9
 52.51666307259201 3.2268812394673954E-9
 53.02534316244652 3.3012126E-9
 53.537599008034703 3.5265738E-9
 54.05366130327486 3.5159222E-9
 54.57329935424869 3.1704338E-9
 55.096628507915333 2.5924905E-9
 55.62376411123396 2.0479246E-9
 56.15447547028626 1.6122063E-9
 56.688993278990515 1.2684618E-9
 57.22720219038761 9.9367727E-10
 57.76910220447751 7.7197835E-10
 58.31469332126025 5.9234296E-10
 58.86397554073581 4.4663278E-10
 59.41694886290418 3.2856022E-10
 59.97372863472453 2.3311967E-10
 60.53408416227855 1.5625279E-10
 61.09824613948454 9.463636E-11
 61.6659838724242 4.5536056E-11
 62.237528055015843 6.697853E-12
 62.81264799334114 -2.3737019E-11
 63.39157438131842 -4.7300945E-11
 63.97407652502937 -4.805468976956478E-11
 64.5603851183923 -4.881336E-11
 65.15026946748888 -8.8318981E-11
 65.7438449192783 -9.498648E-11
 66.34099612680139 -9.9226264E-11
 66.94195378397644 -1.0151547E-10
 67.54637184992603 -1.0162874331874821E-10
 68.15459636552758 -1.0095091486472407E-10
 68.76628128990365 -1.0026923E-10
 69.38165731697255 -9.8044383E-11
 70.00072444673427 -9.524735E-11
 70.62325198527051 -9.2025043E-11
 71.24935527954041 -8.8497692E-11
 71.879034329544 -8.4763435E-11
 72.51228913528125 -8.0902103E-11
 73.14911969675217 -7.6978339E-11
 73.78941066699761 -7.3044184E-11
 74.43327739297672 -6.914121E-11
 75.08048918077121 -6.5302299E-11
 75.73127672429936 -6.1553115E-11
 76.38552467660203 -5.7913336E-11
 77.04323303767923 -5.4397679E-11
 77.7042864605718 -5.1016761E-11
 78.36880029223887 -4.7777815E-11
 79.03665918572135 -4.4685293E-11
 79.70786314101916 -4.1741372E-11
 80.38241215813235 -3.8946381E-11
 81.06030623706093 -3.6299154E-11
 81.74154537780485 -3.3797334E-11
 82.42601423340501 -3.1437622E-11
 83.11359745690224 -2.9215988E-11
 83.80452574221484 -2.7127851E-11
 84.49868374238365 -2.5168222E-11
 85.19595611044952 -2.3331832E-11
 85.89634284641247 -2.1613231E-11
 86.59984395027249 -2.0006875E-11
 87.30657476898872 -1.8507193E-11
 88.01618926168372 -1.7108645E-11
 88.7289181222758 -1.5805766E-11
 89.44464600380579 -1.4593207E-11
 90.16325755931454 -1.3465758E-11
 90.88486813576121 -1.2418373E-11
 91.60936238618666 -1.1446186E-11
 92.33685565755 -1.0544525E-11
 93.06700190897384 -9.7089144E-12
 93.80003183437643 -8.9350861E-12
 94.53583008679864 -8.2189766E-12
 95.27439666624046 -7.556729E-12
 96.01561622574276 -6.9446903E-12
 96.75948876530552 -6.3794078E-12
 97.50601428492872 -5.8576243E-12
 98.25507743765327 -7.6504632E-13
 99.00667822347913 -2.641109929014882E-12
 99.76081664240628 -3.3927152098898737E-12
 100.51749269443476 -3.596107405865705E-12
 101.27647568564626 -3.5386982257263987E-12
 102.03799630995908 -3.4810971E-12
 102.80170852649574 -3.1877072E-12
 103.5678430291746 -2.9180151E-12
 104.33616912407729 -2.6702172E-12
 105.10668681120384 -2.4426347E-12
 105.87939609055428 -2.233706E-12
 106.6541816151694 -2.0419797E-12
 107.43115873200843 -1.8661083E-12
 108.21009674715299 -1.7048417E-12
 108.99111100756227 -1.5570207E-12
 109.77397081931795 -1.4215715E-12
 110.55879152937919 -1.2975002E-12
 111.34545779078685 -1.183887E-12
 112.13385425658177 -1.0798815E-12
 112.9240962737231 -9.8469801E-13
 113.71595314829254 -8.9761078E-13
 114.50954022724925 -8.1794992E-13
 115.30474216363406 -7.4509733E-13
 116.10132826352867 -6.7848296E-13
 116.8995292208514 -6.1758128E-13
 117.69888364776563 -5.6190795E-13
 118.50054501386288 -5.1101671E-13
 119.30335984955164 -4.6449649E-13
 120.1061746852404 -4.2196864E-13
 120.91129646011217 -3.8308445E-13
 121.71757170457542 -3.4752269E-13
 122.52500041863023 -3.1498746E-13
 123.33358260227651 -2.8520607E-13
 124.14216478592279 -2.5792707E-13
 124.95305390875211 -2.3291851E-13
 125.76394303158139 -2.0996616E-13
 126.57713909359371 -1.88872E-13
 127.38918168601454 -1.6945264E-13
 128.20353121761834 -1.51538E-13
 129.01788074922217 -1.3496997E-13
 129.8333837504175 -1.1960116E-13
 130.64888675161284 -1.0529375E-13
 131.46438975280815 -9.1918377E-14
 132.281046223595 -7.9353076E-14
 133.09885616397335 -6.7482291E-14
 133.9166661043517 -5.6195902E-14
 134.73332257513851 -4.5388304E-14
 135.5522859851084 -3.4957513E-14
 136.37009592548673 -2.48043E-14
