 0.0E+0 0.5423184384733266
 1.0848399209442013E-3 0.5486979500117056
 2.1824412534539772E-3 0.5551520721565579
 3.2929532466764816E-3 0.5616816671999202
 4.416526874665784E-3 0.5682876071601962
 5.553314855839244E-3 0.574970773874688
 6.703471672618989E-3 0.5817320591141082
 7.867153591302445E-3 0.588572364679684
 9.04451868212713E-3 0.5954926025204311
 0.01023572683957003 0.6024936948293286
 0.01144093980283935 0.6095765741605997
 0.012660321176600898 0.616742183533215
 0.013894036451911482 0.6239914765463406
 0.01514225302738328 0.6313254174901657
 0.016405140230569867 0.6387449814531158
 0.017682869339566746 0.6462511544436659
 0.01897561360485554 0.6538449334984687
 0.020283548271364453 0.6615273268014237
 0.021606850600766964 0.6692993537991319
 0.02294569989401143 0.6771620453199753
 0.024300277514088912 0.685116443687713
 0.025670766909028242 0.6931636028525018
 0.027057353635153155 0.7013045884980621
 0.02846022538055383 0.7095404781726928
 0.029879571988820467 0.717872361410188
 0.031315585483018784 0.7263013398489688
 0.032768460089903785 0.7348285273685056
 0.03423839226440646 0.7434550502020963
 0.03572558071434606 0.7521820470723829
 0.037230226425413445 0.7610106693150421
 0.03875253268640189 0.7699420810152984
 0.04029270511471097 0.7789774591279323
 0.04185095168209045 0.7881179936146941
 0.04342748274065913 0.7973648875817056
 0.045022511049198493 0.8067193573976656
 0.04663625179968283 0.8161826328468235
 0.048268922644115364 0.8257559572517494
 0.04992074372160995 0.8354405876143919
 0.051591937685754964 0.845237794756282
 0.05328272973225765 0.8551488634531628
 0.054993347626857744 0.8651750925761057
 0.056724021733523435 0.8753177952362052
 0.05847498504293671 0.8855782989220781
 0.06024647320125383 0.8959579456463541
 0.062038724539158734 0.9064580920877164
 0.06385198010120069 0.9170801097356599
 0.06568648367542144 0.9278253850443844
 0.0675424818232902 0.9386953195664983
 0.06942022390990617 0.9496913301180205
 0.071319962134531 0.9608148489138869
 0.07324195156139246 0.9720673237264454
 0.07518645015080508 0.9834502180375824
 0.07715371879059506 0.9949650111870452
 0.07914402132782197 1.00661319852735
 0.08115762460081029 1.0183962915868143
 0.08319479847150701 1.0303158182124714
 0.08525581585812525 1.0423733227367921
 0.08734095276812125 1.0545703661315894
 0.0894504883314793 1.066908526172084
 0.09158470483432488 1.0793893975869763
 0.0937438877528379 1.0920145922317878
 0.09592832578751283 1.1047857392435311
 0.09813831089772808 1.117704485204787
 0.1003741383366437 1.1307724943094636
 0.10263610668643067 1.143991448527747
 0.10492451789383003 1.1573630477727852
 0.1072396773060456 1.170889010064678
 0.10958189370696458 1.1845710717019
 0.11195147935372124 1.1984109874296013
 0.11434875001359708 1.2124105306085648
 0.11677402500125916 1.2265714933878886
 0.11922762721634367 1.240895686873084
 0.12170988318137593 1.2553849413034732
 0.12422112308004514 1.270041106221817
 0.12676168079581848 1.2848660506520328
 0.12933189395091077 1.299861663270472
 0.13193210394559654 1.3150298525854633
 0.1345626559978817 1.3303725471124463
 0.1372238991835249 1.345891695553195
 0.13991618647641801 1.3615892669721241
 0.142639874789319 1.3774672509746361
 0.14539532501494148 1.3935276578940798
 0.1481829020674184 1.409772518960393
 0.1510029749241032 1.4262038864932888
 0.15385591666775697 1.4428238340773296
 0.15674210452908643 1.4596344567469383
 0.15966191992965142 1.4766378711668814
 0.16261574852513385 1.4938362158200102
 0.16560398024898198 1.511231651190624
 0.1686270093564215 1.5288263599466025
 0.17168523446883107 1.5466225471283083
 0.17477905861849571 1.5646224403325807
 0.17790888929372805 1.5828282898968821
 0.18107513848435821 1.6012423690936596
 0.1842782227276123 1.6198669743078952
 0.18751856315434617 1.6387044252323461
 0.19079658553566966 1.6577570650479296
 0.19411272032993176 1.6770272606217386
 0.19746740273010177 1.6965174026827896
 0.20086107271150216 1.7162299060227768
 0.20429417507994282 1.7361672096736362
 0.20776715952021074 1.7563317771074817
 0.21128048064495946 1.7767260964141315
 0.21483459804395363 1.7973526804981634
 0.21842997633370797 1.8182140672640094
 0.22206708520749623 1.839312819805382
 0.22574639948573918 1.8606515265925653
 0.22946839916676728 1.8822328016651852
 0.233233569477969 1.9040592848123236
 0.23704240092729925 1.926133641769881
 0.2408953893551828 1.948458564399621
 0.2447930359867758 1.9710367708831888
 0.24873584748461535 1.9938710059035051
 0.2527243360016321 2.0169640408325673
 0.2567590192345381 2.0403186739194634
 0.2608404204775914 2.0639377304732384
 0.2649690686767259 2.087824063042629
 0.269145498484041 2.111980551610482
 0.2733702503126799 2.1364101037655203
 0.27764387039205212 2.161115654887934
 0.2819669108234263 2.1861001683320813
 0.28633992963588944 2.2113666356037113
 0.29076349084265995 2.236918076539362
 0.29523816449776 2.2627575394802126
 0.29976452675303555 2.288888101455853
 0.30434315991554344 2.3153128683467212
 0.3089746525052646 2.3420349750704803
 0.31365959931318876 2.3690575857440814
 0.31839860145972426 2.3963838938549533
 0.32319226645344995 2.4240171224316306
 0.32804120825020843 2.451960524210248
 0.33294604731253246 2.4802173817931594
 0.33790741066938845 2.5087910078174542
 0.34292593197625725 2.5376847451098734
 0.3480022515755248 2.5669019668487744
 0.35313701655719653 2.5964460767173926
 0.3583308808199189 2.626320509053774
 0.36358450513229995 2.6565287290048913
 0.3688985571945394 2.6870742326741576
 0.37427371170035256 2.7179605472623515
 0.37971065039917673 2.7491912312132567
 0.3852100621586694 2.7807698743487505
 0.39077264302747544 2.8127000980055947
 0.3963990962982694 2.8449855551668226
 0.4020901325710595 2.8776299305946873
 0.40784646981675792 2.910636940943781
 0.4136688334409776 2.9440103348971375
 0.4195579563481011 2.9777538932713105
 0.4255145790055596 3.011871429133616
 0.43153944950834655 3.0463667879131133
 0.4376333236437532 3.0812438475013412
 0.44379696495630566 3.1165065183548033
 0.4500311448129074 3.1521587435857383
 0.4563366424681624 3.188204499062379
 0.46271424512989983 3.224647793478462
 0.46916474802483715 3.261492668447842
 0.47568895446443265 3.298743198574288
 0.48228767591087773 3.3364034915140186
 0.4889617320432142 3.3744776880499607
 0.49571195082359986 3.4129699621410476
 0.5025391685636733 3.4518845209783504
 0.5094442299910303 3.491225605022277
 0.5164279883157752 3.530997488054245
 0.5234913052971751 3.5712044771930022
 0.5306350513103474 3.6118509129312577
 0.5378601054130198 3.652941169145788
 0.5451673554123112 3.694479653112004
 0.5525576979315415 3.736470805503381
 0.56003203847704 3.7789191003880442
 0.5675912915049474 3.821829045214958
 0.5752363804879899 3.865205180789351
 0.5829682379822042 3.909052081250366
 0.5907878056936181 3.9533743540209553
 0.59869603454483 3.9981766397686393
 0.6066938847415109 4.043463612344539
 0.6147823258387839 4.089239978717891
 0.622962336807473 4.135510478897907
 0.6312349061001953 4.182279885844994
 0.6396010317172754 4.229553005382975
 0.6480617212724853 4.27733467607596
 0.6566179920585363 4.325629769125244
 0.6652708711123665 4.374443188231274
 0.6740213952801505 4.423779869449934
 0.6828706112820229 4.473644781047538
 0.691819575776511 4.524042923329401
 0.7008693554246249 4.574979328462808
 0.7100210269535934 4.626459060291779
 0.7192756772202288 4.67848721412478
 0.7286344032738686 4.731068916528609
 0.738098312418903 4.784209325087075
 0.7476685222768207 4.837913628165274
 0.7573461608477834 4.8921870446504245
 0.7671323665716808 4.947034823666987
 0.7770282883886173 5.002462244308441
 0.7870350857988603 5.058474615310508
 0.7971539289221365 5.1150772747522674
 0.8073859985563292 5.172275589704859
 0.8177324862354735 5.230074955887521
 0.8281945942870631 5.288480797296739
 0.8387735358886153 5.347498565820203
 0.8494705351234642 5.40713374083008
 0.8602868270357396 5.467391828762954
 0.8712236576845058 5.5282783626815
 0.8822822841970247 5.589798901811573
 0.8934639748210905 5.65195903106602
 0.9047700089764148 5.714764360546041
 0.9162016773050115 5.77822052501945
 0.9277602817205398 5.842333183391343
 0.9394471354565882 5.907108018131576
 0.9512635631138122 5.97255073470777
 0.9632109007059385 6.038667060969133
 0.975290495704537 6.105462746530972
 0.9875037070825605 6.172943562125873
 0.9998519053565881 6.241115298927189
 1.0123364726277133 6.3099837678621755
 1.0249588026210598 6.379554798889159
 1.0377203007238513 6.449834240257442
 1.0506223840219985 6.520827957735026
 1.0636664813351457 6.5925418338232555
 1.076854033250141 6.664981766930258
 1.0901864921528576 6.7381536705319664
 1.1036653222583352 6.8120634722916655
 1.1172919996391581 6.886717113170336
 1.1310680122520582 6.962120546492013
 1.1449948599626433 7.038279736991407
 1.1590740545682247 7.11520065982906
 1.1733071198186713 7.19288929957434
 1.1876955914352311 7.271351649168692
 1.20224101712728 7.350593708843819
 1.2169449566069021 7.430621485022771
 1.231808981601278 7.511440989181091
 1.246834675862789 7.593058236680538
 1.2620236351767923 7.675479245564937
 1.2773774673669864 7.758710035336106
 1.2928977922983266 7.8427566256737
 1.3085862418773812 7.927625035150119
 1.3244444600501172 8.013321279883923
 1.3404741027969908 8.099851372175689
 1.3566768381253104 8.187221319103063
 1.3730543460587887 8.275437121077294
 1.3896083186242074 8.364504770372324
 1.40634045983514 8.454430249598564
 1.42325248567262 8.545219530165575
 1.4403461240627366 8.636878570682383
 1.457623114851027 8.729413315331902
 1.4750852097736206 8.822829692209009
 1.4927341724250553 8.917133611606895
 1.5105717782226688 9.01233096427343
 1.5285998143674996 9.10842761963024
 1.5468200798016273 9.205429423935119
 1.5652343851618357 9.303342198420356
 1.5838445527295526 9.402171737383682
 1.6026524163769708 9.501923806225722
 1.621659821509243 9.602604139467783
 1.6408686250027113 9.70421843870076
 1.6602806951390343 9.8067723705124
 1.679897911535168 9.91027156435307
 1.699722165069076 10.014721610375155
 1.7197553578011204 10.1201280572043
 1.739999402890992 10.226496409690464
 1.7604562245101418 10.333832126596134
 1.7811277577495903 10.442140618241746
 1.8020159485230242 10.551427244116852
 1.823122753465116 10.661697310417352
 1.844450139824916 10.772956067574391
 1.8660000853543037 10.88520870769802
 1.8877745781913217 10.998460361993548
 1.9097756167383448 11.112716098137442
 1.9320052095349977 11.227980917576394
 1.9544653751256717 11.344259752807558
 1.9771581419215982 11.461557464597144
 2.0000855480573616 11.579878839146598
 2.023249641241741 11.699228585218759
 2.046652478602804 11.819611331207243
 2.070296126527138 11.941031622165049
 2.0941826604931392 12.063493916772979
 2.118314164898233 12.187002584265366
 2.142692732879951 12.311561901310624
 2.1673204661307625 12.437176048831066
 2.192199474706545 12.563849108781548
 2.2173318768286165 12.69158506087514
 2.2427197986792095 12.82038777925851
 2.2683653741903007 12.950261029148043
 2.2942707448257095 13.08120846339645
 2.3204380593563285 13.213233619033229
 2.346869473628433 13.346339913737728
 2.373567150324937 13.480530642275955
 2.4005332587195193 13.615808972884258
 2.4277699744235192 13.752177943602321
 2.4552794791254912 13.88964045856536
 2.4830639603233484 14.028199284240323
 2.5111256110489734 14.167857045626796
 2.5394666295852306 14.308616222398882
 2.5680892191752606 14.450479145008542
 2.5969955877239816 14.593447990746625
 2.626187947491708 14.737524779750753
 2.655668514779786 14.882711370974482
 2.6854395096081633 15.029009458116228
 2.7155031553848214 15.17642056549582
 2.7458616785669502 15.324946043900859
 2.7765173083138217 15.47458706638489
 2.8074722761312522 15.62534462403177
 2.8387288155075993 15.777219521671078
 2.870289161541179 15.930212373569056
 2.9021555505590717 16.08432359907036
 2.9343302197272023 16.239553418219724
 2.9668154066516683 16.395901847326872
 2.9996133489711933 16.553368694526852
 3.0327262839406983 16.71195355527757
 3.066156448005869 16.871655807859223
 3.0999060763687187 17.032474608819043
 3.1339774025440396 17.19440888840357
 3.168372657906716 17.357457345958206
 3.2030940712298363 17.52161844531223
 3.2381438682135725 17.686890410130168
 3.2735242710047605 17.853271219251976
 3.3092374977071594 18.02075860201028
 3.3452857618823426 18.189350033533546
 3.3816712720411965 18.359042730038446
 3.4183962311259974 18.529833644099426
 3.4554628359830306 18.701719459925154
 3.4928732768257564 18.87469658860929
 3.5306297366884793 19.048761163392686
 3.5687343908705373 19.223909034907535
 3.60718940637098 19.400135766440872
 3.6459969413137693 19.577436629178745
 3.685159144363469 19.755806597473512
 3.7246781541314653 19.935240344103945
 3.7645560985727093 20.115732235566824
 3.804795094373034 20.29727632735943
 3.845397246327044 20.479866359291268
 3.886364646706616 20.663495750820462
 3.9276993746200825 20.84815759639887
 3.969403495362092 21.033844660860108
 4.011479059754252 21.220549374816677
 4.0539281034765615 21.40826383012086
 4.096752646389762 21.596979775329781
 4.139954691848621 21.78668861122859
 4.183536226006257 21.977381386401397
 4.227499217109605 22.16904879283303
 4.271845614786084 22.361681161585146
 4.316577349321617 22.555268458503853
 4.361696330930061 22.749800280002514
 4.407204449014208 22.945265848913983
 4.4531035714184774 23.141654010383103
 4.499395543673404 23.338953227867754
 4.546082188232117 23.537151579179756
 4.593165303698907 23.736236752644593
 4.640646664050107 23.936196043300597
 4.688528017847367 24.13701634924582
 4.73681108744363 24.338684168010292
 4.785497568181845 24.541185593093842
 4.83458912758675 24.74450631055965
 4.884087404549855 24.948631595751983
 4.933994008507841 25.153546310142953
 4.9843105186146674 25.359234898262034
 5.03503848290753 25.565681384787293
 5.086179417466998 25.77286937172734
 5.137734805571519 25.980782035772552
 5.1897060968466215 26.18940212574123
 5.242094706409013 26.39871196022235
 5.2949020140059595 26.608693425299946
 5.348129363150111 26.819327972505242
 5.401778060250238 27.03059661684847
 5.455849373738021 27.24247993508646
 5.510344533191385 27.454958064097244
 5.565264728454571 27.6680106994843
 5.620611108755429 27.88161709429318
 5.676384781820128 28.095756057985102
 5.732586812985829 28.310405955544545
 5.78921822431156 28.52554470679751
 5.846279993687736 28.74114978594272
 5.903773053944732 28.957198221258593
 5.961698291960886 29.173666595054648
 6.02005654777038 29.390531043796386
 6.078848613671395 29.607767258492092
 6.138075233335032 29.825350485261086
 6.197737100915356 30.043255526177151
 6.257834860161149 30.261456740287727
 6.318369103529688 30.47992804494172
 6.37934037130318 30.698642917283915
 6.440749150708195 30.9175743960774
 6.502595875038732 31.13669508369219
 6.564880922783273 31.355977148439336
 6.6276046167565034 31.575392327080372
 6.6907672232360484 31.794911927667744
 6.7543689511048965 32.014506832631255
 6.818409950999993 32.23414750210551
 6.882890314467494 32.453803977603584
 6.947810073125366 32.67344588589105
 7.013169197833732 32.89304244321689
 7.078967597873691 33.11256245976414
 7.145205120135028 33.331974344458124
 7.211881548313552 33.551246109999773
 7.2789966021184975 33.77034537826106
 7.346549936490722 33.98923938590674
 7.414541140832144 34.207894990401634
 7.482969738247203 34.42627867622677
 7.551835184796754 34.644356561491044
 7.621136868765183 34.86209440476833
 7.6908741099412054 35.079457612324816
 7.761046158913116 35.29641124555891
 7.831652196378924 35.51292002884732
 7.902691332472187 35.72894835764466
 7.9741626061040404 35.944460306890576
 8.046064984322049 36.159419639782726
 8.118397361686606 36.37378981678441
 8.19115855966535 36.58753400502313
 8.264347326046387 36.80061508792073
 8.337962334370765 37.01299567521524
 8.412002183385015 37.22463811320897
 8.48646539651417 37.43550449539467
 8.56135042135606 37.645556673331483
 8.63665562919735 37.85475626787309
 8.712379314552042 38.06306468063735
 8.78851969472292 38.2704431058494
 8.865074909386696 38.47685254238898
 8.942043020203235 38.6822538062227
 9.019422010449663 38.88660754304728
 9.097209784679771 39.08987424124189
 9.17540416840931 39.292014245137664
 9.254002907827848 39.492987768481
 9.33300366953755 39.69275490825195
 9.412404040319602 39.89127565866042
 9.492201526928632 40.08850992548846
 9.572393555915816 40.284417540597324
 9.65297747348102 40.47895827673823
 9.73395054535455 40.67209186259079
 9.815309956708987 40.863777997986765
 9.897052812101498 41.053976369432895
 9.979176135447162 41.242646665765825
 10.061676870023643 41.42974859409172
 10.144551878507727 41.61524189583674
 10.227797943043985 41.799086363095085
 10.31141176534612 41.981241855025643
 10.395389966831123 42.16166831454927
 10.479729088786831 42.340325785092353
 10.564425592572976 42.51717442757567
 10.649475859856208 42.69217453744865
 10.73487619287922 42.86528656194778
 10.820622814764363 43.03647111737531
 10.906711869851852 43.20568900657932
 10.993139424072918 43.37290123643366
 11.079901465357944 43.538069035470556
 11.16699390407986 43.70115387156174
 11.254412573532912 43.86211746961712
 11.342153230446838 44.02092182940938
 11.430211555536694 44.17752924333038
 11.518583154088201 44.33190231426963
 11.607263556578857 44.4840039733866
 11.6962482193346 44.633797498000646
 11.78553252522226 44.781246529320014
 11.875111784377468 44.926315090268765
 11.964981234968237 45.06896760314744
 12.055136043993857 45.20916890733016
 12.145571308119205 45.34688427678412
 12.236282054544088 45.48207943760874
 12.327263241907682 45.61472058534413
 12.418509761227584 45.744774402280995
 12.510016436873505 45.87220807452458
 12.601778027575074 45.99698930899489
 12.693789227463672 46.1190863502211
 12.786044667147848 46.23846799693564
 12.878538914821936 46.355103618557315
 12.971266477407639 46.468963171347354
 13.064221801727934 46.580017214467424
 13.157399275713095 46.68823692569227
 13.250793229638163 46.79359411697507
 13.344397937391523 46.896061249635465
 13.438207617773893 46.995611449397266
 13.532216435827378 47.092218520999566
 13.62641850419375 47.18585696264376
 13.720807884501637 47.276501979969253
 13.815378588781666 47.36412949986506
 13.910124580909226 47.44871618376904
 14.005039778073845 47.53023944076061
 14.10011805227475 47.60867744016534
 14.195353231841647 47.684009123855034
 14.290739102980105 47.756214218138
 14.38626941134071 47.82527324519818
 14.481937863611133 47.89116753422172
 14.577738129130422 47.953879231947894
 14.67366384152442 48.013391312962
 14.769708600361765 48.06968758937942
 14.865865972829269 48.122752720178866
 14.962129495425954 48.17257222005135
 15.058492675674803 48.219132467700966
 15.154948993851105 48.26242071381472
 15.251491904726752 48.302425088365765
 15.348114839329138 48.339134607575054
 15.444811206713984 48.37253918025195
 15.541574395750853 48.402629613723355
 15.638397776920524 48.429397619141894
 15.73527470412297 48.4528358164008
 15.832198516495195 48.47293773837919
 15.929162540237536 48.4896978347835
 16.026160090447664 48.503111475380073
 16.12318447296105 48.513174952714486
 16.220228986196872 48.51988548427977
 16.317286923008246 48.52324121418506
 16.414351572535817 24.26162060709177
