 5.424204548902323E-4 0.8938056284891224
 1.633638340256627E-3 0.9047983219930691
 2.7376949842780073E-3 0.9105829608405199
 3.854746323294311E-3 0.914897929132805
 4.984915464942334E-3 0.9183094940578025
 6.12839390999042E-3 0.9210035991204475
 7.285318444701676E-3 0.923052051263336
 8.455839533965516E-3 0.9244964007089784
 9.640121321297664E-3 0.9253763683171461
 0.010838327950213849 0.9257341513651502
 0.012050637242856101 0.9256126403025946
 0.013277172306861219 0.9250535834950517
 0.014518083607118617 0.9240960756954583
 0.015773644716154503 0.9227770569795096
 0.01704397874160567 0.921130857440274
 0.018329222469735225 0.9191904111728246
 0.01962951268680627 0.9169874549619271
 0.02094525975160812 0.9145525681524647
 0.022276326877877672 0.911913511911673
 0.023622987638141131 0.9090948395340849
 0.024985515604924707 0.9061174718537923
 0.026364047564491507 0.9030004047238687
 0.027758857089367736 0.8997605716878965
 0.029169944179553403 0.8964134315353857
 0.030597582407574704 0.8929720794013909
 0.03204204534595786 0.8894475916860064
 0.03350346978096596 0.8858494773574088
 0.03498199249886212 0.8821865221633832
 0.03647788707217256 0.8784666123540895
 0.03799142707342346 0.8746968629422753
 0.039522612502614844 0.870882989962833
 0.04107185371853602 0.867030041217213
 0.04263915072118698 0.8631421047642999
 0.04422505065562015 0.8592227170604378
 0.04582941673557242 0.8552741282825138
 0.047452522533570004 0.8512976117073473
 0.04909477840840221 0.8472957076913248
 0.05075632114633215 0.8432741251767464
 0.05243728753362292 0.8392409872963319
 0.054138087929063834 0.8352050178981828
 0.05585872233265491 0.8311751848465907
 0.05759946431692233 0.8271589751886844
 0.05936072424065543 0.8231589597704074
 0.0611426388901173 0.8191747902826408
 0.06294534505157104 0.8152065125194837
 0.06476925308380597 0.8112550425122478
 0.06661449977308521 0.8073208504396908
 0.06848135869193495 0.8034055044068303
 0.0703701034128814 0.7995124180504173
 0.07228100750845079 0.7960161402002419
 0.0742142077649062 0.7918019959227026
 0.07617011454103693 0.7879783060204371
 0.07814886462310612 0.7841660245695521
 0.08015086836990308 0.7803617899989292
 0.0821762625676909 0.7765680708787489
 0.08422532078899579 0.7727908905995342
 0.08629831660634396 0.7690357388645108
 0.08839566037852471 0.7653045439506135
 0.09051762567806429 0.761594933645555
 0.09266434929122576 0.7579058613387282
 0.09483610479053535 0.7542439737804758
 0.09703330253478237 0.7506199536855355
 0.09925621609649304 0.7470402948653359
 0.10150511904819355 0.743504332015089
 0.10378028496241012 0.7400100364971723
 0.10608212419793206 0.7365592887953555
 0.10841077354102248 0.7331570690522782
 0.11076664335047069 0.7298063694019542
 0.11315014398506598 0.7265065809984734
 0.1155614122310715 0.7232546740978313
 0.11800085844727652 0.720039592419896
 0.12046875620620728 0.716841616657645
 0.1229655158666531 0.713643498539734
 0.12549141100114014 0.7104410247305686
 0.12804685196845777 0.7072411269796087
 0.13063197555486905 0.7040526612378363
 0.13324732890542642 0.7008841881256984
 0.13589332237891918 0.6977484091627377
 0.13856995597534735 0.6946622611837321
 0.14127832398481576 0.6916396043739831
 0.1440181528347982 0.6886854729591628
 0.14678944252529466 0.6857989868638791
 0.14959356091893621 0.6829709641158982
 0.15242914015309177 0.6801797999689708
 0.15529891595302344 0.6774037531108146
 0.15820152045610022 0.6746364209299406
 0.16113832152495308 0.6718919339891619
 0.16410931915958204 0.6691868356050539
 0.1671158812226182 0.6665237037361263
 0.17015663985143045 0.6638981755388341
 0.17323159504601881 0.6613035560024625
 0.17634348253164541 0.6587369718315956
 0.1794923023083102 0.6562031616425451
 0.18267668651338214 0.6537132829852699
 0.18589800300949232 0.6512858067801793
 0.1891576196592717 0.6489401003331372
 0.19245416860008932 0.6466854764037674
 0.1957903855572072 0.6445137558611613
 0.1991649026679944 0.6424170953200543
 0.20257771993245077 0.6405830803162876
 0.20603020521320747 0.638513471403586
 0.20952372637289554 0.636734811252937
 0.21305691554888386 0.635065332043093
 0.21663250846643455 0.6334954418535501
 0.22024913726291664 0.632016934034134
 0.22390680193833004 0.6306200163425817
 0.22760687035530582 0.6292869770955344
 0.231350710376475 0.6279953921291139
 0.23513832200183765 0.6267140516406554
 0.23896833736876271 0.6253974289021512
 0.24284486006514324 0.6240052392958199
 0.24676378650308616 0.622539688640648
 0.2507305881331156 0.6210442800672794
 0.25474116136733854 0.6195528735744721
 0.258799609793648 0.61807269477059
 0.26290456554941304 0.6166099876119483
 0.2670573964972646 0.6151689437408099
 0.27125810263720273 0.6137344276011976
 0.27550668396922745 0.6122800708199121
 0.27980587621860075 0.6107942716506203
 0.28415294366006066 0.6092957846168151
 0.28855198988150027 0.6078298818685671
 0.2930002791576575 0.6064506314476822
 0.29750191507642537 0.6051794870211876
 0.30205416191254202 0.603979717925686
 0.3066583875286383 0.6027964093674648
 0.3113173276499764 0.6016182011208934
 0.31602961441392524 0.600479263259983
 0.3207952478204848 0.5994048064850366
 0.3256169635949172 0.5983739359850805
 0.33049339387459136 0.5973500104680807
 0.3354272743847694 0.5963218349248482
 0.3404172372628203 0.5953076790465707
 0.345464650371375 0.5942994746777425
 0.3505695137104337 0.5932588626784083
 0.35573456300525835 0.5921746706605271
 0.3609570625305868 0.5910783319996663
 0.36624111587431223 0.5899846132469775
 0.37158672303643475 0.5888934509359368
 0.3769925161543233 0.5878155267953202
 0.3824598630906087 0.5867871920398875
 0.3879914995705533 0.5858376799908058
 0.3935860577315259 0.5849759902460249
 0.39924490543615764 0.5842081413284926
 0.40496804268444847 0.5835286338927619
 0.41075820520166045 0.582946323918699
 0.4166140251251626 0.5824620520884545
 0.42253687031758596 0.5820404244887308
 0.4285267407789305 0.5816783693753219
 0.4345863722344583 0.5815150542959694
 0.44071576468416934 0.5812721878616526
 0.44691355026543266 0.5812562135039765
 0.4531838325661414 0.5812353622431098
 0.45952524372366443 0.5811174925564038
 0.4659391516006327 0.5809279707446043
 0.47242692405967756 0.5806917135750885
 0.47898856110079873 0.5803270775855188
 0.4856240627239964 0.5798400829342812
 0.49233616465453244 0.5793152481306741
 0.4991262347550381 0.5787961292583302
 0.5059915373002511 0.5783583653879126
 0.5129361758780648 0.5781072398962301
 0.5199601504884792 0.5780325706750813
 0.527063461131494 0.5780446472171128
 0.5342474756697405 0.5780367854496974
 0.5415135619658498 0.5779688615790233
 0.5488630878824526 0.5778418022571203
 0.5562946855569183 0.5776449012698007
 0.5638110907145086 0.5774396170092916
 0.5714136712178547 0.5771667142621087
 0.5791024270669568 0.5767347599111071
 0.5868773582618145 0.5761725609703329
 0.5947425683903214 0.575495000379242
 0.6026953217272148 0.574727862140734
 0.6107383539977574 0.574035190703074
 0.6188716652019489 0.5736732563834469
 0.6270979910650515 0.5736536138427979
 0.6354173315870651 0.573720920398078
 0.6438310546306207 0.5736604109667494
 0.6523405280583494 0.5733279332775242
 0.6609443840076203 0.5726928395323778
 0.6696467260663264 0.5718219542574462
 0.6784461863718366 0.5709119207553367
 0.6873455006494131 0.5700155683838564
 0.696344668899056 0.5690437734541125
 0.705445058983396 0.5679748549656046
 0.7146480387650644 0.5667153931814877
 0.7239549761066922 0.5653361744273842
 0.7333658710082794 0.5639102062551627
 0.742883459195088 0.5621238302247525
 0.7525077406671182 0.5596377736418432
 0.7622387154243699 0.5563006291137406
 0.7720804870547362 0.5523030829109408
 0.7820316876955861 0.5482258877010748
 0.7920950530721815 0.5443581380909267
 0.8022705831845227 0.5403659597815923
 0.8125596458952405 0.5359258874538135
 0.8229636090669662 0.5310386953746052
 0.8334838405623306 0.5257998741333362
 0.8441217082439648 0.5205277256861592
 0.8548785799745 0.51376658978164
 0.8657558236165671 0.5063129459088164
 0.8767534391701661 0.49805114224983365
 0.887872794497928 0.48908497306155462
 0.899116625325115 0.47948166699682154
 0.9104862995143582 0.46953131487419613
 0.9219804492030265 0.4591893116210021
 0.9336031779790128 0.44822889136958726
 0.9453558537049485 0.43643000072947046
 0.9572371085182023 0.4238874306323338
 0.9692510460066674 0.4111666688067312
 0.981397666170344 0.39820215975971606
 0.9936783368718629 0.38434918535955486
 1.0060944259738551 0.3694080373176065
 1.0186473013389518 0.35379923758630404
 1.0313396986924152 0.337833294040018
 1.044171618034245 0.3210189507140154
 1.0571444272270726 0.30316097875220743
 1.0702608619961597 0.28466286673287832
 1.0835209223415065 0.2653512119773188
 1.0969259761257441 0.24532583500532917
 1.1104787590741347 0.22535596203831373
 1.1241806390493087 0.20582124335414572
 1.1380316160512671 0.18652667245897378
 1.1520344258052712 0.1680295744376613
 1.1661904361739521 0.15129548457375915
 1.1805010150199413 0.1364171851214283
 1.1949688980685007 0.12318375451972441
 1.2095927174569991 0.11141288293605231
 1.2243765767733294 0.10056246501302743
 1.2393218438801234 0.09043758551425905
 1.2544285187773807 0.08154163748737198
 1.269700705052994 0.07422240351080797
 1.285137034844333 0.06800590039176611
 1.3007416117392902 0.06222452045779415
 1.3165158036004973 0.056468680255250966
 1.3324596104279538 0.05078082687495102
 1.3485757679469216 0.04615198827719338
 1.3648656440200326 0.04287342248190112
 1.3813360779604413 0.04024570008232934
 1.3979692875539442 0.037503465201928903
 1.4147939979157932 0.03481992255283145
 1.4317965304196784 0.03251711609590552
 1.4489905636919095 0.030018389499835172
 1.4663487404798662 0.026501665022892965
 1.4839120966624796 0.021785061530157846
 1.5016532749871287 0.016300662164870853
 1.5195859540801242 0.011208799251981505
 1.5377101339414658 7.792143736678926E-3
 1.5560258145711536 5.671427299884649E-3
 1.5745329959691878 5.140885458629807E-3
 1.5932453567618785 4.193696503327857E-3
 1.6121628969492263 4.612454815909221E-3
 1.6312582592786095 5.135611696680289E-3
 1.65057247962896 6.415780779471887E-3
 1.6700918793739671 6.469311133547192E-3
 1.689816458513631 4.550082314833812E-3
 1.7097325384216413 1.5868483840387487E-3
 1.7298811549769288 -7.022734817877354E-4
 1.750221272300563 -2.0756275998835924E-3
 1.7707939262714742 -3.162291446471378E-3
 1.7915717596370428 -3.4221294785423007E-3
 1.812568451023578 -3.875346162954669E-3
 1.8337840004310803 -1.7982545455150916E-3
 1.8552184078595501 2.317416440796348E-3
 1.8768853519352974 6.759961013543362E-3
 1.8987711540320117 9.563419291176215E-3
 1.920889492776004 0.01009973392054414
 1.9432403681672736 8.79831681312163E-3
 1.9658101015795104 6.647608053630782E-3
 1.9886260502653352 4.577782244811944E-3
 2.011660856972127 2.915278512449449E-3
 2.034955557578818 1.3508781211292761E-3
 2.058469116206475 -1.2739316274593728E-4
 2.082242568734031 1.8451441642510112E-4
 2.106248557908865 6.177156909361088E-4
 2.1305007623572862 3.3442379252786253E-3
 2.1550128607056064 6.4094923429638024E-3
 2.179757495701204 8.753866965867307E-3
 2.2047620245967003 9.814025133464322E-3
 2.2300264473920954 0.010111383990869627
 2.255537085461078 0.01109733412278367
 2.28132129605627 0.013346295204102451
 2.3073517219250492 0.015911057900047063
 2.333655720320038 0.017751842646402043
 2.3602196126149252 0.018557332955830133
 2.387043398809711 0.01840095465094146
 2.4141544361570157 0.017759821023187231
 2.4415253674042194 0.016474330132097227
 2.4691698711776317 0.013952646939797182
 2.4970879474772527 0.010871603733706344
 2.5252932749293934 4.033223244085666E-3
 2.5537721749077433 -5.163309930109796E-3
 2.582538326038612 -0.010479719152490137
