 0.0E+0 0.0E+0
 4.574037526336682E-3 0.031152652480975876
 0.013775887331366095 0.09279880291262081
 0.02308600179225434 0.15435738882833965
 0.03250569586433573 0.21593605792205086
 0.04203600767024263 0.2775685719374355
 0.05167855206740314 0.33923303601792664
 0.061434482525408784 0.4008779221424968
 0.07130506786081019 0.46244122945534704
 0.0812916922371172 0.5238562277136585
 0.09139573981783959 0.5850472865581748
 0.10161871011344634 0.6459233258728674
 0.1119616412465698 0.7063743322997185
 0.12242580203376065 0.7662724993500771
 0.13301349941420184 0.8254782472636738
 0.1437257715105258 0.8838495833845069
 0.154563771792324 0.9412520735400977
 0.16552865372918793 0.9975659782289175
 0.17662387772989213 1.0526888991705964
 0.18784829032484515 1.1065336400096743
 0.1992041984532299 1.1590238345360546
 0.21069390905422943 1.2100887984450661
 0.2223185755974353 1.2596593943521254
 0.23408050502203048 1.3076647768464122
 0.24597969732801497 1.3540291995927975
 0.25801845945457174 1.3986692582774147
 0.2701990983408839 1.4414908302435713
 0.28252276745654286 1.482386959661716
 0.29499062027114025 1.521235656929899
 0.307604963723859 1.5578987269112867
 0.32036810475388205 1.5922214176545397
 0.33328004336120953 1.624033240639378
 0.34634423995461594 1.6531504526776257
 0.3595606945341012 1.679379368686443
 0.3729340209780314 1.702520144078275
 0.38646306581681505 1.7223706218317424
 0.4001501359896351 1.7387304926106654
 0.4139986919052661 1.7514062718207465
 0.4280098870332996 1.7602169201363877
 0.4421848748433271 1.7650010853280206
 0.45652711574412296 1.7656251317814715
 0.4710366097356875 1.7619906532681723
 0.48571566375720343 1.754039728850151
 0.5005677382174454 1.7417590388901316
 0.515593986586005 1.725183063458746
 0.5307955623324734 1.7043966041313471
 0.5461759258656256 1.6795366245513725
 0.5617362306550527 1.6507953765148057
 0.5774787836399379 1.6184233118688007
 0.5934058917594642 1.5827300833738358
 0.6095198619528147 1.544084130304833
 0.6258218476895808 1.5029100917920132
 0.642315309378537 1.4596835373021714
 0.6590014004892748 1.4149234030887265
 0.6758835814305687 1.3691821826553234
 0.6929630056720104 1.3230299190587961
 0.7102419801527828 1.2770324930239871
 0.7277228118120689 1.231736856873505
 0.7454089610586431 1.1876683614656025
 0.7633027348316886 1.1453214708113326
 0.7814052866007968 1.1051377977835943
 0.7997189233051507 1.0674905840343344
 0.818247105353525 1.0326773628838765
 0.8369921396851026 1.0009116784279254
 0.8559563332390663 0.9723135774455808
 0.8751419929545995 0.9469069007702575
 0.8945525792404764 0.9246233601070163
 0.9141892455662888 0.9053100545852593
 0.934055452340811 0.8887433776829857
 0.9541546599728175 0.8746522551212619
 0.9744880219319 0.8627433616132463
 0.9950589986268327 0.8527208268768792
 1.015869896996799 0.8443007189119367
 1.0369241774505733 0.8372217973524353
 1.0582241469273383 0.8312517691169419
 1.0797732658358691 0.8261881921426321
 1.1015726876457567 0.821856961063536
 1.1236270262353673 0.8181100811153208
 1.1459397420134753 0.8148214690234529
 1.168510834980081 0.8118836462324567
 1.1913495328919163 0.8092090858224579
 1.2144535288097981 0.8067332086336776
 1.2378228227337266 0.8044136702710301
 1.2614689493596167 0.8022262242906433
 1.2853803739915534 0.8001595724490338
 1.3095801660213666 0.798210359549801
 1.3340567907531417 0.7963791768462843
 1.3588217828827933 0.7946678881130348
 1.3838751424103217 0.7930781832932804
 1.409228404031642 0.7916109312322654
 1.4348700330508388 0.7902660334954574
 1.4608000294679122 0.7890423764420516
 1.4870414626746928 0.7879376628229342
 1.51359433267118 0.7869480631618542
 1.540447104761459 0.7860676810066645
 1.5676113136414451 0.7852882537102338
 1.5950984940070527 0.7845996070349666
 1.6228971111623673 0.7839903414484658
 1.651030234499219 0.7834481637838713
 1.6794863293216926 0.7829601709126276
 1.7082653956297881 0.7825140990339456
 1.7373789681194204 0.7820998415334592
 1.766838581486505 0.7817095241532405
 1.7966327010351266 0.7813360090148683
 1.8267843961571148 0.7809713632190057
 1.8572821321565557 0.7806063100404876
 1.8881259090334485 0.7802306017136807
 1.9193272614837082 0.7798337430395403
 1.9508977242032501 0.7794057404310107
 1.9828372971920742 0.7789376987001949
 2.0151344457542657 0.7784221667346692
 2.0478237739775693 0.7778532467492342
 2.0808706777742402 0.7772264865508178
 2.114321295927938 0.7765388866511165
 2.1481410243509184 0.7757890032507403
 2.182364467130926 0.7749771032376607
 2.216980089572046 0.7741052473830798
 2.251999426370194 0.773177286403956
 2.2874224775253684 0.7721986342907925
 2.3232492430375706 0.7711759414865095
 2.3595027922986302 0.7701167063232043
 2.3961600559167175 0.7690289386649151
 2.433255637979577 0.7679209609818821
 2.4707664690953792 0.7668013227036907
 2.508727153351869 0.76567888418355
 2.5471146213572164 0.7645628248368722
 2.5859404078073366 0.7634626704990316
 2.6252275820940593 0.7623881529665246
 2.6649646095214696 0.7613489455225253
 2.7051514900895674 0.7603543544517436
 2.7458112931901834 0.759412839562233
 2.786932484127402 0.7585316068269187
 2.8285381322930533 0.757716152639436
 2.8706167029912226 0.7569699437898065
 2.913179730917825 0.7562942097810454
 2.9562272160728597 0.7556880224877406
 2.999782227848158 0.7551485068616061
 3.0438216968518885 0.7546713311611569
 3.0883802271717972 0.7542511705059616
 3.1334578188078845 0.7538821732426425
 3.1790429370642345 0.7535583268709488
 3.2251471166367626 0.7532736713102305
 3.271793426917299 0.7530224712902882
 3.3189703332099282 0.7527992349148681
 3.3666893702105662 0.7525987675398953
 3.414950537919212 0.7524161893463757
 3.463776905727696 0.7522470959520244
 3.5131569389401033 0.7520878777145952
 3.5631021722523494 0.7519360544432875
 3.6136126056644335 0.7517903640696988
 3.664711308568186 0.7516504921815509
 3.7163982809636073 0.7515165907860449
 3.768661988154782 0.7513889247291696
 3.8215370342294554 0.7512678922997351
 3.875011884491712 0.7511544974590946
 3.929098073637467 0.7510509918274436
 3.9838071363626363 0.750961378416926
 4.039139072667219 0.7508915507726306
 4.0950938825512155 0.7508490462652064
 4.1516946354064554 0.7508426285378028
 4.208952865928855 0.7508815447945806
 4.266845504726583 0.7509743452531453
 4.325407155887385 0.7511272097354795
 4.38463781941126 0.7513423950465485
 4.44453749529821 0.7516176217162156
 4.505117718244149 0.7519468820359345
 4.566390022944992 0.7523222857164767
 4.628365944096654 0.7527359077024856
 4.69103394700322 0.7531807088657614
 4.754417101056521 0.753650664733286
 4.81852694095247 0.7541406472153337
 4.883363466691069 0.7546459636305494
 4.948926678272318 0.755160942365011
 5.015251179783961 0.7556761925178329
 5.082313901834167 0.7561770008921733
 5.150137913814769 0.7566465223021811
 5.218723215725765 0.7570741015826646
 5.288092876958986 0.7574623188075701
 5.358246897514433 0.7578243486209592
 5.429196812088017 0.7581726146424822
 5.500954155375657 0.7585105460627669
 5.573507392681437 0.7588338233449079
 5.646891128093102 0.7591352695497809
 5.721093826914736 0.7594071439740456
 5.79613855853817 0.7596411558452549
 5.872025322963405 0.7598285681401413
 5.948765654886355 0.7599609492088686
 6.026371089002935 0.7600307247132437
 6.10485316000906 0.7600334788780482
 6.18421186790473 0.7599731030651103
 6.264470282081774 0.7598628032481731
 6.3456284025401954 0.7597190338428974
 6.427686229279991 0.7595541241938437
 6.510678366388908 0.7593725228131107
 6.59459327917103 0.7591712116241736
 6.679454037018187 0.7589419768159898
 6.765260639930381 0.7586748543141196
 6.852024622603525 0.7583644107411532
 6.939757519733535 0.7580186891875258
 7.028470866016325 0.757662328694239
 7.118176196147812 0.7573218808705403
 7.208885044823909 0.7570068034561909
 7.300608946740533 0.7567092420527233
 7.393347901897681 0.7564189992101874
 7.487113444991271 0.7561387752333031
 7.581928645413133 0.7558903429303728
 7.677805037859181 0.7557068306873383
 7.7747310876335005 0.7556176725084963
 7.872741398823836 0.7556366457113439
 7.971847506126103 0.7557547392344889
 8.072037874844385 0.7559421308284322
 8.17334710906643 0.7561656272017561
 8.275775208792238 0.756410957120547
 8.379333708717722 0.7566874733708775
 8.484034143538796 0.7570100473060879
 8.589888047951378 0.7573802590221559
 8.696918491347297 0.7577875948538754
 8.805125473726553 0.758222919675176
 8.914520529785062 0.7586861141710937
 9.025126728914651 0.7591835660018854
 9.136944071115323 0.7597236868855026
 9.249984091082993 0.760309656220274
 9.364269858209491 0.760921427791553
 9.479812907190729 0.7615115833308779
 9.59661323802671 0.7620297938347748
 9.714693920109266 0.7624566344771707
 9.834066488134306 0.7628121146601049
 9.954742476797751 0.7631229614706329
 10.07674495549143 0.7634073631245609
 10.200062389519426 0.7637047073731829
 10.324729382969483 0.7640841371831639
 10.45075747053752 0.7645847373581913
 10.578146652223536 0.7651559808164381
 10.706931532115272 0.7656827055268248
 10.837100575516818 0.7660589263642547
 10.968688386515918 0.7662562496287157
 11.101706499808486 0.76632651839272
 11.236154915394524 0.7662985887392075
 11.372056702665857 0.766118269068166
 11.509423396318406 0.7657363332232334
 11.648312669831745 0.7651776294885835
 11.788574572158975 0.7644781032861652
 11.930451331914314 0.76365379421898
 12.073827602138614 0.7627521154660084
 12.218818729791023 0.7618751701872277
 12.36519402095324 0.7611401548135486
 12.513299516502716 0.760606128387166
 12.662904522521153 0.7602817590548236
 12.814124385967698 0.7601812964409463
 12.966959106842355 0.7602748023502932
 13.121408685145118 0.7604406456345622
 13.277473120875994 0.7604792329415134
 13.435267760994128 0.7601926759742902
 13.594792605499523 0.7595415119225706
 13.755816960473876 0.7586602050713577
 13.91868686679464 0.757646632079345
 14.083286977502665 0.7564659861363305
 14.24961729259795 0.7551654907676943
 14.417562465121346 0.7540047237334775
 14.587468535950302 0.7532278619733161
 14.75898946420737 0.7529315974968686
 14.932471290769994 0.7531535406204615
 15.107683321719884 0.7539206155817579
 15.28474090401618 0.7551401143125356
 15.46364403765889 0.7564872465065305
 15.644392722648012 0.7575910069672024
 15.827102305942695 0.7583675928681561
 16.011657440583785 0.7590491194531859
 16.198173473530442 0.7598203338287657
 16.386650404782656 0.7606747804644082
 16.576972887381288 0.7617538605866581
 16.769371615244626 0.7630820071867584
 16.963615894454378 0.7645978563352517
 17.160051765887992 0.7660797745792447
 17.358333188668016 0.7670111959267643
 17.558806203671903 0.7673364533010291
 17.76124011698135 0.7674155446349119
 17.96575027555551 0.7673496307323626
 18.172452026353536 0.7671481666465239
 18.381114675457123 0.7669168777060746
 18.59196891678457 0.7667865572326813
 18.805014750335882 0.7669984951826868
 19.02013682915191 0.7678551256082362
 19.237565847150946 0.769258775744274
 19.457071110414695 0.770935440160797
 19.67888331286146 0.772871416162928
 19.902887107532087 0.774861735344344
 20.129082494426576 0.776412395679673
 20.357700167463232 0.777329383144592
 20.588509432723746 0.7778014011333911
 20.821625637167276 0.7779968065286915
 21.05704878079382 0.7783701658608626
 21.294894210562532 0.7793684413816389
 21.535046579514254 0.7808338156108623
 21.77762123460814 0.7826659800512896
 22.022618175844193 0.7848619534477603
 22.270037403222406 0.7870193254214422
 22.519878916742786 0.7885581779410399
 22.77214271640533 0.7895152675465452
 23.02682880221004 0.7902216368631054
 23.284167868075215 0.7909817331699173
 23.54392922008255 0.7917794810749113
 23.806228205191203 0.7921812217261034
 24.071064823401176 0.791915127534504
 24.338439074712457 0.7911670617705919
 24.608466306084206 0.7901536345917494
 24.881146517516423 0.7886438711901743
 25.156364362049952 0.7864929405162693
 25.43423518664395 0.7841924043617228
 25.71487433825756 0.7824714352284422
 25.998051122972487 0.7813645408334352
 26.28411158166618 0.7806481967832288
 26.57270967346119 0.7799494282618294
 26.86419143923497 0.7786037958631629
 27.15832618506921 0.7766900599723643
 27.45522925792307 0.7747368265410965
 27.755016004755695 0.7736814999064956
 28.057571078607935 0.7731664918705238
 28.363009826438943 0.7724149614560711
 28.671216901289572 0.7711605599264445
 28.982422997078113 0.7700841234825244
 29.296397419886275 0.7709720521589819
 29.61337086363235 0.7744459032621176
 29.9332279813572 0.7790288147479938
 30.255968773060804 0.783624756415853
 30.581708585702333 0.7869997666604023
 30.910562766240936 0.7888153323885194
 31.2423006207583 0.7900166512046874
 31.577037496213577 0.79114105669187
 31.914773392606782 0.7911828534576576
 32.25562365689705 0.7900415222239092
 32.59958828908439 0.788047956347598
 32.946551942209644 0.785661955599414
 33.29674531019111 0.7840301986569527
 33.64993769911051 0.7846300984287606
 34.006359802886123 0.7874977783444985
 34.3658962745588 0.790857396231151
 34.728547114128545 0.7936118098421185
 35.09454301551367 0.7951742450424306
 35.46365328479585 0.7966349874049571
 35.83599326893426 0.797643533942877
 36.211562967928884 0.7964328479736675
 36.59036238177973 0.7938235205642514
 36.97250685744594 0.7906232914468979
 37.35788104796837 0.7864967293508953
 37.74660030030617 0.780919650569455
 38.13866461445935 0.7764743032673229
 38.533958643468736 0.7738022049956306
 38.93271308125265 0.7716160580500955
 39.33481258085193 0.7718750561950147
 39.740257142266585 0.7746692763468282
 40.149162112455755 0.7769257234493365
 40.5614121444603 0.7774036296512118
 40.97700723828021 0.776219491778512
 41.39617808783379 0.7745760648236468
 41.81880934616189 0.7745948672822179
 42.24478566630537 0.7767165042133671
 42.67433774218251 0.779469630875695
 43.10735022683418 0.779325852696488
 43.543823120260356 0.7756458399859412
 43.98387176942022 0.7709594466672565
 44.42738082735459 0.7668523536420364
 44.874465641022645 0.7641012806775521
 45.32501086346521 0.7627327228709044
 45.7792471886006 0.7630723580840244
 46.23694392251051 0.7650080259481579
 46.698331759113244 0.7683230396978443
 47.163295351449654 0.771338046574642
 47.63171935256057 0.7729578909473901
 48.103834456364324 0.7732123513934325
 48.57964066286089 0.7731147408339144
 49.05902262509113 0.772650002999223
 49.54198034305504 0.7751671385110899
 50.02862916371178 0.7832938457281162
 50.51896908706132 0.7927769569762524
 51.01288476614455 0.7949901754888403
 51.5104915479206 0.7878751000372576
 52.01178943238946 0.7581085616517835
 52.51666307259201 0.7331583337031587
 53.02534316244652 0.6084735612718201
 53.537599008034703 0.45988899339637084
 54.05366130327486 0.3938924081583189
 54.57329935424869 0.28914638295297834
 55.096628507915333 0.2075421095064727
 55.62376411123396 0.15378924263719304
 56.15447547028626 0.12073760656206106
 56.688993278990515 0.098567003032113
 57.22720219038761 0.08235262117418977
 57.76910220447751 0.06984028645558926
 58.31469332126025 0.05986504226980958
 58.86397554073581 0.051735669956991393
 59.41694886290418 0.045002276382402714
 59.97372863472453 0.03935419699206371
 60.53408416227855 0.034567935183895795
 61.09824613948454 0.030477685175493346
 61.6659838724242 0.026957416847143783
 62.237528055015843 0.023909411504184057
 62.81264799334114 0.021256624127797885
 63.39157438131842 0.018937437361328364
 63.97407652502937 0.016901957447914332
 64.5603851183923 0.015109343622918348
 65.15026946748888 0.013525842946474438
 65.7438449192783 0.012123320001951541
 66.34099612680139 0.01087814413262967
 66.94195378397644 9.770329417520663E-3
 67.54637184992603 8.782868986999724E-3
 68.15459636552758 7.901209412667882E-3
 68.76628128990365 7.112832703556167E-3
 69.38165731697255 6.406922309907338E-3
 70.00072444673427 5.774092009906242E-3
 70.62325198527051 5.206165509541955E-3
 71.24935527954041 4.695995217014278E-3
 71.879034329544 4.23731251992456E-3
 72.51228913528125 3.8246037913033333E-3
 73.14911969675217 3.453005710031074E-3
 73.78941066699761 3.118218379511519E-3
 74.43327739297672 2.8164311013431737E-3
 75.08048918077121 2.544259838470038E-3
 75.73127672429936 2.2986934866656883E-3
 76.38552467660203 2.0770482285571763E-3
 77.04323303767923 1.8769280414520183E-3
 77.7042864605718 1.6961907939197114E-3
 78.36880029223887 1.5329186827088656E-3
 79.03665918572135 1.3853926954492108E-3
 79.70786314101916 1.2520703153173608E-3
 80.38241215813235 1.1315659475250663E-3
 81.06030623706093 1.022633839989889E-3
 81.74154537780485 9.241531167308055E-4
 82.42601423340501 8.351143451986245E-4
 83.11359745690224 7.54607972038708E-4
 83.80452574221484 6.818138914351657E-4
 84.49868374238365 6.159922304496457E-4
 85.19595611044952 5.564752104300821E-4
 85.89634284641247 5.026598068143747E-4
 86.59984395027249 4.5400129490313207E-4
 87.30657476898872 4.1000742312072014E-4
 88.01618926168372 3.7023322587318834E-4
 88.7289181222758 3.3427639790014105E-4
 89.44464600380579 3.0177306278313256E-4
 90.16325755931454 2.7239408727297006E-4
 90.88486813576121 2.458416968456585E-4
 91.60936238618666 2.218464438339683E-4
 92.33685565755 2.0016449103979795E-4
 93.06700190897384 1.8057514808725663E-4
 93.80003183437643 1.628786753375971E-4
 94.53583008679864 1.468942644195171E-4
 95.27439666624046 1.3245826197198483E-4
 96.01561622574276 1.1942252584649595E-4
 96.75948876530552 1.0765295262838189E-4
 97.50601428492872 9.702816615081893E-5
 98.25507743765327 8.743829365783825E-5
 99.00667822347913 7.878389701753761E-5
 99.76081664240628 7.097497785049722E-5
 100.51749269443476 6.393009073553625E-5
 101.27647568564626 5.757553601104105E-5
 102.03799630995908 5.184463178944695E-5
 102.80170852649574 4.667704840461834E-5
 103.5678430291746 4.20182142009642E-5
 104.33616912407729 3.7818767383857375E-5
 105.10668681120384 3.4034071028869275E-5
 105.87939609055428 3.062375956223545E-5
 106.6541816151694 2.755134269004528E-5
 107.43115873200843 2.478383304180144E-5
 108.21009674715299 2.229141786411625E-5
 108.99111100756227 2.0047157801048062E-5
 109.77397081931795 1.802671427231432E-5
 110.55879152937919 1.6208102275814822E-5
 111.34545779078685 1.4571467420746617E-5
 112.13385425658177 1.3098882925610506E-5
 112.9240962737231 1.1774165715754996E-5
 113.71595314829254 1.0582710732264755E-5
 114.50954022724925 9.511339629521068E-6
 115.30474216363406 8.548165034919905E-6
 116.10132826352867 7.682466109567054E-6
 116.8995292208514 6.9045779091290684E-6
 117.69888364776563 6.20578945760718E-6
 118.50054501386288 5.5782523789912075E-6
 119.30335984955164 5.014898183896178E-6
 120.1061746852404 4.50936362586386E-6
 120.91129646011217 4.055922603102386E-6
 121.71757170457542 3.6494257528063084E-6
 122.52500041863023 3.2852446008967786E-6
 123.33358260227651 2.9592224596645107E-6
 124.14216478592279 2.667629251276811E-6
 124.95305390875211 2.4071212787434053E-6
 125.76394303158139 2.174704907654245E-6
 126.57713909359371 1.9677039330528044E-6
 127.38918168601454 1.7837304015458284E-6
 128.20353121761834 1.620658476822416E-6
 129.01788074922217 1.4766010803131415E-6
 129.8333837504175 1.349889249148239E-6
 130.64888675161284 1.2390538556834047E-6
 131.46438975280815 1.1428096780405627E-6
 132.281046223595 1.0600414814148215E-6
 133.09885616397335 9.897925845719842E-7
 133.9166661043517 9.312552303788451E-7
 134.73332257513851 8.837636997359724E-7
 135.5522859851084 8.4679010382694E-7
 136.37009592548673 8.199471333736649E-7
 137.18905933545656 8.02950313883619E-7
 138.00686927583493 7.958747926107479E-7
