 8.788266146246508E-4 0.9999707159895561
 2.6468117843736174E-3 1.00029248552097
 4.435598239736023E-3 1.0011583784781155
 6.245438627905555E-3 1.0025911349903255
 8.076532407193016E-3 1.0045029578885111
 9.929189846081878E-3 1.0067504064047103
 0.011803632564917482 1.009184517902966
 0.013700104346079697 1.0116322124411911
 0.015618871133982935 1.0139520082838988
 0.017560198873041596 1.0160375148989562
 0.019524375669704618 1.0178368785875493
 0.021511600982282812 1.0193224872809487
 0.023522118593156046 1.0204425673287456
 0.025556371743014994 1.0212233753409338
 0.027614559890170465 1.0217242161214208
 0.029696904654967794 1.0219649537138488
 0.03180362765775232 1.0219201099917951
 0.033935393759560054 1.0216814877035464
 0.036091981340045674 1.0212975316158738
 0.038273833639899834 1.0207234333552477
 0.04048139389981322 1.0200134821820161
 0.042714883740131173 1.019193373965483
 0.04497474640154437 1.0182991348060235
 0.04726098188405281 1.0173402051775362
 0.04957403342834716 1.0162945574120236
 0.0519143442751181 1.0151828293424505
 0.05428213604471098 1.0140154555429934
 0.05667763035747113 1.0127757651832436
 0.05910127045408922 1.0114513216547296
 0.06155349957525594 1.0100612107391182
 0.06403431772097128 1.0085960073422013
 0.06654438975227125 1.0070572027540354
 0.06908371566915586 1.0054398724294322
 0.07165318195300646 1.0037553249332862
 0.07425256698347771 1.0020213834531828
 0.07688231400126029 1.0002195046649893
 0.07954308786739021 0.998366036082257
 0.08223511020221282 0.9964802237137456
 0.08495860262607344 0.9945561093138902
 0.08771423000000808 0.992598456450525
 0.09050199232401678 0.9906055555136133
 0.09332233283879017 0.9885557274199562
 0.0961759164053643 0.9864461294622986
 0.09906296464408447 0.9842782693057674
 0.10198369917529605 0.9820393308059141
 0.10493878486003504 0.9797252471446496
 0.1079284433186468 0.9773373083970935
 0.11095311779182196 0.9748723937397799
 0.11401325152025124 0.9723333850827632
 0.11710928774462531 0.9695940201497301
 0.1202414480852895 0.9670656175541362
 0.12341039740327982 0.9643460230022897
 0.12661635731894158 0.9615734957151594
 0.12985999269331086 0.9587497557153537
 0.13314152514673296 0.9558765825606054
 0.13646139791989858 0.9529484980858808
 0.13982005425349836 0.9499588121703146
 0.14321815900856832 0.9469017304938114
 0.14665615542579918 0.9437752300904241
 0.1501342651255362 0.9405778167950775
 0.15365293134847013 0.9373116610937088
 0.15721281895563696 0.9339830270545422
 0.16081437118772737 0.9305959731534047
 0.16445803128543201 0.9271489441344395
 0.1681442424894416 0.9236340570952376
 0.17187366966079212 0.9200458965899152
 0.17564653441982891 0.9163841573992745
 0.179463501627588 0.912651219691547
 0.1833252361451054 0.9088503855974156
 0.18723195959272645 0.9049735087290797
 0.19118433683148713 0.9010057233033585
 0.1951828111020782 0.8969343184030781
 0.19922804726553558 0.8927523064505554
 0.20332048856255 0.8884580492996996
 0.2074607998541575 0.8840515727153624
 0.21164920276070334 0.8795324732542545
 0.2158865837635689 0.8749047783217845
 0.2201736077237902 0.8701783226596921
 0.22451027464136727 0.8653448828714829
 0.2288983574790628 0.8603928887975815
 0.2333374129961861 0.8553142978388684
 0.23782744119273716 0.8500919317748314
 0.2423706582721694 0.8447380076626773
 0.24696484803102941 0.8392448869160487
 0.251614442876224 0.833600842389117
 0.2563172266042997 0.8277978242053069
 0.26107541541870993 0.8218111107815194
 0.2658890093194547 0.8156255111788917
 0.27076022450998743 0.8092466937893836
 0.2756868447868547 0.8027019807574339
 0.2806688701500564 0.7960069229722206
 0.2857107330064995 0.7892006433326985
 0.2908124333561839 0.7823321645486827
 0.2959717549956562 0.7754074316712948
 0.30119091412836984 0.7684094310190257
 0.30647212695777814 0.7613385725741044
 0.31181317728042773 0.7541796341664422
 0.3172184975032254 0.7469262115739899
 0.32268587142271776 0.7395758074596808
 0.3282152990389048 0.7320523767883421
 0.3338089965552399 0.7244384070036611
 0.33946918017517646 0.7166174009295702
 0.34519363369526107 0.7086206357901474
 0.3509867895224005 0.7004495301869659
 0.3568464314531414 0.6921178346270435
 0.36277255948748377 0.6836255665988314
 0.3687673898288809 0.6749931962722293
 0.37483313868078627 0.6662503258190905
 0.38096980604319985 0.6574141159202334
 0.3871751757126683 0.6484784189349382
 0.3934558962995517 0.6394702326849445
 0.3998053191934899 0.6303928953405219
 0.4062323092082964 0.6212420256780257
 0.41273021773361123 0.6120218065954248
 0.41930569337979434 0.6027292501401381
 0.4259565199433925 0.5933698119456612
 0.432684913627859 0.583923612696275
 0.43949087443319373 0.5743783100238314
 0.44637440235939696 0.5647234808454905
 0.4533399298133753 0.5549681212860844
 0.46038302438822192 0.5451134651758248
 0.46751033469429703 0.5351711015253797
 0.47471742832469393 0.5251474482409012
 0.48201095388977266 0.5150255245136556
 0.4893864789826266 0.5047816605871998
 0.49684621980670895 0.4943926932042174
 0.5043946087689266 0.4838698014631174
 0.5120294296658262 0.4732288756236131
 0.5197506824974075 0.4624894399910753
 0.5275627996705776 0.4516908586540258
 0.535463564981883 0.4408557497419269
 0.5434574108382303 0.430007309135417
 0.5515421210361663 0.41916059684166634
 0.5597199117791443 0.40831019824287406
 0.5679907830671643 0.397431099002578
 0.5763591673071332 0.38650016328064606
 0.5848206320921441 0.3755099403159222
 0.5933818260325571 0.3644953342664755
 0.6020427491283723 0.3535077763203583
 0.6108011851761364 0.34254716851887084
 0.6196593503793024 0.33159502315334576
 0.6286216771447776 0.32066904195195283
 0.6376859492691082 0.3097974467428057
 0.6468543829557478 0.2989919592469808
 0.6561269782046963 0.2882286295586291
 0.6655081674228606 0.27748555031181865
 0.6749957344067871 0.2667576691734401
 0.6845918953599293 0.25605678770913176
 0.6942966502822873 0.24541729597933406
 0.7041144315807676 0.23496925366477622
 0.7140452392553704 0.22440212062305783
 0.7240868571026423 0.21403261067238835
 0.7342459337329436 0.203764703195134
 0.7445202529428206 0.19361326867888642
 0.7549120309357267 0.18360850943646386
 0.7654234839151156 0.17378192050310584
 0.776054611880987 0.16415333595091954
 0.7868054148333411 0.1547382692685048
 0.7976803251790844 0.14556821894754165
 0.8086815591216706 0.1366711800269474
 0.8198046842541927 0.12805708712750987
 0.831056349187011 0.11974117677744775
 0.8424365539201254 0.11174461256524802
 0.853945298453536 0.10407080096562861
 0.8655847989906958 0.09669513254130134
 0.8773572717350588 0.08959512582747299
 0.889264932890078 0.08276720146878132
 0.9013055662523002 0.07623273662496419
 0.913483604228632 0.07001849392760112
 0.9258012630225267 0.06413950773365744
 0.9382585426339846 0.05861488868226124
 0.9508554430630054 0.053468499136178224
 0.9635986129199496 0.04870578120850202
 0.97648361979791 0.04431259194758992
 0.9895148961037936 0.04026525282272169
 1.0026924418376004 0.03652179489745556
 1.0160206894062373 0.03304600970741355
 1.0294996388097041 0.029823606789696997
 1.0431315062514543 0.026849070999867948
 1.056918507934941 0.02412931514537983
 1.0708584276567112 0.02166077450596257
 1.0849579140271246 0.019405905831903352
 1.0992147508427283 0.017322773467539652
 1.1136333705104288 0.015379508883869424
 1.1282137730302264 0.013576614366352243
 1.142958174605574 0.011951078318469057
 1.1578687914399252 0.010542816424111152
 1.1729478397367334 9.358015518911718E-3
 1.1881953194959986 8.362702850643068E-3
 1.2036156631246277 7.502469263858203E-3
 1.2192088706226205 6.741522846174123E-3
 1.234974941989977 6.076062166240781E-3
 1.2509205258370574 5.508991021329558E-3
 1.2670434059604085 5.0337581851684935E-3
 1.2833480147669367 4.633165320053092E-3
 1.2998343522566422 4.288684493325686E-3
 1.3165046346329785 3.995685266461898E-3
 1.3333610780993987 3.755292095125554E-3
 1.3504058988593565 3.553807098633819E-3
 1.367641313116305 3.360009144315025E-3
 1.3850695370736978 3.1654901022907223E-3
 1.4026927869349881 2.97282283661749E-3
 1.420511062700176 2.7950890074459602E-3
 1.4385265805727145 2.6294088805906864E-3
 1.4567437729595111 2.471145197124411E-3
 1.4751648560640191 2.321467760498029E-3
 1.4937876136827845 2.186143449945049E-3
 1.5126186944261676 2.0727712358813484E-3
 1.5316603144976221 1.984373946334229E-3
 1.5509102576936946 1.9185367609236331E-3
 1.5703751726247447 1.8709333791035551E-3
 1.5900550592907733 1.8359058774222558E-3
 1.6099521338952331 1.8037767251730598E-3
 1.6300686126415777 1.7640250303768594E-3
 1.6504067117332603 1.711850207734014E-3
 1.6709708635771882 1.6479122449653542E-3
 1.6917610681733605 1.5720846295534372E-3
 1.7127795417252316 1.480222147663276E-3
 1.7340307166397075 1.3694494272329907E-3
 1.7555145929167883 1.2444386774994207E-3
 1.7772333867599281 1.1166434517576268E-3
 1.7991915305760326 9.99475009414163E-4
 1.821391240568556 9.040613510446669E-4
 1.8438325167374978 8.382297166484987E-4
 1.866519791489765 8.005064148649563E-4
 1.8894552810288107 7.733919617787117E-4
 1.9126412015580886 7.319659451686846E-4
 1.936081985484506 6.662293932883637E-4
 1.9597754166046084 5.819488094364542E-4
 1.9837281435287563 4.8669056720265985E-4
 2.0079423824604032 3.954348133045837E-4
 2.0324181333995494 3.3186085446660414E-4
 2.057162044956555 3.055505730529923E-4
 2.0821719009279662 3.0010660256164675E-4
 2.107454349924143 2.9003054934577854E-4
 2.1330116081485392 2.5989929363278232E-4
 2.158843675601155 2.0917468106373181E-4
 2.184954984688897 1.5609901692721915E-4
 2.211347751615218 1.4377928138997977E-4
 2.2380330573973856 1.4432141296891447E-4
 2.2649820913905056 1.3719678125706318E-4
 2.2922413938670986 1.4873210605272524E-4
 2.319788802792632 1.4693565251038706E-4
 2.347646480201638 1.1005191315691358E-4
 2.375770102025051 3.295126544249364E-5
 2.40422615436647 2.5667914663745646E-6
 2.432970313156829 2.6226134133816293E-5
 2.4620247404306616 5.726074170089657E-5
 2.4913894361879673 1.7380883645889706E-4
 2.5210644004287465 1.269150692639013E-3
 2.5510496331529997 3.622706299222495E-4
 2.5813672963952596 3.567992373806821E-4
 2.612017390155527 2.916572595244389E-4
 2.6429555903647337 2.304135560832366E-4
 2.674248383126481 2.332606879883086E-4
 2.7058736064062363 2.4722282539058586E-4
 2.7378312602039986 2.548372644736935E-4
 2.7700991824852345 2.3339733466603497E-4
 2.802743859353545 1.503041423417268E-4
 2.8356988047053293 1.3541665486258141E-4
 2.8690305046441877 1.6876954470982513E-4
 2.9026946351010547 2.1022136547099327E-4
 2.9367133581104614 2.9183679419055486E-4
 2.9710866736724095 4.7213986310844945E-4
 3.005814581786899 7.959532136952186E-4
 3.0409192444884634 1.1918996941328171E-3
 3.0763784997425682 1.5755626634946038E-3
 3.112214509583749 1.9068438863283955E-3
 3.1484272740120036 2.2073343834093585E-3
 3.1849946309928 2.4746458644853883E-3
 3.2219609045952046 2.69382089558599E-3
 3.25928177075015 2.8953441398587597E-3
 3.2970237155612385 3.088324506078752E-3
 3.335120252924868 3.249697712297144E-3
 3.3736378689446393 3.404362431798731E-3
 3.4125322395514863 3.5820748899236414E-3
 3.451825526779942 3.762611268542935E-3
 3.491539892664539 3.9009115362811873E-3
 3.531631013136212 3.960338018798337E-3
 3.5721432122640273 3.959476370229224E-3
 3.6130764900479852 3.9654871992648695E-3
 3.6544086844535517 4.096608934599067E-3
 3.6961841195497946 4.366506102922086E-3
 3.7383584712676456 4.730288617348153E-3
 3.7809760636761735 5.161343579333405E-3
 3.8240147347408437 5.653111954168855E-3
 3.867474484461656 6.2282638320042E-3
 3.9113996369076793 6.835616179022977E-3
 3.9557458680098447 7.351199182918721E-3
 4.000535339802687 7.746895290315783E-3
 4.045768052286204 8.09387905411866E-3
 4.091466167494932 8.337164816703152E-3
 4.137607523394337 8.344421182142422E-3
 4.184214282018951 8.07753264234222E-3
 4.231286443368776 7.751655917219528E-3
 4.27882400744381 7.757331416583297E-3
 4.326826974244056 7.722085840602605E-3
 4.375295343769511 8.282384025108344E-3
 4.424229116020176 8.73809069500619E-3
 4.473672615065119 8.668532619436729E-3
 4.5235815168352715 8.62676090572053E-3
 4.573977983365169 8.67510989821005E-3
 4.62486201465481 8.728731838006782E-3
 4.6762336107041955 8.913992674785924E-3
 4.728114933547858 8.970138103216965E-3
 4.780505983185798 9.092334860299383E-3
 4.833384597583483 9.205480514249683E-3
 4.8867729387754454 9.02889731649997E-3
 4.940693168796218 8.468082545081907E-3
 4.9951009635767364 7.518314200941619E-3
 5.0500628092205994 6.579213064275432E-3
 5.105512219624207 5.9221631112084715E-3
 5.161515680891159 5.617679374086413E-3
 5.2180288689523894 5.47835575185681E-3
 5.275073945842432 5.6064925025114025E-3
 5.332673073595818 5.746381301546683E-3
 5.390804090178017 6.265188036273628E-3
 5.449489157623561 6.661847211665933E-3
 5.508706113897917 6.993362067543579E-3
 5.568499283070152 7.092395138611198E-3
 5.628824341071199 7.179505015106577E-3
 5.689725611970124 7.229665379337185E-3
 5.751180933732396 7.487379266307306E-3
 5.8131903063580114 7.564672841248023E-3
 5.875775891881507 7.181055394344482E-3
 5.938959852337417 6.500209535666377E-3
 6.002697863656671 5.684788483725322E-3
 6.067012087873803 5.255602101960212E-3
 6.131902524988817 4.805929221479378E-3
 6.197391337036242 3.3978224462804197E-3
 6.26347852401608 1.8538425174431853E-3
 6.330141923893798 1.021352289324836E-3
 6.397425860738463 5.986655240873434E-4
 6.465286010481007 9.405539531705839E-5
 6.533766697190498 -5.600161859198418E-4
 6.602845758832402 -4.100648969267742E-4
 6.672523195406718 -2.385038498511423E-4
 6.742843330982517 9.232696931665282E-5
 6.813761841490726 5.31563345083584E-4
 6.885300888965884 7.026647286590927E-4
 6.957460473407988 8.87821815152953E-4
 7.030240594817038 1.2713226978380981E-3
 7.103663415227571 1.0577155658797793E-3
 7.177706772605049 3.691143133705356E-4
 7.252392828984007 3.5923337374484484E-5
 7.327721584364448 -1.3275899375451505E-4
 7.403670876711834 -1.6607558041086591E-4
 7.480285030095236 -2.4057634522030508E-4
 7.557541882480118 -4.50520701278465E-4
 7.63544143386648 -8.273506948329682E-4
 7.714005846288857 -8.795479864009958E-4
 7.793212957712714 -1.4198226591345761E-3
 7.873062768138053 -2.2640097736803333E-3
 7.953599601633939 -3.4246060741573497E-3
 8.03480129616584 -4.634374185798333E-3
 8.11664568969922 -4.938227465989256E-3
 8.199177106303152 -5.079493675382684E-3
 8.282373383943096 -5.062000447652404E-3
 8.366234522619054 -5.100129724141903E-3
 8.450782684365562 -5.157652478276888E-3
 8.535995707148084 -5.884030347955349E-3
 8.621895753001153 -6.680903126659017E-3
 8.708460659890237 -7.405304416713792E-3
 8.795734751884405 -8.323788525067717E-3
 8.883673704914585 -9.426995339258686E-3
 8.97232184304985 -0.010590852110725772
 9.061657004255661 -0.011608380152883535
 9.151657026497485 -0.011590314998394994
 9.242366233844393 -0.011516428667785595
 9.333784626296383 -0.010784271914567062
 9.425890041818922 -0.01009654426290104
 9.518682480412009 -9.399826764652789E-3
 9.612184104110177 -8.449177953251681E-3
 9.706394912913428 -6.2239007388509084E-3
 9.801292744787228 -3.4629814472263427E-3
 9.89689976176611 -1.6484411866957318E-3
 9.993215963850071 6.1020037309980363E-5
 10.090219189004584 9.635104229376001E-4
 10.18795376129871 1.3880311173872948E-3
 10.286375356663386 5.228376573160564E-4
 10.385528299167678 -8.147598382173527E-4
 10.485368264742519 -2.85181617855022E-3
 10.58591741542244 -4.876746180905647E-3
 10.68719791324198 -6.753294194964805E-3
 10.789165434132066 -8.3703599007489E-3
 10.891864302161768 -9.332701119103495E-3
 10.995272355296551 -8.873206977872318E-3
 11.099389593536419 -8.342184944018893E-3
 11.204216016881366 -6.8352212905436905E-3
 11.309751625331398 -5.360672497687101E-3
 11.415996418886511 -3.917567097305846E-3
 11.52297255958124 -2.6336420072423116E-3
 11.630635723346517 -1.7045811404889444E-3
 11.739030234251409 -1.0907209978684648E-3
 11.84811176822685 -7.047717757102835E-4
 11.957924649341908 -4.8306677349829063E-4
 12.068424553527512 -3.560779293656765E-4
 12.179655804852734 -2.745097583726412E-4
 12.291574079248504 -2.155768233721454E-4
 12.40422370078389 7.068159112437528E-7
 12.517560345389823 -5.224900492780409E-5
 12.631606175100838 -6.738833569133622E-5
 12.746339027882403 -6.573122848511986E-5
 12.861803227803584 -6.425239675406413E-5
 12.97793228876078 -4.912215729166043E-5
 13.094792696857589 -3.679158207480759E-5
 13.212317965990414 -2.6715195314437682E-5
 13.330552420228322 -1.8472602337973391E-5
 13.449496059571311 -1.1723801147231227E-5
 13.569104559950315 -6.179478013206674E-6
 13.689400083399867 -1.6261938064257428E-6
 13.810382629919967 2.1116413845483E-6
 13.932052199510615 5.200766192475899E-6
 14.054408792171811 7.733311004321865E-6
 14.177430245869022 9.82670524280706E-6
 14.301138722636782 1.1560176581700264E-5
 14.425489898406022 1.2970645559236028E-5
 14.550528097245813 1.4133293814176878E-5
 14.676231157121615 1.5118715433118555E-5
 14.802599078033433 1.5937896667530268E-5
 14.929609697946729 1.657012136260327E-5
 15.057285178896043 1.711163276988398E-5
 15.185603358846837 1.7584010038469892E-5
 15.31456423779911 1.7954058125802573E-5
 15.444167815752866 1.828276342916056E-5
 15.574414092708102 1.8557751352134746E-5
 15.705303068664817 1.8766504825343416E-5
 15.836812581588479 1.8965060587535614E-5
 15.968920469444555 1.913153410991276E-5
 16.101671056302112 1.9248033668119242E-5
 16.235042180126615 1.9392749936305295E-5
 16.36901167888353 1.9521770321068947E-5
 16.50357955257286 1.961339533439973E-5
 16.638745801194602 1.9691580824074625E-5
 16.77453258678329 1.978546574488068E-5
 16.910873423235326 1.989512708690513E-5
 17.047812634619774 1.9973641933550166E-5
 17.1853280589021 2.0049565946845713E-5
 17.32339753404777 2.0142659717551845E-5
 17.462043222091324 2.0231555202721565E-5
 17.60124296099822 2.0316745169472432E-5
 17.741018912802996 2.0402161478316797E-5
 17.881304591402052 2.050820300404008E-5
 18.022144320864452 2.061035125987733E-5
 18.163515939155661 2.071183923630701E-5
 18.305419446275681 2.081324254042758E-5
 18.447832680189982 2.093585792226413E-5
 18.590755640898564 2.105708728743087E-5
 18.734188328401415 2.117824444688031E-5
 18.878108580664015 2.1328301455599987E-5
 19.022516397686363 2.146585318259868E-5
 19.16741177946845 2.1625189981835537E-5
 19.312794726010277 2.176640379721619E-5
 19.45862091324279 2.192762847030472E-5
 19.60493466523504 2.211085261621805E-5
 19.751669495883433 2.229448509339592E-5
 19.89886972925704 2.2497579948140704E-5
 20.046491041286785 2.2702828388463894E-5
 20.194533431972672 2.2906768819765751E-5
 20.342996901314705 2.3131801757014927E-5
 20.491859287278344 2.3355542355392681E-5
 20.64114275189813 2.362059553283932E-5
 20.790802971104987 2.3886071837157636E-5
 20.940862106933455 2.4151818396201067E-5
 21.091275835314462 2.4458665553943705E-5
 21.242066318282546 2.4763998395085755E-5
 21.393211393803166 2.507151169858391E-5
 21.5446888998418 2.5417896029917747E-5
 21.69652099843297 2.5784756054286965E-5
 21.848663365507615 2.6171920577120606E-5
 22.00113816310027 2.6577527486812784E-5
 22.153923229176395 2.6987254992072783E-5
 22.306974239666924 2.743538443552107E-5
 22.46033551864093 2.7925728904412642E-5
 22.61391841796027 2.8421929900320964E-5
 22.767944557970292 2.8935569478424997E-5
 22.922192318325652 2.9529036161915141E-5
 23.07644007868101 3.0159800431815924E-5
 23.231131079727045 3.078630516510953E-5
 23.386043701118413 3.145207839487326E-5
 23.541177942855124 3.219467699093141E-5
 23.696533804937175 3.299822179998701E-5
 23.851889667019221 3.383568176992023E-5
 24.007688769791947 3.4749073074216974E-5
 24.16348787256467 3.5718378467654615E-5
 24.31973021602807 3.678921428623938E-5
 24.47575093914614 3.7937189932130305E-5
 24.632214902954874 3.919237030027386E-5
 24.788678866763614 4.0589565175474726E-5
 24.945364450917693 4.208231241455489E-5
 25.10205003507177 4.3799469616774184E-5
 25.258735619225845 4.568013714707742E-5
 25.415642823725267 4.7737919766666333E-5
 25.572771648570014 5.01155073868324E-5
 25.72990047341477 5.291519854756965E-5
 25.886807677914184 5.608901866256909E-5
 26.044158123104281 5.985979569588141E-5
 26.201286947949036 6.442771306893003E-5
