 0.0E+0 0.0E+0
 5.3963981034266745E-3 8.919519999999959E-3
 0.016252637159175676 0.02686348000000005
 0.02723660564000717 0.04501812000000005
 0.038349854915456574 0.06338495
 0.049593609750946586 0.08196477000000002
 0.06096977533713473 0.10075747999999995
 0.07247971252449066 0.11976182000000002
 0.08412491824853102 0.13897519999999996
 0.0959070255298194 0.15839351000000001
 0.10782766738891938 0.17801096000000005
 0.11988861293144155 0.19781996000000001
 0.13209108692280857 0.21781108000000004
 0.14443658629853711 0.23797307999999994
 0.15692783275956648 0.25829294
 0.16956605107131933 0.27875607
 0.18235260208426537 0.29934644
 0.19528884664887427 0.32004689
 0.20837886731655497 0.34083936000000003
 0.22162130323683787 0.36170515999999997
 0.23501887611066224 0.38262521000000004
 0.24857430763896742 0.40358026
 0.2622889586722231 0.424551
 0.2761655509113686 0.44551807
 0.2902040843564039 0.46646206
 0.3044072807082683 0.48736327
 0.3187778616679011 0.5082015
 0.33331718808577204 0.5289557
 0.3480266208123508 0.5496036
 0.36290888154857664 0.57012134
 0.3779666919953889 0.59048307
 0.3932000521527876 0.61066072
 0.40861304457218167 0.6306237800000001
 0.4242056692535712 0.6503392800000001
 0.4399833695988348 0.66977186
 0.4559447847575027 0.68888406
 0.4720926364305144 0.70763672
 0.48843100716927884 0.72598946
 0.5049612578242656 0.7439013800000001
 0.5216847492459443 0.76133173
 0.5386055639857241 0.77824066
 0.5557237020436051 0.79458994
 0.5730418851205262 0.8103437
 0.5905641957678968 0.82546909
 0.6082919948361862 0.83993683
 0.6262266431758644 0.85372176
 0.6443722233383402 0.86680323
 0.6627300961740833 0.87916547
 0.681302983384033 0.8907978
 0.7000936066691287 0.901694804
 0.7191046877303097 0.911856425
 0.7383375874180456 0.9212878879999999
 0.7577963882837454 0.929999599
 0.7774824511778787 0.938006917
 0.7973998586518547 0.945329846
 0.817549971556143 0.951992641
 0.8379355115916828 0.958023336
 0.8585592004594135 0.96345321
 0.879425120710744 0.968316201
 0.9005359940466138 0.972648281
 0.9218931813174923 0.976486814
 0.9434994042243191 0.979869923
 0.9653587453185031 0.982835878
 0.9874739263009835 0.98542253
 1.0098476688726996 0.987666789
 1.032482694734591 0.989604165
 1.0553830864380666 0.9912683961
 1.078550204833596 0.9926911535
 1.1019881324725881 0.9939018392
 1.1257009519064518 0.9949274727
 1.1496900239856573 0.995792645
 1.1739594312616128 0.9965195233
 1.1985118954352584 0.9971279005
 1.2233514990580025 0.9976352886
 1.2484809638307847 0.9980570506
 1.273904372305014 0.9984065597
 1.29962308533116 0.9986953731
 1.3256425463111012 0.9989334123
 1.3519668377962468 0.99912914166
 1.3785959597865968 0.99928974038
 1.4055407990859083 0.99942126512
 1.4327986339932423 0.99952880006
 1.4603694645085985 0.99961659367
 1.4882668991366736 0.99968818123
 1.5164773293727711 0.99974649346
 1.545027972226284 0.99979395159
 1.5739052191925162 0.99983254975
 1.6031226787761636 0.99986392589
 1.6326803509772265 0.99988942208
 1.6625918443004017 0.999910135655
 1.6928435502409926 0.999926962155
 1.7234354687989987 0.999940631282
 1.7543948169838137 0.999951736779
 1.7857215947954376 0.999960761197
 1.8174021937291737 0.999968096341
 1.849450222289719 0.999974060094
 1.8818792889817688 0.999978910225
 1.914675785300628 0.999982855701
 1.947866928255689 0.999986065922
 1.9814391093422556 0.999988678251
 2.0153923285603276 0.999990804127
 2.0497401944146016 0.999992534028
 2.0844963154097744 0.9999939414775
 2.1196470830411486 0.9999950862799
 2.1552197143181186 0.9999960171267
 2.1912006007359874 0.9999967736955
 2.227589742294755 0.9999973883402
 2.2644007474991174 0.9999978874537
 2.3016472248537716 0.9999982925677
 2.339329174358718 0.9999986212415
 2.37743298750926 0.9999988877847
 2.4159994898194865 0.99999910384608
 2.4549878557753084 0.99999927889757
 2.4944525193955122 0.99999942063315
 2.5343526551660082 0.99999953529943
 2.574729088600886 0.99999962796846
 2.6155682111954483 0.99999970276185
 2.656883631454393 0.99999976303317
 2.698675349377719 0.99999981151501
 2.740943364965427 0.99999985043665
 2.78371489522691 0.99999988161797
 2.826962723152775 0.999999906544622
 2.870727674257111 0.999999926428484
 2.914982531530526 0.999999942256657
 2.9597681204871086 0.999999954831307
 3.005057224117467 0.999999964802221
 3.050863450926297 0.999999972693595
 3.0972140179229912 0.999999978926361
 3.1440953166028542 0.999999983837051
 3.1915073469658854 0.999999987693894
 3.239477326021478 0.9999999907104923
 3.2879916452649355 0.9999999930572483
 3.337077521705651 0.9999999948706283
 3.3867213468389283 0.9999999962604001
 3.4369367291694632 0.9999999973151162
 3.4877236686972565 0.9999999981062327
 3.5391093824317017 0.9999999986913068
 3.5910666533634043 0.9999999991166171
 3.6436363070064552 0.9999999994193736
 3.696818343360854 0.9999999996295277
 3.7505991539219043 0.9999999997711558
 3.8049923471943025 0.999999999863445
 3.860025140187442 0.9999999999213928
 3.915683924396626 0.9999999999563639
 3.9719823083265515 0.999999999976621
 4.028920291977218 0.9999999999878835
 4.086525092358019 0.9999999999939019
 4.144783100964258 0.9999999999970023
 4.203707926300631 0.9999999999985493
 4.263299568367139 0.9999999999993018
 4.323585244173175 0.9999999999996619
 4.384564953718738 0.9999999999998332
 4.446225088499132 0.9999999999999155
 4.508606474028448 0.9999999999999557
 4.571695501801988 0.9999999999999759
 4.635505780324447 0.9999999999999866
 4.700050918100526 0.9999999999999923
 4.765330915130222 0.9999999999999956
 4.8313457714135354 0.9999999999999974
 4.898122703959859 0.9999999999999986
 4.965675321273891 0.9999999999999991
 5.0339764063462375 0.9999999999999996
 5.103066784690987 0.9999999999999998
 5.172946456308141 0.9999999999999999
 5.243615421197699 0.9999999999999999
 5.315087287864357 1.0
 5.387375664812814 1.0
 5.460494160547764 1.0
 5.534429166564512 1.0
 5.60920789987245 1.0
 5.684843968976274 1.0
 5.761337373875987 1.0
 5.838688114571586 1.0
 5.9169370165771635 1.0
 5.996056862883323 1.0
 6.076074870499461 1.0
 6.156991039425575 1.0
 6.2388325866710605 1.0
 6.321599512235916 1.0
 6.405305424624838 1.0
 6.489963932342523 1.0
 6.575561426884276 1.0
 6.662138733764185 1.0
 6.749682244477554 1.0
 6.838219176033777 1.0
 6.927749528432853 1.0
 7.01828691017948 1.0
 7.109844929778354 1.0
 7.202437195734169 1.0
 7.296063708046929 1.0
 7.390751683726024 1.0
 7.486501122771457 1.0
 7.583312025183226 1.0
 7.681225216475422 1.0
 7.780227088143347 1.0
 7.880344857196395 1.0
 7.981578523634566 1.0
 8.083941695962556 1.0
 8.187447982685065 1.0
 8.292110992306783 1.0
 8.397944333332413 1.0
 8.50496161426665 1.0
 8.613176443614188 1.0
 8.722588821375028 1.0
 8.833212356053869 1.0
 8.945074264660102 1.0
 9.058188155698424 1.0
 9.17254042066414 1.0
 9.288171885071335 1.0
 9.405096157424712 1.0
 9.52329962921957 1.0
 9.642823125970002 1.0
 9.763666647676006 1.0
 9.88584380284228 1.0
 10.009368199973517 1.0
 10.134253447574416 1.0
 10.260526762654372 1.0
 10.388188145213384 1.0
 10.517251203756148 1.0
 10.647743155292055 1.0
 10.779663999821109 1.0
 10.913027345848006 1.0
 11.047860410382137 1.0
 11.184176801928198 1.0
 11.321976520486194 1.0
 11.461286783065514 1.0
 11.602121198170853 1.0
 11.744493374306913 1.0
 11.888430528483084 1.0
 12.03391905219467 1.0
 12.180999770955761 1.0
 12.329686293271052 1.0
 12.479978619140548 1.0
 12.631917574078331 1.0
 12.785489549579712 1.0
 12.940735371158775 1.0
 13.097668647320221 1.0
 13.256289378064048 1.0
 13.416624780399646 1.0
 13.57868846283172 1.0
 13.742548467883745 1.0
 13.908027884994668 1.0
 14.07541249276312 1.0
 14.244566206142132 1.0
 14.415625110178668 1.0
 14.588317034778804 1.0
 14.76305023508343 1.0
 14.939552540998617 1.0
 15.117960037571331 1.0
 15.298272724801574 1.0
 15.480490602689342 1.0
 15.664613671234639 1.0
 15.850778015484426 1.0
 16.03898363543871 1.0
 16.228958361003552 1.0
 16.421110447319854 1.0
 16.615303809340652 1.0
 16.811538447065942 1.0
 17.00967827544876 1.0
 17.21013154963 1.0
 17.412490014468772 1.0
 17.617161925105964 1.0
 17.823875111447655 1.0
 18.0327656585408 1.0
 18.24383356638541 1.0
 18.457078834981476 1.0
 18.67263754937597 1.0
 18.89037362452192 1.0
 19.1104231454663 1.0
 19.332786112209102 1.0
 19.557326439703366 1.0
 19.784316298043023 1.0
 20.013483517134137 1.0
 20.24523635211761 1.0
 20.479166547852543 1.0
 20.715682359479831 1.0
 20.95451161690555 1.0
 21.19579040517666 1.0
 21.439654809340122 1.0
 21.685832659302015 1.0
 21.934596125156264 1.0
 22.185945206902875 1.0
 22.43974381949488 1.0
 22.6962641330262 1.0
 22.95523397740292 1.0
 23.21692552271896 1.0
 23.48120268392736 1.0
 23.748065461028115 1.0
 24.017786024115167 1.0
 24.290092203094573 1.0
 24.565120083013304 1.0
 24.842869663871358 1.0
 25.123477030715704 1.0
 25.406806098499373 1.0
 25.692992952269335 1.0
 25.982037592025587 1.0
 26.27394001776813 1.0
 26.56870022949696 1.0
 26.866318227212083 1.0
 27.1667940109135 1.0
 27.47039975069514 1.0
 27.776863276463064 1.0
 28.086320673264246 1.0
 28.398771941098694 1.0
 28.71421707996639 1.0
 29.032792174914312 1.0
 29.354497225942456 1.0
 29.679196148003857 1.0
 30.00702502614548 1.0
 30.338119945414295 1.0
 30.672208735716367 1.0
 31.00969965219259 1.0
 31.350184439702072 1.0
 31.694071353385712 1.0
 32.04108822314957 1.0
 32.391371134040625 1.0
 32.74505617110583 1.0
 33.102007249298225 1.0
 33.46236045366478 1.0
 33.825979699158516 1.0
 34.19313715587338 1.0
 34.563560653715434 1.0
 34.9375223627786 1.0
 35.314886198015933 1.0
 35.69565215942742 1.0
 36.07995633206002 1.0
 36.46793480096072 1.0
 36.85931539603557 1.0
 37.25423420233153 1.0
 37.652691219848634 1.0
 38.05482253363381 1.0
 38.460628143687074 1.0
 38.869971964961465 1.0
 39.28312616755091 1.0
 39.69981858136148 1.0
 40.120321376487105 1.0
 40.54449846788081 1.0
 40.9723498555426 1.0
 41.40414770956642 1.0
 41.839619859858323 1.0
 42.27890239146529 1.0
 42.7219953043873 1.0
 43.16889859862437 1.0
 43.61974835922345 1.0
 44.07440850113759 1.0
 44.53301510941375 1.0
 44.99556818405194 1.0
 45.46193164000517 1.0
 45.9323776473674 1.0
 46.40677012109164 1.0
 46.88510906117791 1.0
 47.36753055267316 1.0
 47.85389851053043 1.0
 48.34421293474972 1.0
 48.83874599542496 1.0
 49.33736160750919 1.0
 49.83992368595544 1.0
 50.34670440085765 1.0
 50.857567667168844 1.0
 51.37251348488901 1.0
 51.89167793906515 1.0
 52.41492494465026 1.0
 52.94239058669133 1.0
 53.47393878014139 1.0
 54.00984169509436 1.0
 54.54982716145633 1.0
 55.094167349321203 1.0
 55.64272617364204 1.0
 56.19536754937186 1.0
 56.7523636466046 1.0
 57.313714465340254 1.0
 57.87928392053187 1.0
 58.44907201217943 1.0
 59.023214825329915 1.0
 59.60171235998331 1.0
 60.18442853109267 1.0
 60.771499423704945 1.0
 61.36292503782013 1.0
 61.95856928839128 1.0
 62.55870434551231 1.0
 63.1630580390893 1.0
 63.771902539216164 1.0
 64.384965675799 1.0
 65.00238353388472 1.0
 65.62429219852035 1.0
 66.25041949961194 1.0
 66.88103760725339 1.0
 67.51601043639778 1.0
 68.15533798704509 1.0
 68.7990202591953 1.0
 69.44705725284845 1.0
 70.09944896800451 1.0
 70.75633148971045 1.0
 71.41743264787236 1.0
 72.08302461258414 1.0
 72.75283521375187 1.0
 73.4271366214695 1.0
 74.10565666564305 1.0
 74.78866751636652 1.0
 75.47589700354592 1.0
 76.16761729727523 1.0
