 0.0E+0 0.0E+0
 1.67663166385009E-3 0.03681958431635868
 5.049606341095768E-3 0.11028063258362221
 8.46226585893219E-3 0.18405936501181296
 0.011915092219471792 0.25777233983894093
 0.015408465950698082 0.33072474567896403
 0.018942978985029838 0.4020542714248268
 0.02251905413133763 0.470866078816291
 0.026137156479379055 0.5363352501269552
 0.029797793399798804 0.5977747982667982
 0.033501472263241544 0.6546719266440331
 0.037248742721238993 0.7066977783403544
 0.04103998530177467 0.753697476510507
 0.04487566509460618 0.7956676725580264
 0.04875662771747464 0.8327281144071695
 0.05268325369836356 0.865091759367604
 0.056655965846143505 0.893036433067726
 0.06067518696968502 0.9168797014204493
 0.06474218549559979 0.9369588426145757
 0.06885653861501728 0.9536151794000267
 0.07301909194567857 0.9671821106099775
 0.0772306911053248 0.9779775106091217
 0.08149175890282653 0.9862985299131695
 0.08580314095592488 0.9924199838480994
 0.09016483726461985 0.9965938995355051
 0.09457769344665254 0.9990507103028442
 0.09904255511976409 1.0
 0.10355984509282506 0.9996317811639702
 0.10812998617470601 0.9981173886096882
 0.11275382398314807 0.9956109190194645
 0.11743220413589231 0.9922506624599098
 0.12216512663293878 0.9881604639065771
 0.12695385990089916 0.983450966638608
 0.1317984039397734 0.9782204061186888
 0.13670044998504382 0.9725552305230515
 0.14165957522783978 0.9665310855586283
 0.14667662528590244 0.9602140325870132
 0.1517528685858435 0.9536622791138096
 0.15688872793653343 0.9469276277192935
 0.1620846261468429 0.940056888374357
 0.16734183164338353 0.9330927603156146
 0.17266034442615535 0.9260739705762313
 0.17804101011289943 0.9190343588881665
 0.18348509713022753 0.9120028650832513
 0.18899302828701011 0.9050047166010672
 0.1945652263921178 0.898062215370406
 0.20020295987216227 0.8911942424952441
 0.20590665153601406 0.8844150343060306
 0.2116771470014143 0.8777346133590603
 0.21751529188610407 0.8711602107100797
 0.2234219318078246 0.8646966153144245
 0.22939748957544633 0.8583456480449062
 0.235443233615581 0.8521061584611427
 0.24155958673709915 0.8459755547639077
 0.24774781736661247 0.8399510392972189
 0.2540083483129915 0.8340302629502933
 0.2603420251939775 0.8282122196012531
 0.2667496936273113 0.822497967773305
 0.2732326220396048 0.8168907431379107
 0.2797916560485991 0.8113964279459818
 0.2864272184631647 0.8060224405183752
 0.2931401549010427 0.8007755782399804
 0.2999317337888449 0.7956624645251094
 0.3068028007443123 0.7906905876940787
 0.3137542013851861 0.7858679619526326
 0.32078678132920734 0.7812000599246287
 0.32790180900298776 0.7766863343737967
 0.33509970721539794 0.7723209473982666
 0.3423817443930495 0.7680964389742108
 0.3497491889625541 0.7640068473866451
 0.3572024637327824 0.7600497316228445
 0.36474283713034594 0.7562267404878835
 0.372371154772986 0.7525409542046602
 0.38008868508731413 0.7489929223227134
 0.38789627369107154 0.7455790241176512
 0.39579518901086985 0.7422918192934225
 0.40378585385557963 0.7391218596865602
 0.4118699594606831 0.7360598631323566
 0.42004877425279196 0.7330986288110934
 0.42832229823190626 0.7302345751200198
 0.4366939138689905 0.7274653626591566
 0.4451627755463034 0.7247868005982621
 0.45372888326384502 0.7221934957267291
 0.46239646511032106 0.7196832822093788
 0.47116129299702586 0.7172593954376105
 0.4800318231013706 0.7149284789386825
 0.48900382733464975 0.7126960881747172
 0.4980815337855688 0.7105602513252666
 0.5072649424541278 0.7085106144773682
 0.5165582814290323 0.7065354569635461
 0.5259573226215768 0.7046244018134709
 0.5354620660317612 0.7027714973710444
 0.5450809678369968 0.7009763431046446
 0.5548140280372835 0.6992395617958823
 0.5646570185439158 0.6975579107555141
 0.5746141674455993 0.6959246885136424
 0.5846897028310395 0.6943323971259154
 0.5948793966115308 0.6927754482892499
 0.6051917049644845 0.6912550763983534
 0.6156223998011949 0.6897773557302154
 0.6261714811216621 0.6883463474193301
 0.6368431770145916 0.6869608619929538
 0.6476417155686891 0.6856144106697687
 0.6585628686952489 0.6842965998369452
 0.6696150925716822 0.6829921165848262
 0.6807941591092835 0.6816866299144525
 0.6921000683080528 0.680377879703187
 0.7035370482566955 0.6790754532530138
 0.7151093270439174 0.6777909017222965
 0.7268169046697184 0.6765298190312675
 0.7386555530453931 0.6752942881573042
 0.750637956437058 0.6740901516486656
 0.7627514305785964 0.6729210106451489
 0.7750128878248307 0.6717815387818269
 0.7874096439096443 0.6706642894592507
 0.7999543830991537 0.6695635021610368
 0.8126428773046536 0.6684680266804749
 0.8254793546148493 0.6673561567938164
 0.8384638150297409 0.6662058262251694
 0.8515962585493285 0.6650087050608522
 0.8648851413510232 0.6637667957566713
 0.8783220072574139 0.6624776858878043
 0.8919195405346172 0.6611345713672165
 0.9056692850052221 0.6597354910590444
 0.9195839249353454 0.6582872950380355
 0.9336550041475757 0.6568107483538761
 0.9478867507306188 0.6553317853332428
 0.9622876208618858 0.6538621745196473
 0.9768533864526712 0.6524036119205258
 0.9915840475029748 0.6509590847620029
 1.006488060190208 0.6495312509925932
 1.021561196425665 0.6481122118922504
 1.0368119123867571 0.6466862550612705
 1.0522359799847791 0.6452464643671527
 1.0678376273084357 0.6437988594813759
 1.0836168543577278 0.642356073178473
 1.0995821173100661 0.6409349526230396
 1.1157249599880394 0.6395455502585948
 1.1320580666577648 0.6381903389613794
 1.148581437319242 0.6368712441154019
 1.1652908438837656 0.635593869898348
 1.182190514440041 0.634360707340665
 1.1992889051654795 0.6331644005619512
 1.2165817879713758 0.6319905741457125
 1.234073390946435 0.6308238946906075
 1.2517637140906572 0.6296669075992127
 1.2696612135814537 0.6285383619057558
 1.2877616613301192 0.6274429267874175
 1.3060692854253588 0.6263595029987765
 1.3245840858671726 0.6252634881858752
 1.3433145188329722 0.624142024404382
 1.362260584322757 0.6229877174648105
 1.3814180542478218 0.6217989008889064
 1.4007996128742834 0.6205893327334233
 1.4204010321134361 0.6193894473159993
 1.4402265400539853 0.6182213343913844
 1.4602803647846371 0.617089854843426
 1.480562506305391 0.6159997625943056
 1.5010729646162472 0.6149675106457767
 1.521820195894617 0.6140160042724419
 1.5428084282292056 0.6131433865030721
 1.5640292054426023 0.6123131150351924
 1.5854952118009237 0.6114856134327469
 1.6072064473041698 0.6106294206929814
 1.6291629119523405 0.6097181797771585
 1.6513688338341414 0.6087300130284344
 1.6738284410382784 0.6076519244985433
 1.6965459616534568 0.6064791008933883
 1.7195171675909712 0.6052052090240347
 1.7427505150282325 0.6038563922258319
 1.7662502320539463 0.6024886615869112
 1.7900163186681132 0.601118744580124
 1.8140487748707325 0.5997033802890763
 1.8383602849279216 0.5981945466340072
 1.8629423926622685 0.59658981637477
 1.887803554251185 0.5949202938792666
 1.9129437696946713 0.593197879181609
 1.938371495170138 0.5914170965960226
 1.9640867306775857 0.5895726425465172
 1.9900937043057194 0.5876652256310566
 2.016396644143245 0.5857063557601951
 2.042991322101457 0.5837142851982272
 2.0698904224464715 0.5816957336981322
 2.0970897170895836 0.5796522370890785
 2.124597662208205 0.5776075062376037
 2.1524142578023344 0.5755860711985771
 2.1805437319606784 0.5735809665536213
 2.2089903127719425 0.5715744254551628
 2.2377582283248313 0.5695652822744977
 2.266847478619346 0.5675378553339061
 2.2962665198328973 0.5654874489605655
 2.326015351965485 0.5634291131047464
 2.35609397501711 0.5613617041394315
 2.3865150732538884 0.5592759318819464
 2.4172744185871142 0.5571539820932526
 2.448380467194199 0.5549277428817536
 2.479833219075143 0.5525211851877837
 2.5116369023186515 0.5499584674187032
 2.5437957450134307 0.5472669282221543
 2.576313975248185 0.5444473734006159
 2.6091958211116215 0.5415214972987177
 2.6424455106924447 0.5385189727249522
 2.6760672720793605 0.5355389391178147
 2.710061105272369 0.5326118167795602
 2.744431238360175 0.5297196173918032
 2.7791861275201914 0.5268937087269756
 2.8143300008411227 0.5241386620717072
 2.8498586302342632 0.5214830482752965
 2.88578469996573 0.5189012766795653
 2.9221124381242287 0.5162840483108105
 2.9588376166210532 0.513621057077495
 2.995972919722321 0.5109318565790791
 3.033518347428032 0.5082107365790562
 3.0714781278268916 0.5054855631248788
 3.1098564890076052 0.5028385842663584
 3.148657659058878 0.500291982948748
 3.187890094158123 0.4977927303261247
 3.2275537943053382 0.4952200490268153
 3.2676529875892303 0.49245937540447615
 3.30819613018721 0.4894776299760556
 3.3491832220992776 0.4862189129902397
 3.390618491414139 0.48272345044023157
 3.4325103943092045 0.47920065812867
 3.4748631588731804 0.47570281341302766
 3.517676785106066 0.4721900742069828
 3.560959729185274 0.46870850750073073
 3.6047162191995076 0.4653048306039468
 3.6489504832374746 0.4619489420058259
 3.693670977476586 0.4585814109879273
 3.738873473828135 0.4552266024981457
 3.7845706565582384 0.45188737595262407
 3.830766753755603 0.44858370565035293
 3.877461765420228 0.4452148503648605
 3.92466837581823 0.4415051946348723
 3.9723823568609044 0.4374230383721914
 4.020616392814367 0.4330009804054508
 4.069374711767324 0.4281879784609918
 4.118657313719775 0.4231086016738548
 4.168472654849132 0.4180237871820676
 4.218824963244099 0.41319118012849
 4.269735379348205 0.40859899829082346
 4.321148938008277 0.4039776053001758
 4.373154429087133 0.3991712262044701
 4.425709571697718 0.39417677172996995
 4.478856646727086 0.3890378872853212
 4.532511092401125 0.38367224929911586
 4.586799751381004 0.37804514451403153
 4.641638061892611 0.37221570632679146
 4.697068304823001 0.3662666721389081
 4.753090480172176 0.3601695840043206
 4.809704587940134 0.35373516812051225
 4.866910628126876 0.34703061645468435
 4.924750881619457 0.3400763570406107
 4.983225348417879 0.3329062908373835
 5.042249466748028 0.3256604158205248
 5.101950079271072 0.3182781234430161
 5.162284905099956 0.3107049948048803
 5.22325394423468 0.30309505288512483
 5.284814915788188 0.29551859605773905
 5.3470946624216475 0.28788998482021
 5.409966341473892 0.280125308985208
 5.473556795606085 0.27224812924009406
 5.537781463044121 0.2644913993712784
 5.60268262467505 0.2570269809535219
 5.668260280498877 0.24960532574024651
 5.734514430515598 0.24198867609865287
 5.801487355612272 0.23443216027569321
 5.869136774901841 0.22699534930734963
 5.9375049692713615 0.21941114158809527
 6.006591938720834 0.21165691553937551
 6.076355402363203 0.2038628296589616
 6.1468799219725784 0.19611027071860454
 6.218080935774849 0.1884041824637063
 6.290085286431185 0.18058763780604428
 6.362766131280416 0.1727118544543021
 6.436250312983709 0.16500291049751436
 6.5104532697669554 0.15759425878338612
 6.585417282517209 0.150500791937912
 6.661184632121526 0.14389338394627701
 6.737670756805795 0.13782794030957418
 6.814960218344128 0.1317551054536577
 6.893053016736524 0.12552963118627735
 6.971906871095928 0.11965342142601428
 7.051606343196452 0.11444500350527628
 7.132066871263983 0.109905494268622
 7.213373017072634 0.10592913874404454
 7.295482499735348 0.10235940071171687
 7.378395319252125 0.09907965183877028
 7.46219603739708 0.0959703198094608
 7.546800092396097 0.09314364353021705
 7.632249765136234 0.09074958930790641
 7.71854505561749 0.08869007703364552
 7.8057282447269225 0.08676609143080606
 7.893757051577474 0.08500357310178272
 7.982673757056201 0.08349056052198961
 8.072478361163105 0.08225690948730767
 8.163170863898182 0.081256786002904
 8.254751265261437 0.08035959720527337
 8.347219565252866 0.07947162635849286
 8.440575763872472 0.07863052024884566
 8.534904422894366 0.07785725589182184
 8.630120980544433 0.0771577868425335
 8.726267717709732 0.07658773630863228
 8.823344634390265 0.07611086523829828
 8.921351730586027 0.07572636467720685
 9.020331287184078 0.07547412237097136
 9.120283304184417 0.0753274349562574
 9.221165500699987 0.07525735253846504
 9.323020157617844 0.07524648665990262
 9.425889555825044 0.07521818627332576
 9.529689133547476 0.07515744234192695
 9.63454573344631 0.07511306603545936
 9.740332512860371 0.07510935720078336
 9.847176314450836 0.07515577413089457
 9.954992576443585 0.07526670964494542
 10.06382357972568 0.07546771401663814
 10.173711605184174 0.07576524022087885
 10.28461437193201 0.07614966947516785
 10.396574160856249 0.07661072022805925
 10.50954869106983 0.07712995946209926
 10.623622524346864 0.07767397278960106
 10.738711098913244 0.07819817684141746
 10.854898976543078 0.07866703976117762
 10.972143876349314 0.07902307637576918
 11.090445798331945 0.0791879156495848
 11.209847023378035 0.07916281948601075
 11.330389832374637 0.07905483372255667
 11.451989663547637 0.07890429408986573
 11.574688797784091 0.07867158222045345
 11.698487235084004 0.07841923743687279
 11.823427256334426 0.07825264891337966
 11.94950886153536 0.07817903571491887
 12.076689769799751 0.07811196593749015
 12.205054542901706 0.07801488948853615
 12.33451861906712 0.07787292003937912
 12.465166560070102 0.07770702581044087
 12.596956085023592 0.07763955912745885
 12.729887193927595 0.07772380302845122
 12.864044448556223 0.07785886810134243
 12.99934328713536 0.07797521684678857
 13.135825990552066 0.07812023466525998
 13.273492558806339 0.07841122526309895
 13.41234299189818 0.07888681155390978
 13.552419570714644 0.07937168159146889
 13.693680014368674 0.0796216326375629
 13.836166603747328 0.07958395047252419
 13.979879338850608 0.07936554551126002
 14.124775938791453 0.0790445120971731
 14.270940965343978 0.07862787168964563
 14.418332137621126 0.07806439472923174
 14.566949455622899 0.07734876157483948
 14.716835200236352 0.0766387390094076
 14.867947090574424 0.07613195587443454
 15.020285126637123 0.0758523886862707
 15.173933870198557 0.07577961903524644
 15.328851040371669 0.07585243839416958
 15.484994356269405 0.07598074416059113
 15.642448379665877 0.07592082973858923
 15.80117082967403 0.07559007478535786
 15.96116170629386 0.07517816939386295
 16.122463290412426 0.0747893236763507
 16.285033301142672 0.07440454711664356
 16.448914019371652 0.07370391055498246
 16.614063164212314 0.07267847105751603
 16.780565297438766 0.07176462910690684
 16.9483358572769 0.07115889493232912
 17.11745940550082 0.07074334271879211
 17.287893661223478 0.07030549016765948
 17.459596343557812 0.06995960494830075
 17.632652014277944 0.06964166826390403
 17.807060673383862 0.06921836486010734
 17.98278003998852 0.06883876778877412
 18.15981011409191 0.06848019142799787
 18.338193176581093 0.06810146428647607
 18.517929227456065 0.0674534475125624
 18.698975985829775 0.06662930499168353
 18.881375732589276 0.06594817466492311
 19.065128467734567 0.06527311062377597
 19.250191910378593 0.06446460799660128
 19.436650622295466 0.06348074717963184
 19.62442004171108 0.06233083266972335
 19.813584730399536 0.06111539504679829
 20.00406012658673 0.05987525061764743
 20.195888511159711 0.058522710605159886
 20.389112165005546 0.0572259628595283
 20.583646526350111 0.056100481324330084
 20.779576156967525 0.05500889537955137
 20.976858775970733 0.053743638397695914
 21.175494383359726 0.05229957996148695
 21.375482979134517 0.0505268746676951
 21.576824563295097 0.04830762490737331
 21.77951913584147 0.04600699262420242
 21.983608977660686 0.04375491024406932
 22.189009526978644 0.04143596569307932
 22.395805345569442 0.03910128830781509
 22.60391187165898 0.03681335107796472
 22.813413667021364 0.034696905007692555
 23.024226169882481 0.032725030601692274
 23.236433942016446 0.0305908096567869
 23.44995242164915 0.028177726265091445
 23.664866170554702 0.025753852810124072
 23.881090626958986 0.023477944014749417
 24.09866807174906 0.02129352627921033
 24.317556224037872 0.019251741831397738
 24.537839645599532 0.017376070747867945
 24.759391493772874 0.01562547911614369
 24.98233861121906 0.013970201975265975
 25.206554155276922 0.012557861894611286
 25.432122687720582 0.011372331998477272
 25.659044208550032 0.010256308814514517
 25.88723415599116 9.154154796225224E-3
 26.11673481093102 8.042835418304665E-3
 26.34754617336962 7.065523782977853E-3
 26.57966824330695 6.463077205466693E-3
 26.81310102074302 5.981290522807187E-3
 27.047802224790768 5.464052808540981E-3
 27.283814136337252 4.8839855387905264E-3
 27.52105219360836 4.227097827065355E-3
 27.759600958378204 3.5731653196229276E-3
 27.999418149759726 3.0350811339392973E-3
 28.240503767752926 2.594740472927707E-3
 28.48281553147075 2.2047322233993043E-3
 28.726395721800255 1.8704048443861107E-3
 28.971202057854384 1.5984142291129864E-3
 29.217234539633132 1.3784815859376041E-3
 29.46449316713651 1.1976573643253116E-3
 29.71297794036451 1.0463836938332574E-3
 29.96268885931713 9.181361196246178E-4
 30.21358364310732 8.083262710130141E-4
 30.46562001084802 7.135873473356134E-4
 30.718882524313347 6.313605039336397E-4
 30.973328902616234 5.596477400455216E-4
 31.22891686486964 4.968558114649608E-4
 31.48564641107355 4.4169279481635876E-4
 31.74351754122798 3.930967126362275E-4
 32.00257253621997 3.5018461410464974E-4
 32.26268455338836 3.1221530094231416E-4
 32.52393815450727 2.785614486705102E-4
 32.78629105868963 2.486883236431113E-4
 33.04970098504839 2.2213724131020854E-4
 33.314210214470605 1.9851267728561512E-4
 33.57977646606922 1.7747192084512837E-4
 33.84644202073129 1.587168048998585E-4
 34.114080035795645 1.419869622100442E-4
 34.382775073036405 1.2705431273388266E-4
 34.652484851566505 1.1371849474496257E-4
 34.923209371385944 1.0180306329542179E-4
 35.19490635160768 9.11522963058982E-5
 35.4675757922317 8.16285046728352E-5
 35.741217693258 7.310973191313754E-5
 36.01578977379954 6.548780610172199E-5
 36.291292033856315 5.866665322377921E-5
 36.567724473428313 5.256084825044464E-5
 36.84508709251555 4.7094358978292275E-5
 37.123295329343903 4.2199455871454104E-5
 37.40243374568748 3.7815754846618245E-5
 37.68237549888513 3.3889387921111215E-5
 37.963205150710955 3.0372270117132444E-5
 38.24483813939084 2.7221456598810246E-5
 38.527274464924794 2.4398575927784493E-5
 38.81051412731281 2.186932663766061E-5
 39.094514845667823 1.9603038713387898E-5
 39.37931890087692 1.7572278216551936E-5
 39.66484173116596 1.5752500003944793E-5
 39.951125617422 1.4121738032438104E-5
 40.23808599787094 1.266033129217703E-5
 40.52576515339983 1.1350677770846205E-5
 40.81412080312162 1.0177017430006851E-5
 41.10311066614925 9.125237544922046E-6
 41.39277702336977 8.182699519620897E-6
 41.68303531300907 7.338083099047817E-6
 41.97392781595422 6.581249757094662E-6
 42.26541225131815 5.903118239144975E-6
 42.55740405732676 5.295554529801933E-6
 42.849987795754145 4.751273388818856E-6
 43.14299434305208 4.263749940771873E-6
 43.43684650809115 3.827140928483748E-6
 43.73112148200078 3.4362144881201417E-6
 44.0253964559104 3.086286537233651E-6
 44.320517047561153 2.7731647710209943E-6
 44.61606044808245 2.493098108326817E-6
 44.91202665747432 2.2427317767464463E-6
 45.20841567573674 2.0190667150757805E-6
 45.50480469399916 1.8194238425823681E-6
 45.802039330002713 1.641412005459813E-6
 46.09927396600625 1.4828994634870198E-6
 46.397354219750916 1.3419888467343688E-6
 46.69501166462502 1.216994841131621E-6
 46.99351472724024 1.1064252618672733E-6
 47.292017789855464 1.0089645288361975E-6
 47.59094366134126 9.23460522822955E-7
 47.889869532827034 8.489141099618019E-7
 48.18879540431281 7.844725656854165E-7
 48.488144084669166 7.2942661872172E-7
 48.78791557389606 6.832124565449482E-7
 49.087687063122963 6.454197759109897E-7
 49.38703574347931 6.15808648406102E-7
 49.687230041576775 5.94343308374212E-7
 49.98700153080368 5.812594737993568E-7
 50.28719582890113 5.769941319322493E-7
