 0.09052280503797008 1.962764812294547
 0.10761179370897982 2.033607064619643
 0.12490161774975014 2.096829776718573
 0.14239470173214943 2.152927965473963
 0.16009347022804604 2.2018673540301203
 0.17800054985696397 2.243448085737246
 0.19611775904780448 2.2774635818169937
 0.21444732032478022 2.303771580444466
 0.23299327464100508 2.322328734354711
 0.2517574404253803 2.3332097619742162
 0.2707418381544629 2.3366218173135262
 0.2899484883048097 2.3329165754399436
 0.3093834523060916 2.32260213760696
 0.32904470968175175 2.3063548619243592
 0.3489363013849039 2.285029121963818
 0.369062268368662 2.2596649754727007
 0.38942463110958303 2.231489870190068
 0.4100274305607809 2.201913903441485
 0.43087066672225554 2.172517304039638
 0.45195838054712084 2.1450289938009907
 0.47329461298849073 2.1212999872185327
 0.4948813845229222 2.103275794786618
 0.5167207156269722 2.0929775841303657
 0.5388166472537546 2.092504515502733
 0.5611732203563831 2.1040737389261257
 0.583790434934858 2.1301187913122614
 0.60667435241885 2.1734717184435186
 0.6298249728083591 2.2376679029612867
 0.6532503780096133 2.327434866443711
 0.6769485475460553 2.4494846881700924
 0.7009235223707991 2.613843267913118
 0.7251813639135157 2.8362123521448756
 0.749724092650762 3.142490906117736
 0.7745537290590948 3.578238501566515
 0.7996763345681851 4.23087548717509
 0.825091909178033 5.290454933260253
 0.8508044938417519 7.258792443749284
 0.8768201499890134 12.017354245541622
 0.9567097930507336 -11.853310355534036
 0.983966021803961 -7.686514484960066
 1.011541485853186 -6.973274758891539
 1.0394402261515225 -6.281439542286128
 1.125112473119228 3.5311978885134194
 1.1543406869920362 1.3327653308950391
 1.1839123818795258 0.6492666614703563
 1.2138295782582535 0.35293510114938686
 1.2440963170813332 0.203734134639042
 1.274716639301879 0.12203742695988022
 1.3056966063495611 0.07489938811468569
 1.3370402591774941 0.04674146608784816
 1.3687496182622345 0.029515378614134685
 1.4008287245568964 0.018798413404033924
