 6.325609095029556E-4 2.162644041156864
 1.9051194419295112E-3 2.159793394889104
 3.192650302148037E-3 2.158943462269427
 4.495335340293658E-3 2.1601583665519346
 5.813318122262528E-3 2.1634285301725464
 7.14682197278199E-3 2.1686984942421125
 8.496006409514437E-3 2.1758724426512117
 9.861046901888496E-3 2.184820520744082
 0.011242134871099041 2.195386145480042
 0.012639461738340935 2.207394524645675
 0.014053234876575288 2.2206610779058504
 0.01548359785169825 2.2349979650176994
 0.016930726133138451 2.250218363541566
 0.018394938756220675 2.266138305293718
 0.019876379286841067 2.2825779543248412
 0.021375207242662026 2.2993624432533952
 0.022891582141345935 2.3163239691692987
 0.024425982535879967 2.3333048264937605
 0.025978248908601737 2.350159829954316
 0.02754870029483602 2.3667568542630723
 0.029137655729907598 2.3829771922993763
 0.030745274731478863 2.3987161159063776
 0.032371876334874594 2.4138851731042243
 0.034017460540094794 2.428412722712197
 0.03568234638246424 2.442242894044067
 0.03736685289730772 2.4553334344276067
 0.03907113960228761 2.4676542296780072
 0.040795366015066315 2.479185921188425
 0.04253985117096862 2.4899171823651475
 0.04430491410531928 2.4998399733653546
 0.04609055481811833 2.5089466068635264
 0.04789725186235291 2.5172303403192213
 0.04972500523802304 2.524687162109117
 0.051574453015778273 2.5313176367952943
 0.05344543567795622 2.5371279128584
 0.055338272259881665 2.542130864338023
 0.05725344131454178 2.546345479316511
 0.05919110235959894 2.5497953806090576
 0.061151414912715564 2.5525068078407993
 0.0631348575268788 2.55450785696353
 0.06514143020208867 2.555827935348763
 0.06717145197366992 2.5564969354352253
 0.06922540139460975 2.5565445330561793
 0.07130343798257054 2.555999401231374
 0.07340572125521468 2.5548857534791507
 0.07553272976552936 2.553221056491209
 0.07768462303117694 2.551018640126087
 0.07986172008748221 2.548291205481602
 0.08206433996976997 2.545052741442246
 0.08429280171336499 2.5413194254127917
 0.08654726483592966 2.5371111551919454
 0.08882820789045114 2.5324514902951342
 0.09113579039459183 2.52736557086061
 0.0934704909013389 2.5218774768274707
 0.09583246892835476 2.516009923943285
 0.09822204351096415 2.509784242558337
 0.1006395336844919 2.503220016367303
 0.10308541800192512 2.496335801163898
 0.10556001549858866 2.489150650408395
 0.10806348569214486 2.481683428597637
 0.11059614761791853 2.4739507566388754
 0.11315847982889682 2.465965170370045
 0.11575080136040453 2.4577346009298244
 0.1183734312477664 2.4492626071169434
 0.12102668852630727 2.440556500707756
 0.12371105174901428 2.4316349984773846
 0.12642668043354982 2.4225266285076276
 0.1291740531329011 2.413261820180219
 0.1319536484000552 2.4038684748213143
 0.13476562575267461 2.3943719772780536
 0.13761046374374641 2.3847925680489425
 0.1404884814085955 2.3751436172646216
 0.14340015730020894 2.3654345447622944
 0.14634581045391154 2.3556709196713683
 0.14932591942269052 2.345852462598475
 0.15234064372420821 2.335977944194606
 0.1553906214291142 2.3260525031398895
 0.15847633109039563 2.316086471800704
 0.16159777270805256 2.306090267779929
 0.16475622242338408 2.296069106818349
 0.16795136120106543 2.2860215612983614
 0.17118318904109655 2.27594553334595
 0.1744533011201014 2.2658411975837675
 0.17776010226145608 2.255701302792049
 0.18110678281840836 2.2455068997880003
 0.18449174761433437 2.2352414077401383
 0.18791659182585801 2.2249027601117332
 0.19138131545297923 2.21450080860065
 0.19488751367232201 2.204056417642775
 0.1984335913072624 2.193600011432345
 0.2020195483578004 2.1831621643785972
 0.20564857517718382 2.1727674833068957
 0.2093206717654127 2.1624363004781983
 0.21303424294586306 2.1521833490900803
 0.2167908838951589 2.1420179657890705
 0.22059218978992406 2.131943269721682
 0.22443656545353463 2.121952656502537
 0.22832720123923846 2.1120334858954943
 0.23226250197041162 2.102173518466566
 0.23624246764705411 2.0923695372566455
 0.24026869344578985 2.082631987175262
 0.24434277454324274 2.072977767680542
 0.24846311576278884 2.063421446608516
 0.25263290745767597 2.0539684181599624
 0.25685055445128035 2.0446112032026646
 0.2611160567436018 2.0353372829850764
 0.2654310095112643 2.026135086918467
 0.26979700793089173 2.0169892942408176
 0.27421405200248416 2.007879344658161
 0.27868054654941765 1.9987874960563671
 0.28320127710156384 1.9897000494280834
 0.2877714581290511 1.9806044288527808
 0.29239747033837504 1.9714944658782176
 0.2970745281996639 1.9623730024979462
 0.3018074172427895 1.9532450780811898
 0.3065945422911278 1.9441093627233205
 0.31143749852130286 1.9349580069436997
 0.3163362859333145 1.9257981830999642
 0.3212909045271628 1.916668124869383
 0.32630454465609565 1.9076123414021854
 0.3313740159668651 1.8986422095123913
 0.33650410398934293 1.8897412162228455
 0.3416916183702814 1.880878274001294
 0.3469413446395521 1.8720020676678925
 0.3522500924439073 1.86305147840445
 0.3576194569599709 1.8539633537857307
 0.3630526285409907 1.844674011343351
 0.36854801201034276 1.8351270414224021
 0.37410560736802705 1.8252824298624592
 0.37972860496729154 1.8151131220291034
 0.38541540963151216 1.80459163569248
 0.39116921171393675 1.793699630069551
 0.39698841603794154 1.7824475266931096
 0.40287461778015026 1.7708885423914835
 0.408827816940563 1.7591030077831797
 0.4148512038724276 1.7471791820921187
 0.4209415882224961 1.7351939390408845
 0.4271037555206404 1.7231916365404778
 0.43333770576686037 1.7111730171792063
 0.4396418437845322 1.6990916956634565
 0.4460177647502797 1.6868760527872224
 0.4524686590173507 1.6744626745267903
 0.4589929314091214 1.661799175478407
 0.4655921771022156 1.648854706336112
 0.4722663960966333 1.6356437881735084
 0.4790187787456223 1.6222020654393116
 0.4858477298725588 1.6085507694637171
 0.4927548446540666 1.5946932519184098
 0.4997401230901458 1.5806314428755778
 0.5068067555340441 1.566379696283585
 0.5139547419857615 1.5519433732811023
 0.5211824872686741 1.5372892089615388
 0.5284947769126539 1.5223713606136071
 0.5358900157410765 1.5071551093683588
 0.5433697989305661 1.4916205115760168
 0.5509357216577467 1.475771847867228
 0.5585877839226181 1.4596434409767371
 0.5663259857251803 1.4432936740381283
 0.5741535174186811 1.4267809432519522
 0.5820719741797447 1.4101211342235493
 0.5900781656551228 1.3932862954595661
 0.5981768773746875 1.376237224216094
 0.6063681093384388 1.3589519483689478
 0.6146518615463764 1.3414364582435247
 0.6230297291751243 1.3237036159991113
 0.6315033074013068 1.3057370837156117
 0.6400741914015472 1.287454681073256
 0.6487407859992221 1.2686848531177861
 0.6575062815475791 1.2492163035696361
 0.6663722732232419 1.2288959371200154
 0.6753387610262108 1.2077444011730307
 0.6844057449564858 1.1859726558668408
 0.6935780105439384 1.1638364978124906
 0.702852367435321 1.1415211412202614
 0.7122320059838811 1.1191407248971396
 0.7217169261896191 1.0967876938247331
 0.7313103184057828 1.074565571207477
 0.7410121826323718 1.0525601052726001
 0.7508241140460102 1.030802574433929
 0.760747707823322 1.009268091569526
 0.7707813687876833 0.9878477291556157
 0.7809298824689657 0.9663630517928743
 0.7911916536905452 0.9446528802760789
 0.8015698728056699 0.9226218950403313
 0.8120645398143397 0.9002588270354732
 0.8226772498931784 0.8776985982792498
 0.83340959821881 0.8551716350319774
 0.8442631799678583 0.8328212022206426
 0.8552379951403233 0.8106625728509199
 0.866337234089453 0.7886520168607813
 0.8775608968152471 0.7667106982578011
 0.888908983317706 0.7447089389818843
 0.9003862791267011 0.7224646645497156
 0.9119911890656085 0.6998502593412695
 0.9237269034876762 0.67694555175944
 0.935593422392904 0.6540475355690084
 0.947592340957916 0.6314931799835829
 0.959725254359336 0.6094861989683117
 0.9719937577737879 0.5881066360455913
 0.9843994463778956 0.5673355314544923
 0.996943915348283 0.547056160030319
 1.009628759861574 0.5271103421809119
 1.0224539799177687 0.5073746467833876
 1.0354211706934906 0.48779845541076183
 1.0485335225419882 0.46838567004476344
 1.061792630639885 0.44920832044213754
 1.0751968998105572 0.43035766236297906
 1.0887511155838762 0.4118781317745393
 1.1024568731364665 0.3938212926363927
 1.1163125772917035 0.3763337134948568
 1.1303230135794595 0.35967355236270653
 1.1444881819997341 0.3440570202630781
 1.1588096777291516 0.3294759805603589
 1.1732890959443353 0.31579616225727286
 1.1879280318219098 0.30296342631054024
 1.2027296757151226 0.29098159604743384
 1.2176940276239736 0.2798690878028101
 1.2328226827250867 0.26963808844143483
 1.24811883137171 0.2602553388581028
 1.263582473563843 0.25164409592690623
 1.2792152044781104 0.24370744678820804
 1.2950202144677591 0.23631613415166544
 1.3109990987094135 0.22935110653711002
 1.3271518572030736 0.22278459898339134
 1.3434816803019871 0.21665923078409346
 1.359990163182778 0.21101529299014304
 1.37667890102207 0.20585629111688133
 1.3935510841731113 0.20115517750759945
 1.4106051174592775 0.19686649687168705
 1.4278457864104405 0.19294066516413196
 1.4452746862032246 0.18933326750870044
 1.4628918168376292 0.1859893301081261
 1.4807019638435263 0.18285450585896817
 1.4987035320442922 0.1798970956929016
 1.516901306969798 0.17710661719994186
 1.5352968837966685 0.17448854670252378
 1.553890262524903 0.17204490561751736
 1.5726846335077493 0.1697645051984014
 1.5916815919218316 0.16763804069379675
 1.6108891136502696 0.1656566860105392
 1.6302864613969518 0.1637994516021525
 1.649907133870981 0.16204489275667155
 1.669735179306118 0.16040638733048512
 1.6897865494686012 0.1589459951960861
 1.7100293408259532 0.15774659412043007
 1.730511408676891 0.1568543822838436
 1.7512008494889363 0.15624481902730924
 1.7721136150283283 0.15583911243325823
 1.793249705295067 0.1555448530512581
 1.8146091202891523 0.15529765669565068
 1.8361918600105844 0.15507051578335853
 1.8580138762256022 0.15484559805332911
 1.8800751689342056 0.15458628949256014
 1.9023438346039167 0.15425243554331558
 1.9248677285334525 0.1538250690624097
 1.9476308989565742 0.15330948052413734
 1.9706333458732814 0.15274667086185023
 1.9938591175173356 0.15218691997890992
 2.0173560691874534 0.1516446329839717
 2.041076345584918 0.15113739011055246
 2.065067802008446 0.15069416464439266
 2.08929853492556 0.15028979976919784
 2.113784496102499 0.14987764358766625
 2.1385256855392622 0.14947011696847714
 2.163522103235851 0.1490950812996661
 2.188789700958503 0.14871912804516695
 2.21431252694098 0.14831305702029001
 2.2401065329495204 0.14794863620340442
 2.266171718984125 0.14771633420176913
 2.2924921332785546 0.14764621202540284
 2.3190996793652867 0.1476656374084749
 2.3459624537118437 0.14766977889020682
 2.373128311616943 0.14764391400162452
 2.4005493977818663 0.14762637975368092
 2.4282735675053315 0.147660772437395
 2.456268917254861 0.1476751186772475
 2.484551398796693 0.14754133889967774
 2.5131369638970673 0.1473127593860401
 2.5419937090235054 0.14714825120857333
 2.571153537708485 0.1470907163799454
 2.6006164499520072 0.14705205297610338
 2.630366493987832 0.14693361419492334
 2.6604355733484377 0.14671738557668023
 2.6907917845013455 0.1465199504869758
 2.7214670309790354 0.14643184991861238
 2.752445361015267 0.14635467995801867
 2.78372677461004 0.1461863858928269
 2.8153431752958333 0.14607356835517787
 2.8472626595401684 0.14621184969728218
 2.8795011791092846 0.14652653284573874
 2.9120587340031813 0.1468781342136271
 2.9449512759880986 0.1472568533416509
 2.978162853297797 0.1475057185808545
 3.0117094176985146 0.14747511003732405
 3.045590969190253 0.14732890228067888
 3.079807507773011 0.14726263476725845
 3.114359033446789 0.14738100098500944
 3.149245546211587 0.14762840849893463
 3.1844670460674056 0.1478749417747585
 3.2200554365467217 0.14786499881779571
 3.255978814117058 0.14743509847868221
 3.292253130544653 0.1468692360777945
 3.328878385829508 0.14658303891439367
 3.365854579971621 0.14680626350741271
 3.403197664737233 0.14738559098506581
 3.4409076401263423 0.14795395884838513
 3.4789685543727113 0.14834180548994205
 3.5173963592425776 0.14859330762568037
 3.5562070065021815 0.14856937271298142
 3.595368592619045 0.14837221406438105
 3.634928972891884 0.14835770230030487
 3.6748402920219822 0.1485385180509624
 3.715150405308057 0.14873243577516273
 3.755827409217629 0.1487011219879123
 3.796887255516939 0.14841859842907936
 3.838345895972225 0.14813657520947598
 3.880187378817248 0.14809268353096163
 3.9224276558182475 0.14848271383843106
 3.965050775208984 0.14902823593748332
 4.008088640521936 0.14933616406753516
 4.0515093482246244 0.14940707712843032
 4.095344801849528 0.1492583277596771
 4.139579049630409 0.14914524305438636
 4.184212091567265 0.1495089115130804
 4.229259879426337 0.1503198978769846
 4.274738364973864 0.15112571467208582
 4.320615644677366 0.15145797023288304
 4.366907670303083 0.15107207921448814
 4.413614441851016 0.15009155207230026
 4.460751911087403 0.1490833302089948
 4.508320078012244 0.1487705216916547
 4.556302990859301 0.1493242005230441
 4.604732553161051 0.14984966497422433
 4.653576861385016 0.1494616814301081
 4.702867819063675 0.14884372345922608
 4.7525894744307874 0.14853142557781792
 4.802741827486354 0.14812913122565266
 4.853356781762854 0.14750772058854283
 4.904402433727808 0.14665334097729423
 4.955894735147455 0.1462164978850099
 5.007833686021796 0.14665673273690044
 5.060219286350829 0.14756579538237321
 5.113067487900795 0.1481757188949951
 5.166362338905455 0.1485099345854016
 5.220119791131046 0.1487222051234921
 5.274339844577572 0.1486995304208039
 5.329006547478789 0.14753461726988692
 5.384151803367178 0.14589501638229596
 5.4397596604765 0.1454170714374587
 5.4958301188067535 0.1456127944425557
 5.55237913012418 0.14561734668959852
 5.609390742662537 0.14526757408152296
 5.666864956421827 0.1447090451071592
 5.724833674934528 0.14366016011423615
 5.7832809464344 0.14233720623987633
 5.8421908191552045 0.14109149967280312
 5.90159519662942 0.1403847534945304
 5.961478127090807 0.1402350380051592
 6.021839610539364 0.1398159879372778
 6.082695598741332 0.13859063320567444
 6.1440301399304715 0.1365961589478491
 6.205859185873023 0.13450450000642757
 6.2681667848027444 0.13349948157245086
 6.330984840252116 0.1326462282124187
 6.394281448688659 0.13141378203002473
 6.458088513644851 0.13040901067442273
 6.522390083354454 0.12978912268391662
 6.587170206051228 0.12904333996968783
 6.652460785267651 0.1278928341180328
 6.718261821003725 0.126414106137663
 6.784557361493208 0.12470208385258691
 6.851347406736103 0.1228141276166882
 6.918647908498647 0.12125479544700989
 6.98645886678084 0.11925470356934247
 7.054764329816443 0.1166128680262862
 7.123580249371697 0.11420496349288038
 7.1929066254466 0.11249171653018761
 7.2627275062749134 0.11083456290581022
 7.333074795389115 0.10835604014257424
 7.403916589256728 0.10476721302223994
 7.475284791410228 0.10069379213275473
 7.547147498317141 0.0967563140004049
 7.619520661743701 0.09283864543760201
 7.692420233456152 0.08826135198292875
 7.765814309922011 0.08263187893813202
 7.83973479467376 0.0767128119116771
 7.914165735945159 0.07102974736927584
 7.989107133736206 0.06571251707538225
 8.064558988046903 0.06035010202141001
 8.140521298877251 0.05477467649788612
 8.216994066227247 0.04925619420455241
 8.293993241863133 0.04377249292697001
 8.371486922252428 0.038052937520126943
 8.449507010927613 0.03237735784326556
 8.528021604356207 0.02745060725067028
 8.60706260607069 0.023019379566630752
 8.686598112538583 0.018729443069014754
 8.766660027292366 0.01472634667618554
 8.847216446799559 0.011328312583807237
 8.928299274592641 9.225145496659162E-3
 9.009876607139132 7.959017323543607E-3
 9.091964396205272 7.02973091293635E-3
 9.174546690024824 6.258659490819729E-3
 9.257655392130266 5.59655922394366E-3
 9.341242647222877 5.021921158763116E-3
 9.425356310601378 4.519254389120691E-3
 9.50994852696705 4.076531266660704E-3
 9.59505119985237 3.6843722701309245E-3
 9.680664329257343 3.3353633220744864E-3
 9.766756011649486 3.0235401771064717E-3
 9.853342198795037 2.744024952824555E-3
 9.940422890694 2.4927712094036796E-3
 10.027998087346376 2.2663823305685455E-3
 10.11606778875216 2.0619786123811092E-3
 10.204616043145114 1.8770974723175113E-3
 10.29365880229148 1.7096178910427166E-3
 10.38316416265878 1.5577005188178397E-3
 10.47316402777949 1.4197415312250216E-3
 10.563642445887371 1.2943347027477064E-3
 10.654599416982423 1.1802414122564785E-3
 10.746018989298406 1.076365931262845E-3
 10.837917114601561 9.817350986755222E-4
 10.930277841125651 8.954816233880303E-4
 11.02310116887067 8.168300288903557E-4
 11.116387097836625 7.450849136795642E-4
 11.210135628023512 6.796211188968823E-4
 11.304346759431327 6.198752415041079E-4
 11.39900454029384 5.653385167635714E-4
 11.494093018844804 5.15550628959825E-4
 11.589644098616704 4.700944061938683E-4
 11.685641827843295 4.2859125152107954E-4
 11.78207025475834 3.90697055447515E-4
 11.87892937936184 3.560987735909826E-4
 11.976219201653794 3.245112921467328E-4
 12.073955673400441 2.956747200928451E-4
 12.172090939303065 2.693519788140818E-4
 12.270656902894142 2.4532666463306665E-4
 12.369637612407436 2.2340112725806842E-4
 12.469017116076705 2.0339477402239183E-4
 12.568811365668191 1.8514252481053173E-4
 12.66900440941565 1.684934405411003E-4
 12.769612199085326 1.53309460032309E-4
 12.870586879378502 1.394643051081512E-4
 12.971960353827653 1.2684244065573466E-4
 13.07371667066654 1.1533815552376125E-4
 13.175855829895164 1.0485471976715221E-4
 13.278361879747289 9.530362771850201E-5
 13.38123482022291 8.660389457339707E-5
 13.484474651322028 7.868142279704469E-5
 13.588065421278406 7.146842350452973E-5
 13.692007130092044 6.490288704540774E-5
 13.79629977776294 5.89280942940634E-5
 13.900943364291095 5.3492174307853174E-5
 14.005905986144032 4.85476982568514E-5
 14.111219546854226 4.405131049858195E-5
 14.216836191122963 3.996337939384022E-5
 14.322787822482722 3.624769095024975E-5
 14.42904253740102 3.287115981547005E-5
 14.535600335877861 2.980356541434753E-5
 14.642461217913244 2.701731178495112E-5
 14.74960923174093 2.44872053429002E-5
 14.857060329127158 2.2190252121254194E-5
 14.964782606539451 2.0105471466792115E-5
 15.072792015744044 1.8213725432081677E-5
 15.181056653208463 1.649756056105947E-5
 15.289592470698947 1.494106586944626E-5
 15.398383516449254 1.3529740814546118E-5
 15.507413838693148 1.225037358932296E-5
 15.616699389196866 1.1090930769198315E-5
 15.72620826442793 1.0040456444455975E-5
 15.835956416152582 9.088978429034428E-6
 15.94592789260458 8.227423851045327E-6
 16.056090790251445 7.447540760911385E-6
 16.16647701262566 6.741827640333306E-6
 16.27702275266226 6.103467008462878E-6
 16.387887528023643 5.5262670319480944E-6
 16.49891182104742 5.004606447320533E-6
 16.609936114071196 4.533385114600467E-6
 16.72127944241975 4.107978311668122E-6
 16.832782288430696 3.724195813245118E-6
 16.944444652104031 3.378243951040111E-6
 17.05626653343976 3.066691345968443E-6
 17.168088414775485 2.786437847925894E-6
 17.280229331435993 2.5346860288395E-6
 17.3923702480965 2.30891576754906E-6
 17.50483020008179 2.1068608131451155E-6
 17.617130634404691 1.9264879987771704E-6
 17.729750104052367 1.7659782850204287E-6
 17.842369573700047 1.6237099282186848E-6
 17.95514856101012 1.4982431620070367E-6
 18.06792754832019 1.3883070298851537E-6
 18.180706535630257 1.2927871583658105E-6
 18.29364504060272 1.2107153987853353E-6
 18.406743063237566 1.1412606151386888E-6
 18.519841085872418 1.0837207221147781E-6
 18.63277959084488 1.0375159475371185E-6
 18.746037131142124 1.0021832242323305E-6
 18.859135153776975 9.773718123507995E-7
