 2.4756914971001483E-4 0.9999642489184805
 7.456180001782157E-4 1.0000995393744334
 1.2495266601998558E-3 1.0005365958591638
 1.7593663015508882E-3 1.0013120442781384
 2.2751931124754863E-3 1.0024002490045373
 2.7970944969090295E-3 1.0037539252437635
 3.325132886233934E-3 1.0053269251737866
 3.8593769549708544E-3 1.007031716600733
 4.39990162077869E-3 1.0087842757045808
 4.946781801316337E-3 1.0105079635047602
 5.5000986573809345E-3 1.012157564595826
 6.059908377216656E-3 1.0136944640058103
 6.626279635344158E-3 1.0150385047054324
 7.19933729452827E-3 1.0161868644454026
 7.779137543013162E-3 1.0171766428043602
 8.365742812181255E-3 1.0180030924071201
 8.959215533414958E-3 1.018607320318826
 9.559743000861516E-3 1.019075884087258
 0.010167262783138517 1.0194492358890925
 0.010781899743010788 1.0196532029352405
 0.01140377874324316 1.0197380911840094
 0.012032962215218044 1.0197207282113227
 0.012669575021700274 1.0196358734173596
 0.013313617162689848 1.0194897145993278
 0.013965213500951593 1.0192520158076221
 0.014624488899250342 1.018953507771883
 0.015291505788968509 1.0186176330185816
 0.015966326601488504 1.0182340566082452
 0.016649076199575164 1.0177959941068472
 0.017339879445993314 1.017334856895269
 0.018038736340742954 1.016838392427151
 0.018745834177971328 1.0163081550015542
 0.019461172957678435 1.0157363111740305
 0.020185002405393937 1.0151353055750536
 0.020917260089735417 1.0145234293902625
 0.021658070873467705 1.0138662545648498
 0.022407622050738044 1.0131769909176802
 0.023165976052928846 1.0124713783185346
 0.023933195311422534 1.0117348782632715
 0.024709467120366344 1.0109753831244123
 0.025494791479760282 1.0102003383385431
 0.026289293252369172 1.0093950417983557
 0.02709315973234026 1.0085708912436366
 0.027906453351055963 1.0077456039243697
 0.02872923653989869 1.0069178939772931
 0.029561696593015687 1.0060956154812692
 0.030403895941789375 1.0052865562670474
 0.03125595944898457 1.0044869664752527
 0.03211801197736612 1.0036991031856365
 0.03299017838969884 1.0027871089285722
 0.03387252111736515 1.0021812800573455
 0.03476522745451229 1.001455397733893
 0.03566835983252268 1.000754208283884
 0.03658210554554356 1.0000780603308674
 0.03750652702495734 0.9994291800084524
 0.038441749133528865 0.998805489379499
 0.03938789673402295 0.9982080498235741
 0.04034515712058684 0.9976408781381961
 0.041313655155985375 0.9971101299916226
 0.04229345327160096 0.9966146378117966
 0.043284676330198425 0.9961467480531297
 0.044287511625925014 0.9957015422573552
 0.04530208402154556 0.995278475774641
 0.046328518379824885 0.9948774651136177
 0.04736693956352783 0.9944942740926862
 0.048417534866801635 0.9941212101294076
 0.04948036672102871 0.9937440796108676
 0.05055562242035631 0.9933442734949816
 0.05164348925893165 0.9929102196416255
 0.05274402966813718 0.9924319858359163
 0.053857430942120115 0.9919060326823973
 0.05498381794364531 0.9913373783091877
 0.05612337796686 0.9907339348162
 0.057276235874529 0.9901038772438951
 0.058442578960799573 0.9894557725139631
 0.059622469657054123 0.988798491227592
 0.06081615768882231 0.9881422979524324
 0.06202383035025138 0.9874988396020108
 0.06324548764134133 0.9868622776571184
 0.06448162901315149 0.9862264728914542
 0.06573212960291702 0.9855874273624745
 0.0669969894106379 0.9849255782316947
 0.06827683275013832 0.9842473052719795
 0.0695710353075941 0.983547948058049
 0.07088084571065355 0.9828270835300902
 0.07220563964549252 0.982083464518266
 0.07354604142593514 0.9812987424952686
 0.07490205105198143 0.9804671677435046
 0.07627429283745553 0.9795912080236081
 0.0776621424685333 0.9786757047433565
 0.07906559994521471 0.9777061524543496
 0.0804859138951481 0.9766921847391573
 0.08192308431833345 0.9756546257107296
 0.0833764869009466 0.9745783078194401
 0.08484674595681171 0.9734386979313234
 0.08633448579975292 0.9722370379161546
 0.08783908211594608 0.9709655071521728
 0.0893617835330395 0.9696327949301562
 0.09090196573720902 0.9682622809339392
 0.09245962872845465 0.9668744031347647
 0.09403539682060051 0.9654613398547046
 0.0956298943274708 0.9641018247250974
 0.09724249693524131 0.9628054664318523
 0.09887445327156036 0.96158354862281
 0.10052513902260382 0.9604385870720824
 0.10219455418837169 0.95933813744545
 0.10388332308268809 0.9582510010435739
 0.10559207001937716 0.9571576458808383
 0.10732079499843894 0.9560494046548612
 0.10906887370604927 0.9549070043294002
 0.11083817908368057 0.9537346366585847
 0.11262683818986041 0.9525301068539257
 0.11443734827988537 0.9512986526741654
 0.11626783641228304 0.9500432262580222
 0.11812017552852583 0.9487550116117782
 0.11999374131478961 0.9474453021761083
 0.12188915808489852 0.9461202696783315
 0.12380642583885254 0.944794418571677
 0.1257455445766517 0.9434754381238046
 0.1277077629259443 0.94218421780845
 0.129691832259082 0.9409194223679387
 0.13169962551753727 0.9396686796054071
 0.13372989407366184 0.938418915586066
 0.1357845108689281 0.9371580632500307
 0.1378622272756878 0.9358853205199423
 0.13996366760776504 0.9346003404935351
 0.1420900804928082 0.9333416577598493
 0.14424084161699302 0.9321600093800666
 0.14641595098031956 0.9310669761439386
 0.14861665721043615 0.9300521660647512
 0.15084233599351856 0.9290937455242407
 0.15309423595721513 0.9281734921201574
 0.15537173278770172 0.9272803410881641
 0.15767545079880246 0.9264123796714998
 0.16000538999051736 0.925572808271936
 0.16236279899049471 0.9247395588113904
 0.1647464291710862 0.9238485185683923
 0.16715815347376428 0.9228394689719286
 0.169597971898529 0.9217069339378993
 0.17206526013155612 0.920453337480572
 0.17456064248666985 0.9190746254526072
 0.17708536759151846 0.9175980442719692
 0.17963881113227783 0.9160546738168432
 0.18222159742277208 0.9144492487428304
 0.18483372646300122 0.9127758012799183
 0.18747644688061351 0.9110306496925659
 0.19014913436178487 0.9092141124752935
 0.1928524132203394 0.9073345564057251
 0.19558628345627712 0.9054085782804796
 0.1983519936972463 0.9034603315668261
 0.20114954394324693 0.9015231945956013
 0.20397830988045492 0.8996420161449227
 0.2068401644503427 0.8978429493995111
 0.2097344833390861 0.8961284498703876
 0.21266189086050918 0.8944817139071399
 0.21562301132843625 0.8928844347504463
 0.21861784474286721 0.8912955733590353
 0.2216463911038021 0.8896640395263447
 0.2247098990388892 0.8879801418001281
 0.2278089928619526 0.8862622526826777
 0.23094242394534411 0.8845018577299987
 0.2341120652305361 0.8826612147371931
 0.2373179167175286 0.880732868969241
 0.2405599784063216 0.8787259791296275
 0.24383887461073922 0.8766578915161493
 0.24715522964460567 0.8745237432684468
 0.25050966782174505 0.8722950698907683
 0.2539015648283332 0.8699625386551225
 0.25733216929201846 0.8674808925159379
 0.2608021055266249 0.8647741853562667
 0.26431137353215267 0.8618105803564791
 0.26785997330860156 0.8586053577375856
 0.2714497777974442 0.8551820828334771
 0.2750795383710322 0.8516208181502065
 0.27875050365701387 0.848063095877449
 0.28246267365538924 0.8446054040546122
 0.28621729699380654 0.8412862472270295
 0.29001437367226584 0.838090137704974
 0.2938545280045912 0.8349099826872034
 0.2977383843046068 0.8316454192010193
 0.3016653182584886 0.828285324114412
 0.3056372028077089 0.8249605756613221
 0.30965341363844356 0.8218155706247174
 0.31371519937834096 0.8187969768661988
 0.3178225600274011 0.8157682810547747
 0.3219761198994481 0.8127433335093922
 0.326176503308306 0.8098037479094278
 0.33042433456779907 0.806999594413668
 0.3347196136779273 0.8042934539567377
 0.3390635892663389 0.8016590715272982
 0.343456261333034 0.7990332223102568
 0.3478976298780125 0.7962347579899621
 0.3523895678427469 0.7931927112298329
 0.356931450913413 0.7899418832495053
 0.3615245277176591 0.786556538365501
 0.3661687982554852 0.7831901012258619
 0.3708648868407155 0.7799634182459909
 0.3756134177871741 0.7769046712639086
 0.38041501540868516 0.773915760364646
 0.3852703040190728 0.7710055219721106
 0.39017990793216122 0.7680478187821576
 0.39514445146177457 0.7651971183358649
 0.4001639346079128 0.7622923650583858
 0.4052389816843999 0.7593363864098807
 0.41037084131888457 0.7562237846013451
 0.41556013782519063 0.7527812564956391
 0.42080624688949402 0.7487602492040787
 0.42611104145326716 0.7441034540589637
 0.4314751458303343 0.7391586874198004
 0.43689793570687113 0.7340070117554086
 0.44238128402435022 0.7286061366092311
 0.44792519078277154 0.7230390319961992
 0.4535302802959592 0.7172107680942011
 0.45919717687773736 0.7110194727496602
 0.46492650484193015 0.7046288366715416
 0.47071951281618595 0.6980897723836004
 0.47657620080050466 0.6912479431258817
 0.4824971931087105 0.6841324562470313
 0.48848373836845165 0.6767820711575356
 0.4945358365797282 0.6692181260682877
 0.5006541120563643 0.6617066990868393
 0.5068398134260084 0.6543584413673953
 0.5130935650024843 0.6471021081263012
 0.5194153667857921 0.6398437264379309
 0.5258064674035803 0.6325272798058568
 0.5322674911696728 0.625157255300602
 0.5387990623978939 0.6176323680579786
 0.5454024297158919 0.6100314330199933
 0.5520769688098427 0.6025456717686876
 0.5588245526212184 0.5950155199400421
 0.5656458054638436 0.5874486921181025
 0.572540727337718 0.5799497333244267
 0.5795111911843142 0.5722349646909459
 0.5865565726898079 0.5642604277306408
 0.5936787447956716 0.556274564032
 0.6008783318157296 0.5481626834261798
 0.6081553337499817 0.5396358519916
 0.6155109992260762 0.5309150506773498
 0.6229459525578375 0.5224662002217919
 0.6304633153143859 0.5142668774466286
 0.6380549714160079 0.5059888302005036
 0.6457340314530103 0.4974545256889882
 0.6534942522871519 0.4886040731015423
 0.6613418770566739 0.4799539183088215
 0.6692644194850935 0.4716434822279782
 0.6772806089871352 0.4630763881976984
 0.6853779592863158 0.453911795380227
 0.693562713520877 0.44429581510107934
 0.7018348716908187 0.43415627798367323
 0.7101944337961408 0.4235552769071098
 0.7186413998368436 0.41284432928391173
 0.7271820129511682 0.402263099281474
 0.735816273139115 0.3918098502731978
 0.7445316941242007 0.3812594411086051
 0.7533470053211498 0.3705553559348727
 0.762255963591721 0.359718739103395
 0.7712585689359142 0.3486295806611022
 0.7803485782154879 0.3373259166891198
 0.7895447208451664 0.32609787569359005
 0.7988282674102255 0.31484149592575744
 0.8082179473253894 0.3033877603633896
 0.8177012743141755 0.2920271037207162
 0.8272844915148249 0.28076812666053224
 0.8369675989273376 0.26960135786515354
 0.846750596551714 0.258240144300315
 0.8566397275261953 0.24659491390471346
 0.8666287487125399 0.23503543325844797
 0.8767239032489895 0.22375916139801282
 0.886925191135544 0.21299528915338647
 0.897226369233962 0.20281683914480516
 0.9076399238207264 0.19306067464806442
 0.9181533686193541 0.18340536240340485
 0.9287854330445698 0.1738163628623299
 0.9395173876816489 0.16430367944532972
 0.9503679619453157 0.154699822519646
 0.9613246695590876 0.1451770455855523
 0.9723937536612057 0.13591601407880304
 0.9835814573899118 0.12681539191264781
 0.9948752944687227 0.11781180086000943
 1.0062877511741215 0.10898255140609955
 1.0178188275061081 0.10050210515725884
 1.0294622803264412 0.09261475465224146
 1.0412305959116034 0.08529087735388832
 1.053111287985112 0.07824546256241299
 1.0651168428234503 0.07141654479382124
 1.0772410172883761 0.06492735096993477
 1.0894838113798896 0.05867185684065494
 1.1018577113744743 0.0526760624649741
 1.1143502309956465 0.04703841809046598
 1.1269676133816481 0.04179299931203829
 1.1397098585324791 0.037047240542630234
 1.1525832095863808 0.03279854239830075
 1.1655814234051118 0.028840617532555703
 1.1787107431269137 0.025076763459691002
 1.1919711687517862 0.02160160940301773
 1.2053627002797295 0.018591107679428335
 1.2188853377107435 0.016056120051179
 1.2325390810448284 0.01388027855634642
 1.2463239302819841 0.012082933381074619
 1.2602523716986935 0.010672011301120096
 1.2743119190184735 9.264789017782268E-3
 1.288508815379566 8.095744707988182E-3
 1.3028430607819707 7.185481237457131E-3
 1.3173146552256875 6.499930165987561E-3
 1.331929841848958 5.935656747567741E-3
 1.3466886206517825 5.3942345872809065E-3
 1.361584748495919 4.859153068539817E-3
 1.3766244685196091 4.3184238230373154E-3
 1.3918140238610943 3.772579267854199E-3
 1.407140928243892 3.273637757635458E-3
 1.4226239110827263 2.8628148573602435E-3
 1.4382442429628727 2.5341682685230243E-3
 1.4540206532990558 2.2974057464980684E-3
 1.4699406558147927 2.154741730356106E-3
 1.486010493648325 2.022661578019931E-3
 1.5022364099378933 1.8525490898721316E-3
 1.5186121615452572 1.6685135435372227E-3
 1.5351439916086575 1.5079649841814525E-3
 1.5518256569898534 1.4650832283175242E-3
 1.5686696439653271 1.480414302354845E-3
 1.585663466258596 1.49396165161798E-3
 1.6028196101461427 1.5971286790464067E-3
 1.6201318324897264 1.6892125958208508E-3
 1.6376001332893466 1.767235139841862E-3
 1.6552307556832448 1.830918893580004E-3
 1.673029942809663 1.8718092553632673E-3
 1.6909852083921177 1.8848770869001241E-3
 1.70910279556885 1.8682188704438166E-3
 1.727382704339861 1.8255438480254215E-3
 1.7458311778433912 1.7622462402269768E-3
 1.7644482160794412 1.6636204433638547E-3
 1.783227575909769 1.514905406433414E-3
 1.802181743610858 1.3204162141421422E-3
 1.8212982329062252 1.084919236388462E-3
 1.8405895300723538 8.372103136971853E-4
 1.8600493919710012 6.221896119064228E-4
 1.8796778186021685 4.458563529956122E-4
 1.8994872962423385 2.7967986804734934E-4
 1.9194653386150277 1.0682801415694645E-4
 1.9396181888584782 -8.346998187008994E-5
 1.9599458469726895 -2.936548176602628E-4
 1.980448312957662 -5.01824616318294E-4
 2.001131829951637 -6.625176947803939E-4
 2.021990154816373 -7.434030691827629E-4
 2.043029530690111 -7.893811883797872E-4
 2.0642499575728523 -8.594839980811404E-4
 2.0856451923263543 -9.692454646658818E-4
 2.1072277212271006 -1.109960288183956E-3
 2.128991301136849 -8.99883660976621E-4
 2.1509359320556 -6.834258730912797E-4
 2.1730678571215946 -1.5115729858757951E-3
 2.1953808331965922 -1.5985620204311337E-3
 2.217874860280592 -1.6708512337540691E-3
 2.2405624246500774 -1.7685804634343213E-3
 2.2634372831668065 -1.8569065665935483E-3
 2.2864931926925384 -1.8448928489449797E-3
 2.3097426395037556 -1.8303474428163302E-3
 2.333179380462217 -1.786455527398557E-3
 2.356803415567922 -1.6887569977979755E-3
 2.3806209879591126 -1.5543328977628946E-3
 2.404625854497547 -1.4625043393006521E-3
 2.4288242583214674 -1.4307350037159553E-3
 2.453209956292631 -1.4440131666932584E-3
 2.477795434687522 -1.4420702814438436E-3
 2.502568207229657 -1.3476355188904204E-3
 2.5275407601955186 -1.2511328839221482E-3
 2.552706850446866 -8.682886283651695E-4
 2.5780602348454566 -4.182384699657167E-4
 2.603613399667775 -1.4889843867666716E-5
 2.62936634491382 2.9647324917182846E-4
 2.65531282744535 5.154237337532897E-4
 2.6814528472623657 6.794545697772387E-4
 2.7077926475031084 8.366951264799108E-4
 2.734332228167578 1.0299398544618084E-3
 2.7610653461175327 1.2559797640836725E-3
 2.787998244491215 1.4493764279411836E-3
 2.8151309232886232 1.6082275998490131E-3
 2.8424571393715174 1.7757021923467521E-3
 2.86998937901638 1.9323498516136737E-3
 2.8977151559467282 2.0036527830984596E-3
 2.9256469564390443 1.9996959338791225E-3
 2.9537722942168462 1.960275079543151E-3
 2.9820974124183745 1.854288148626793E-3
 3.0106285541818715 1.6786046037076426E-3
 3.0393532332308543 1.4880948527609318E-3
 3.068283935841805 1.2914469946827811E-3
 3.0974144188764825 1.1032744739767513E-3
 3.126744682334887 9.82349374469656E-4
 3.1562747262170183 8.994398978260544E-4
 3.186004550522877 7.947962439800954E-4
 3.2159341552524622 6.801139739831107E-4
 3.2460697835440157 5.093392693496806E-4
 3.276398949121055 2.2256692485313241E-4
 3.3069341382600625 -8.556140324510644E-5
 3.337662864684555 -3.2846157839026764E-4
 3.3685976146710165 -5.623195093179953E-4
 3.3997259019429626 -7.770159879852811E-4
 3.4310602127768774 -8.213915487018694E-4
 3.462588060896278 -5.015403768613984E-4
 3.4943219325776473 -1.6464775091588337E-4
 3.526249341544501 -4.266424243237839E-4
 3.558376530935082 -5.110426738778347E-4
 3.5906972576111484 -5.018380930132687E-4
 3.6232240078491835 -4.883588984872427E-4
 3.6559380522344624 -4.0242743797700754E-4
 3.6888581201817096 -3.474345511766571E-4
 3.7219654822762002 -3.115811421747418E-4
 3.755272624794419 -2.658692861613771E-4
 3.788779547736364 -2.134811864901664E-4
 3.8224737648255526 -1.9325381967958955E-4
 3.856361519200227 -1.9121696575822113E-4
 3.8904428108603865 -1.8378600116868978E-4
 3.924717639806032 -1.750916777805526E-4
 3.9591860060371626 -1.5490588429651225E-4
 3.9938416664155367 -1.1823518408046416E-4
 4.028690864079397 -7.607274499547547E-5
 4.063721112752259 -5.148526901433536E-5
 4.098944898710608 -3.4995179437286453E-5
 4.1343559788162 -1.557154121681399E-5
 4.169954353069035 3.2828479306613135E-7
 4.205733778330873 7.12332663037093E-6
 4.241700497739956 1.152736180139076E-5
 4.277848268158041 1.8061598657612227E-5
 4.314177089585128 2.297824039194211E-5
 4.350686962021218 2.494653446831827E-5
 4.38737788546631 2.555616739561589E-5
 4.424249859920405 2.5881979302878466E-5
 4.4612966422452604 2.6144084148084153E-5
 4.498511989302636 2.6382728257416304E-5
 4.535908387369014 2.659821862608986E-5
 4.573479593306153 2.676536312869702E-5
 4.6112193639758114 2.695196745057207E-5
 4.649127699377989 2.712468524877482E-5
 4.687204599512687 2.7283181645213054E-5
 4.7254563075181454 2.7469357980545621E-5
 4.763864093979641 2.7616334123130724E-5
 4.802440445173656 2.7753888869667808E-5
 4.841179117961949 2.7922754624166643E-5
 4.880073869206278 2.8053907924726185E-5
 4.9191309420448865 2.8212994989318537E-5
 4.95834409333953 2.840063026316922E-5
 4.997719566228453 2.8556939404111915E-5
 5.037238631296929 2.8712595057551345E-5
 5.076913774821442 2.8895203039931246E-5
 5.11673875366375 2.9077644966916865E-5
 5.156713567823853 2.9259939312311663E-5
 5.196831974163509 2.9474027274570486E-5
 5.237093972682721 2.968596998825284E-5
 5.277499563381484 2.9898205824744825E-5
 5.318042503121561 3.0141896443155328E-5
 5.35872279190295 3.0384017613825802E-5
 5.399540429725651 3.062398811411323E-5
 5.4404954165896635 3.089777167599951E-5
 5.481575266218506 3.1138897470714883E-5
 5.522792464888661 3.141126916175579E-5
 5.564128283185403 3.174557921983969E-5
 5.6055952073852175 3.2047297072153206E-5
 5.647180751211618 3.238228888977705E-5
 5.688884914664607 3.27155165054689E-5
 5.730707697744184 3.3049097793240893E-5
 5.772642857312107 3.344126427348432E-5
 5.814696636506619 3.3833737843950684E-5
 5.856856549051234 3.422663426932989E-5
 5.899128838084197 3.464993934976795E-5
 5.941501017329022 3.510362329445676E-5
 5.983979329923954 3.558485549502587E-5
 6.026557532730747 3.606911074848767E-5
 6.069229382611164 3.658074379373666E-5
 6.112001122703443 3.715202789687351E-5
 6.154860266731103 3.769405989862408E-5
 6.197813057832385 3.829262049254278E-5
 6.240853252869049 3.892670736929797E-5
 6.283968365564609 3.958769077684004E-5
 6.327170882195549 4.0310786227778823E-5
 6.370435830208904 4.101353521082001E-5
 6.413825640987088 4.1800435015493096E-5
 6.457277883147689 4.267454952096729E-5
 6.500730125308288 4.351665999400567E-5
 6.544307230233717 4.4440589644020365E-5
 6.58794676654156 4.542178758595375E-5
 6.631648734231818 4.6458010997291633E-5
 6.675413133304491 4.7641355764203544E-5
 6.719177532377163 4.88174411162675E-5
 6.763066794214665 5.0076555897598853E-5
 6.806956056052166 5.144706641377051E-5
 6.850970180654498 5.2966336665176863E-5
 6.894921873874416 5.4570422508724554E-5
 6.9389984298591604 5.627587659344157E-5
 6.983074985843906 5.8189648459472934E-5
 7.027213973211068 6.0272983416799533E-5
 7.071352960578228 6.262808899339053E-5
 7.1154919479453875 6.51390406341645E-5
 7.159693366694964 6.788415656453602E-5
 7.203957216826953 7.104181737350883E-5
 7.248221066958943 7.475943905825328E-5
 7.292422485708518 7.886016041434277E-5
 7.3367487672229234 8.33254582043527E-5
 7.381012617354913 8.65301990122721E-5
