 2.2663126709774796E-3 0.8843764646562203
 6.825581957574668E-3 0.9105684354292394
 0.011438493471630447 0.9198701649954484
 0.01610569873817468 0.9261267671574221
 0.020827712119073044 0.9310194876878902
 0.025605333732783265 0.9350199478195703
 0.03043913509248944 0.9383132433830754
 0.03532974486269405 0.9410032829979957
 0.040277848859218014 0.9431704982931849
 0.04528413289788224 0.9448883879015707
 0.050349339945826035 0.9462266079537113
 0.05547398436491509 0.9472489622610312
 0.060658694819651894 0.9480104590092647
 0.06590461433640463 0.948555678259761
 0.07121225727703896 0.9489204203706241
 0.076582195154739 0.9491346315434608
 0.08201499948268882 0.9492239773785066
 0.08751238480044071 0.949211573188269
 0.09307377959481057 0.9491178102308243
 0.09870032689216655 0.9489617172921808
 0.10439316971887687 0.9487605376087413
 0.11015287958812559 0.9485279769180753
 0.1159805995262809 0.9482740027557955
 0.1218763295333428 0.9480049276345434
 0.12784121263567946 0.9477256260807084
 0.13387639185965907 0.9474418058904281
 0.13998243871846571 0.9471596082381943
 0.14615992472528346 0.9468849453300006
 0.15240999290648055 0.9466234715536056
 0.1587337862884251 0.9463817804256138
 0.16513130487111712 0.9461650990403991
 0.1716042631941089 0.9459750770538469
 0.1781526612574004 0.9458075159422826
 0.18477878511372802 0.9456525655083471
 0.19148206324990765 0.9454983466455743
 0.19826363869230745 0.94533627762145
 0.20512522598047974 0.9451621505267206
 0.21206739662760853 0.9449739854044116
 0.219090722146878 0.9447701855564673
 0.22619691707784034 0.9445461551245414
 0.23338598142049563 0.9442989697547531
 0.24065905820121194 0.9440361267775896
 0.24801786195954167 0.943767636332416
 0.25546296420866876 0.9434923480657924
 0.2629949364617774 0.9432037508676119
 0.2706154932584198 0.9428971570965042
 0.2783252061117802 0.942567278156253
 0.28612521804822654 0.9422061458308717
 0.29401667209412712 0.9418049903745042
 0.30200071127585015 0.940944277820505
 0.31007790710657973 0.9408731012711058
 0.31824997412586802 0.9403366815900773
 0.32651748384689915 0.9397405274064332
 0.33488215080922545 0.9390731277703972
 0.34334454652603096 0.9383212541452457
 0.35190581402368387 0.937473807556702
 0.36056709632855232 0.9365309206654984
 0.3693301079801886 0.93550034120927
 0.37819599200496095 0.9343858333639551
 0.38716531991605335 0.9331822059223007
 0.3962392347398341 0.9318783924605145
 0.40541945101585535 0.9304653723643455
 0.41470711177048535 0.92893773241292
 0.4241033600300922 0.9272835029503917
 0.4336093388210442 0.9254874468402703
 0.4432267626828935 0.9235457745143243
 0.4529562031288243 0.9214500337019438
 0.4627993746983888 0.9191740766981615
 0.47275799193113915 0.9166903064039522
 0.48283262634025975 0.9139767471592007
 0.4930249924653025 0.9110217786375814
 0.5033362333326359 0.9078350136656713
 0.513768063481812 0.904437424180763
 0.5243216259391991 0.9008503794830344
 0.5349986352443494 0.8970736677300578
 0.545799662910447 0.8930938622948299
 0.5567269949902283 0.8888953881544118
 0.5677823460232454 0.8844549932700108
 0.5789657160094985 0.879731421403758
 0.5902816770544603 0.8746710647020512
 0.6017290861317626 0.8692591018571321
 0.6133079432414053 0.8635198309688167
 0.6250239635152293 0.8574948564556809
 0.6368714318213938 0.8512269924632304
 0.6488617784235806 0.844741781016251
 0.6609892881899487 0.8380409627975953
 0.6732596762523392 0.831096788057917
 0.6856729426107516 0.8238919006112144
 0.6982348023970275 0.816462998267766
 0.7109395404793255 0.8088587456622325
 0.7237871568576456 0.8010184267527449
 0.7367890817956699 0.7927927887441251
 0.7499453152933981 0.7840843684324743
 0.7632501422189896 0.7748821323228808
 0.7767092777042851 0.7651989807900725
 0.7903284368811254 0.7550297597902392
 0.8041019046176697 0.7443458424455558
 0.8180411111775999 0.7330644481787565
 0.8321403414290751 0.7211231368184845
 0.8463995953720951 0.7104491178269109
 0.8608245881385008 0.6952780614120064
 0.8754210348601335 0.6813750255788512
 0.8901832204051517 0.6668602468610353
 0.9051225750372375 0.651790543328779
 0.9202333836245502 0.6361790325147939
 0.9355156461670895 0.6199740001067241
 0.9509750777966963 0.6031760465903451
 0.9666173936452116 0.5858778609663419
 0.9824425937126354 0.5682137337345293
 0.9984449628671269 0.5503202562505192
 1.0146416465042085 0.5321867333744318
 1.0310154992283577 0.5137872717999389
 1.047589381566938 0.49510889834699495
 1.064346148124427 0.4760507759638084
 1.0813029442963468 0.4565933346930411
 1.0984540549508572 0.43662744108376605
 1.1158051952197987 0.41575222881972473
 1.133356365103171 0.39413009769182955
 1.1511075646009747 0.3724928536996515
 1.1690702239768913 0.35112266949643317
 1.187232912967239 0.32998512916770256
 1.2056127769675404 0.308927081998041
 1.224198385714114 0.2877804114944217
 1.2430068846024824 0.266607131808793
 1.2620268433689636 0.24540273750140376
 1.2812639771453986 0.22436772723143832
 1.3007297161954691 0.2040583552431974
 1.3204183453873346 0.18463512989939945
 1.3403298647209944 0.16612415107996705
 1.360475704460131 0.1486418521527697
 1.380850149472903 0.13239514105198413
 1.4014646300229924 0.11728999623162405
 1.4223134309785585 0.1032057431881777
 1.4434022674714417 0.09004961557206988
 1.4647311395016424 0.07734393569198669
 1.4863114773328423 0.06515656131586166
 1.5081318507013594 0.05408543554296745
 1.5302094050027166 0.04456945975416533
 1.552544140236914 0.036817498688498144
 1.5751303412721104 0.03078335181244254
 1.5979737232401467 0.026195433269646212
 1.621085716404705 0.022932189957163576
 1.6444606056339443 0.02102632945097769
 1.6681041060597054 0.02007614120370758
 1.6920162176819883 0.019603540585203294
 1.7162083707644746 0.019430040573678052
 1.7406748501753237 0.019748527766351664
 1.7654213710463766 0.020386233708658677
 1.790447933377633 0.021204080640190827
 1.8157659674327746 0.022646776095464261
 1.8413754732118017 0.024099517899665526
 1.8672707355828732 0.025569463624344566
 1.8934688999415123 0.026677828624854956
 1.9199642511558774 0.027377401562554904
 1.9467625043578093 0.027518098108613917
 1.9738693746791498 0.0269576167294346
 2.001284862119898 0.0259962758420573
 2.0290089666800543 0.024954772382529168
 2.0570531186233003 0.024013208758156594
 2.0854230330814775 0.023288840285214097
 2.114107279790903 0.022851502047177937
 2.1431230041471005 0.02287338861018114
 2.1724702061500695 0.023592379539091466
 2.20214888579981 0.02514425797772449
 2.2321647582281634 0.027479605909141974
 2.26252353856697 0.030042578913562673
 2.2932309419480705 0.03161281119153824
 2.324281253239625 0.03154221244890511
 2.3556859027053143 0.030325795309019493
 2.3874506054769795 0.02875640299162171
 2.4195753615546213 0.02765487758183131
 2.4520601709382385 0.027970661993255804
 2.4849221790233553 0.030751484683139235
 2.518149955546288 0.03649303530421068
 2.55175493077072 0.04284863388663702
 2.5857371046966504 0.04580296274689681
 2.620107907587762 0.04586257468959565
 2.6548673394440536 0.04503771141747844
 2.690021115397367 0.043885506018282394
 2.7255749505795416 0.04238357755455737
 2.761523129858739 0.04052393961497468
 2.7978827986304795 0.03837322370286523
 2.834648241762923 0.03604979672229993
 2.871830889519752 0.03377542630133233
 2.9094307419009663 0.03178182908593138
 2.947453514038406 0.0299614096707991
 2.985904921063913 0.027875741903422027
 3.0247906781093263 0.025356215503457693
 3.0641107851746482 0.02262751966825639
 3.103876672523559 0.0198483267967049
 3.1440883401560597 0.01690528544412171
 3.1847457880721496 0.013536603793946866
 3.225866161667352 9.541942897083091E-3
 3.267443745809825 4.954329367184201E-3
 3.3094899707632512 5.253252156520532E-5
 3.3520048365276302 -4.809278649997443E-3
 3.3949940582348032 -9.33806638637675E-3
 3.438463351016611 -0.013310108281715324
 3.4824184300048943 -0.016571677816427914
 3.5268650103314942 -0.020144157394245767
 3.571808807128251 -0.02108648881271709
 3.617255535527007 -0.0230829185183248
 3.6632051955277606 -0.02573462785153892
 3.7096635022623534 -0.029594268098752304
 3.7566418859944676 -0.03518798755302041
 3.8041460618559437 -0.04329866457318394
 3.8521703147149404 -0.05514754811246338
 3.9007317899669806 -0.07226427729203797
 3.949836202743906 -0.09653731211572938
 3.9994778379138744 -0.13037416049608371
 4.049673840872409 -0.18214415443347573
