 0.0E+0 0.0E+0
 5.424204548902323E-4 0.012361316
 1.633638340256627E-3 0.037222314
 2.7376949842780073E-3 0.062336691
 3.854746323294311E-3 0.087640362
 4.984915464942334E-3 0.11303459
 6.12839390999042E-3 0.13839225
 7.285318444701676E-3 0.16356782
 8.455839533965516E-3 0.18840882
 9.640121321297664E-3 0.21276629
 0.010838327950213849 0.23650352
 0.012050637242856101 0.25950226
 0.013277172306861219 0.2816664
 0.014518083607118617 0.30292343
 0.015773644716154503 0.32322403
 0.01704397874160567 0.34254043
 0.018329222469735225 0.36086387
 0.01962951268680627 0.37820169
 0.02094525975160812 0.3945743
 0.022276326877877672 0.41001218
 0.023622987638141131 0.42455315
 0.024985515604924707 0.43823991
 0.026364047564491507 0.45111805
 0.027758857089367736 0.46323437
 0.029169944179553403 0.47463577
 0.030597582407574704 0.48536834
 0.03204204534595786 0.49547682
 0.03350346978096596 0.50500423
 0.03498199249886212 0.51399159
 0.03647788707217256 0.52247778
 0.03799142707342346 0.53049945
 0.039522612502614844 0.53809092
 0.04107185371853602 0.54528421
 0.04263915072118698 0.55210905
 0.04422505065562015 0.55859293
 0.04582941673557242 0.5647612
 0.047452522533570004 0.57063721
 0.04909477840840221 0.5762424
 0.05075632114633215 0.58159646
 0.05243728753362292 0.58671746
 0.054138087929063834 0.591622
 0.05585872233265491 0.59632533
 0.05759946431692233 0.60084149
 0.05936072424065543 0.6051835
 0.0611426388901173 0.60936343
 0.06294534505157104 0.61339244
 0.06476925308380597 0.61728058
 0.06661449977308521 0.62103674
 0.06848135869193495 0.62466884
 0.0703701034128814 0.62818421
 0.07228100750845079 0.63158993
 0.0742142077649062 0.63489297
 0.07617011454103693 0.63810029
 0.07814886462310612 0.64121882
 0.08015086836990308 0.64425542
 0.0821762625676909 0.64721656
 0.08422532078899579 0.65010816
 0.08629831660634396 0.65293554
 0.08839566037852471 0.65570339
 0.09051762567806429 0.6584159
 0.09266434929122576 0.66107704
 0.09483610479053535 0.6636907
 0.09703330253478237 0.66626032
 0.09925621609649304 0.66878894
 0.10150511904819355 0.6712793
 0.10378028496241012 0.67373395
 0.10608212419793206 0.67615543
 0.10841077354102248 0.67854626
 0.11076664335047069 0.68090879
 0.11315014398506598 0.68324519
 0.1155614122310715 0.68555746
 0.11800085844727652 0.68784761
 0.12046875620620728 0.69011777
 0.1229655158666531 0.69237003
 0.12549141100114014 0.69460616
 0.12804685196845777 0.69682759
 0.13063197555486905 0.69903574
 0.13324732890542642 0.70123219
 0.13589332237891918 0.70341874
 0.13856995597534735 0.70559704
 0.14127832398481576 0.70776821
 0.1440181528347982 0.70993283
 0.14678944252529466 0.71209098
 0.14959356091893621 0.71424247
 0.15242914015309177 0.71638732
 0.15529891595302344 0.71852577
 0.15820152045610022 0.72065804
 0.16113832152495308 0.72278424
 0.16410931915958204 0.72490472
 0.1671158812226182 0.72702047
 0.17015663985143045 0.72913289
 0.17323159504601881 0.7312433
 0.17634348253164541 0.73335256
 0.1794923023083102 0.73546097
 0.18267668651338214 0.73756821
 0.18589800300949232 0.73967365
 0.1891576196592717 0.74177662
 0.19245416860008932 0.74387632
 0.1957903855572072 0.74597175
 0.1991649026679944 0.74806219
 0.20257771993245077 0.7501473
 0.20603020521320747 0.75222703
 0.20952372637289554 0.75430172
 0.21305691554888386 0.75637233
 0.21663250846643455 0.7584404
 0.22024913726291664 0.76050754
 0.22390680193833004 0.76257498
 0.22760687035530582 0.76464319
 0.231350710376475 0.76671207
 0.23513832200183765 0.76878176
 0.23896833736876271 0.77085298
 0.24284486006514324 0.7729267
 0.24676378650308616 0.77500409
 0.2507305881331156 0.77708609
 0.25474116136733854 0.77917321
 0.258799609793648 0.78126602
 0.26290456554941304 0.78336572
 0.2670573964972646 0.7854736
 0.27125810263720273 0.78759028
 0.27550668396922745 0.78971599
 0.27980587621860075 0.79185088
 0.28415294366006066 0.79399489
 0.28855198988150027 0.79614789
 0.2930002791576575 0.79831015
 0.29750191507642537 0.80048244
 0.30205416191254202 0.80266545
 0.3066583875286383 0.80485907
 0.3113173276499764 0.80706283
 0.31602961441392524 0.80927631
 0.3207952478204848 0.81149839
 0.3256169635949172 0.81372735
 0.33049339387459136 0.81596169
 0.3354272743847694 0.81820051
 0.3404172372628203 0.82044424
 0.345464650371375 0.8226948
 0.3505695137104337 0.82495452
 0.35573456300525835 0.82722486
 0.3609570625305868 0.8295055
 0.36624111587431223 0.831795
 0.37158672303643475 0.8340921
 0.3769925161543233 0.83639609
 0.3824598630906087 0.83870637
 0.3879914995705533 0.84102189
 0.3935860577315259 0.84334107
 0.39924490543615764 0.84566217
 0.40496804268444847 0.84798353
 0.41075820520166045 0.85030344
 0.4166140251251626 0.85262171
 0.42253687031758596 0.85494075
 0.4285267407789305 0.85726318
 0.4345863722344583 0.85959055
 0.44071576468416934 0.86192464
 0.44691355026543266 0.86426774
 0.4531838325661414 0.86662095
 0.45952524372366443 0.86898339
 0.4659391516006327 0.87135425
 0.47242692405967756 0.87373461
 0.47898856110079873 0.876126
 0.4856240627239964 0.87852745
 0.49233616465453244 0.8809348
 0.4991262347550381 0.8833427
 0.5059915373002511 0.88574755
 0.5129361758780648 0.88814862
 0.5199601504884792 0.89054681
 0.527063461131494 0.89294473
 0.5342474756697405 0.89534629
 0.5415135619658498 0.89775455
 0.5488630878824526 0.90017126
 0.5562946855569183 0.90259616
 0.5638110907145086 0.90502661
 0.5714136712178547 0.90746033
 0.5791024270669568 0.90989663
 0.5868773582618145 0.91233542
 0.5947425683903214 0.91477713
 0.6026953217272148 0.91722223
 0.6107383539977574 0.91966928
 0.6188716652019489 0.92211291
 0.6270979910650515 0.92454586
 0.6354173315870651 0.92696334
 0.6438310546306207 0.92936379
 0.6523405280583494 0.93174656
 0.6609443840076203 0.93411203
 0.6696467260663264 0.93646184
 0.6784461863718366 0.93879684
 0.6873455006494131 0.94111654
 0.696344668899056 0.94341881
 0.705445058983396 0.94569976
 0.7146480387650644 0.94795586
 0.7239549761066922 0.95018478
 0.7333658710082794 0.95238341
 0.742883459195088 0.95454765
 0.7525077406671182 0.95667462
 0.7622387154243699 0.95876227
 0.7720804870547362 0.96080722
 0.7820316876955861 0.96280324
 0.7920950530721815 0.96474411
 0.8022705831845227 0.96662864
 0.8125596458952405 0.96845963
 0.8229636090669662 0.97023979
 0.8334838405623306 0.97196943
 0.8441217082439648 0.97364604
 0.8548785799745 0.9752657
 0.8657558236165671 0.97682599
 0.8767534391701661 0.97832679
 0.887872794497928 0.97976665
 0.899116625325115 0.98113991
 0.9104862995143582 0.98244138
 0.9219804492030265 0.9836702
 0.9336031779790128 0.98482738
 0.9453558537049485 0.985915
 0.9572371085182023 0.98693386
 0.9692510460066674 0.98788461
 0.981397666170344 0.98877243
 0.9936783368718629 0.9896039
 1.0060944259738551 0.99038195
 1.0186473013389518 0.99110662
 1.0313396986924152 0.99177909
 1.044171618034245 0.99240236
 1.0571444272270726 0.9929796
 1.0702608619961597 0.99351434
 1.0835209223415065 0.99401079
 1.0969259761257441 0.99447179
 1.1104787590741347 0.99489721
 1.1241806390493087 0.99528654
 1.1380316160512671 0.99564015
 1.1520344258052712 0.99595705
 1.1661904361739521 0.99623582
 1.1805010150199413 0.99647659
 1.1949688980685007 0.99668096
 1.2095927174569991 0.99685318
 1.2243765767733294 0.99699966
 1.2393218438801234 0.99712623
 1.2544285187773807 0.9972373
 1.269700705052994 0.99733597
 1.285137034844333 0.99742408
 1.3007416117392902 0.99750211
 1.3165158036004973 0.99756966
 1.3324596104279538 0.99762712
 1.3485757679469216 0.99767568
 1.3648656440200326 0.99771679
 1.3813360779604413 0.99775266
 1.3979692875539442 0.99778633
 1.4147939979157932 0.99782069
 1.4317965304196784 0.99785705
 1.4489905636919095 0.99789447
 1.4663487404798662 0.9979314
 1.4839120966624796 0.99796732
 1.5016532749871287 0.9980023
 1.5195859540801242 0.99803576
 1.5377101339414658 0.9980664
 1.5560258145711536 0.99809408
 1.5745329959691878 0.99812103
 1.5932453567618785 0.99815025
 1.6121628969492263 0.99818277
 1.6312582592786095 0.99821702
 1.65057247962896 0.99825096
 1.6700918793739671 0.99828468
 1.689816458513631 0.99831978
 1.7097325384216413 0.99835507
 1.7298811549769288 0.99838592
 1.750221272300563 0.99840967
 1.7707939262714742 0.99842778
 1.7915717596370428 0.99844123
 1.812568451023578 0.99844791
 1.8337840004310803 0.99844613
 1.8552184078595501 0.99843458
 1.8768853519352974 0.99841128
 1.8987711540320117 0.99837996
 1.920889492776004 0.99835224
 1.9432403681672736 0.99833988
 1.9658101015795104 0.99834717
 1.9886260502653352 0.99836872
 2.011660856972127 0.99839239
 2.034955557578818 0.99840761
 2.058469116206475 0.99841174
 2.082242568734031 0.99840865
 2.106248557908865 0.99840249
 2.1305007623572862 0.99839585
 2.1550128607056064 0.99839377
 2.179757495701204 0.99840167
 2.2047620245967003 0.99841828
 2.2300264473920954 0.9984368
 2.255537085461078 0.99845311
 2.28132129605627 0.99846967
 2.3073517219250492 0.99848596
 2.333655720320038 0.9984985
 2.3602196126149252 0.99851201
 2.387043398809711 0.99852498
 2.4141544361570157 0.99853779
 2.4415253674042194 0.99856255
 2.4691698711776317 0.99860274
 2.4970879474772527 0.99864614
 2.5252932749293934 0.99868014
 2.5537721749077433 0.99870419
 2.582538326038612 0.99872477
 2.6115917283220007 0.99874742
 2.6409323817579082 0.99877038
 2.6705602863463355 0.99879636
 2.700475442087282 0.99883077
 2.730677848980748 0.99886618
 2.7611948642793544 0.99889386
 2.7919991307304794 0.99891864
 2.823104326960435 0.99896094
 2.8545104529692206 0.99903038
 2.886217508756835 0.99911017
 2.918239172949591 0.99916864
 2.950575445547486 0.99918747
 2.9832126479242115 0.99919024
 3.0161644587060774 0.99920047
 3.0494445565193935 0.99922002
 3.08302558411154 0.99925353
 3.116948577361447 0.99931442
 3.1511725003901842 0.9994007
 3.1857383890766826 0.99950406
 3.2206188861683213 0.99961108
 3.255827670291411 0.99971667
 3.2913784200722613 0.99982143
 3.327257456884562 0.99993409
 3.3634784593546247 1.0000501
 3.400027748856138 1.0001489
 3.436932682641723 1.0002402
 3.474165903458758 1.0003223
 3.511754768559865 1.0003961
 3.5496855993187335 1.0004642
 3.5879583957353622 1.0005103
 3.626586836436063 1.0005251
 3.6655846000471465 1.0005236
 3.7049243293159905 1.0004942
 3.744619702868906 1.0004276
 3.784670720705894 1.0003876
 3.8250910614532633 1.0004101
 3.8658807251110145 1.0004536
 3.907026033052838 1.0005181
 3.948554342531353 1.0005988
 3.9904382962939406 1.0006841
 4.032705251593221 1.0007359
 4.075341529802882 1.0007301
 4.118347130922926 1.0007462
 4.161749412205973 1.0007807
 4.205521016399402 1.0007822
 4.249675622129523 1.0007387
 4.294213229396337 1.0006261
 4.339133838199843 1.0005161
 4.384451127166352 1.0005063
 4.4301514176695544 1.0005287
 4.476248388335759 1.0005033
 4.522742039164967 1.000433
 4.5696186915308665 1.0003133
 4.616905702686081 1.0001946
 4.664589394004297 1.0000705
 4.712669765485517 0.99988921
 4.76116049575605 0.99975887
 4.8100479061895855 0.9996961
 4.859331996786124 0.99966186
 4.909040124798286 0.99967965
 4.959158611599762 0.99970859
 5.009673778564242 0.99970902
 5.0606129829443444 0.99964447
 5.111962546113761 0.99947912
 5.16372246807249 0.99929245
 5.215906427446844 0.9991031
 5.268500745610511 0.99891085
 5.321519101189802 0.99875471
 5.374947815558405 0.99864049
 5.428814245968944 0.998563
 5.483091035168796 0.99856644
 5.537805540410582 0.99857989
 5.592944083067992 0.99859167
 5.648492984514715 0.9986241
 5.704479602003373 0.99865522
 5.760903935533965 0.99884214
 5.81775230648018 0.99915578
 5.87502471484202 0.9994161
 5.932734839245794 0.99954948
 5.990882679691501 0.99974525
 6.049454557552833 1.0001294
 6.1084641514561 1.0005448
 6.1679114614013 1.0009361
 6.227782808762125 1.0013321
 6.288105550791194 1.001756
 6.348852330235887 1.0021773
 6.410050504348824 1.0026618
 6.471672715877387 1.0031357
 6.533732643447881 1.0035468
 6.5962439656866225 1.0038627
 6.659179325340987 1.0040664
 6.722566079663596 1.0041601
 6.786390550028139 1.0041553
 6.850652736434617 1.0040729
 6.915352638883029 1.0039212
 6.980490257373376 1.0037333
 7.046065591905656 1.00355
 7.112092321106181 1.0033559
 7.178543087722331 1.0031127
 7.245445249006725 1.0028416
 7.3127714477067424 1.0025985
 7.380549041075006 1.002416
 7.448750671858891 1.0022932
 7.517403697311022 1.0022127
 7.586480760178777 1.0021595
 7.656009217714777 1.0021267
 7.7259617126664 1.0021139
 7.796351923659958 1.0021185
 7.867166172069139 1.002135
 7.938431815146566 1.0021588
 8.010107817013306 1.0021869
 8.08223521354829 1.0022175
 8.154772968872587 1.0022499
 8.227748440238821 1.0022834
 8.301161627646987 1.0023179
 8.374985173844466 1.0023532
 8.44923275745757 1.0023892
 8.523904378486298 1.0024257
 8.599000036930649 1.0024627
 8.674519732790625 1.0025002
 8.750449787439912 1.002538
 8.826803879504824 1.0025762
 8.90355465173274 1.0026147
 8.98072946137628 1.0026535
 9.058314629809132 1.0026926
 9.136310157031298 1.002732
 9.214702364416468 1.0027717
 9.293504930590949 1.0028116
 9.372704176928435 1.0028518
 9.452300103428923 1.0028923
 9.532292710092415 1.002933
 9.612681996918909 1.002974
 9.693467963908406 1.0030152
 9.774636932434596 1.0030567
 9.856175223871167 1.0030985
 9.938110195470742 1.0031406
 10.02042816860701 1.003183
 10.103115464653659 1.0032257
 10.186172083610689 1.0032687
 10.269598025478103 1.0033119
 10.353406968882208 1.0033555
 10.437557877944075 1.0033995
 10.522078109916324 1.0034438
 10.606953986172645 1.0034884
 10.692171828086726 1.0035334
 10.77774531428488 1.0035787
 10.863660766140795 1.0036244
 10.94993186228078 1.0036706
 11.036517566825907 1.0037171
 11.123445237028795 1.003764
 11.210701194263134 1.0038114
 11.298285438528922 1.0038592
 11.386184291199852 1.0039075
 11.474397752275921 1.0039562
 11.56292582175713 1.0040054
 11.651754821017171 1.0040551
 11.740884750056042 1.0041054
 11.83031560887374 1.0041562
 11.920047397470269 1.0042075
 12.010052758593007 1.0042594
 12.100359049494575 1.0043119
 12.19092523429604 1.0043651
 12.281778670250027 1.0044188
 12.37289200010391 1.0044733
 12.464265223857693 1.0045284
 12.555898341511375 1.0045842
 12.647777674438643 1.0046408
 12.739916901265811 1.0046981
 12.832288664740258 1.0047563
 12.92490664348829 1.0048153
 13.017743480257291 1.0048751
 13.11081285367357 1.0049359
 13.204101085110814 1.0049976
 13.297594495942716 1.0050602
 13.391306764795585 1.0051239
 13.4852105344168 1.0051887
 13.579319483432672 1.0052546
 13.67361993321689 1.0053217
 13.768084526516834 1.0053901
 13.862740620585125 1.0054597
 13.957533500916517 1.0055307
 14.05259995377412 1.0056032
 14.14780319289483 1.0056771
 14.24300643201554 1.0057527
 14.338483243662456 1.00583
 14.434096841572474 1.005909
 14.5298472257456 1.00599
 14.62573439618183 1.006073
 14.72162156661806 1.0061582
 14.817782309580501 1.0062457
 14.913943052542937 1.0063357
 15.010377368031586 1.0064284
 15.10667489725713 1.0065239
 15.203245999008882 1.0066226
 15.299817100760635 1.0067247
 15.396524988775493 1.0068305
 15.49323287679035 1.0069404
 15.589940764805204 1.0070548
 15.686785439083168 1.0071742
 15.783766899624231 1.0072992
 15.880748360165297 1.0074307
 15.97759303444326 1.0075695
 16.07471128124743 1.0077169
 16.171692741788497 1.0078745
 16.268810988592665 1.0080447
 16.365792449133731 1.0082286
