 0.0E+0 0.0E+0
 0.012949780332160751 1.8155749129704102E-4
 0.026051894177600266 6.737404904966189E-4
 0.03930812312974361 1.4343054445561606E-3
 0.052720269372303153 2.4253363976028514E-3
 0.06629015591153016 3.6133362225957994E-3
 0.08001962681067587 4.968944305367114E-3
 0.093910547427187 6.46663016626491E-3
 0.10796480465221991 8.08438720808995E-3
 0.12218430715295515 9.80344251929807E-3
 0.13657098561720848 0.011607992763880977
 0.1511267930008424 0.013484971901511881
 0.16585370477764918 0.015423844358233855
 0.1807537191919907 0.017416409492447316
 0.19582885751408452 0.01945659892941794
 0.21108116429785023 0.021540237614098196
 0.22651270764166442 0.023664746643109416
 0.2421255794516976 0.025828769165161562
 0.25792189570809442 0.028031712764142926
 0.27390379673391063 0.030273227273729805
 0.29007344746689356 0.0325526397434587
 0.306433037733975 0.03486839606871616
 0.3229847825288932 0.03721757508986225
 0.3397309222923727 0.03959550783409327
 0.356673723195434 0.04199557472539932
 0.37381547742558945 0.04440918585237616
 0.3911585034758844 0.046825978590675124
 0.4087051464371957 0.049234202136524414
 0.42645777829322323 0.051621273394992506
 0.4444187982187175 0.05397445240720413
 0.46259063288066054 0.05628159435240563
 0.48097573674270677 0.058531922347362645
 0.4995765923724893 0.060716771419711504
 0.5183957107522077 0.06283026498554409
 0.5374356315924964 0.06486988721899706
 0.5566989236491162 0.06683693021669385
 0.5761881850432976 0.0687367993062821
 0.5959060435850172 0.07057917267499544
 0.6158551570996404 0.07237800422301693
 0.6360382137579145 0.07415137933151904
 0.6564579324091734 0.07592121558784859
 0.677117062917915 0.07771280477552456
 0.6980183865038319 0.07955422804609613
 0.7191647160851254 0.08147559498528573
 0.7405588966253193 0.08350820472449978
 0.762203805483462 0.08568356761677773
 0.7841023527677893 0.08803242935561592
 0.8062574816930586 0.09058374142020871
 0.8286721689410774 0.09336371381949593
 0.8513494250251721 0.09639499187429718
 0.8742922946578906 0.09969597440633071
 0.8975038571224924 0.10328035000720527
 0.920987226648068 0.10715687097509467
 0.944745552788203 0.11132931941389512
 0.9687820208033396 0.11579670466998186
 0.9930998520470307 0.12055361890825878
 1.0177023043556077 0.12559070915630193
 1.042592672441829 0.13089522548046048
 1.0677742882922038 0.13645161724283047
 1.0932505215682322 0.14224210218644653
 1.1190247800112302 0.1482472139366114
 1.145100509851294 0.15444629650870306
 1.1714811962199564 0.16081793334397073
 1.198170363566762 0.16734031036934646
 1.2251715760797996 0.17399152056308353
 1.2524884381101755 0.1807498129066248
 1.2801245946004637 0.18759379842578421
 1.3080837315170752 0.19450262044873112
 1.3363695762867184 0.20145610300711322
 1.3649858982368794 0.2084348833602049
 1.3939365090403355 0.21542055763155457
 1.4232252631637947 0.22239579551245297
 1.4528560583205456 0.22934449018873503
 1.4828328359273466 0.23625188872730304
 1.5131595815653631 0.24310472284960904
 1.5438403254453505 0.24989134670933946
 1.5748791428769242 0.2566018383351526
 1.6062801547421201 0.2632280884173706
 1.638047527973135 0.26976384669022673
 1.6701854760343468 0.2762047465688585
 1.7026982594085451 0.2825482941211241
 1.7355901860874207 0.28879373948038783
 1.7688656120665178 0.2949419734421699
 1.8025289418442163 0.30099536954727856
 1.836584628925323 0.30695752274392035
 1.871037176328847 0.31283306017623785
 1.9058911371001905 0.3186273080168359
 1.941151114827651 0.32434605810325822
 1.9768217641634044 0.32999529133062693
 2.012907791348869 0.33558090378180793
 2.0494139547444163 0.3411085005900212
 2.086345065363595 0.3465832081180324
 2.1237059874117445 0.35200950194268226
 2.1615016388290113 0.35739114395177495
 2.1997369918380007 0.3627310684341812
 2.2384170734956723 0.36803143835235863
 2.2775469662498943 0.3732936040383527
 2.31713180850031 0.3785181989857058
 2.357176795163925 0.3837052044298024
 2.3976871782448987 0.3888540296455917
 2.438668267409126 0.3939636426912805
 2.4801254305630573 0.3990326547743393
 2.522064094437297 0.4040594468096046
 2.5644897451744372 0.4090422583769928
 2.6074079289215976 0.41397926988826183
 2.650824252427389 0.41886873290811282
 2.694744383643393 0.4237089774824508
 2.7391740523301204 0.42849847864279105
 2.7841190506675697 0.4332358924126836
 2.8295852338700857 0.43792007026177004
 2.8755785208059334 0.4425500408666853
 2.922104894621146 0.4471249933154169
 2.9691704033680044 0.4516442993295944
 3.016781160637849 0.4561074535583517
 3.064943346198379 0.46051406693377244
 3.113663206635435 0.4648638545116334
 3.1629470559991537 0.46915660603697856
 3.2128012764544133 0.47339218825599133
 3.263232318935918 0.47757053535252796
 3.314246703807387 0.48169161644164643
 3.365851021525175 0.48575546909117783
 3.418051933306257 0.4897621733033286
 3.470856171800438 0.4937118556100973
 3.524270541766856 0.49760468164084853
 3.5783019207546282 0.5014408604311376
 3.632957259787892 0.5052206486034145
 3.688243584054718 0.5089443265498739
 3.7441679936004796 0.5126122089382081
 3.8007376640250893 0.5162246603118413
 3.8579598471843215 0.5197820391114532
 3.9158418718952145 0.5232847470828598
 3.9743911446454425 0.5267331905114725
 4.0336151503064785 0.530127791198317
 4.09352145285078 0.5334689704236261
 4.154117696072675 0.536757159960562
 4.215411604313116 0.5399927969195082
 4.277410983188087 0.5431763396881526
 4.340123720320604 0.5463082625446208
 4.403557786076382 0.5493890659778173
 4.4677212343030294 0.5524192815479331
 4.532622203072614 0.5553994868432136
 4.598268915427693 0.5583303047510244
 4.664669680130584 0.5612124078641667
 4.7318328924158894 0.5640465026772006
 4.799767034746167 0.5668333443498292
 4.868480677570769 0.5695737161934381
 4.9379824800873874 0.5722684097868354
 5.008281191006847 0.5749182451621212
 5.079385649320404 0.5775240118049985
 5.1513047850698514 0.5800864846372796
 5.224047620120269 0.5826063908197077
 5.297623268935179 0.5850844161830508
 5.3720409393541554 0.5875211534639236
 5.447309933372589 0.5899171383596843
 5.523439647923858 0.5922728031482662
 5.600439575663152 0.5945885029360616
 5.678319305753557 0.5968645079086329
 5.757088524653805 0.5991010146274689
 5.836757016907523 0.6012981475529346
 5.917334665934247 0.6034559698691087
 5.998831454821619 0.6055744799492583
 6.0812574671189194 0.6076536358613974
 6.164622887631498 0.6096933513859201
 6.248938003216422 0.611693501353034
 6.334213203578529 0.6136539545879705
 6.420458982067351 0.6155745877572876
 6.50768593647427 0.6174552989560476
 6.595904769830036 0.619296057726892
 6.685126291202263 0.6210968993886716
 6.775361416492841 0.6228579240871163
 6.86662116923503 0.6245792913795449
 6.958916681389949 0.626261201371181
 7.052259194142552 0.6279038988058777
 7.14666005869639 0.6295077086947096
 7.242130737067446 0.6310730984417362
 7.338682802876513 0.6326007436285003
 7.436327942140003 0.6340915885187962
 7.535077954058896 0.6355468835768003
 7.634944751805569 0.6369681603098877
 7.735940363308521 0.6383571799847265
 7.838076932034171 0.6397158654282894
 7.941366717766178 0.6410461629504797
 8.045822097381485 0.6423499501889578
 8.15145556562291 0.6436289450088883
 8.25827973586829 0.644884606569104
 8.366307340895522 0.6461181164635466
 8.475551233643388 0.6473303072882635
 8.586024387967939 0.6485216049663838
 8.69773989939383 0.6496918972449555
 8.810710985860721 0.650840442636981
 8.924950988463914 0.6519657539188942
 9.040473372189373 0.6530656345920156
 9.15729172664254 0.6541372839568579
 9.275419766770367 0.6551774526569393
 9.394871333576921 0.6561827519783187
 9.515660394831205 0.6571497525831045
 9.637801045767835 0.6580752805278904
 9.761307509779328 0.6589562799422709
 9.886194139100176 0.6597897456809071
 10.012475415482061 0.6605725790925647
 10.14016595085987 0.6613017408274181
 10.269280488007972 0.6619747068946521
 10.399833901186478 0.6625896650864925
 10.531841196777044 0.6631459335645727
 10.665317513907599 0.6636436470794548
 10.800278125065718 0.6640837707656574
 10.936738436700084 0.6644675339950709
 11.074713989809487 0.6647964476320889
 11.21422046051919 0.6650721508373796
 11.355273660643626 0.6652968771235904
 11.49788953823554 0.6654737960879534
 11.642084178120445 0.6656074619301839
 11.787873802416348 0.6657042538556428
 11.935274771038012 0.6657721094001948
 12.084303582185044 0.6658207189666304
 12.234976872813597 0.6658601300995728
 12.387311419090803 0.6659007920999289
 12.541324136831527 0.6659515063559026
 12.6970320819167 0.6660202018591542
 12.854452450692875 0.6661121868191221
 13.013602580352073 0.6662316865036572
 13.174499949291565 0.6663807306787223
 13.337162177452653 0.6665601256488966
 13.501607026638201 0.6667702257915883
 13.667852400807844 0.6670095594802488
 13.835916346350459 0.6672783717549663
 14.005817052333118 0.6675743905125858
 14.17757285072576 0.6678964321215402
 14.351202216601102 0.6682416045446636
 14.526723768308718 0.6686040643489487
 14.704156267622887 0.6689759297128581
 14.883518619863226 0.6693417872737999
 15.064829873987499 0.6696843158818
 15.248109222655659 0.6699857451586756
 15.433376002264657 0.6702307575259131
 15.620649692952695 0.6704130005230139
 15.809949918572778 0.6705315009100375
 16.001296446634132 0.6705917993260863
 16.194709188211025 0.6706092253838272
 16.39020819781806 0.6706013737670309
 16.587813673250977 0.6705892300341872
 16.787545955392367 0.6705981442074017
 16.989425527980902 0.6706463023968596
 17.19347301734388 0.6707441657073998
 17.399709192091577 0.6708937389714129
 17.60815496277276 0.6710896921473298
 17.818831381490525 0.671320281150737
 18.03175964147724 0.6715712395287832
 18.2469610766278 0.6718293711417374
 18.464457160990416 0.672082529856853
 18.684269508213482 0.6723228222291907
 18.906419870947996 0.6725516885557942
 19.13093014020442 0.6727793294596867
 19.357822344662636 0.6730187193372184
 19.58711864993462 0.6732818356432082
 19.818841357778087 0.6735751106896547
 20.053012905260672 0.6739035510511158
 20.289655863873157 0.6742591658163196
 20.528792938591077 0.6746166632214284
 20.770446966883127 0.6749359376363299
 21.014640917665854 0.6751689252358928
 21.261397890203177 0.675275826218504
 21.51074111294963 0.6752401215752649
 21.76269394233662 0.6750651903006435
 22.01727986149984 0.6747771900600203
 22.274522478947687 0.6744130058541827
 22.534445527168635 0.6740107537985454
 22.797072861176935 0.6735987509019157
 23.06242845699562 0.6731900334424783
 23.33053641007503 0.6727869658063059
 23.601420933646426 0.6724007406703892
 23.875106357009123 0.6720551787293945
 24.15161712375002 0.6717680894458867
 24.430977789894456 0.6715367919405699
 24.713213021987122 0.6713377432638946
 24.998347595102007 0.6711433765968202
 25.28640639077995 0.6709414317356296
 25.57741439489278 0.6707425576210106
 25.87139669543301 0.6705730479250255
 26.168378480227506 0.6704669042639019
 26.468385034574332 0.6704649271925709
 26.771441738801346 0.6706016488926237
 27.07757406574542 0.6708919366235903
 27.386807578151355 0.6713294604440866
 27.699167925988795 0.6719052261165762
 28.014680843686537 0.6726242127006086
 28.333372147282613 0.67348478142408
 28.65526773148931 0.6744581056327604
 28.980393566671818 0.675489157222878
 29.308775695739324 0.6765171018147598
 29.640440230947564 0.6775025725765954
 29.975413350611503 0.6784331655349731
 30.31372129572731 0.6792966250921207
 30.655390366502174 0.6800751515957859
 31.00044691879112 0.6807319895557906
 31.348917360439724 0.6812027914890282
 31.70082814753153 0.6814196612837131
 32.05620578053921 0.6813480066908213
 32.41507680037849 0.681039523872191
 32.77746778436368 0.680598750065606
 33.14340534206391 0.6801030023838115
 33.512916111059155 0.6796031174028567
 33.886026752595036 0.679156233133864
 34.26276394713534 0.6788296066342252
 34.64315438981164 0.6786339225084499
 35.02722478576886 0.678598808651609
 35.415001845406266 0.6788279173477981
 35.80651227951258 0.6793008955283057
 36.20178279429507 0.6799421048343245
 36.600840086301126 0.6806869468424521
 37.003710837232354 0.681398091965286
 37.41042170864994 0.6820688789736706
 37.82099933657091 0.6826610502260999
 38.23547032595451 0.6830955984184937
 38.653861245078473 0.6833341822280532
 39.07619861980421 0.683257622799805
 39.502508927730744 0.682850895642677
 39.93281859223684 0.6821001563807307
 40.367153976411 0.6810618088868721
 40.80554137686897 0.6798042595664379
 41.24800701745843 0.678427759991854
 41.69457704285069 0.6771582015537343
 42.14527751201922 0.6763043300943153
 42.600134391604854 0.6759806001944757
 43.05917354916751 0.6761348629808677
 43.52242074632483 0.6765001090572298
 43.989901631777215 0.6768912622774952
 44.461641734219846 0.6769893800402298
 44.937666455141574 0.676551576920294
 45.41800106151135 0.6757129898756801
 45.902670678351974 0.6747292341592032
 46.39170028120195 0.6738558657451279
 46.88511468846596 0.6732612071677053
 47.382938553654184 0.6729247511103836
 47.88519635751148 0.6726838593734274
 48.391912400036673 0.6724325310973472
 48.90311079239346 0.6722476097248272
 49.418815448713004 0.6724174993220583
 49.93905007778966 0.6732020332839878
 50.46383817467088 0.6748065171998662
 50.993203012142224 0.6772226251892076
 51.52716763210892 0.6802550242937624
 52.06575483687516 0.6835680652998323
 52.60898718032249 0.686620402725514
 53.1568869589893 0.6889660024487706
 53.70947620305216 0.6904756146327947
 54.2667766672117 0.6911801954755171
 54.82880982148392 0.6911932053157295
 55.39559684189984 0.6906950838054565
 55.96715860111434 0.6898037811670705
 56.54351565892786 0.6884792193153467
 57.124688252721334 0.6867460344434821
 57.71069628780861 0.6849326846703949
 58.301559327707394 0.6832058624368306
 58.89729658433192 0.6815159650846121
 59.49792690811023 0.6798627669550896
 60.10346877802825 0.6783154387916985
 60.71394029160429 0.6769656611648427
 61.32935915479634 0.675772951963024
 61.949742671846074 0.6745821060613507
 62.57510773506189 0.6735046570934738
 63.20547081454564 0.6728416918270397
 63.84084794786506 0.6725227484583757
 64.48125472967725 0.6723642036732468
 65.12670630130522 0.6724712128404428
 65.777217340273 0.6728906891858247
 66.43280204980198 0.6729951599737964
 67.09347414827391 0.6719395872283238
 67.75924685866327 0.6691461197189862
 68.43013289794511 0.6641706390903781
 69.10614446648157 0.6569728127430148
 69.78729323739216 0.6478177996375148
 70.47359034591284 0.6370365191688702
 71.16504637874802 0.6241123148378832
 71.86167136342154 0.6080724678161592
 72.56347475763056 0.5879944726847482
 73.27046543860861 0.5631729874872912
 73.98265169250239 0.5338980601484213
 74.70004120376848 0.5012601811622922
 75.42264104459463 0.39362661331980203
 76.15045766435256 0.3041815220233221
 76.88349687908658 0.24350601776762531
 77.62176386104562 0.20145426429292362
 78.3652631282628 0.1704708224713909
 79.11399853419076 0.14654546338987067
 79.86797325739684 0.12745522944918183
 80.62718979132619 0.11185572041407707
 81.39164993413844 0.09887333534490722
 82.16135477862394 0.08791036510362604
 82.9363047022077 0.07854165748141245
 83.7164993570458 0.07045537506393851
 84.50193766022282 0.06341698761533054
 85.29261778405562 0.057246406850040405
 86.08853714651185 0.05180288610416372
 86.88969240174872 0.046974751259908395
 87.69607943078054 0.04267221565426499
 88.50769333228052 0.03882224348861913
 89.32452841352608 0.03536479814179657
 90.14657818149247 0.032250058920745096
 90.97383533410434 0.029436317045504832
 91.80629175165062 0.026888370792451852
 92.64393848837189 0.02457628643197546
 93.48676576422538 0.022474423962240225
 94.3347629568375 0.020560679202222927
 95.18791859364951 0.018815871952094914
 96.04622034426424 0.017223261874988841
 96.90965501300202 0.01576815709631009
 97.77820853167186 0.014437596561216248
 98.65186595256705 0.013220090852231952
 99.53061144169062 0.01210541063432522
 100.41442827222022 0.011084410512825384
 101.3032988182176 0.010148883454927584
 102.19720454859196 9.291440797801509E-3
 103.09612602132283 8.505409472911668E-3
 104.00004287795124 7.784746150956827E-3
 104.90893383834467 7.1239653742004825E-3
 105.82277669574474 6.518076261817209E-3
 106.74154831210272 5.962530034114538E-3
 107.66522461371183 5.453173901062329E-3
 108.59378058714141 4.986211029414315E-3
 109.5271902754804 4.558165809627951E-3
 110.46542677489768 4.165853404961747E-3
 111.40846223152396 3.8063528893483604E-3
 112.35626783866346 3.476983262072557E-3
 113.30881383434 3.1752824639921586E-3
 114.26606949918543 2.8989881410130067E-3
 115.22800315467452 2.6460210645636345E-3
 116.19458216171347 2.414469249212436E-3
 117.16577291958758 2.2025746544212325E-3
 118.14154086527239 2.0087201880650334E-3
 119.1218504731155 1.8314185225082701E-3
 120.10666525489219 1.6693015927948524E-3
 121.09594776024171 1.521111134180506E-3
 122.08965957748676 1.3856898803591005E-3
 123.08776133484332 1.2619737160218334E-3
 124.09021270202219 1.1489841709487085E-3
 125.09697239222898 1.0458218121281765E-3
 126.1079981645641 9.51660013379339E-4
 127.12324682682831 8.657391918787904E-4
 128.14267423873516 7.873615433821356E-4
 129.16623531553534 7.158863161608498E-4
 130.19388403205374 6.507250956882388E-4
 131.22557342714404 5.913378573614538E-4
 132.2612556085603 5.372290791346269E-4
 133.30088175825008 4.879442088437103E-4
 134.34440213806936 4.4306642768775244E-4
 135.3917660959203 4.022136248647921E-4
 136.44292207231461 3.6503563507411156E-4
 137.49781760736081 3.312116848101062E-4
 138.55639934817847 3.0044799385432535E-4
 139.61861305673681 2.7247562590888824E-4
 140.68440361812056 2.4704845720245383E-4
 141.7537150492191 2.2394131725217251E-4
 142.82649050784115 2.029482920140956E-4
 143.9026723022515 1.8388112397849746E-4
 144.98220190112988 1.6656776577565545E-4
 146.06501994394875 1.5085103754156341E-4
 147.15106625176923 1.365873924866131E-4
 148.24027983845081 1.2364577450691164E-4
 149.33259892227434 1.1190658021197269E-4
 150.42796093797221 1.0126068514742897E-4
 151.5263025491648 9.160857009302682E-5
 152.62755966119766 8.285949159777625E-5
 153.7316674343753 7.493074449396599E-5
 154.83856029758817 6.774697463671535E-5
 155.94817196232565 6.123954116591601E-5
 157.06043543707247 5.534594100069827E-5
 158.17528304208033 5.0009275955191723E-5
 159.29264642451107 4.517776601595508E-5
 160.4124565739427 4.0804299684827054E-5
 161.5346438382343 3.6846027548713235E-5
 162.65913793974002 3.3263983302048884E-5
 163.78586799186797 3.002274102845571E-5
 164.9147625159727 2.7090101435034735E-5
 166.04574945857771 2.443680257382855E-5
 167.17875620891535 2.2036252348893663E-5
 168.31370961677947 1.9864293594740907E-5
 169.45053601067897 1.7898978359497116E-5
 170.58916121628507 1.6120367478162094E-5
 171.72951057516257 1.4510345232013363E-5
 172.87150896377414 1.305245102906182E-5
 174.01508081275042 1.1731724189955494E-5
 175.16015012641204 1.053456260821633E-5
 176.30664050253727 9.448593728689053E-6
 177.45447515236114 8.462555859841311E-6
 178.60357692079725 7.5661894867364E-6
 179.75386830687097 6.7501374787099395E-6
 180.9052714843508 6.0058551750522704E-6
 182.05770832257007 5.3255247645777405E-6
 183.21110040742311 4.701978930132104E-6
 184.36536906252737 4.128629224352424E-6
 185.5204353705373 3.5994000866489465E-6
 186.67622019459963 3.1086674729491916E-6
 187.8326441999354 2.6512015514633316E-6
 188.98962787553932 2.2221128093487095E-6
 190.1470915559806 1.8168011521607787E-6
 191.30495544329556 1.4309069402035486E-6
 192.46313962895712 1.0602633353748651E-6
 193.6215641159096 7.008483249226999E-7
 194.78014884065507 3.4873423268828983E-7
 195.93881369537965 3.2731346333221833E-16
