 0.0E+0 0.0E+0
 2.4081732413530443E-3 0.03906823351051312
 7.252831454983636E-3 0.11698580269986114
 0.012154489648549316 0.1951973094434694
 0.017113840129498687 0.27320655995567566
 0.02213142945634381 0.3501419289280844
 0.027208107831214547 0.42495068123789314
 0.03234448254134652 0.49658115651288126
 0.03754122160269889 0.5641114673199937
 0.04279905375995443 0.6268224496152589
 0.04811870775779586 0.6842254460429866
 0.053500973069629476 0.736057482162824
 0.05894639625396735 0.7822556476407094
 0.06445564532676867 0.8229207456337471
 0.07002993486250465 0.858277887687554
 0.07566981141968734 0.88863892772053
 0.0813758822855524 0.9143700391012831
 0.0871487547473354 0.9358651116997782
 0.09299025066674321 0.9535257392370947
 0.09889976275654024 0.9677459655120049
 0.10487850559119768 0.9789020369248782
 0.1109276937451868 0.9873453661726164
 0.11704793450574319 0.993398404816379
 0.12324044244733812 0.997353810662555
 0.12950521756997157 0.9994753046120919
 0.13584347444811475 0.9999999999999999
 0.14225642765623894 0.9991405554513091
 0.14874468448157973 0.9970876871623806
 0.15530885221137277 0.9940119810404899
 0.16195014542008925 0.9900656106323872
 0.16866977868220045 0.9853833519700104
 0.17546775199770633 0.9800836999629127
 0.18234588722831376 0.9742701199894422
 0.18930418437402277 0.9680326313690966
 0.1963450725837758 0.9614504155124302
 0.2034679445703372 0.954593186833214
 0.21067401490817827 0.9475219282178287
 0.21796510545900582 0.9402901935895891
 0.2253418235100555 0.9329449657042028
 0.2328047763485629 0.9255262482102599
 0.24035578583623487 0.9180659318017422
 0.24799485197307147 0.9105892561869888
 0.2557231893335439 0.9031189892499785
 0.26354261977935894 0.8956772024392823
 0.2714537505977523 0.8882841557519348
 0.2794571890759595 0.8809566157793111
 0.28755475707568756 0.8737087575376099
 0.295747061884172 0.8665535477701549
 0.30403531807588396 0.8595037189579484
 0.3124207402252948 0.852571986173905
 0.3209045429068758 0.8457711512579816
 0.3294873334078625 0.8391128607672843
 0.3381709335899617 0.8326065095673595
 0.3469559507404091 0.82625931204629
 0.3558442067209115 0.8200779926485443
 0.3648363088187046 0.8140681211852265
 0.37393347160825957 0.8082315610376863
 0.3831369096640477 0.8025650824058371
 0.39244844484777563 0.7970613836411502
 0.40186929173391494 0.7917121415462951
 0.411400057609701 0.7865115650436134
 0.4210419570496052 0.7814576785867811
 0.4307968119153342 0.776549780725872
 0.44066583678135945 0.7717866022849448
 0.450650246222152 0.7671679989942918
 0.4607512548121832 0.7626958595910626
 0.4709706844131599 0.758374236461579
 0.4813091423123177 0.7542076094180978
 0.49176845037136346 0.750196301768107
 0.502350430452004 0.7463346029532903
 0.513055689841475 0.7426125852458755
 0.5238860504014831 0.7390177676103863
 0.5348427267064999 0.735536962672746
 0.545927540618232 0.7321575322240167
 0.5571417067111506 0.7288693819680591
 0.5684870468469628 0.7256653652934951
 0.579964168312904 0.7225422471251821
 0.5915755002579167 0.7195004562503481
 0.6033228645437078 0.7165391897232495
 0.6152062611702773 0.7136548587119759
 0.6272305484355102 0.7108451900693042
 0.6393945117649352 0.7081101034967416
 0.6516981511585521 0.7054479277319823
 0.6641475394887175 0.7028558106579791
 0.676736603883075 0.7003319533044475
 0.6894774900863369 0.6978772634041521
 0.7023641252261471 0.695492966633845
 0.7154025821748616 0.6931816405177139
 0.7285928609324807 0.690947388985405
 0.7419410343713604 0.6887903593491547
 0.7554410296191446 0.6867058134274131
 0.7690928466758331 0.6846837599506774
 0.7829086312861386 0.6827091049780105
 0.7968883834500609 0.6807687594266576
 0.8110260302952437 0.6788534452156132
 0.8253276446940434 0.6769567355037321
 0.839799299518816 0.67507444173028
 0.8544349218972055 0.673200946215572
 0.8692466575739242 0.6713312988556022
 0.8842284336766159 0.669464932276737
 0.8993802502052805 0.6676032667199396
 0.9147081800322743 0.6657468466689098
 0.9302182960299535 0.6639011062278132
 0.9459045253259618 0.6620783231009896
 0.9617790136650115 0.6602914284092799
 0.9778356881747468 0.6585490292834479
 0.9940745488551673 0.6568571836634114
 1.0105016685786294 0.655225499084169
 1.027123120217489 0.6536597851534645
 1.0439389037717465 0.6521551351018152
 1.0609429463690456 0.6506984481478589
 1.0781534666264547 0.6492776926386723
 1.0955522459269051 0.6478864696001233
 1.113163575759822 0.6465158632272608
 1.1309692375081363 0.6451519601057547
 1.1489874497889172 0.6437823322542854
 1.167212139729808 0.6424050150356804
 1.1856493802031651 0.641028458324439
 1.2042991712089883 0.6396550753578647
 1.223161512747278 0.6382769365602718
 1.242248550562746 0.6368844490606262
 1.2615481389106804 0.6354693929743511
 1.2810784964081494 0.6340246527847346
 1.3008274773104411 0.6325444709009101
 1.3208133002346233 0.6310274180739012
 1.3410238194359846 0.6294809455943957
 1.3614651077868804 0.6279213539121767
 1.3821493110320233 0.6263636578162771
 1.4030703562990574 0.6248107818165536
 1.4242282435879822 0.623264171173249
 1.4456351186435105 0.6217385294593497
 1.4672849085932857 0.620251214761127
 1.4891897591820204 0.6188002967260995
 1.5113435975373588 0.6173692044768401
 1.5337524965316562 0.6159402683307189
 1.5564164561649131 0.6144963403479446
 1.5793476221818423 0.613022085950454
 1.6025338488377305 0.6115197824941405
 1.625993354749647 0.6100117319935058
 1.6497261399175915 0.6085177272534297
 1.6737261314692077 0.6070446712392431
 1.697999402276852 0.6055888359811008
 1.7225580980852368 0.604146978335207
 1.7473961460220055 0.6027142006241641
 1.7725196189595151 0.601265386763426
 1.7979285168977645 0.5997690389812464
 1.8236349855814668 0.5982030809276114
 1.8496329521382657 0.5965497509794956
 1.8759284894405174 0.5948007584565005
 1.902521597488222 0.5929636409769086
 1.9294244220260912 0.5910553338883575
 1.9566369630541258 0.5890908998485264
 1.9841531476999691 0.5870722299826858
 2.0119911945806903 0.5849901765823038
 2.0401450308239326 0.5828459381967271
 2.0686207293020517 0.5806722576078258
 2.0974243628874056 0.5785100995982574
 2.1265559315799924 0.5763744637275346
 2.156015435379813 0.5742501119917796
 2.1858150200315793 0.5720961150407475
 2.2159607584076477 0.5698746119964269
 2.2464405047633064 0.5675740140582265
 2.277272477715623 0.5651909575564461
 2.3084566772645982 0.5627295102783256
 2.3399931034102317 0.5602206146717968
 2.3718878290248794 0.5577044190051085
 2.404146926980898 0.5551983004362016
 2.4367764701506433 0.5527002978742083
 2.46977038566176 0.5502022657303786
 2.5031408192589594 0.5476988664445089
 2.5368938438145973 0.5451816813354601
 2.5710294593286753 0.5426387900555214
 2.605547665801192 0.5400781261724011
 2.640466681849217 0.5375030932206798
 2.675774361728037 0.5348959987668039
 2.7114828511823647 0.5322529488196999
 2.7475921502122004 0.5296094448249475
 2.7841144045622563 0.5269687092791583
 2.8210496142325323 0.5242850169064127
 2.8584038520953845 0.5215486791320713
 2.896183191023169 0.5187728441868187
 2.93438155814353 0.5159646413586542
 2.973017172073536 0.5131378880339639
 3.01208395994083 0.5103048957805486
 3.0515940674901256 0.5074737407915371
 3.0915474947214223 0.5046506340099417
 3.1319503145070757 0.5018386032193748
 3.172808599719443 0.4990085261281516
 3.2141284232308793 0.4960898256071465
 3.2559097850413856 0.49302008175999773
 3.298164830895673 0.4897683644170323
 3.340893560793743 0.4863465718885746
 3.3840959747355947 0.4828276390057981
 3.4277902913382973 0.4792860131079886
 3.4719704377294937 0.47575940995665744
 3.516648559653897 0.47226407649424145
 3.5618246571115066 0.46878230559964884
 3.6075048029746792 0.4652439140661431
 3.6536950701157704 0.4615849888387951
 3.7004015314071372 0.4577878757054597
 3.7476302597211352 0.45383580859507144
 3.7953873279301206 0.44976149558674144
 3.84367880890645 0.4456466631260368
 3.8925047026501227 0.44147632959320615
 3.9418710820334945 0.43715988523327614
 3.99179009280128 0.43261958140884254
 4.042267807825834 0.42787007870320936
 4.093298154234799 0.4229581540044013
 4.144899350645245 0.41791666693660156
 4.197077469929528 0.41277919745485386
 4.249826439215292 0.4075616633203499
 4.303164477119605 0.4023333295866635
 4.357091583642467 0.397102513408077
 4.411613831656236 0.3916856217064048
 4.4667372940332654 0.38589942027349205
 4.522468043645913 0.37977813635780693
 4.578818226238891 0.3734527321078037
 4.635787841812198 0.36699978116888964
 4.693382963238192 0.3605290277833564
 4.751615736261585 0.35408682284737763
 4.810486160882377 0.3475484757322488
 4.870000309972924 0.3407918216154156
 4.930170329277937 0.3338023913915326
 4.991002291669774 0.3266179128475342
 5.052496197148435 0.3191942835048712
 5.1146641914586314 0.31152469308012076
 5.177512347472719 0.3036260187555778
 5.241046738063055 0.2955261693060771
 5.305279508974353 0.28733732587535476
 5.370204587334254 0.27919362540722175
 5.435840191759827 0.27111856195673444
 5.502192395123431 0.2630599530116944
 5.569261197425063 0.2551047750212598
 5.637064817281792 0.247284464905125
 5.705597181821264 0.23952576457315905
 5.774876509660545 0.2317946470405353
 5.844908873671992 0.22405129932095163
 5.915694273855606 0.21635338419253313
 5.987244855956097 0.20880416755310426
 6.059566692845824 0.20151459723561
 6.1326901488865654 0.1945045481362851
 6.206536276737692 0.1876893509371997
 6.281232606718683 0.18100301290340276
 6.356718410105979 0.17437035904306377
 6.433054415623139 0.16772598780001285
 6.510119165823041 0.16122846078509653
 6.588094846876369 0.15513340500358654
 6.666860001336 0.14952735524885343
 6.746475357925497 0.1443834753204432
 6.826940916644858 0.13967559103855706
 6.908256677494084 0.1353856776993121
 6.9904226404731755 0.1314955594751455
 7.073499534305693 0.1280030867615267
 7.157487358991638 0.12489513830548839
 7.242264657083886 0.1221571148990881
 7.328013614753122 0.11975857070812496
 7.414673503275785 0.1176052573167301
 7.502244322651874 0.11563177776496124
 7.59066534415783 0.11387105158707155
 7.680118753964335 0.1123553956516802
 7.770422365900705 0.11109956582662647
 7.861758366137624 0.11005829168655235
 7.9540052972279724 0.1091237291830782
 8.047223887895306 0.1082133743309113
 8.14141413813963 0.10730112497644545
 8.236576047960943 0.1064087503069541
 8.332770346082807 0.10555007278735576
 8.429936303781657 0.10477028041979151
 8.52813464978106 0.10411117428684186
 8.627365384081012 0.10358378984166132
 8.727567777957953 0.10319478814274854
 8.828863288859006 0.10293560579419067
 8.931130459337046 0.10277290850496273
 9.034551475562761 0.10265023334078932
 9.138944151365465 0.10255009059588226
 9.244490672915841 0.1024677148164813
 9.351069582766769 0.10239322441654658
 9.458741609641809 0.10232919487663542
 9.567567482264522 0.1022800369334664
 9.677425743187786 0.10224179558588356
 9.788437849858724 0.10220926677073276
 9.900603802277336 0.10217344356262527
 10.01386287172006 0.1021123808675228
 10.128336515634018 0.10204180375997036
 10.24390327657209 0.10203402647036114
 10.360684611981396 0.10213275035333556
 10.478619793138378 0.10230253286012465
 10.597708820043032 0.10248553638254504
 10.718073150142484 0.10264428041064078
 10.83959132598961 0.10277539222851377
 10.962324076307972 0.10286467628003751
 11.08627140109757 0.10286472297562979
 11.211494029081964 0.10278347392965999
 11.337931231537594 0.10267710246353647
 11.46564373718802 0.10260997665066462
 11.594631546033247 0.10263888537392683
 11.72489465807327 0.10274544667322852
 11.85643307330809 0.10285960301121705
 11.989246791737706 0.10292543266450861
 12.123335813362122 0.10292322590930747
 12.258821595628458 0.10289808822836201
 12.395582681089591 0.10295066364717913
 12.533679798469082 0.10309134715361983
 12.673112947766935 0.10316057431861331
 12.813882128983145 0.10306366390734058
 12.956048070841279 0.10286842853683313
 13.09961077334133 0.10264377233997225
 13.244509507759743 0.10245825202270858
 13.390805002820077 0.10238585918671436
 13.538557987245891 0.10237495780817811
 13.687647003590067 0.10234277638737596
 13.838254238023286 0.10230476306489358
 13.990197504374866 0.10233497503388733
 14.143658988815488 0.10246167091775393
 14.298517233898032 0.10269988557950004
 14.45483296834606 0.10307399648268076
 14.612666920883132 0.10358910585804909
 14.771958362785686 0.10413474738375214
 14.932768022777285 0.10452360226533437
 15.095035172134367 0.10467274944950075
 15.258881268304055 0.10467540442241062
 15.424184853839227 0.10472693033900715
 15.591067386187003 0.10487049831216627
 15.759468136623825 0.10516407056947553
 15.92938710514969 0.10556956448331582
 16.100885020488163 0.10582629016717879
 16.274022611362806 0.10587396360306603
 16.44867842032649 0.10580002624657212
 16.62491317610278 0.10573476298123477
 16.80272687869168 0.10586026795377698
 16.982180256816747 0.10617021606730735
 17.16327331047798 0.10644948812203202
 17.34594531095182 0.1065633211182688
 17.53031771568539 0.10654786575560878
 17.71626906723157 0.10634854506898983
 17.903920823037474 0.10611728616503396
 18.093212254379547 0.10608131432316774
 18.28414336125779 0.10609454486775333
 18.476835601119326 0.10588714553157377
 18.67116751651703 0.105610252404459
 18.867199836174464 0.10539209202507106
 19.064932560091623 0.10526213717354317
 19.264365688268515 0.10510291732147443
 19.4655599494287 0.10503196513033403
 19.668454614848613 0.10528125201135763
 19.87311041325182 0.10568012808024421
 20.07952734463832 0.1058320349362169
 20.287644680284543 0.10570931694540507
 20.497583877637627 0.1057314272090403
 20.709284207973997 0.10586169075040669
 20.92274567129366 0.10567185557014461
 21.13802899632018 0.10528248384605604
 21.35507345432999 0.10469494753962794
 21.57387904532309 0.10408815620590894
 21.794567226746604 0.10358211714456472
 22.017077269876974 0.10327662718062154
 22.241348445990634 0.102821113399767
 22.46750221253471 0.10206476902731831
 22.695477840785645 0.10116795338837112
 22.925275330743424 0.1002547357003492
 23.156955411131626 0.09945483901648856
 23.390457353226675 0.09874659733662161
 23.62584188575215 0.09792262911340904
 23.863048279984464 0.09712735256160453
 24.102197993370761 0.09655112296794556
 24.343169568463917 0.09618208272134311
 24.586084462711045 0.09551842051808951
 24.83088194738859 0.09498232292968034
 25.077501293772986 0.09463438011334958
 25.32606395931136 0.094224688018776
 25.57656994400371 0.09395642362476606
 25.828958519126477 0.09356052977926628
 26.083229684679658 0.09294957439737037
 26.33944416938682 0.09230276029725115
 26.59760197324795 0.09155233924609962
 26.8576423675395 0.09062400588827486
 27.119626080985032 0.08926070682896764
 27.383553113584536 0.08766970677792207
 27.649362736614456 0.08599488067919195
 27.917176407521914 0.08394621743861219
 28.186872668859788 0.08177220341307302
 28.4585729780752 0.07970448628090511
 28.73215587772103 0.07761602632973277
 29.007682096520834 0.0754034101303605
 29.28521236319818 0.07291578539400399
 29.564625220305941 0.0697717343605854
 29.846042125291237 0.06621129540943453
 30.129402349430513 0.06283230736907237
 30.414705892723763 0.059560812635067975
 30.701952755170992 0.05607255362243857
 30.991142936772202 0.05247444502133509
 31.282276437527382 0.048874082160535153
 31.575413986160107 0.04573697169633963
 31.870434125223248 0.0432009682084433
 32.16745831216392 0.04077860736938227
 32.46636508953501 0.0379713871461485
 32.767275914783645 0.03437037709213702
 33.07006933046269 0.030054641732035994
 33.37486679401927 0.026005082844155522
 33.68154684800627 0.022520378107106574
 33.99023094987081 0.019629955630338292
 34.30079764216576 0.017146229650096097
 34.61330765361469 0.014707299445662767
 34.92770025549404 0.012775349989382
 35.24409690525093 0.011271398846248714
 35.56231541671467 9.871789033525072E-3
 35.88253797605594 8.779090999918105E-3
 36.20458239710407 7.697196728136849E-3
 36.52857013730618 6.367436097828095E-3
 36.85450119666226 5.125806507688459E-3
 37.1822541177252 4.223111330573519E-3
 37.51188962921856 3.579503415715603E-3
 37.84340773114232 3.072733416798963E-3
 38.17680842349651 2.658146782607367E-3
 38.512091706281104 2.315377593083156E-3
 38.84919685077256 2.0279854495529174E-3
 39.18818458569442 1.7839316351881808E-3
 39.528933453599584 1.574631784842672E-3
 39.87156491193516 1.3937666506355817E-3
 40.21601823197759 1.2365246724855187E-3
 40.56229341372687 1.0991442040358084E-3
 40.91032972845944 9.78624024242595E-4
 41.260187904898863 8.725303703886517E-4
 41.61180721432159 7.788631129603089E-4
 41.96518765672759 6.95960158483895E-4
 42.3203292321169 6.22426955355265E-4
 42.67723194048949 5.570837763551361E-4
 43.035895781845376 4.989254284162341E-4
 43.39626002746099 4.470899928394711E-4
 43.75826394861277 4.0083427091865922E-4
 44.12202900274785 3.5951431910414156E-4
 44.48749446114265 3.2256969671882356E-4
 44.85459959507363 2.8951080037772745E-4
 45.22334440454077 2.599084381980886E-4
 45.59372888954408 2.333851878303027E-4
 45.96581377880712 2.0960830251113174E-4
 46.3394168861592 1.8828369224868353E-4
 46.71465966904745 1.6915088555828942E-4
 47.09148139874831 1.5197874405428637E-4
 47.46982134653821 1.3656181445379536E-4
 47.84974024114072 1.2271720978715606E-4
 48.23117735383227 1.1028190263949494E-4
 48.61419341333643 9.911040893919142E-5
 48.99860623348251 8.907274997393806E-5
 49.38453727171764 8.005271133995791E-5
 49.77192579931825 7.194628936782077E-5
 50.16077181628434 6.466034305762004E-5
 50.55101459389235 5.811140808646458E-5
 50.94265413214229 5.2224648827140364E-5
 51.33569043103414 4.6932934876785845E-5
 51.730062761844344 4.217601952858353E-5
 52.12577112457292 3.7899818161196754E-5
 52.522815519219854 3.405575792899249E-5
 52.92119594578514 3.0600204391421646E-5
 53.320790946821674 2.7493954089695814E-5
 53.721721979776553 2.47017730830991E-5
 54.123806858479113 2.2191990102153392E-5
 54.527167040376475 1.9936134363959178E-5
 54.9316810680215 1.7908607687244947E-5
 55.337348941414205 1.6086392372777503E-5
 55.74417066055458 1.4448789861410684E-5
 56.152085496719074 1.29771863404006E-5
 56.56115417863124 1.165484186483678E-5
 56.97125524884395 1.0466700661106031E-5
 57.38244943608078 9.399223206829053E-6
 57.7946152828946 8.440232661881405E-6
 58.20781351800896 7.578777502784125E-6
 58.62198341270031 6.805009867498271E-6
 59.037064238245093 6.110073827554953E-6
 59.45311672336686 5.486006401993275E-6
 59.8700194106185 4.925647987541942E-6
 60.287833028723554 4.422561904204352E-6
 60.70649684895849 3.970962407497815E-6
 61.12588941387615 3.5656490173348143E-6
 61.546132180923684 3.201948775547479E-6
 61.96698223520683 2.8756630101255867E-6
 62.38904686396121 2.5830203590124216E-6
 62.81171877995122 2.320634228132111E-6
 63.23439069594123 2.085464493117281E-6
 63.65827718640247 1.8747832209921031E-6
 64.08277096409931 1.6861438156819418E-6
 64.5078720290318 1.517353330905651E-6
 64.93358038119989 1.366447655600488E-6
 65.35928873336798 1.2316693443582885E-6
 65.78621166000731 1.1114476442122366E-6
 66.21313458664663 1.0043808859461731E-6
 66.6412720877572 9.092206548782764E-7
 67.06880230163215 8.248579220343889E-7
 67.49754708997833 7.503109984742821E-7
 67.9262918783245 6.847149577104883E-7
 68.35564395390631 6.273129621091407E-7
 68.78499602948811 5.774493175150483E-7
 69.2143481050699 5.345644211604871E-7
 69.64430746788733 4.981920489051167E-7
 70.07487411794035 4.6795927341787864E-7
 70.50544076799339 4.4359007729170563E-7
 70.9354001308108 4.249140086502675E-7
 71.36657406809947 4.118836991281902E-7
 71.7971407181525 4.0460998980136017E-7
 72.22831465544115 4.033688966301451E-7
