 0.0E+0 0.0E+0
 2.4756914971001483E-4 0.10293889055363904
 7.456180001782157E-4 0.3083702531888365
 1.2495266601998558E-3 0.5147652770706227
 1.7593663015508882E-3 0.7211215560067913
 2.2751931124754863E-3 0.9255763212695539
 2.7970944969090295E-3 1.1257803313848262
 3.325132886233934E-3 1.3192679415811017
 3.8593769549708544E-3 1.5037506515966834
 4.39990162077869E-3 1.6773141147779417
 4.946781801316337E-3 1.8385200791650653
 5.5000986573809345E-3 1.9864293312963536
 6.059908377216656E-3 2.1205697636653026
 6.626279635344158E-3 2.2408728525198644
 7.19933729452827E-3 2.3475975052560333
 7.779137543013162E-3 2.441254105452533
 8.365742812181255E-3 2.5225353786451556
 8.959215533414958E-3 2.592256540715566
 9.559743000861516E-3 2.651306294624534
 0.010167262783138517 2.700606043192104
 0.010781899743010788 2.741076975349837
 0.01140377874324316 2.7736153815526143
 0.012032962215218044 2.799073349946457
 0.012669575021700274 2.81824572037108
 0.013313617162689848 2.831863751076025
 0.013965213500951593 2.8405918952166637
 0.014624488899250342 2.845029364341279
 0.015291505788968509 2.8457108038830294
 0.015966326601488504 2.8431087467030513
 0.016649076199575164 2.8376378835206952
 0.017339879445993314 2.8296635447141684
 0.018038736340742954 2.8195095943003893
 0.018745834177971328 2.8074677252537112
 0.019461172957678435 2.7938041381863265
 0.020185002405393937 2.7787634220913677
 0.020917260089735417 2.762569797937743
 0.021658070873467705 2.74542649298056
 0.022407622050738044 2.727517806761817
 0.023165976052928846 2.709011575156999
 0.023933195311422534 2.6900578073949623
 0.024709467120366344 2.670787910851109
 0.025494791479760282 2.6513138754178067
 0.026289293252369172 2.631729644601427
 0.02709315973234026 2.6121155157028845
 0.027906453351055963 2.592543051559286
 0.02872923653989869 2.573078534504776
 0.029561696593015687 2.553784057004714
 0.030403895941789375 2.53471756753423
 0.03125595944898457 2.51593278735876
 0.03211801197736612 2.4974787509408487
 0.03299017838969884 2.4793979715798752
 0.03387252111736515 2.4617266439555103
 0.03476522745451229 2.444493169476247
 0.03566835983252268 2.4277159294057653
 0.03658210554554356 2.4114026152822956
 0.03750652702495734 2.395551810404875
 0.038441749133528865 2.3801534225150593
 0.03938789673402295 2.3651901763749965
 0.04034515712058684 2.350639924164847
 0.041313655155985375 2.3364774714557787
 0.04229345327160096 2.3226777504061892
 0.043284676330198425 2.309219134917169
 0.044287511625925014 2.296086269765477
 0.04530208402154556 2.2832716918273834
 0.046328518379824885 2.2707746608669707
 0.04736693956352783 2.2585986411900256
 0.048417534866801635 2.246750451268953
 0.04948036672102871 2.2352404813918176
 0.05055562242035631 2.2240774331090302
 0.05164348925893165 2.213262221534631
 0.05274402966813718 2.2027923664489965
 0.053857430942120115 2.192665926275337
 0.05498381794364531 2.1828832858217435
 0.05612337796686 2.1734485969958954
 0.057276235874529 2.164367521616006
 0.058442578960799573 2.1556469444234345
 0.059622469657054123 2.147294122367941
 0.06081615768882231 2.1393101744504563
 0.06202383035025138 2.1316871595153306
 0.06324548764134133 2.124408793897969
 0.06448162901315149 2.1174505437948605
 0.06573212960291702 2.110782103681878
 0.0669969894106379 2.104373103991894
 0.06827683275013832 2.0981961252008094
 0.0695710353075941 2.0922274595094916
 0.07088084571065355 2.0864389444487416
 0.07220563964549252 2.080797602999661
 0.07354604142593514 2.0752781192167937
 0.07490205105198143 2.0698671085000275
 0.07627429283745553 2.0645544199421457
 0.0776621424685333 2.0593285997545045
 0.07906559994521471 2.05417842134038
 0.0804859138951481 2.0490845849217853
 0.08192308431833345 2.04401634398201
 0.0833764869009466 2.0389524419062512
 0.08484674595681171 2.033891713277952
 0.08633448579975292 2.02884555949747
 0.08783908211594608 2.0238295281307485
 0.0893617835330395 2.018851355730202
 0.09090196573720902 2.013906453961425
 0.09245962872845465 2.0089899904406895
 0.09403539682060051 2.0041110333453757
 0.0956298943274708 1.999281357467628
 0.09724249693524131 1.9945083137796517
 0.09887445327156036 1.9897983551522344
 0.10052513902260382 1.9851587110688735
 0.10219455418837169 1.98060213012256
 0.10388332308268809 1.9761465852421673
 0.10559207001937716 1.9718004526209982
 0.10732079499843894 1.9675636369875535
 0.10906887370604927 1.9634376060074312
 0.11083817908368057 1.9594203397034111
 0.11262683818986041 1.9554934781641974
 0.11443734827988537 1.9516193376485264
 0.11626783641228304 1.9477478417147007
 0.11812017552852583 1.9438287642025136
 0.11999374131478961 1.9398334020837366
 0.12188915808489852 1.9357659238963575
 0.12380642583885254 1.9316557810249683
 0.1257455445766517 1.9275404287595696
 0.1277077629259443 1.9234554570851114
 0.129691832259082 1.9194352190159624
 0.13169962551753727 1.915520265199056
 0.13372989407366184 1.9117524841395323
 0.1357845108689281 1.9081570540080607
 0.1378622272756878 1.9047329203189511
 0.13996366760776504 1.9014693972304426
 0.1420900804928082 1.8983448866096077
 0.14424084161699302 1.8953203414055064
 0.14641595098031956 1.8923206858924417
 0.14861665721043615 1.8892700392196644
 0.15084233599351856 1.886124415371613
 0.15309423595721513 1.8828698979852094
 0.15537173278770172 1.8795335629991378
 0.15767545079880246 1.8761764109993854
 0.16000538999051736 1.8728534043438762
 0.16236279899049471 1.8695667123448165
 0.1647464291710862 1.8663075686883305
 0.16715815347376428 1.863103921592042
 0.169597971898529 1.8599929294787298
 0.17206526013155612 1.8569792234395923
 0.17456064248666985 1.8540382787845846
 0.17708536759151846 1.8511559491620914
 0.17963881113227783 1.8483360016922998
 0.18222159742277208 1.845580190874403
 0.18483372646300122 1.842871503050152
 0.18747644688061351 1.8401500735539595
 0.19014913436178487 1.8373521181558436
 0.1928524132203394 1.83445751550371
 0.19558628345627712 1.831475118842878
 0.1983519936972463 1.8284150581463491
 0.20114954394324693 1.8252615099582294
 0.20397830988045492 1.821963712547394
 0.2068401644503427 1.8184685489201248
 0.2097344833390861 1.8147595243758245
 0.21266189086050918 1.8108749287445853
 0.21562301132843625 1.8068703780819304
 0.21861784474286721 1.8028045678109767
 0.2216463911038021 1.7987468530736383
 0.2247098990388892 1.7947572030825358
 0.2278089928619526 1.7908532646684078
 0.23094242394534411 1.7869550955188437
 0.2341120652305361 1.782936719525069
 0.2373179167175286 1.7787730114077993
 0.2405599784063216 1.7745397457719127
 0.24383887461073922 1.7703320171681864
 0.24715522964460567 1.7662014593928858
 0.25050966782174505 1.762190747620981
 0.2539015648283332 1.7583293310457652
 0.25733216929201846 1.754576714104437
 0.2608021055266249 1.7508797831715772
 0.26431137353215267 1.7472226127154664
 0.26785997330860156 1.7436247348202433
 0.2714497777974442 1.740039649230335
 0.2750795383710322 1.736388322275516
 0.27875050365701387 1.7327117257101194
 0.28246267365538924 1.7290884619615134
 0.28621729699380654 1.725537927434705
 0.29001437367226584 1.7220079786886757
 0.2938545280045912 1.7183894020915693
 0.2977383843046068 1.7146141642257142
 0.3016653182584886 1.710760230144929
 0.3056372028077089 1.7070108822324758
 0.30965341363844356 1.703457254375264
 0.31371519937834096 1.7000172069822301
 0.3178225600274011 1.6965682278693918
 0.3219761198994481 1.6930514816404818
 0.326176503308306 1.6893995618985113
 0.33042433456779907 1.6855799734230658
 0.3347196136779273 1.6816130516203573
 0.3390635892663389 1.677555497732096
 0.343456261333034 1.6733469429437448
 0.3478976298780125 1.668844755949203
 0.3523895678427469 1.6640578448700145
 0.356931450913413 1.6591333435041244
 0.3615245277176591 1.6541671749374022
 0.3661687982554852 1.6491310975825155
 0.3708648868407155 1.6439929972712488
 0.3756134177871741 1.6389565386222004
 0.38041501540868516 1.6341913538029158
 0.3852703040190728 1.6295178262340712
 0.39017990793216122 1.6247624453105584
 0.39514445146177457 1.6198919486519933
 0.4001639346079128 1.6148822883864526
 0.4052389816843999 1.6096999663020896
 0.41037084131888457 1.6042854710855465
 0.41556013782519063 1.5984959671425391
 0.42080624688949402 1.592215230861084
 0.42611104145326716 1.5856027196043245
 0.4314751458303343 1.5790659284181525
 0.43689793570687113 1.5725658128624095
 0.44238128402435022 1.5658959780402688
 0.44792519078277154 1.5592486850778344
 0.4535302802959592 1.5526035110416014
 0.45919717687773736 1.545731491092142
 0.46492650484193015 1.5385707617680144
 0.47071951281618595 1.531034072534307
 0.47657620080050466 1.5230592785248664
 0.4824971931087105 1.514769759972219
 0.48848373836845165 1.506156317026095
 0.4945358365797282 1.4973717777409507
 0.5006541120563643 1.4890403895041717
 0.5068398134260084 1.4812443894490974
 0.5130935650024843 1.4733430459210492
 0.5194153667857921 1.4648486207943884
 0.5258064674035803 1.4559747171916905
 0.5322674911696728 1.4469775983456343
 0.5387990623978939 1.4377538578516086
 0.5454024297158919 1.4282517926772841
 0.5520769688098427 1.4186108682830655
 0.5588245526212184 1.4090552906043545
 0.5656458054638436 1.3997805983738944
 0.572540727337718 1.3906406619668567
 0.5795111911843142 1.3813535293340388
 0.5865565726898079 1.3721269600375132
 0.5936787447956716 1.36306480296975
 0.6008783318157296 1.3538732774530304
 0.6081553337499817 1.344470682043186
 0.6155109992260762 1.3350648221545997
 0.6229459525578375 1.3257002852924808
 0.6304633153143859 1.315877192184892
 0.6380549714160079 1.3053421908918851
 0.6457340314530103 1.2945387937307022
 0.6534942522871519 1.283500226784739
 0.6613418770566739 1.2722736511806602
 0.6692644194850935 1.2607038300270352
 0.6772806089871352 1.2481114947091298
 0.6853779592863158 1.234379528139367
 0.693562713520877 1.2201345904154963
 0.7018348716908187 1.2058275699207283
 0.7101944337961408 1.1915267213300837
 0.7186413998368436 1.1775641398619116
 0.7271820129511682 1.1640156007534923
 0.735816273139115 1.150478689181076
 0.7445316941242007 1.136629865722056
 0.7533470053211498 1.122975472721708
 0.762255963591721 1.1093722137885342
 0.7712585689359142 1.0949068976328981
 0.7803485782154879 1.0797462381056888
 0.7895447208451664 1.0641993752812817
 0.7988282674102255 1.0478028014677578
 0.8082179473253894 1.0305243802082322
 0.8177012743141755 1.0128466178506227
 0.8272844915148249 0.9943948165083417
 0.8369675989273376 0.9756234952639448
 0.846750596551714 0.9569686936321733
 0.8566397275261953 0.9375382685421424
 0.8666287487125399 0.9173277832397168
 0.8767239032489895 0.8967599544045011
 0.886925191135544 0.8760846741609304
 0.897226369233962 0.8555494383282405
 0.9076399238207264 0.8348422136096697
 0.9181533686193541 0.8136141639117384
 0.9287854330445698 0.7917382096077779
 0.9395173876816489 0.7696878553307172
 0.9503679619453157 0.7478674719065055
 0.9613246695590876 0.7260937181731968
 0.9723937536612057 0.7038997995009403
 0.9835814573899118 0.6805754634778096
 0.9948752944687227 0.6564693898097802
 1.0062877511741215 0.632294355341106
 1.0178188275061081 0.6082005292642583
 1.0294622803264412 0.5844825507517084
 1.0412305959116034 0.5612685459234757
 1.053111287985112 0.5380907998773974
 1.0651168428234503 0.5147933769045866
 1.0772410172883761 0.4920358336851627
 1.0894838113798896 0.4699516492175013
 1.1018577113744743 0.448813906020989
 1.1143502309956465 0.42813851738298797
 1.1269676133816481 0.4074182266031682
 1.1397098585324791 0.3873486643911262
 1.1525832095863808 0.3684439745706126
 1.1655814234051118 0.3498880865017254
 1.1787107431269137 0.3316687246602026
 1.1919711687517862 0.3145795743887998
 1.2053627002797295 0.29961223570949
 1.2188853377107435 0.28672346693502126
 1.2325390810448284 0.2753771853635522
 1.2463239302819841 0.26546427354986346
 1.2602523716986935 0.25661561227048546
 1.2743119190184735 0.24819357009008377
 1.288508815379566 0.24026629910488125
 1.3028430607819707 0.23305819160699817
 1.3173146552256875 0.2266380613517282
 1.331929841848958 0.2212805666254906
 1.3466886206517825 0.21678801245126191
 1.361584748495919 0.21316801165522883
 1.3766244685196091 0.21005402095790665
 1.3918140238610943 0.20717178002296193
 1.407140928243892 0.20458507959278807
 1.4226239110827263 0.2024557699377746
 1.4382442429628727 0.20082234656338374
 1.4540206532990558 0.1994360249974277
 1.4699406558147927 0.19826570984182531
 1.486010493648325 0.19714503146558112
 1.5022364099378933 0.19604310474250147
 1.5186121615452572 0.19525243162572486
 1.5351439916086575 0.19478470121376623
 1.5518256569898534 0.1946790273904345
 1.5686696439653271 0.1949314950625959
 1.585663466258596 0.19549367231331485
 1.6028196101461427 0.19618972382345944
 1.6201318324897264 0.19685690654184967
 1.6376001332893466 0.19755543389541035
 1.6552307556832448 0.1984218184573002
 1.673029942809663 0.1994726396617507
 1.6909852083921177 0.20044474747757848
 1.70910279556885 0.2009412486517696
 1.727382704339861 0.2007817433740232
 1.7458311778433912 0.20013144221178147
 1.7644482160794412 0.1993880696370683
 1.783227575909769 0.19876634875390666
 1.802181743610858 0.19820676578889784
 1.8212982329062252 0.1976809072378361
 1.8405895300723538 0.19735257221216337
 1.8600493919710012 0.1974092799713811
 1.8796778186021685 0.1977914561828862
 1.8994872962423385 0.19830760983472661
 1.9194653386150277 0.19872495004389764
 1.9396181888584782 0.19872679660581482
 1.9599458469726895 0.19835476246320282
 1.980448312957662 0.19785745022831782
 2.001131829951637 0.1973293505776822
 2.021990154816373 0.1969833319096059
 2.043029530690111 0.19689364818101126
 2.0642499575728523 0.1969059067587236
 2.0856451923263543 0.19682725826527874
 2.1072277212271006 0.19656520347293426
 2.128991301136849 0.19616159081246792
 2.1509359320556 0.19562276895187583
 2.1730678571215946 0.194967590522963
 2.1953808331965922 0.19418307698441475
 2.217874860280592 0.19309800420431985
 2.2405624246500774 0.1917594095502375
 2.2634372831668065 0.19074802864719203
 2.2864931926925384 0.19034554095636496
 2.3097426395037556 0.1902277322277165
 2.333179380462217 0.1900593096586285
 2.356803415567922 0.18951269751087423
 2.3806209879591126 0.18826255128219682
 2.404625854497547 0.18654551382912293
 2.4288242583214674 0.18484160895232043
 2.453209956292631 0.18359982500784677
 2.477795434687522 0.18284559301715003
 2.502568207229657 0.18206881557552354
 2.5275407601955186 0.18094315075783723
 2.552706850446866 0.17954992212664902
 2.5780602348454566 0.17812657913517301
 2.603613399667775 0.17678084882698508
 2.62936634491382 0.17546865070610481
 2.65531282744535 0.17423799165521744
 2.6814528472623657 0.1729642735267109
 2.7077926475031084 0.17160253259796334
 2.734332228167578 0.17010800885038276
 2.7610653461175327 0.16865014549084142
 2.787998244491215 0.1674109940054003
 2.8151309232886232 0.16623029635532637
 2.8424571393715174 0.16494158762299523
 2.86998937901638 0.16292558685607594
 2.8977151559467282 0.1597384807477783
 2.9256469564390443 0.156098828282837
 2.9537722942168462 0.15271227750213353
 2.9820974124183745 0.14963130708130406
 3.0106285541818715 0.1467215745417758
 3.0393532332308543 0.14376394334730954
 3.068283935841805 0.14086461947369324
 3.0974144188764825 0.1381680871083532
 3.126744682334887 0.1356088203116359
 3.1562747262170183 0.1329510872792476
 3.186004550522877 0.12993207030569742
 3.2159341552524622 0.12589484752480853
 3.2460697835440157 0.12066293239377507
 3.276398949121055 0.11474022915637913
 3.3069341382600625 0.10837584914153982
 3.337662864684555 0.10221562687268403
 3.3685976146710165 0.09675629635784366
 3.3997259019429626 0.09214730968141796
 3.4310602127768774 0.08735152039502977
 3.462588060896278 0.08154180573489299
 3.4943219325776473 0.07541571425668774
 3.526249341544501 0.06974970191905674
 3.558376530935082 0.06448433583338518
 3.5906972576111484 0.05933596292381911
 3.6232240078491835 0.054373723136134435
 3.6559380522344624 0.049856206642474885
 3.6888581201817096 0.045487361706083535
 3.7219654822762002 0.04098299966441005
 3.755272624794419 0.03661163063637895
 3.788779547736364 0.03292584917906804
 3.8224737648255526 0.030219824326873697
 3.856361519200227 0.02784122136001517
 3.8904428108603865 0.025462215501302867
 3.924717639806032 0.022964542365553286
 3.9591860060371626 0.020454444764883894
 3.9938416664155367 0.018085509059056016
 4.028690864079397 0.016116602410095142
 4.063721112752259 0.014688538458755738
 4.098944898710608 0.013874745717469543
 4.1343559788162 0.013069155691882677
 4.169954353069035 0.011636697650306503
 4.205733778330873 9.944863496391775E-3
 4.241700497739956 8.445567056485912E-3
 4.277848268158041 7.2399011994379305E-3
 4.314177089585128 6.238918306634344E-3
 4.350686962021218 5.316415807907141E-3
 4.38737788546631 4.494588068133845E-3
 4.424249859920405 3.820011838007933E-3
 4.4612966422452604 3.278243928392842E-3
 4.498511989302636 2.8369277760060254E-3
 4.535908387369014 2.4705931394267883E-3
 4.573479593306153 2.1618952420070732E-3
 4.6112193639758114 1.898831423572628E-3
 4.649127699377989 1.6727385885705245E-3
 4.687204599512687 1.4771263064461042E-3
 4.7254563075181454 1.3069864271013475E-3
 4.763864093979641 1.158363739724656E-3
 4.802440445173656 1.0280758853311781E-3
 4.841179117961949 9.135231168359193E-4
 4.880073869206278 8.125547464648902E-4
 4.9191309420448865 7.23372634903709E-4
 4.95834409333953 6.444599381796935E-4
 4.997719566228453 5.74527183134381E-4
 5.037238631296929 5.12470953119329E-4
 5.076913774821442 4.573416574259512E-4
 5.11673875366375 4.0831803278372773E-4
 5.156713567823853 3.646867593827345E-4
 5.196831974163509 3.2582593746901573E-4
 5.237093972682721 2.9119163242605233E-4
 5.277499563381484 2.603067033646735E-4
 5.318042503121561 2.3275163792935155E-4
 5.35872279190295 2.0815671161011998E-4
 5.399540429725651 1.8619551433017095E-4
 5.4404954165896635 1.6657937844303792E-4
 5.481575266218506 1.4905265114743013E-4
 5.522792464888661 1.3338862240742745E-4
 5.564128283185403 1.1938603637722279E-4
 5.6055952073852175 1.0686604096108982E-4
 5.647180751211618 9.566957136077736E-5
 5.688884914664607 8.56550524922708E-5
 5.730707697744184 7.66963769495995E-5
 5.772642857312107 6.868116957435163E-5
 5.814696636506619 6.150922567962517E-5
 5.856856549051234 5.5091158612755774E-5
 5.899128838084197 4.934719717019537E-5
 5.941501017329022 4.4206126232921715E-5
 5.983979329923954 3.960435140778727E-5
 6.026557532730747 3.54850659011221E-5
 6.069229382611164 3.179751290878205E-5
 6.112001122703443 2.8496336934703532E-5
 6.154860266731103 2.5540995647925965E-5
 6.197813057832385 2.2895248872533736E-5
 6.240853252869049 2.052669547663644E-5
 6.283968365564609 1.8406365402965317E-5
 6.327170882195549 1.6508354538513E-5
 6.370435830208904 1.4809499535858943E-5
 6.413825640987088 1.3289088263431495E-5
 6.457277883147689 1.1928600791479862E-5
 6.500730125308288 1.0711479944694506E-5
 6.544307230233717 9.62292355065111E-6
 6.58794676654156 8.649703680295267E-6
 6.631648734231818 7.78000051141155E-6
 6.675413133304491 7.003257719463156E-6
 6.719177532377163 6.310052009633011E-6
 6.763066794214665 5.691977464693481E-6
 6.806956056052166 5.1415429729775635E-6
 6.850970180654498 4.6520816304972214E-6
 6.894921873874416 4.2176712581609345E-6
 6.9389984298591604 3.833065664031803E-6
 6.983074985843906 3.4936363717512926E-6
 7.027213973211068 3.1953251204864465E-6
 7.071352960578228 2.9346080334595323E-6
 7.1154919479453875 2.7084719342334016E-6
 7.159693366694964 2.5144064825819302E-6
 7.203957216826953 2.3504120824447604E-6
 7.248221066958943 2.215031848930528E-6
 7.292422485708518 2.1074129993369795E-6
 7.3367487672229234 2.0274273492111376E-6
 7.381012617354913 1.975898324557979E-6
 7.425338898869318 1.954266213656961E-6
 7.469602749001307 1.9577991168834463E-6
