 0.0E+0 0.0E+0
 0.0132463650421972 7.7149445E-3
 0.039894826249403894 0.023240773
 0.06685682077250853 0.038954176
 0.09413615670846531 0.054856602
 0.12173584044960656 0.070948865
 0.1496605486062269 0.087231021
 0.17791362161425111 0.10370227
 0.20649873395319642 0.12036088
 0.23541989414617256 0.13720414
 0.26468111071628924 0.15422826
 0.2942867262302486 0.1714284
 0.324239747080383 0.18879863
 0.3545438477462096 0.20633195
 0.38520570909957796 0.22402033
 0.41622833753282034 0.24185479
 0.4476150734818616 0.25982547
 0.4793692573826263 0.27792173
 0.5115009105428888 0.29613227
 0.5440066925267246 0.31444525
 0.5768932842059828 0.33284834
 0.6101673664525132 0.35132884
 0.6438322797022404 0.36987375
 0.6778947048270141 0.38846988
 0.7123546418268342 0.40710383
 0.7472187715735501 0.42576202
 0.7824937749390114 0.44443067
 0.8181829923591429 0.46309571
 0.8542897642698695 0.48174272
 0.8908207715430405 0.50035677
 0.9277826950505054 0.5189223
 0.9651755347922644 0.53742297
 1.0030093120760916 0.55584149
 1.0412840269019871 0.57415949
 1.08001304101365 0.5923574
 1.1191930139751553 0.61041431
 1.1588306266583525 0.62830801
 1.1989359003710164 0.64601489
 1.2395121755490712 0.66351007
 1.280562792628442 0.6807675
 1.3220977729169027 0.69776011
 1.3641171164144538 0.71446004
 1.4066275039929445 0.73083891
 1.449638956960149 0.74686806
 1.4931548157519924 0.76251892
 1.5371784208043992 0.77776337
 1.5817197934251436 0.79257412
 1.6267822740501507 0.806925
 1.6723725435512695 0.82079141
 1.71849728280035 0.83415053
 1.7651631726692418 0.84698173
 1.8123735535938692 0.85926681
 1.8601384468820068 0.87099026
 1.908461192969579 0.88213957
 1.9573518131643605 0.89270538
 2.006813647902276 0.90268164
 2.056853378055175 0.9120658
 2.107477684494907 0.92085876
 2.1586965885292452 0.92906494
 2.2105167710300412 0.93669209
 2.2629415724332182 0.94375124
 2.3159776736106265 0.95025647
 2.36963509587004 0.95622475
 2.4239205200833082 0.96167552
 2.4788406271222807 0.96663046
 2.534402097858807 0.97111308
 2.5906149536006615 0.97514835
 2.647482534783769 0.97876235
 2.705014862715904 0.98198192
 2.7632219587048396 0.98483428
 2.822107163186502 0.98734669
 2.8816804974686642 0.98954605
 2.9419486424231773 0.99145867
 3.0029216193578145 0.99310994
 3.064606109144425 0.99452419
 3.1270121330907842 0.99572452
 3.190143031632816 0.99673269
 3.2540121665142187 0.99756908
 3.3186295590427685 0.99825268
 3.3839952092184644 0.99880106
 3.4501358405287043 0.99923045
 3.5170447721016393 0.99955571
 3.5847220039372684 0.99979041
 3.6532009403948406 0.99994685
 3.722448177115107 1.0000361
 3.7925305228165635 1.0000681
 3.8634145731399622 1.0000518
 3.9351337324445512 0.99999504
 4.0076880007303294 0.99990495
 4.081110782356546 0.99978777
 4.155368672963951 0.99964905
 4.230461672552547 0.99949369
 4.306456589840828 0.99932599
 4.383353424828794 0.99914972
 4.461118773157197 0.99896817
 4.5397860391852864 0.99878417
 4.619388627272307 0.99860023
 4.699893133059013 0.99841846
 4.7813663652639 0.9982407
 4.863774919527719 0.99806849
 4.947118795850471 0.99790312
 5.031431398591404 0.99774568
 5.116746132109764 0.99759706
 5.203029592046304 0.99745794
 5.29034858711952 0.99732889
 5.378669712970164 0.99721027
 5.467992969598236 0.99710236
 5.558351761362983 0.99700531
 5.649779492623653 0.99691916
 5.742276163380247 0.99684388
 5.835808369273516 0.99677936
 5.930476323381203 0.99672542
 6.026179812625565 0.9966818
 6.1230524544435924 0.9966482
 6.220994035757545 0.99662425
 6.3201047696451615 0.99660955
 6.4203512517471974 0.99660367
 6.5217668864229 0.99660614
 6.624351673672266 0.99661649
 6.728105613495299 0.99663421
 6.833095514610494 0.9966588
 6.939254568299354 0.99668974
 7.046682987639622 0.99672652
 7.155313963912804 0.9967686
 7.265247710196642 0.99681545
 7.376417417772642 0.99686651
 7.488856491000051 0.99692123
 7.6026317385973625 0.99697905
 7.7177097562053305 0.99703941
 7.8340905438239545 0.99710177
 7.951840910171732 0.99716564
 8.07092745088941 0.99723056
 8.191416974695489 0.99729611
 8.31327607723072 0.99736193
 8.43653816285435 0.99742771
 8.561203231566378 0.99749315
 8.6873380920853 0.99755798
 8.814875935692621 0.99762191
 8.943916975466085 0.9976847
 9.074461211405689 0.99774611
 9.206475239152189 0.99780593
 9.33999246306483 0.99786396
 9.475079691862108 0.99792009
 9.611703521184776 0.9979742
 9.749897355392081 0.99802624
 9.889661194484022 0.99807616
 10.031061847179096 0.99812394
 10.174065909118054 0.99816959
 10.318706784660145 0.9982131
 10.464984473805368 0.9982545
 10.612965785272218 0.9982938
 10.762650719060696 0.99833103
 10.914005870811552 0.99836621
 11.067131453602535 0.99839938
 11.22199406307439 0.9984306
 11.378627103586366 0.99845994
 11.537063979497715 0.9984875
 11.697304690808432 0.9985134
 11.859349237518522 0.99853783
 12.023264428346474 0.99856099
 12.189083667651541 0.9985831
 12.356740146715225 0.9986044
 12.52633407861527 0.99862509
 12.697865463351675 0.99864533
 12.871334300924442 0.99866527
 13.046773995692813 0.998685
 13.224217952016044 0.99870464
 13.403699574253377 0.99872431
 13.585185458045567 0.99874414
 13.768742412111107 0.99876428
 13.954403840809245 0.99878482
 14.142169744139983 0.99880578
 14.332040122103317 0.99882716
 14.524115187776996 0.99884896
 14.718328132442519 0.9988713
 14.914745764818383 0.99889429
 15.113368084904588 0.99891798
 15.31426190141963 0.99894224
 15.517427214363511 0.9989667
 15.722897428095473 0.99899087
 15.930705946974767 0.99901422
 16.14081936664215 0.99903628
 16.35333790017535 0.99905675
 16.568228143215137 0.99907541
 16.785556904479996 0.99909221
 17.005324183969932 0.99910725
 17.22756338604419 0.99912085
 17.452307915062014 0.99913353
 17.679591175382654 0.99914588
 17.909413167006118 0.99915844
 18.14184069865089 0.99917157
 18.376873770316972 0.99918543
 18.61451238200437 0.99919985
 18.854856746790826 0.99921436
 19.097873460317085 0.99922831
 19.34362933130165 0.99924119
 19.592124359744516 0.99925266
 19.843391950004935 0.99926251
 20.09746550644215 0.99927044
 20.35437843341541 0.99927578
 20.614164135283964 0.99927762
 20.87685601640706 0.9992751
 21.142487481143945 0.99926764
 21.411058529494614 0.99925494
 21.68260256581832 0.99923685
 21.95718639883356 0.99921338
 22.23484343289958 0.9991847
 22.51554026365713 0.9991512
 22.79937710418395 0.99911347
 23.086387358839296 0.99907236
 23.376537623263914 0.99902901
 23.66992811053555 0.99898482
 23.966558820654203 0.99894121
 24.26646315797912 0.99889911
 24.569674526869548 0.99885859
 24.876226331684733 0.99881905
 25.186185381143182 0.99877983
 25.499551675244877 0.99874067
 25.816358618349077 0.99870165
 26.136673019174278 0.99866267
 26.46049487772047 0.99862314
 26.787857598346914 0.99858203
 27.118827989772096 0.9985382
 27.453439456355262 0.99849071
 27.79169199809642 0.99843906
 28.13365242371406 0.99838344
 28.47935413756743 0.99832465
 28.828830544015776 0.99826388
 29.182148451777603 0.99820257
 29.539274456493654 0.99814185
 29.90030877124167 0.99808156
 30.265284800380904 0.99801973
 30.634202543911353 0.9979536
 31.00716221491076 0.99788156
 31.384130409019881 0.99780423
 31.765207339316457 0.99772427
 32.15042641015974 0.99764592
 32.53978762154971 0.99757481
 32.93335778220489 0.99751606
 33.331170296484515 0.99747127
 33.733392186184815 0.99743789
 34.13958919463558 0.99741134
 34.55046281338101 0.99738729
 34.96567899882863 0.99736285
 35.385571794570914 0.99733704
 35.809473113422903 0.99731093
 36.23838508616204 0.99728762
 36.67163962560336 0.99727104
 37.10957077533934 0.99726458
 37.55217853536999 0.99727105
 37.999462905695295 0.99729219
 38.451423886315275 0.99732771
 38.90839552082239 0.99737574
 39.37037780921664 0.99743288
 39.83670266431308 0.99749397
 40.30837221688913 0.99755346
 40.785052423352325 0.99760619
 41.26674328370266 0.9976477
 41.75311075434767 0.99767644
 42.24515696606475 0.99769547
 42.7418797880765 0.99771081
 43.24428135116034 0.99772836
 43.75169356813133 0.99775121
 44.26445048258192 0.99777717
 44.782552094512134 0.99779847
 45.30599840392197 0.99780888
 45.83512345440389 0.99780872
 46.36959320236542 0.99780077
 46.909741691399055 0.99778897
 47.45556892150477 0.99777677
 48.00674084909011 0.99776282
 48.563925561340013 0.99774504
 49.12645497106953 0.99772148
 49.695331209056085 0.99768697
 50.269552144522265 0.99763695
 50.850119908245474 0.99756733
 51.43636641304079 0.99747552
 52.02862570250067 0.99736786
 52.62723182021758 0.99725724
 53.231516679006595 0.9971554
 53.84214836605265 0.99706896
 54.45912688135575 0.99700342
 55.082118181323416 0.99696707
 55.7117903531406 0.99696727
 56.347475309622353 0.99701
 56.989841137953625 0.99709644
 57.63855379454194 0.99721237
 58.293613279387294 0.99733427
 58.95568767967465 0.99745024
 59.62410890821904 0.99756066
 60.29921100861296 0.99766606
 60.98099398085639 0.99777159
 61.66979186854182 0.99788975
 62.36527062807677 0.99803057
 63.067764303053714 0.99819995
 63.777272893472655 0.99840369
 64.49379639933359 0.99864285
 65.21733482063651 0.99890135
 65.94788815738144 0.99915561
 66.68545640956836 0.99938879
 67.43070766438223 0.99958118
 68.18297383463809 0.99971028
 68.94258896392841 0.99977866
 69.70955305225323 0.99981785
 70.4838660996125 0.99985074
 71.26586214959872 0.99988015
 72.0555412022119 0.99990711
 72.85256921385954 0.99993085
 73.65728022813413 0.99995374
 74.47000828862812 0.99997731
 75.29008530815662 1.0000042
 76.11851341749698 1.0000245
 76.95429048587184 1.000033
 77.79841864405859 1.0000424
 78.65022980487228 1.0000789
 79.51005801190541 1.0001733
 80.37823730875043 1.00032
 81.25443365181488 1.0004914
 82.13898108469122 1.0006587
 83.03154556378699 1.000804
 83.93279517628713 1.0009316
 84.84206183500669 1.0010464
 85.76001362713062 1.0011409
 86.68631650906646 1.0012175
 87.6209704808142 1.001266
 88.5643095859663 1.0012569
 89.51666786811528 1.0011661
 90.47737724007614 1.001004
 91.44677174544135 1.000808
 92.42485138421098 1.0006078
 93.41195019997744 1.0004303
 94.40806819274074 1.0002858
 95.41287131890843 1.0001505
 96.42702766566545 1.0000256
 97.44986914582684 0.99993183
 98.48206384657756 0.99989307
 99.52327772432513 0.99993055
 100.57351077906954 0.99999621
 101.63343109799577 1.0000396
 102.70237059391884 1.0000687
 103.78066331043124 1.0000622
 104.86830924753296 0.99998795
 105.96530840522401 0.99986399
 107.07199482709687 0.99973862
 108.18803446955904 0.99963709
 109.31376137620303 0.99955079
 110.44917554702883 0.9995013
 111.59394293844393 0.99950374
 112.74873163763334 0.99953662
 113.91320760100453 0.99959851
 115.08737082855752 0.99967901
 116.27155536388481 0.99974354
 117.46542716339388 0.99977487
 118.66898622708477 0.99974131
 119.8829006421424 0.99960944
 121.10683636497431 0.99941609
 122.34045935198804 0.99920665
 123.58443769036852 0.99903054
 124.83843733652328 0.99893416
 126.1024582904523 0.99893786
 127.3768345957481 0.99905417
 128.66123220881814 0.99918419
 129.955985173255 0.99921032
 131.26075944546607 0.99915738
 132.5762231126364 0.99907791
 133.90170808758102 0.99898069
 135.23788245748485 0.99887438
 136.58441217875545 0.9987387
 137.94096320780033 0.99857376
 139.30820363180444 0.99844742
 140.68613345076775 0.99833843
 142.07441862109786 0.99820958
 143.4730591427947 0.99805091
 144.8823890594508 0.99788728
 146.30240837106606 0.99756869
 147.73278303404813 0.99746238
 149.17384709198944 0.99645268
 150.62560054488994 0.99747078
 152.08770934915722 0.99619296
 153.5608415919762 1.0012401
 155.04432918616194 1.0058183
 156.5388402188994 1.0043522
 158.0437066030036 1.0027714
 159.559262382067 1.0013379
 161.08584159968216 1.0005823
 162.62277616866404 1.0002122
 164.17073417619764 1.0000258
 165.72938157869046 0.99992467
 167.29871837614251 0.99986694
 168.87874456855382 0.9998336
 170.46946015592436 0.99981496
 172.0708651382541 0.99980558
 173.68329355913556 0.99980224
 175.3060773313838 0.99980292
 176.9398845421837 0.99980633
 178.58404710435036 0.99981163
 180.23923310506876 0.99981823
 181.90477445715387 0.99982575
 183.58133924779073 0.99983391
 185.2682593897943 0.99984252
 186.96620297034965 0.99985144
 188.6745019022717 0.99986057
 190.39349022915297 0.99986985
 192.122833907401 0.99987923
 193.86320102420077 0.99988867
 195.61358944877483 0.99989815
 197.37500131190054 0.99990764
 199.14643448280054 0.99991715
 200.92855704865982 0.99992666
 202.7213690094783 0.99993617
 204.52420227807104 0.99994567
 206.33739089803054 0.99995518
 208.16093486935682 0.99996468
 209.99483419204983 0.99997419
 211.83908886610961 0.99998371
 213.69336484794365 0.99999324
 215.55799618114446 1.0000028
 217.4323147785271 1.0000124
 219.31698872727645 1.000022
 221.2116839838001 1.0000316
 223.11640054809802 1.0000413
 225.03080437657771 1.0000511
 226.95522951283174 1.0000609
 228.88934191326757 1.0000707
 230.83314157788515 1.0000807
 232.7866285066846 1.0000907
 234.74980269966582 1.0001008
 236.7226641568288 1.000111
 238.70487883458116 1.0001213
 240.69611268933036 1.0001318
 242.69703380826138 1.0001423
 244.7073081477817 1.000153
 246.72660166429886 1.0001639
 248.75491435781287 1.0001749
 250.7922462283238 1.000186
 252.83893131942397 1.0001974
 254.89396750033606 1.0002089
 256.95802285824504 1.0002206
 259.03076334955835 1.0002325
 261.1118549306836 1.0002447
 263.20163164521324 1.0002571
 265.2997594495547 1.0002697
 267.40657238730057 1.0002826
 269.52106832767344 1.0002958
 271.64391535785813 1.0003093
 273.7747794342623 1.0003231
 275.9136605568859 1.0003372
 278.0602246821364 1.0003517
 280.2144718100139 1.0003665
 282.37640194051823 1.0003817
 284.54568103005715 1.0003973
 286.72230907863053 1.0004133
 288.9062860862383 1.0004298
 291.0976120528806 1.0004467
 293.29561889137244 1.0004642
 295.50097468889873 1.0004821
 297.7126773146821 1.0005007
 299.9313948559074 1.0005197
 302.15645922538976 1.0005394
 304.3878704231292 1.0005598
 306.6256284491256 1.0005808
 308.86939925978663 1.0006025
 311.1195168987047 1.0006249
 313.3753132786949 1.0006482
 315.6371224433496 1.0006722
 317.90427630548396 1.0006972
 320.1771089086904 1.0007231
 322.4552862093764 1.0007499
 324.7384741639496 1.0007778
 327.02700681600236 1.0008068
 329.32021607834985 1.0008369
 331.61843599458444 1.0008682
 333.92133252111375 1.0009008
 336.2282375707527 1.0009348
 338.53981923068636 1.0009702
 340.85474132654474 1.0010071
 343.17634429425265 1.0010457
 345.50128769788534 1.0010859
 347.8262311015181 1.001128
 350.15785537700025 1.0011721
 352.49282008840714 1.0012182
 354.8311252357389 1.0012666
 357.1727708189954 1.0013173
 359.51441640225186 1.0013706
 361.8627428573579 1.0014266
 364.21106931246384 1.0014855
 366.56607663941935 1.0015476
 368.9177435304502 1.0016131
 371.2760912933304 1.0016822
 373.6344390562107 1.0017554
 375.9961272550158 1.001833
 378.35781545382076 1.0019155
 380.7195036526258 1.0020033
 383.08453228735567 1.002097
 385.45290135801013 1.0021974
 387.8212704286647 1.0023054
 390.18629906339452 1.0024222
 392.5580085699739 1.0025492
 394.9263776406284 1.0026885
 397.2980871472077 1.0028428
 399.6664562178623 1.0030328
