 0.0E+0 0.4284384299653081
 9.148066714171128E-3 0.43347832481959885
 0.018403745843883954 0.4385771629972738
 0.02776829595376985 0.443735625719955
 0.03724299015398273 0.448954401893218
 0.046829116264267743 0.4542341881796916
 0.05652797697959072 0.45957568908952523
 0.06634089003769938 0.46497961705710133
 0.07626918838832246 0.4704466925336842
 0.08631422036434705 0.4759776440633983
 0.09647734985461838 0.48157320837588263
 0.10675995647871774 0.48723413046805846
 0.11716343576348656 0.492961163695336
 0.12768919932149774 0.4987550698591687
 0.1383386750313966 0.5046166192917533
 0.14911330722005028 0.5105465909522641
 0.16001455684675192 0.5165457725122752
 0.17104390168924885 0.5226149604498266
 0.18220283653177932 0.5287549601406353
 0.19349287335505657 0.5349665859521692
 0.20491554152826196 0.5412506613333896
 0.21647238800295384 0.5476080189182593
 0.22816497750918687 0.5540395006104044
 0.239994892753439 0.5605459576866189
 0.2519637346187482 0.5671282508923886
 0.2640731223668894 0.5737872505360091
 0.2763246938425604 0.5805238365963589
 0.28872010567986944 0.5873388988119972
 0.3012610335107249 0.5942333367882225
 0.3139491721755112 0.601208060094791
 0.3267862359358511 0.6082639883737624
 0.33977395868967025 0.615402051434309
 0.3529140941882871 0.6226231893612737
 0.36620841625582 0.6299283526237192
 0.3796587190109121 0.6373185021683115
 0.3932668170904504 0.6447946095401723
 0.4070345458758655 0.6523576569798673
 0.4209637617215015 0.6600086375348442
 0.43505634218536615 0.6677485551701964
 0.44931418626224545 0.6755784248750206
 0.46373921461908956 0.683499272773902
 0.47833336983277896 0.6915121362412239
 0.49309861663033155 0.6996180640097942
 0.5080369421314288 0.707818116286575
 0.5231503560934136 0.716113364864896
 0.5384408911586833 0.7245048932388155
 0.5539106031045253 0.7329937967246986
 0.5695615710955482 0.7415811825668439
 0.5853958979383683 0.7502681700678375
 0.60141571033908 0.7590558906956048
 0.6176231591630108 0.7679454882086236
 0.6340204196971512 0.7769381187761061
 0.6506096919151497 0.786034951095175
 0.6673932007448109 0.7952371665132433
 0.6843731963382048 0.8045459591568116
 0.7015519543445285 0.8139625360443729
 0.718931776185377 0.8234881172181239
 0.7365149893328263 0.8331239358655527
 0.7543039475901144 0.8428712384490517
 0.7723010313750874 0.852731284824477
 0.7905086480061793 0.8627053483780907
 0.8089292319913135 0.8727947161487507
 0.827565245319416 0.8830006889575349
 0.8464191777546942 0.893324581538693
 0.8654935471337126 0.9037677226699586
 0.8847908996652508 0.9143314553042333
 0.9043138102329736 0.9250171366991387
 0.9240648827008671 0.9358261385524442
 0.9440467502215657 0.9467598471350267
 0.9642620755475197 0.9578196634243481
 0.9847135513450116 0.9690070032408774
 1.005403900511085 0.9803232973808899
 1.0263358764933114 0.9917699917566135
 1.047512263612546 1.003348547530237
 1.0689358773885477 1.0150604412543096
 1.0906095648685956 1.0269071650070518
 1.1125362049589944 1.0388902265341974
 1.1347187087596097 1.051011149387351
 1.1571600199013571 1.0632714730655767
 1.1798631148867124 1.0756727531546828
 1.2028310034331997 1.0882165614681174
 1.2260667288198843 1.1009044861946686
 1.2495733682370222 1.1137381320316945
 1.2733540331385513 1.1267191203377433
 1.297411869597845 1.139849089270862
 1.321750058666415 1.1531296939347595
 1.3463718167357392 1.1665626065213894
 1.37128039590213 1.1801495164592692
 1.3964790843347723 1.1938921305583385
 1.4219712066468532 1.207792173153846
 1.4477601242697653 1.2218513862555848
 1.4738492358304944 1.2360715296932507
 1.5002419775321131 1.2504543812619193
 1.526941823537379 1.2650017368755936
 1.5539522863556125 1.2797154107074735
 1.5812769172325691 1.2945972353441941
 1.6089193065436053 1.309649061928336
 1.6368830841898873 1.3248727603148573
 1.6651719199979397 1.3402702192099382
 1.6937895241221592 1.3558433463295787
 1.722739647450714 1.3715940685398764
 1.7520260820144393 1.387524332014979
 1.781652661399105 1.4036361023773322
 1.811623261160678 1.4199313648533558
 1.8419417992439082 1.4364121244196703
 1.8726122364040374 1.4530804059527477
 1.9036385766317032 1.4699382543768715
 1.935024867581002 1.4869877348164295
 1.9667752010008037 1.504230932738206
 1.9988937131691058 1.5216699541072993
 2.0313845853307146 1.5393069255285711
 2.064252044137949 1.5571439943999223
 2.0975003620946153 1.5751833290555967
 2.1311338580030416 1.593427118914547
 2.1651568974142825 1.611877574628967
 2.1995738930814923 1.6305369282287596
 2.2343893054163852 1.6494074332635284
 2.2696076429487264 1.6684913649561716
 2.305233462789102 1.6877910203385784
 2.3412713710945882 1.7073087183982491
 2.3777260235375492 1.7270468002226315
 2.414602125777518 1.747007629139127
 2.4519044339360664 1.7671935908568197
 2.4896377550747024 1.7876070936038213
 2.527806947675696 1.8082505682724503
 2.5664169221260126 1.8291264685475605
 2.6054726412039772 1.8502372710537822
 2.6449791205690904 1.8715854754835505
 2.684941429254573 1.893173604732352
 2.7253646901628014 1.9150042050335187
 2.7662540805636193 1.9370798460897638
 2.8076148325954584 1.959403121198492
 2.8494522337691354 1.981976647384928
 2.8917716274744913 2.004803065524504
 2.9345784134896444 2.0278850404708137
 2.977878048492972 2.0512252611766892
 3.0216760465776837 2.074826440812653
 3.065977979768918 2.0986913168886665
 3.1107894785434413 2.1228226513706744
 3.156116232351836 2.1472232307919312
 3.2019639901430623 2.171895866368062
 3.2483385608914807 2.196843394103782
 3.2952458141261513 2.222068674900965
 3.3426916804624413 2.247574594662439
 3.390682152135846 2.273364064397019
 3.4392232835380576 2.29944002030887
 3.488321191754937 2.3258054239050323
 3.5379820571067845 2.3524632620784333
 3.588212123690384 2.3794165472005106
 3.639017699923019 2.4066683172088887
 3.690405159088369 2.4342216356869617
 3.742380939884098 2.462079591944858
 3.794951546971176 2.490245301091151
 3.84812355152473 2.518721904112062
 3.9019035917865876 2.5475125679263777
 3.95629837361899 2.5766204854601935
 4.011314671059905 2.6060488757020543
 4.0669593268795134 2.6358009837523606
 4.123239253137755 2.66588008088203
 4.180161431743123 2.6962894645714445
 4.237732915012291 2.727032458554797
 4.295960826230688 2.758112412849477
 4.354852360213701 2.789532703796893
 4.414414783868746 2.8212967340753665
 4.474655436757621 2.8534079327290715
 4.535581731659468 2.8858697551760164
 4.597201155133914 2.9186856832195546
 4.65952126808445 2.951859225047933
 4.722549706321811 2.985393915231593
 4.786294181127281 3.019293314712264
 4.8507624798157884 3.0535610107835444
 4.915962466298565 3.0882006170732472
 4.981902081645437 3.1232157735038157
 5.048589344646279 3.1586101462613247
 5.116032352371791 3.1943874277473094
 5.184239280733255 3.230551336527041
 5.253218385041189 3.267105617267785
 5.322978000562674 3.3040540406686682
 5.393526543077199 3.3414004033913347
 5.464872509431005 3.379148527962668
 5.537024478089369 3.41730226269334
 5.609991109687141 3.455865481568766
 5.683781147576955 3.4948420841355645
 5.75840341837501 3.5342359953870015
 5.833866832504418 3.5740511656275604
 5.910180384735644 3.6142915703330835
 5.987353154723973 3.6549612100044335
 6.065394307543843 3.696064109999785
 6.144313094219608 3.7376043203717905
 6.224118852252808 3.779585915676934
 6.304821006145384 3.822012994789304
 6.38642906791891 3.864889680695853
 6.468952637629452 3.9082201202713386
 6.552401403877623 3.952008484066422
 6.636785144314113 3.9962589660495084
 6.72211372613971 4.040975783370632
 6.808397106600277 4.086163176083916
 6.895645333475798 4.131825406875849
 6.983868545563631 4.1779667607723
 7.0730769731555005 4.224591544833541
 7.163280938507978 4.271704087832934
 7.254490856306102 4.319308739925068
 7.3467172341199145 4.367409872299483
 7.4399706728535974 4.416011876814961
 7.53426186718681 4.465119165623334
 7.629601606007984 4.514736170775553
 7.726000772839215 4.564867343809503
 7.823470346252346 4.615517155331829
 7.922021400276132 4.666690094565634
 8.021665104793733 4.718390668902548
 8.122412725930657 4.770623403415936
 8.224275626432297 4.823392840374657
 8.327265266031096 4.8767035387304904
 8.431393201802761 4.930560073583677
 8.536671088511067 4.98496703564029
 8.64311067894107 5.0399290306411934
 8.750723824220142 5.0954506787773494
 8.859522474126496 5.15153661407972
 8.969518677384716 5.208191483798811
 9.08072458194801 5.265419947751697
 9.193152435266537 5.323226677659204
 9.30681458454158 5.381616356450349
 9.421723476964859 5.440593677559494
 9.537891659942847 5.500163344187973
 9.655331781305314 5.560330068551695
 9.774056589497803 5.621098571103111
 9.894078933757507 5.6824735797277634
 10.015411764271972 5.7444598289252395
 10.138068132320328 5.807062058954522
 10.262061190396256 5.870285014965839
 10.387404192312435 5.934133446100951
 10.514110493285767 5.998612104571777
 10.642193550002926 6.063725744709102
 10.771666920665607 6.129479121995546
 10.90254426501512 6.195876992054223
 11.034839344335385 6.262924109633498
 11.168566021434255 6.330625227543173
 11.303738260602131 6.398985095576796
 11.440370127547547 6.468008459401735
 11.57847578930908 6.537700059418814
 11.718069514142883 6.608064629600286
 11.859165671385437 6.679106896284095
 12.001778731290532 6.750831576959364
 12.145923264840329 6.823243379002636
 12.29161394352944 6.896346998393646
 12.43886553912157 6.970147118402371
 12.58769292337815 7.04464840823523
 12.738111067758041 7.1198555216575964
 12.890135043087838 7.195773095586836
 13.043780019202135 7.272405748640599
 13.199061264552773 7.349758079666064
 13.355994145786719 7.427834666231774
 13.5145941272917 7.506640063077186
 13.674876770708773 7.586178800546711
 13.836857734411426 7.666455382969315
 14.000552772950098 7.747474287021033
 14.165977736461734 7.829239960038904
 14.33314857004333 7.911756818314056
 14.502081313089036 7.995029245330977
 14.672792098589673 8.079061589990802
 14.845297152394295 8.163858164784981
 15.019612792432774 8.249423243935134
 15.195755427898652 8.335761061505833
 15.373741558391707 8.422875809458995
 15.553587773018972 8.510771635701674
 15.735310749454065 8.599452642066526
 15.918927252953413 8.688922882270678
 16.104454135328872 8.779186359842681
 16.291908333876104 8.870247025988716
 16.481306870257387 8.962108777443964
 16.672666849338522 9.054775454275246
 16.866005457978872 9.148250837642282
 17.061339963773555 9.2425386475273
 17.25868771374718 9.337642540419845
 17.45806613299813 9.433566106969302
 17.659492723292764 9.530312869589933
 17.86298506160843 9.627886280032161
 18.06856079862464 9.726289716918155
 18.27623765716165 9.82552648322946
 18.48603343056535 9.92559980376207
 18.697965981037846 10.026512822539678
 18.9120532379128 10.128268600187186
 19.128313195874692 10.230870111273186
 19.346763913121336 10.334320241597553
 19.567423509468465 10.438621785458356
 19.790310164396004 10.54377744286553
 20.015442115034783 10.649789816725923
 20.242837654093214 10.756661409986345
 20.47251512772291 10.864394622736599
 20.704492933322477 10.972991749280256
 20.938789517278763 11.082454975161221
 21.175423372644587 11.19278637416239
 21.41441303675244 11.30398790525768
 21.655777088763024 11.41606140953364
 21.89953414714816 11.529008607077598
 22.145702867107146 11.642831093823837
 22.394301937915876 11.757530338369195
 22.645350080207876 11.873107678756858
 22.898866043186735 11.98956431921878
 23.154868601768935 12.106901326894267
 23.41337655365664 12.225119628510457
 23.674408716339602 12.344220007036146
 23.93798392402561 12.464203098296887
 24.204121024498672 12.585069387570782
 24.472838875904514 12.706819206145418
 24.744156343462552 12.829452727858923
 25.01809229610401 12.952969965596184
 25.29466560303524 13.077370767781456
 25.57389513022612 13.20265481482137
 25.855799736822543 13.32882161554941
 26.140398271482947 13.455870503627219
 26.427709568638054 13.583800633936017
 26.717752444673493 13.712610978942218
 27.010545694034895 13.842300325051509
 27.30610808525507 13.97286726893638
 27.604458356902824 14.104310213854824
 27.905615213453152 14.236627365950872
 28.209597321078415 14.369816730544061
 28.516423303360337 14.503876108410324
 28.82611173692255 14.638803092044913
 29.138681146983373 14.774595061930707
 29.45415000282889 14.911249182786278
 29.77253671320593 15.048762399822962
 30.093859621635122 15.187131434987672
 30.418137001643735 15.32635278322102
 30.74538705191859 15.466422708700135
 31.075627891378807 15.607337241099776
 31.40887755416865 15.749092171847751
 31.745153984570467 15.891683050405216
 32.084475031838195 16.035105180539794
 32.42685844495127 16.17935361662176
 32.77232186728948 16.324423159939755
 33.1208828312291 16.470308355023345
 33.472558752660624 16.61700348599952
 33.82736692542852 16.76450257295636
 34.185324515693515 16.912799368357077
 34.546448556218194 17.06188735345738
 34.91075594057617 17.211759734768694
 35.278263417285714 17.362409440559186
 35.64898758386865 17.513829117379064
 36.0229448808351 17.666011126644665
 36.400151585595274 17.81894754124743
 36.78062380629883 17.972630142222236
 37.16437747560316 18.127050415470652
 37.55142834437162 18.282199548515926
 37.94179197530257 18.438068427343775
 38.33548373649087 18.594647633274654
 38.73251879492266 18.751927439929872
 39.13291210990532 18.909897810228926
 39.53667842643332 19.068548393503451
 39.943832268492485 19.227868522631293
 40.354387932303 19.38784721130131
 40.768359479504084 19.54847315132226
 41.18576073028114 19.709734710029753
 41.6066052564376 19.871619927795173
 42.030906374413504 20.03411651559993
 42.458677138252376 20.197211852737517
 42.88993033251894 20.360892984587195
 43.32467846516938 20.525146620521457
 43.76293376037685 20.689959131888425
 44.204708151313994 20.855316550149616
 44.650013272895584 21.02120456508217
 45.09886045448287 21.187608523160996
 45.55126071255335 21.35451342600391
 46.007224743337346 21.52190392900299
 46.46676291542532 21.689764340040486
 46.92988526234786 21.85807861838618
 47.396601475132 22.02683037368348
 47.86692089483603 22.19600286513857
 48.34085250506685 22.36557900081537
 48.81840492448237 22.53554133709697
 49.299586399282425 22.705872078315284
 49.78440479569164 22.876553076519527
 50.27286759243754 23.047565831437847
 50.764981873227704 23.218891490575973
 51.26075431922908 23.390510849522797
 51.760191201553816 23.562404352399298
 52.26329837375468 23.734552092524854
 52.77008126433471 23.90693381322244
 53.280544869274024 24.079528908867583
 53.7946937445791 24.252316426068997
 54.31253199885715 24.425275065108294
 54.8340632859214 24.598383181511046
 55.359290797429714 24.77161878789075
 55.88821725556277 24.944959555931305
 56.42084490574448 25.11838281863103
 56.95717550941029 25.291865572740956
 57.497210336827656 25.46538448139357
 58.04095015997254 25.638915877005032
 58.588395245467914 25.81243576433576
 59.13954534758765 25.98591982383284
 59.69439970133172 26.159343415146135
 60.2529570155765 26.332681580926838
 60.815215466306163 26.50590905080384
 61.38117268992903 26.679000245646246
 61.95082577668486 26.851929282004544
 62.52417126414702 27.024669976856493
 63.101205130825974 27.19719585251794
 63.68192278987761 27.3694801418661
 64.26631908292313 27.541495793740974
 64.85438827398428 27.71321547865503
 65.44612404354041 27.884611594670836
 66.0415194827111 28.05565627359954
 66.6405670875712 28.226321387399675
 67.24325875360236 28.396578554818894
 67.84958577028647 28.56639914832474
 68.45953881584701 28.73575430122077
 69.07310795214246 28.90461491507156
 69.69028261971819 29.072951667310611
 70.31105163302067 29.240735019157764
 70.935403175781 29.4079352237153
 71.56332479657108 29.574522334362747
 72.19480340453909 29.74046621334902
 72.82982526532851 29.905736540662804
 73.46837599718644 30.070302823093705
 74.11044056726543 30.23413440358845
 74.75600328812509 30.397200470768442
 75.40504781443693 30.55947006875139
 76.0575571398989 30.720912107139646
 76.71351359436322 30.881495371252675
 77.3728988411826 31.041188532610213
 78.03569387478049 31.199960159568366
 78.70187901844822 31.35777872823637
 79.37143392237537 31.51461263353373
 80.04433756191624 31.67043020052084
 80.7205682360981 31.825199695859733
 81.40010356637443 31.978889339514736
 82.08292049562763 32.131467316633084
 82.76899528742577 32.282901789571823
 83.45830352553585 32.43316091016108
 84.15082011369911 32.58221283207161
 84.8465192756703 32.73002572340736
 85.54537455552583 32.87656777938546
 86.24735881824273 33.02180723525148
 86.95244425055337 33.16571237923291
 87.66060236207666 33.30825156573025
 88.37180398673102 33.44939322854469
 89.08601928442981 33.58910589429941
 89.80321774306316 33.72735819589698
 90.52336818076735 33.86411888615363
 91.24643874848519 33.99935685144971
 91.9723969328179 34.13304112553913
 92.70120955917184 34.26514090335872
 93.43284279520014 34.39562555495825
 94.16726215454166 34.524464639468725
 94.90443250085835 34.65162791908457
 95.64431805217102 34.77708537314528
 96.38688238549592 34.90080721216319
 97.13208844178071 35.02276389194771
 97.87989853114209 35.142926127645694
 98.63027433840317 35.26126490787466
 99.38317692893273 35.37775150872898
 100.13856675478338 35.49235750786331
 100.89640366113055 35.60505479844483
 101.65664689300932 35.715815603134103
 102.41925510234984 35.824612487925705
 103.18418635530819 35.93141837600442
 103.9513981398932 36.036206561419113
 104.72084737388514 36.13895072275776
 105.49249041304644 36.23962493662822
 106.26628305962032 36.33820369108859
 107.04218057111605 36.434661898915024
 107.82013766937759 36.528974910711255
 108.60010854993219 36.621118527930484
 109.38204689161691 36.711069015638855
 110.16590586647777 36.79880311520147
 110.95163814993975 36.88429805669561
 111.73919593124184 36.96753157120755
 112.52853092413456 37.048481902831255
 113.31959437783385 37.12712782054843
 114.11233708822853 37.20344862977142
 114.90670940933414 37.277424183756593
 115.70266126499068 37.34903489464527
 116.50014216079592 37.41826174437511
 117.29910119627174 37.48508629518664
 118.0994870772549 37.549490699966703
 118.90124812850856 37.611457712206195
 119.70433230654633 37.67097069571735
 120.50868721266414 37.72801363402713
 121.31426010617228 37.78257113941435
 122.12099791782066 37.83462846169976
 122.92884726341165 37.88417149658144
 123.73775445759097 37.931186793766293
 124.5476655278121 37.97566156462061
 125.35852622846414 38.017583689543414
 126.17028205515712 38.05694172495728
 126.98287825915642 38.09372490986605
 127.79625986195745 38.12792317215109
 128.61037166999454 38.15952713434099
 129.4251582894732 38.188528119111275
 130.24056414131968 38.21491815429362
 131.05653347623757 38.238689977559964
 131.87301038986447 38.259837040615956
 132.68993883801795 38.27835351308385
 133.5072626520247 38.2942342858563
 134.32492555412125 38.30747497413115
 135.14287117291917 38.31807191996522
 135.96104305892538 38.32602219442257
 136.7793847001077 38.3313235992875
 137.5978395374974 38.33397466838273
 138.41635098081985 19.166987334190764
