 0.0E+0 0.0E+0
 3.908645043468923E-4 0.0701503303940607
 1.177188718437441E-3 0.1944847570335023
 1.9727644550192012E-3 0.3054830883434858
 2.7777040807621064E-3 0.4044975426648867
 3.5920963061950523E-3 0.4927473911322867
 4.416079125474097E-3 0.5713830867109169
 5.249751105853569E-3 0.641511223198389
 6.093220671313228E-3 0.7041862089702294
 6.946606102558269E-3 0.7603900384194993
 7.8100256802938845E-3 0.8110135506437626
 8.6836075419507E-3 0.8568453291263772
 9.567440398057611E-3 0.8985683151253495
 0.01046163267259438 0.9367623287210859
 0.011366381500069661 0.9719102248910276
 0.012281775591012347 1.0044069423845172
 0.01320791351267677 1.0345707733840034
 0.014144893832317255 1.0626563964178066
 0.015093012251696786 1.088868797792948
 0.016052170203561037 1.1133763928128126
 0.01702256482241866 1.1363220877071913
 0.018004393242778315 1.1578315677519652
 0.018997754031894326 1.178017763374095
 0.020002844324275351 1.1969819411941293
 0.021019664119921392 1.21481265718814
 0.0220484105533411 1.2315845470214665
 0.02308928075904313 1.2473587376567614
 0.024142373304281816 1.2621846062820005
 0.02520778675631148 1.2761022263826435
 0.026285718249640786 1.2891449558590397
 0.02737636491877838 1.301341751586483
 0.028479726763724264 1.3127192690505342
 0.029596099486241426 1.3233029648449596
 0.030725483086329864 1.3331176630123204
 0.03186827183300689 1.342188641016222
 0.03302436715901817 1.3505430615613367
 0.03419396619887237 1.3582121423785442
 0.035377364654332464 1.3652332681455043
 0.03657466109265278 1.371649472578668
 0.037785954081087654 1.3775066745448651
 0.039011539321400064 1.3828504972687507
 0.04025141681359002 1.3877240615326094
 0.04150578369216616 1.392166841894669
 0.04277493565889148 1.3962143794168706
 0.04405897128102031 1.399896864010918
 0.04535798912580696 1.4032368547984732
 0.04667228489501443 1.4062496465557177
 0.04800195715589706 1.4089462204140388
 0.049347203042963465 1.4113349445219982
 0.05070821969072233 1.4134219769789657
 0.05208520423368232 1.4152123181180094
 0.05347825523909774 1.4167122833443581
 0.05488766840873158 1.4179324686790704
 0.05631354230983817 1.4188888800152954
 0.05775617264418049 1.4196008493646823
 0.059215657979012875 1.4200892880089881
 0.06069219544884399 1.4203773381363666
 0.06218598218818246 1.420491363411673
 0.06369731389879128 1.420460471881
 0.06522638771517913 1.4203143068641017
 0.06677330220460032 1.4200799859852797
 0.0683382545015635 1.4197778065447916
 0.06992154030783165 1.4194185764184772
 0.07152335675791345 1.4190033829398112
 0.07314390098631753 1.4185234868083855
 0.07478337012755257 1.4179616237565286
 0.07644205988338151 1.4172966596999252
 0.07812006882105874 1.4165086847915904
 0.0798176926423472 1.4155835340609506
 0.08153522704900987 1.4145139627339158
 0.08327277060830111 1.4132980157663115
 0.08503061902198387 1.411940106466017
 0.08680896942456684 1.4104536456835468
 0.08860811751781299 1.4088591236966343
 0.09042826043623095 1.4071812759097346
 0.09226969388158374 1.405447315923355
 0.09413251642112566 1.4036802580136105
 0.09601712232387404 1.4018921465200928
 0.09792380729159184 1.4000852690531098
 0.09985257132427909 1.398252763854399
 0.1018042029599704 1.39638212112254
 0.10377850506415713 1.394463100844612
 0.10577547763683924 1.3924911054984596
 0.10779610635056004 1.3904653135276214
 0.10983940553277625 1.3883853738887315
 0.11190734652857441 1.3862543606556063
 0.11399894366541127 1.3840749552285032
 0.11611518261583009 1.3818485541276888
 0.11825606337983084 1.3795836521148783
 0.12042257162995687 1.3772992219440711
 0.12261372169366484 1.3750221007919323
 0.12482951357095476 1.3727779205447867
 0.12707191860691322 1.3705802660537595
 0.12934093680154018 1.36842748555749
 0.1316355824822924 1.3663064828423086
 0.13395684132171312 1.3641944138060768
 0.13630569899234565 1.362061302765985
 0.1386811698216467 1.3598740750194646
 0.1410852251547028 1.3576052091924264
 0.14351687931897072 1.3552451796235365
 0.14597613231445041 1.352814758179667
 0.1484639698136852 1.3503659029738481
 0.15098137748921836 1.3479660220572355
 0.15352736966850655 1.3456731642923742
 0.1561039176966364 1.3435130355074966
 0.15871003590106458 1.3414732803302686
 0.16134572428179114 1.3395175982593696
 0.16401196851135932 1.337605316944762
 0.1667097542623124 1.3356992266425653
 0.1694390815346504 1.3337602193395252
 0.17219896465583006 1.3317444598971193
 0.17499236064348117 1.3296047003009936
 0.17781631247997387 1.3273057300930561
 0.18067476285548134 1.324844318599029
 0.18356475475237371 1.3222473659581708
 0.18648924518828086 1.3195567091623834
 0.18944724849065947 1.3168127940926968
 0.19243975033205282 1.3140387300937785
 0.1954667507124609 1.3112291663369952
 0.19852824963188372 1.308348680138964
 0.20162621843540787 1.3053579631032832
 0.20475868577794675 1.302250629513445
 0.2079286086771302 1.2990584896157222
 0.2111340157878717 1.2958359939327432
 0.21437786412780104 1.2926366395382067
 0.2176581823518317 1.289484985766904
 0.22097595613250692 1.2863866215720685
 0.22433315681491328 1.2833526011076967
 0.22772879872650753 1.2803964136642236
 0.2311628818672896 1.277525423166129
 0.23463737758234612 1.2747292762040516
 0.23815130019913374 1.271967640900561
 0.24170662106273907 1.2691856067043125
 0.24530235450061885 1.266368997347003
 0.24893948618531624 1.263563589787052
 0.25261801611683143 1.260816585279279
 0.2563399156402508 1.258141543759826
 0.26010321341048786 1.2555320033993035
 0.2639108664451725 1.2529658156549137
 0.26776287474430465 1.250398488706135
 0.27165825263534104 1.2477942922593014
 0.27559798579082495 1.245162680364716
 0.279584045555843 1.242538751622253
 0.2836154462578518 1.2399565424033665
 0.2876931735693947 1.2374120135466102
 0.29181722749047173 1.234835454716302
 0.2959895793661693 1.2321545296897806
 0.30020924352394434 1.2293673376165774
 0.30447720563633995 1.2264974635809295
 0.3087934657033563 1.2235387746725352
 0.31315999507007974 1.2204736669966473
 0.31757679373651043 1.217278359200608
 0.32204287603010506 1.2139971767374213
 0.32656119896849344 1.2107549842973623
 0.33113077687913233 1.2076222243963827
 0.33575259543456487 1.204556463141039
 0.3404276403073345 1.201481432526971
 0.34515591149744123 1.1983414774572851
 0.34993740900488495 1.1950805297979971
 0.35477410417475224 1.1917012986892996
 0.3596669826795864 1.1883042220170985
 0.3646140731743009 1.1849674535692205
 0.36961833267652555 1.1816245891115628
 0.37467976118626034 1.1781480729736575
 0.37979835870350525 1.1744546646851055
 0.3849751109008036 1.1704614624470486
 0.3902110034506987 1.1661044828424005
 0.39550702202573373 1.16141373049415
 0.40086218095336556 1.156474814911422
 0.4062784515786806 1.151383854136042
 0.4117568195742221 1.1461997368913776
 0.41729728493999024 1.140910037077391
 0.4228998476759849 1.1354805926655155
 0.428567464799836 1.1298634529113551
 0.4342981649664568 1.1240458125212136
 0.44009391952093396 1.1181231724594726
 0.4459547284632676 1.11219404580366
 0.45188256313854413 1.1062531554892114
 0.45787742354676363 1.1002775148541386
 0.4639402953604693 1.0943276445079297
 0.47007216425220443 1.0884123939629062
 0.4762720445494259 1.0824271465121846
 0.4825428932697633 1.0763187618184983
 0.4888837247406735 1.0700352522436742
 0.49529651030724303 1.063442139646451
 0.5017812499694719 1.0564029982198361
 0.5083389293999034 1.0488695877137534
 0.5149705342710807 1.0409901408246147
 0.5216770502555472 1.033029008255037
 0.5284584773533029 1.025116911496396
 0.5353167869094343 1.0172328348652766
 0.5422519789239414 1.009344028256651
 0.5492640533968242 1.0014324096357023
 0.5563559673457126 0.9934996141495848
 0.5635267350980633 0.9854343426166189
 0.5707783279989627 0.9770731178548336
 0.5781107460484111 0.968301739117186
 0.5855249749189515 0.9590411741750086
 0.5930220002831272 0.9492547400707855
 0.6006028078134817 0.9389928896478118
 0.6082683831825582 0.9285568272583858
 0.6160197120628998 0.9182779984943871
 0.6238577801270501 0.9081350652688801
 0.6317825873750087 0.8978969764118122
 0.639795119479319 0.8874597162396091
 0.6478973477850678 0.876811750153637
 0.6560902579647983 0.8659689590399685
 0.664372864345967 0.854906695893016
 0.6727481239462039 0.8434694931886944
 0.6812170224380523 0.8314689745473078
 0.6897785741489688 0.8189505462269349
 0.6984357360965833 0.8060173455825195
 0.7071885082808959 0.7928200218144006
 0.7160378763744497 0.7795111709866813
 0.7249848260497881 0.7661831271954627
 0.7340303429794544 0.7529170583627459
 0.743176398508535 0.7397896782508975
 0.75242299263703 0.7267248924710377
 0.7617711110374829 0.7135018488486329
 0.7712227250549798 0.7000019506012393
 0.7807778346895209 0.6862817283410749
 0.7904374256136497 0.6724642032029021
 0.8002034691724524 0.6586428349626116
 0.8100769510384725 0.6447766563828722
 0.82005787121171 0.6310974575891879
 0.8301482010372515 0.6178064853336328
 0.84034892618764 0.6050148888066919
 0.850661032335419 0.5927623966101461
 0.8610864908256751 0.5808446442847265
 0.871624315985865 0.5689025785467753
 0.8822774648336182 0.5564600148841761
 0.8930469230414785 0.5432906933673648
 0.9039326906094457 0.5296540872875545
 0.9149377245551493 0.5158114277085942
 0.9260610392060467 0.5020824476384397
 0.937305591579767 0.4888352048058128
 0.9486723673488541 0.4762101319638608
 0.9601613665133076 0.4638881458471322
 0.9717745604182141 0.4516381780939164
 0.9835129347361171 0.4394832576137448
 0.9953814178297328 0.4274553779167393
 1.0073671959559986 0.4157925420202323
 1.0194909682383233 0.4044567855160018
 1.0317428779512745 0.3933092590161837
 1.0441327818202843 0.382530853017992
 1.0566409663944877 0.37251277337881294
 1.0692970018501828 0.36329928495315055
 1.0820811747365044 0.3545787767087992
 1.0950033417788846 0.3462620348803458
 1.108063502977324 0.338327375591809
 1.1212616583318222 0.33078684618993803
 1.1345978078423797 0.3237005184560834
 1.1480818082344286 0.3171646891370298
 1.1617136595079695 0.311242284695696
 1.1754736482121366 0.3058081398108069
 1.189391344523228 0.30071580672824094
 1.2034568917158114 0.29608312072287262
 1.2176702897898865 0.2920922257100241
 1.2320216820200207 0.2887196866045843
 1.246540638582512 0.28581296585214283
 1.2611975893010625 0.28323287086037224
 1.2760221043519701 0.2809524626881486
 1.2909944702843698 0.27888393331214694
 1.3061245438236936 0.27683291547841465
 1.3214123249699423 0.2748664005079568
 1.3368578137231155 0.2731240212771704
 1.352470866808646 0.2716464368815187
 1.368241627501101 0.27047887032568174
 1.3841799525259135 0.26964800970655783
 1.400285841883083 0.2690612442972554
 1.4165494388471775 0.26852441639651186
 1.432990456869062 0.2679102090232033
 1.4495891824978708 0.26717087195135325
 1.4663751859099027 0.2663504942852377
 1.483318896928859 0.26554665500087154
 1.5004498857310382 0.26475301047853644
 1.5177484388655748 0.2639605050968206
 1.5352244130579015 0.2632707989118993
 1.552887665033451 0.26281577179100396
 1.5707184813413581 0.26266418899672616
 1.588736575432488 0.2627210097146258
 1.606941947306841 0.2627927764032403
 1.6253247402389838 0.26279734511611096
 1.6439046676797826 0.26280420312397234
 1.6626620161783711 0.26285964059618266
 1.6816164991856155 0.2630340768788034
 1.7007582599760828 0.2633527321929463
 1.720087298549773 0.2637304147780118
 1.7396233283575517 0.264069850040204
 1.7593466359485534 0.2642863604020711
 1.7792670780482107 0.2643032263872542
 1.7993846546565235 0.2641484175562033
 1.819709222498925 0.2639070011331785
 1.8402309248499821 0.2635901216463876
 1.8609596184351275 0.26319826851227906
 1.881895303254362 0.26274780748294845
 1.9030379793076841 0.2621844995591339
 1.9243876465950953 0.26159083702705576
 1.9459443051165947 0.2612659594019893
 1.9677079548721827 0.26134512428291334
 1.989698309312725 0.2616540227193255
 2.011895654987355 0.26213810018982897
 2.0343098486215067 0.2628790801118769
 2.0569408902151802 0.26368802943653774
 2.079788779768374 0.264394498527348
 2.1028633740065223 0.2651311592493684
 2.126164672929625 0.2657312923761187
 2.1496828198122486 0.26607797373891955
 2.173427671379826 0.2664006869555065
 2.1974090843577904 0.2667835766584771
 2.221607345295276 0.26721948956207786
 2.2460520243685815 0.2676789984522402
 2.270713551401408 0.2679762553536556
 2.295621496570054 0.2679805660622159
 2.3207561464236543 0.267892811519106
 2.346127357687642 0.267895606375051
 2.3717449870874482 0.2682593376297746
 2.3975991778976415 0.26903627804463325
 2.4236997868436547 0.27000351740119793
 2.4500369572000546 0.2711837309477242
 2.4766304024177072 0.27218260884012235
 2.503460409045746 0.27276849267328556
 2.5305466905350373 0.27296408581181813
 2.557879390160149 0.2723410198745112
 2.5854585079210794 0.27113148472682324
 2.6132939005432622 0.2704397179609381
 2.6413954247521314 0.2704092720912828
 2.669743367096819 0.27090062486044003
 2.698347584302759 0.27174653924965663
 2.727208076369952 0.27262787768147966
 2.75633470002383 0.27357411127384445
 2.785727455264393 0.2742259220210543
 2.8153764853662086 0.2743629988009345
 2.8453015037801416 0.27459957562904496
 2.875482797055328 0.27517906002931963
 2.9059400786426317 0.27564366404939066
 2.9366634918166205 0.27597301041786537
 2.9676530365772944 0.27664812878200423
 2.99892842637552 0.277499206289302
 3.0304699477604297 0.2776073893868437
 3.0622874574574576 0.27729663856643493
 3.0943809554666037 0.27694530794361377
 3.1267504417878675 0.27687275734692406
 3.1594057731466826 0.27708851857557265
 3.192337092817615 0.27689280650415126
 3.2255542575260984 0.2758896784506708
 3.2590572672721327 0.27397987767240755
 3.2928362653302847 0.2712714756374427
 3.326910965151421 0.26866797529758856
 3.361271510010107 0.26662937554971516
 3.395917899906344 0.2645699139371485
 3.430859991565565 0.262839711311438
 3.4660879282623362 0.26234821383307405
 3.5016017099966587 0.26288719728637394
 3.537421050219397 0.26242481052031135
 3.573536092205119 0.261404257162559
 3.6099369792283915 0.26111801355623937
 3.646643424740081 0.2609232352673844
 3.683645572014754 0.26091249482453265
 3.7209434210524094 0.2609614586387477
 3.758546828578482 0.2592551570607296
 3.796445937867538 0.2565524142461296
 3.834650605645011 0.2543161486415456
 3.8731509751854664 0.25293179910183566
 3.911966759939771 0.25237430988878073
 3.95107824645706 0.2515746331006744
 3.990505148188198 0.24990620454274065
 4.030237608407751 0.2479235406190739
 4.070265770390289 0.24600738576595013
 4.110609347586676 0.24352023368463923
 4.1512683399969114 0.2408916655053028
 4.192232890895563 0.23835104801115514
 4.2335030002826314 0.23625004807386085
 4.275088524883549 0.23430930072669997
 4.316989464698315 0.23167545362108485
 4.359195963001498 0.22740071423476404
 4.40171787651853 0.22304712929621406
 4.444555205249411 0.21994995826324054
 4.487698092468708 0.21622083426811328
 4.531166251627288 0.21328740106421884
 4.574939969274283 0.21093309592979353
 4.6190389588605604 0.20664212451041885
 4.663443506935255 0.2004382370725132
 4.708163470223797 0.19342955954326443
 4.753208705451621 0.1861651377848745
 4.798559499167863 0.17907738828861383
 4.844235564823386 0.17086004189627257
 4.8902270456927574 0.1630561323050411
 4.936533941775979 0.15638471853770982
 4.983156253073049 0.14978538291600934
 5.0300939795839685 0.14224457835411125
 5.077347121308737 0.13393416766025911
 5.124925534972787 0.12465562682979107
 5.172809507125254 0.11461972173084868
 5.221018751217002 0.10518556410527091
 5.269533553797167 0.09671362682151276
 5.318373628316614 0.08862152095046183
 5.367519261324476 0.08005252713461361
 5.4169901662716215 0.07147391085734685
 5.466766629707183 0.06395540861403472
 5.5168683650820264 0.05624961487325883
 5.567275658945285 0.049383534024135984
 5.617998368022394 0.044574359239688145
 5.669026635587919 0.04025236372224161
 5.720380175092726 0.03604291395425627
 5.772029416360516 0.03240185181359228
 5.824003929567588 0.02964827216462696
 5.876274144537643 0.027984102427405357
 5.928859774721549 0.025697833650178757
 5.981760820119303 0.022254120290383021
 6.03495756728004 0.018925001370220944
 6.088459872929194 0.01639424243450841
 6.1422677370667635 0.014492352188016666
 6.19638115969275 0.012971362026168649
 6.2508001408071525 0.011691697527115534
 6.305514823684539 0.010581742744343715
 6.360535065050341 9.602527003112501E-3
 6.415841151453694 8.729873089916709E-3
 6.471452796345464 7.946968862418613E-3
 6.527360143000218 7.241251257349359E-3
 6.583563191417954 6.602891554943745E-3
 6.640052084873241 6.023942357010052E-3
 6.696836680091512 5.497816891018083E-3
 6.753907120347335 5.01895016971056E-3
 6.811263405640706 4.582568775049445E-3
 6.86890553597163 4.184528264953887E-3
 6.926833511340104 3.8211951602964283E-3
 6.985047331746128 3.4893578675478072E-3
 7.043537140464271 3.1861594668729392E-3
 7.1022930807690984 2.909044033690233E-3
 7.161334866111478 2.655714861406431E-3
 7.220652639765974 2.4241001473228893E-3
 7.280236545007155 2.2123252683718722E-3
 7.340086581835021 2.01868907648031E-3
 7.400202750249575 1.8416448496536171E-3
 7.460594906976245 1.679783521682666E-3
 7.521233481838734 1.5318195271610691E-3
 7.582138188287908 1.3965785059433036E-3
 7.643299169598336 1.2729866238568477E-3
 7.704706569044583 1.1600611210884341E-3
 7.766370243352082 1.0569021188121668E-3
 7.828280335795401 9.62685094682559E-4
 7.890446703099972 8.76654371059844E-4
 7.9528397750894974 7.981171779887394E-4
 8.015479265214843 7.264382247577284E-4
 8.078355316750574 6.610350221341451E-4
 8.141467929696692 6.013733357018065E-4
 8.204807247327764 5.469632744659422E-4
 8.268373269643792 4.973556102183853E-4
 8.332165996644772 4.5213846775935163E-4
 8.396175571605275 4.1093428237359673E-4
 8.460401994525299 3.7339696313592096E-4
 8.524845265404842 3.3920938741470766E-4
 8.589505384243907 3.080809972177546E-4
 8.654362637591628 2.797456728225496E-4
 8.719436738898871 2.539596973520488E-4
 8.784698117989336 2.3049999315386581E-4
 8.85016648831389 2.0916237372699934E-4
 8.915822136421667 1.897600297219806E-4
 8.981665062312667 1.7212209713793932E-4
 9.04769526598689 1.560923380740957E-4
 9.113902890718903 1.415279412089508E-4
 9.18029779323414 1.282984038973489E-4
 9.246860260081732 1.162845115502446E-4
 9.313600147987115 1.0537740357248079E-4
 9.380497743499422 9.547769777855295E-5
 9.447562903344089 8.649470041690018E-5
 9.514785770795678 7.834567579809755E-5
 9.582156489128758 7.09551749734704E-5
 9.649684915068764 6.425441710566492E-5
 9.71735133516483 5.818072256958386E-5
 9.785165606142385 5.267699418922012E-5
 9.853117871276002 4.769124139514094E-5
 9.921188417114811 4.317614065934985E-5
 9.98939695710968 3.908863551697999E-5
 10.057704064358875 3.53895705005818E-5
 10.126208306116727 3.204335205451073E-5
 10.194811115128907 2.901764439207193E-5
 10.263413924141087 2.6283084997518445E-5
 10.33221386766192 2.381303050183368E-5
 10.401112378437082 2.1583317081269382E-5
 10.470109456466574 1.9572052288978734E-5
 10.539205101750392 1.7759415040509007E-5
 10.60830074703421 1.612747977180541E-5
 10.677593526826687 1.466005419005981E-5
 10.74688630661916 1.3342532468861556E-5
 10.81637622092029 1.216176226851886E-5
 10.885767567967093 1.1105923906595948E-5
 10.95535604952255 1.0164421239784061E-5
 11.024944531078008 9.327784326545503E-6
 11.094631579887794 8.587581320762187E-6
 11.164318628697579 7.936339993595782E-6
 11.234005677507364 7.367477288174329E-6
 11.30379129357148 6.875238717552354E-6
 11.37367547688992 6.454643771472622E-6
 11.443559660208361 6.101440366983119E-6
 11.513345276272474 5.812065369904402E-6
 11.583328026845246 5.583612627758346E-6
 11.653212210163687 5.413808597085792E-6
 11.723194960736455 5.301005804985261E-6
 11.793079144054897 5.244304700044066E-6
