 0.0E+0 0.0E+0
 6.926868825783945E-4 0.01347891999999995
 2.086204233212229E-3 0.04059036999999999
 3.4961170564517152E-3 0.06798375000000001
 4.9226244875916584E-3 0.0955935
 6.3658837387069065E-3 0.12331526999999998
 7.826139361913885E-3 0.15101001999999996
 9.30356603729576E-3 0.17851362000000003
 0.010798355912944004 0.20564972000000003
 0.01231071860495842 0.23224319000000004
 0.013840863729438798 0.25813191999999995
 0.015389018370493251 0.28317572
 0.016955339740196626 0.30726169999999997
 0.018540019986640406 0.33030643000000003
 0.02014340846999091 0.35225547999999995
 0.021765662402322982 0.37308109
 0.023406956463719794 0.39277861000000002
 0.0250674653342645 0.41136251
 0.026747713054206593 0.42886232
 0.028447524943462913 0.44531875
 0.030167250362199776 0.46078023999999995
 0.03190723867058352 0.47530013000000004
 0.033667664548697295 0.48893423999999996
 0.03544887735670744 0.5017391099999999
 0.037250877094613936 0.51377061
 0.03907401312258313 0.52508303
 0.04091863480078133 0.53572844
 0.04278491680929171 0.5457562499999999
 0.04467303382819742 0.55521296
 0.046583335217664806 0.5641419999999999
 0.04851617033786018 0.57258363
 0.05047153918878354 0.5805750700000001
 0.052449965810684374 0.58815058
 0.05445145020356269 0.59534179
 0.056476691087751135 0.60217791
 0.05852551378316655 0.60868597
 0.060598267649975244 0.6148908900000001
 0.06269547672842672 0.62081549
 0.06481731569860415 0.6264806
 0.06696395924059068 0.63190519
 0.06913593139463578 0.63710663
 0.0713332321607395 0.64210095
 0.07355621089906814 0.64690314
 0.07580539164987117 0.65152721
 0.07808094909323178 0.65598608
 0.08038305790923311 0.66029147
 0.08271224213812467 0.6644540299999999
 0.08506867645998961 0.66848368
 0.08745271023499425 0.6723899099999999
 0.08986469282330492 0.67618192
 0.09230497358508798 0.6798685
 0.09477372720042654 0.68345787
 0.0972714777095701 0.68695751
 0.09979839979260184 0.6903739799999999
 0.10235501748977124 0.69371291
 0.10494150548116148 0.69697909
 0.10755821312693885 0.70017675
 0.11020548978726971 0.7033099300000001
 0.11288385950240351 0.70638252
 0.11559367163250661 0.7093981300000001
 0.11833510085766216 0.71235988
 0.12110849653803649 0.7152703
 0.12391438271387907 0.71813145
 0.12675310874535625 0.72094519
 0.12962502399263434 0.72371345
 0.13253047781587967 0.72643833
 0.13546999425534173 0.7291221999999999
 0.13844374799110367 0.7317677899999999
 0.14145226306341501 0.73437803
 0.1444960635125252 0.73695551
 0.14757532401851744 0.73950224
 0.15069056862164117 0.74201981
 0.15384214668206278 0.74450985
 0.1570305822400317 0.74697407
 0.16025622465571426 0.74941397
 0.16351959796936 0.75183056
 0.16682087686105204 0.7542246
 0.17016076005112301 0.75659695
 0.17353977157982244 0.75894868
 0.1769579114471503 0.76128114
 0.18041657709377195 0.76359597
 0.18391541915952103 0.7658946600000001
 0.18745443764439748 0.76817777
 0.191035379349233 0.77044468
 0.19465649747319596 0.77269407
 0.1983212856179496 0.77492519
 0.20202799698266227 0.77713896
 0.20577837836816564 0.77933761
 0.20957242977445963 0.78152345
 0.213411898002376 0.78369838
 0.217295036251083 0.78586422
 0.2212218445205807 0.7880229
 0.2251958164125323 0.79017621
 0.22921695192693786 0.7923255
 0.2332835042629657 0.7944711
 0.23739722022144751 0.79661233
 0.24155984660321483 0.79874908
 0.24576963660743611 0.80088258
 0.2500300838357746 0.80301427
 0.2543394414873986 0.80514467
 0.2586977095623082 0.80727315
 0.26310663486133495 0.80939863
 0.26756796418531053 0.8115206699999999
 0.2720799507334033 0.81363987
 0.2766460881072765 0.81575707
 0.28126462950609854 0.8178728
 0.2859355749298694 0.81998746
 0.2906606711794206 0.8221015700000001
 0.29544166505558394 0.82421527
 0.30027855655835933 0.82632774
 0.30516959888691524 0.82843752
 0.31012003244374636 0.83054354
 0.31512461682635795 0.83264571
 0.3201903392380765 0.83474488
 0.3253119592764071 0.83684254
 0.33049471734384466 0.83894053
 0.3357368666395576 0.84104058
 0.3410401539643774 0.84314369
 0.3464045793183042 0.84525016
 0.35183014270133794 0.8473595700000001
 0.3573203377151419 0.84946973
 0.36287167075805276 0.8515767
 0.36848938223256544 0.85367667
 0.3741699785370167 0.85576758
 0.37991870007390143 0.85784886
 0.3857320532415564 0.85992013
 0.39161178484081315 0.86198209
 0.397561388473335 0.86403774
 0.4035791173382903 0.86609135
 0.4096649714356791 0.86814694
 0.4158224443671646 0.87020729
 0.42204978933191517 0.87227451
 0.428350499931594 0.87435076
 0.43472282936536965 0.87643631
 0.4411685244340736 0.87852969
 0.4476875851377059 0.88062942
 0.4542835050779298 0.88273373
 0.460952790653082 0.88484065
 0.4677006822656574 0.88694813
 0.47452717991565607 0.88905256
 0.48143053680224634 0.8911497
 0.4884124997262598 0.89323887
 0.4954765622893597 0.89532406
 0.5026209776907145 0.89740944
 0.5098474927311558 0.89949553
 0.5171561074106835 0.901582459
 0.524550315330961 0.903671969
 0.5320283696911565 0.905764031
 0.5395920172921018 0.907855473
 0.5472412581337968 0.909941487
 0.5549795858179047 0.912017559
 0.5628070003444258 0.914080726
 0.5707217549125281 0.916130776
 0.5787290899247067 0.918172241
 0.5868272585801299 0.920211839
 0.5950180076796292 0.922252171
 0.6033030840240365 0.924293017
 0.6116824876133516 0.926334758
 0.6201562184475747 0.928375898
 0.6287277701283688 0.930414078
 0.6373988894565656 0.932449804
 0.6461660828305019 0.9344837619999999
 0.6550345906526727 0.936513662
 0.6640044129230778 0.938536684
 0.6730755496417172 0.940550942
 0.6822497476094226 0.942553105
 0.6915287536270257 0.944537727
 0.700914314495358 0.946500962
 0.7104046834135881 0.94844415
 0.7200033539833789 0.950370493
 0.7297120730055622 0.952278684
 0.7395308404801381 0.954163456
 0.7494596564071063 0.956020318
 0.7595037611889622 0.957845266
 0.7696596612240421 0.959632568
 0.7799308501140093 0.961378836
 0.7903173278588639 0.9630849459999999
 0.8008225880602693 0.964751962
 0.8114466307182252 0.966381272
 0.8221912026335635 0.967976428
 0.8330580506071155 0.96953984
 0.8440454278380499 0.971070363
 0.8551585747288614 0.972569234
 0.8663957444787184 0.974040822
 0.8777604306892842 0.975481166
 0.8892526333605589 0.976880277
 0.9008740992933739 0.978232591
 0.912626575288561 0.97953648
 0.9245118081469517 0.980790681
 0.936529797868546 0.981994825
 0.9486840380550072 0.983150796
 0.9609745287063354 0.98426086
 0.9734012698225305 0.985324191
 0.9859695018060874 0.986340433
 0.9986774778561744 0.987312009
 1.011528691574455 0.988240936
 1.0245231429609287 0.989128215
 1.0376625788164277 0.989972516
 1.0509487459417834 0.990770568
 1.0643833911378273 0.9915217652
 1.0779682612053911 0.9922292198
 1.0917051029453066 0.9928959211
 1.1055956631584051 0.9935203433
 1.119639941844687 0.9940988903
 1.1338396858049832 0.9946308194
 1.1481983886409581 0.9951172235
 1.1627177971534425 0.9955619141
 1.177396164541605 0.9959717093
 1.19223873120794 0.9963527972
 1.2072472439532802 0.9967092791
 1.222419955976793 0.9970421752
 1.2377621076809737 0.9973492718
 1.2532736990658221 0.9976282446
 1.2689564769321701 0.9978789691
 1.2848121880808491 0.9981028478
 1.300842579312691 0.9983028772
 1.3170511442293588 0.998482264
 1.3334378828308524 0.9986434162
 1.3500045419180037 0.9987895768
 1.3667546150924758 0.9989230065
 1.3836881023542688 0.99904345431
 1.4008067505042143 0.99915140352
 1.4181140531439755 0.99924826933
 1.435611757074384 0.99933509852
 1.4532998622954398 0.99941333903
 1.4711818624088064 0.99948451138
 1.489259504215315 0.99954956222
 1.5075345345157975 0.99960794655
 1.5260104469119173 0.99965893322
 1.5446854946028425 0.99970362418
 1.563564917991068 0.99974314102
 1.5826504638774254 0.99977754812
 1.6019421322619151 0.99980737559
 1.6214451635470314 0.99983314352
 1.6411578109319431 0.99985493247
 1.661085314819145 0.99987337719
 1.6812294220094685 0.99988922548
 1.701590132502914 0.999902814972
 1.7221709399011442 0.999914572481
 1.7429735910049912 0.999925098326
 1.764006819818613 0.999934809464
 1.7852479179311981 0.999943771379
 1.8067335681602114 0.999951910347
 1.828446302497336 0.999959306977
 1.8504035889508885 0.999966094697
 1.8725704915042364 0.999972196521
 1.894999414182328 0.999977390055
 1.9176554209685314 0.999981594604
 1.9405559798711624 0.999984932607
 1.9637010908902214 0.999987595742
 1.9870907540257081 0.999989769171
 2.010724969277623 0.9999915882848
 2.034621204654281 0.9999931193718
 2.0587794601556836 0.9999943839763
 2.0831647997651976 0.9999954094056
 2.107829627507772 0.9999962405983
 2.132756475375091 0.9999969032952
 2.157945343367153 0.9999974087728
 2.183378763475644 0.999997788613
 2.2091091397255104 0.9999980861131
 2.2350840680918055 0.9999983262939
 2.2613559525994766 0.9999985200864
 2.2878898572318924 0.9999986913289
 2.314703249997368 0.9999988701976
 2.341796130895904 0.99999906502256
 2.3691684999275004 0.99999926221347
 2.396837825100474 0.99999944346058
 2.424786638406507 0.99999959366822
 2.453032407853917 0.99999970624664
 2.4815751334427034 0.99999978617675
 2.5103973471645506 0.99999984186883
 2.5395339850360905 0.99999988001599
 2.5689501110406904 0.999999906435335
 2.5986981292033 0.999999925272538
 2.6287256354989696 0.999999939129136
 2.659085033952648 0.999999950125474
 2.6897413885477035 0.999999959643787
 2.7207121672924516 0.999999967912217
 2.7520148381952087 0.999999974561095
 2.783614465239343 0.999999979343943
 2.8155459844414862 0.999999982456075
 2.847809395801639 0.999999984672225
 2.880387231311484 0.9999999869163
 2.9133144269876543 0.999999989301191
 2.9465560468135176 0.9999999912947412
 2.9801470268057066 0.9999999926743446
 3.0140698989559044 0.9999999935834848
 3.0483246632641116 0.9999999941637978
 3.0829462557469606 0.9999999944892457
 3.1178997403878185 0.9999999947292222
 3.153202585195002 0.9999999951383421
 3.1888547901685106 0.9999999958050118
 3.224873823316661 0.9999999966009805
 3.2612422166311372 0.9999999973802388
 3.2979774381202546 0.9999999981153778
 3.3350794877840144 0.9999999988021318
 3.372548365622415 0.9999999992736279
 3.4103840716354576 0.9999999993562289
 3.448586605823142 0.9999999991470979
 3.4871559681854682 0.9999999989297396
 3.526127094739069 0.9999999989243205
 3.5654650494673103 0.9999999991328167
 3.6051873003785104 0.9999999994239204
 3.6452938474726686 0.9999999996933924
 3.685784690749784 0.9999999998762543
 3.7266772982181746 0.9999999999601209
 3.7679716698778387 0.9999999999873677
 3.809650337720461 0.9999999999953955
 3.8517307697543574 0.9999999999982124
 3.894230433987844 0.999999999999353
 3.9371143944042894 0.999999999999798
 3.980435055028641 0.9999999999999474
 4.024140011835951 0.9999999999999888
 4.068281668851167 0.999999999999998
 4.112825090057658 0.9999999999999997
 4.157787743463739 1.0
 4.203187097077727 1.0
 4.249005682891306 1.0
 4.295260968912791 1.0
 4.341935487133867 1.0
 4.389064173571166 1.0
 4.436612092208055 1.0
 4.484614179061166 1.0
 4.533052966122186 1.0
 4.581928453391112 1.0
 4.631258108876261 1.0
 4.68105940058595 1.0
 4.731297392503544 1.0
 4.781989552637362 1.0
 4.833135880987403 1.0
 4.884753845561984 1.0
 4.936843446361103 1.0
 4.989387215376446 1.0
 5.042420088624644 1.0
 5.095907130089065 1.0
 5.149883275786343 1.0
 5.204331057708159 1.0
 5.259250475854515 1.0
 5.314676466242043 1.0
 5.370574092854109 1.0
 5.426960823699031 1.0
 5.483836658776809 1.0
 5.541201598087443 1.0
 5.5990731096392485 1.0
 5.657433725423909 1.0
 5.716300913449741 1.0
 5.775674673716747 1.0
 5.835537538216606 1.0
 5.895924442965955 1.0
 5.9568179199564754 1.0
 6.018217969188167 1.0
 6.080142058669348 1.0
 6.1425727203916995 1.0
 6.2055099543552234 1.0
 6.268988696576551 1.0
 6.332991479047368 1.0
 6.397500833759357 1.0
 6.462551696729149 1.0
 6.528126599948431 1.0
 6.594225543417198 1.0
 6.660865995143772 1.0
 6.728030487119834 1.0
 6.7957364873537 1.0
 6.863966527837054 1.0
 6.932755544586528 1.0
 7.002068601585491 1.0
 7.0719406348505744 1.0
 7.142354176373463 1.0
 7.2132917581458384 1.0
 7.284788316184335 1.0
 7.356843850488953 1.0
 7.429440893051374 1.0
 7.5025794438716 1.0
 7.576276970957947 1.0
 7.650533474310413 1.0
 7.725331485920686 1.0
 7.800688473797079 1.0
 7.876604437939592 1.0
 7.953061910339909 1.0
 8.030095827014664 1.0
 8.107671251947222 1.0
 8.185823121154218 1.0
 8.264516498619018 1.0
 8.343768852349939 1.0
 8.423597650355298 1.0
 8.50396795661846 1.0
 8.58491470715606 1.0
 8.666420433959779 1.0
 8.748485137029618 1.0
 8.83110881636558 1.0
 8.914291471967662 1.0
 8.998033103835864 1.0
 9.082351179978504 1.0
 9.167210764378948 1.0
 9.25264679305383 1.0
 9.338624329986514 1.0
 9.425178311193637 1.0
 9.512273800658562 1.0
 9.599945734397926 1.0
 9.688159176395093 1.0
 9.776949062666699 1.0
