 0.0E+0 0.0E+0
 8.012118967514656E-3 0.024170096913135145
 0.024130551519628878 0.07012543683498061
 0.04043862600137823 0.11420626942839313
 0.05693864575603763 0.15649303424265698
 0.07363242921250834 0.19696374079534512
 0.09052280503797008 0.235558152560112
 0.10761179370897982 0.2721932420146877
 0.12490161774975014 0.3067722889719605
 0.14239470173214943 0.33919166728419836
 0.16009347022804604 0.369346401584446
 0.17800054985696397 0.3971352707732064
 0.19611775904780448 0.4224660869532402
 0.21444732032478022 0.445261282610576
 0.23299327464100508 0.46546383658220613
 0.2517574404253803 0.48304312069013766
 0.2707418381544629 0.49800020774091263
 0.2899484883048097 0.5103720216677785
 0.3093834523060916 0.5202336520185916
 0.32904470968175175 0.527698511149497
 0.3489363013849039 0.5329160170767047
 0.369062268368662 0.536067008429487
 0.38942463110958303 0.5373571894189213
 0.4100274305607809 0.5370093325952988
 0.43087066672225554 0.5352549252745193
 0.45195838054712084 0.53232606972668
 0.47329461298849073 0.5284483176068713
 0.4948813845229222 0.5238348384898839
 0.5167207156269722 0.5186821877015785
 0.5388166472537546 0.5131676436013078
 0.5611732203563831 0.5074479189583003
 0.583790434934858 0.5016589305042536
 0.60667435241885 0.49591633959221043
 0.6298249728083591 0.49031655724457773
 0.6532503780096133 0.4849380039866011
 0.6769485475460553 0.47984245767798833
 0.7009235223707991 0.4750764684440009
 0.7251813639135157 0.47067282800919196
 0.749724092650762 0.4666519795098893
 0.7745537290590948 0.46302354516815052
 0.7996763345681851 0.4597878159987016
 0.825091909178033 0.45693726190257843
 0.8508044938417519 0.45445801210195824
 0.8768201499890134 0.4523312592768746
 0.9031408980963738 0.45053454865475717
 0.9297687586403902 0.449042899712733
 0.9567097930507336 0.4478297216032079
 0.983966021803961 0.4468675037906985
 1.011541485853186 0.446128148260245
 1.0394402261515225 0.4455830769974964
 1.067666283652085 0.4452028962724535
 1.0962216788314298 0.4449568367410411
 1.125112473119228 0.44481195421508123
 1.1543406869920362 0.4447324350889415
 1.1839123818795258 0.44467941950356804
 1.2138295782582535 0.4446120861199369
 1.2440963170813332 0.4444909444455668
 1.274716639301879 0.4442844324704851
 1.3056966063495611 0.4439798494523308
 1.3370402591774941 0.4435990411187333
 1.3687496182622345 0.44321803264924852
 1.4008287245568964 0.4429878384320256
 1.4332836394911507 0.44315112273407464
 1.4661184040181112 0.44404694391814203
 1.4993370590908916 0.44609469820853525
 1.5329436456626064 0.4497504704789065
 1.5669442251629257 0.4554356232780043
 1.601340818068407 0.46344849097913926
 1.636139485808721 0.47388093833854444
 1.671346289813538 0.48656589752137963
 1.706963250559416 0.5010749543158859
 1.7429964294760247 0.5167686995807688
 1.7794498675164791 0.5328858041820534
 1.8163296261104493 0.5486472864825986
 1.8536397462110494 0.5633528518927666
 1.8913862892479502 0.5764527665646026
 1.9295712756977088 0.5875874114089403
 1.9682027874665526 0.5965943640143384
 2.007286885984153 0.6034884394459697
 2.04682357125051 0.6084235190524395
 2.0868290070780783 0.6116458649845806
 2.127299152513745 0.6134479406587008
 2.1682340075575092 0.6141291951192412
 2.2096537769749415 0.6139675343724097
 2.251538256000472 0.6132022053591301
 2.293927854165239 0.6120267589336694
 2.3368023667036736 0.6105895204647092
 2.3801819983813454 0.6089987868185449
 2.424066749198254 0.6073301799602442
 2.468476823919969 0.6056343565963548
 2.513392017780921 0.603943942039273
 2.5588123307811097 0.6022790951879868
 2.6047781724516747 0.6006516837681342
 2.6512895427926155 0.5990682280418762
 2.698326237038363 0.5975318669550057
 2.7459084599544865 0.5960436902484558
 2.794056416306555 0.5946036013448424
 2.8427499013289994 0.5932108948838679
 2.892029324552959 0.5918645809752865
 2.941874481212864 0.5905635237477224
 2.9922853713087143 0.5893064367407995
 3.0432821996060792 0.5880918285923796
 3.0948851708705293 0.5869179981022069
 3.147074080336494 0.5857830909401365
 3.1998893375351116 0.5846852457618948
 3.2533107377008145 0.5836227111350869
 3.307338280833602 0.5825938785941859
 3.361992171699043 0.5815971725897924
 3.4172926150627067 0.5806308965015924
 3.4732396109245944 0.5796931004014098
 3.5298129545191363 0.5787816421940194
 3.58707326014304 0.5778943351820701
 3.6449599134995973 0.5770291243281122
 3.7035537336510864 0.5761840841861989
 3.7627941063007992 0.5753572913951914
 3.822741645745444 0.5745466881236438
 3.8833761472194505 0.5737500934935642
 3.9447178154883895 0.5729654470172223
 4.006766650552259 0.5721910027945568
 4.069522652411061 0.5714253280744281
 4.133026230595934 0.5706670451170152
 4.197236975575739 0.569914594624374
 4.262215501647184 0.5691662544969108
 4.32792139927913 0.5684203845877095
 4.394415282768285 0.5676756217630828
 4.461656742583512 0.5669308857441905
 4.5296659834903785 0.5661852178712982
 4.598483415020024 0.5654377261284623
 4.668088832406879 0.5646877331491608
 4.738482235650944 0.5639349413746948
 4.809704034283358 0.5631795555556394
 4.881734023538551 0.562422145950867
 4.954612612947662 0.5616634623224127
 5.0283195977451224 0.5609042946174114
 5.1028751826965 0.5601455576971097
 5.178279367801796 0.5593886827661253
 5.254572562592149 0.5586356974518366
 5.33171435753642 0.5578893145210593
 5.4097653669313174 0.5571526006870993
 5.488725590776842 0.55642886922847
 5.568574824307424 0.5557216931001987
 5.649333272288631 0.5550347758051892
 5.731041344251605 0.5543722719743035
 5.813678835430775 0.5537376698520808
 5.89726595059171 0.5531341603153526
 5.98180268973441 0.552564213606957
 6.067329462390015 0.5520324301674571
 6.153826063792955 0.5515433636816822
 6.241312698708799 0.551101517513559
 6.329789367137549 0.550709242600019
 6.419296478610341 0.550371625641443
 6.509834033127176 0.5500928906184439
 6.601381825922486 0.5498767236138496
 6.694000471292979 0.5497224609027116
 6.787669764473084 0.5496337773264633
 6.882409910228371 0.5496124832702582
 6.978241113324411 0.549659701193577
 7.075163373761201 0.5497710664798092
 7.173176691538745 0.5499472446281459
 7.2723214761881784 0.5501872645179311
 7.372617932475073 0.5504860507430628
 7.474025650868288 0.5508377624833649
 7.576605245664534 0.5512342160180533
 7.680356716863809 0.551668908751786
 7.7852800644661135 0.5521222012062899
 7.891395493237018 0.5525880638179644
 7.998723207942091 0.5530597489841212
 8.107283413346902 0.5535244074625293
 8.217055904685882 0.5539734371222764
 8.32808109149017 0.5544013830026367
 8.440379178525333 0.5547979452062337
 8.553950165791376 0.5551485602890137
 8.668794053288295 0.555452321747557
 8.784971455312801 0.5557059178629126
 8.902441962333752 0.5558933556392652
 9.021245983882288 0.556025805811205
 9.14138351995841 0.5561091807294779
 9.26289498009326 0.5561294767394578
 9.38578036428683 0.5561119471220736
 9.510059877304696 0.5560640051707512
 9.635753723912424 0.555973525551857
 9.762841699344449 0.5558760698037845
 9.891384417897475 0.5557634799124836
 10.021361674805933 0.5556249836911248
 10.152813879600965 0.5555059485848808
 10.285741032282568 0.5553497655178922
 10.420163337616312 0.5551817729587059
 10.556101000367768 0.5550358755778535
 10.693574225302504 0.5548376053238608
 10.83258301242052 0.5546693073943769
 10.973167771252955 0.5544956694886023
 11.115328501799809 0.5543133017133878
 11.259065204061084 0.5542081896368333
 11.404438492333487 0.5540408551120697
 11.551428161851447 0.5539534605988643
 11.700074622146104 0.5538580732373656
 11.85037787321746 0.5537970349250677
 12.002358119831081 0.5538293484890132
 12.15603556675254 0.5538052100891981
 12.311430418747403 0.5539385051806389
 12.468562880581242 0.553928579406912
 12.627453157019625 0.5540597471031621
 12.788121452828124 0.554129077264068
 12.950567768006735 0.5543073974342466
 13.11481230732103 0.5545191685359889
 13.280895480302148 0.5547770198907023
 13.44883749171566 0.5551320992788323
 13.618618136795993 0.5554574758257632
 13.790298029839855 0.5559193603679184
 13.96389737561282 0.5562832665330237
 14.139395969349316 0.5568066415459878
 14.31685442534605 0.5571853462416366
 14.496272743603024 0.5577299864518875
 14.677671128885809 0.5581148892068278
 14.86106978595997 0.5586544098679102
 15.046488919591077 0.5590640793030285
 15.233968939310277 0.5595944333637417
 15.42350984511756 0.5600759668791759
 15.6151318417785 0.5606036279294317
 15.808875338824233 0.5612144849288325
 16.004740336254762 0.5617409843098928
 16.20274703883566 0.5625263758696212
 16.402935856098057 0.5630504924028874
 16.60532699280753 0.5639515168871784
 16.809920448964074 0.564526621127373
 17.016756634098832 0.5653364235308613
 17.22585575297737 0.5661195644304958
 17.43723801036526 0.5668034755477364
 17.650943815793642 0.5677778280554282
 17.866952964496942 0.5682946916028396
 18.085326070771873 0.5690418939673088
 18.306083339384 0.5697243212782106
 18.52922477033333 0.5702623537666494
 18.754810977916562 0.5711085007108253
 18.982821757368135 0.5716092741767137
 19.21331772298475 0.572132987255575
 19.446319079531985 0.5729769889223325
 19.681825827009834 0.5733463525643939
 19.919878374949433 0.5738598099507191
 20.160496928116362 0.5747284320375053
 20.40378251033846 0.5751384441332568
 20.649472459663325 0.5756303509723389
 20.897991076167915 0.5763241471733076
 21.149136312196542 0.5765489632216116
 21.403110215404893 0.5764994740174912
 21.659508690481587 0.5763474284218313
 21.918937880393695 0.5759767278330697
 22.18099368982984 0.5748307949650479
 22.44587816644571 0.5735503870995986
 22.71359131024131 0.5722705977701876
 22.984133121216633 0.5708925738538404
 23.257503599371688 0.569106256437458
 23.53390479236216 0.5674963860319239
 23.813336700188056 0.566116317765377
 24.095395227537984 0.5650069291068364
 24.38068651737903 0.563524216318153
 24.669008522055495 0.5619792417097959
 24.960361241567383 0.5606148216671633
 25.254542628259 0.559555207010537
 25.552158825097425 0.5588499274087598
 25.852603689115582 0.5584751343995658
 26.156483363280543 0.5580429543402969
 26.463393752280936 0.5579907339005805
 26.773536903772434 0.5583738393088429
 27.086912817755056 0.5591907917665255
 27.403521494228794 0.5603546360471713
 27.723564980849346 0.5617321347046572
 28.046841229961007 0.5631536780964344
 28.373552289219485 0.5644496213899104
 28.703698158624774 0.5653436349890975
 29.037076790521183 0.5657211080790722
 29.374092280220093 0.5657618458035387
 29.71434053241012 0.5654727921672671
 30.058427690058351 0.5648118639687676
 30.405747610197696 0.5637209656842154
 30.75690643579524 0.5622137363156126
 31.1115000715396 0.5604305023372584
 31.469730565086464 0.5586198553150952
 31.831799964091526 0.5570649422813172
 32.1973041732434 0.556023115958886
 32.56664728785348 0.5556914879114655
 32.93982930792176 0.5561729136252431
 33.31664818579255 0.557432347421374
 33.69750801677723 0.5593081767984134
 34.082004705564415 0.561260028500765
 34.470542347465496 0.5630440076649788
 34.86291889482478 0.5646085652112556
 35.25913434764227 0.5659865154826894
 35.659592801229344 0.5673428129939748
 36.06389016027462 0.5688046347470945
 36.47222847243379 0.5702724771178561
 36.88460773770686 0.5714480678757685
 37.30123000374952 0.5715677749153818
 37.721893222906075 0.5704690351622219
 38.14679944283222 0.56894632833464
 38.57594866352795 0.5674796560629599
 39.00934088499328 0.5664870970672983
 39.446976107228195 0.5657537518429715
 39.888854330232703 0.5651556368763045
 40.3349755540068 0.5653095809576952
 40.78574387386188 0.5659948249938767
 41.240755194486546 0.5659512345183981
 41.700211563536505 0.5646382255671901
 42.16411298101175 0.5631589096786732
 42.63245944691227 0.561949469067459
 43.105453008893775 0.5597815187212719
 43.583093666956266 0.5583834440320211
 44.06517937344403 0.558131996740631
 44.551912176012784 0.5582367734846986
 45.04349412231821 0.5606722413046971
 45.53952111704892 0.564226966533886
 46.040599303172 0.5678266731578673
 46.54612253772037 0.5722951223326083
 47.0566969636611 0.5750018803479693
 47.57191848568282 0.578062643535786
 48.09198915144122 0.579169888206407
 48.617111008591976 0.5794162992514289
 49.14708200947941 0.5778907337175383
 49.68210420175922 0.5759893239097179
 50.221975537775705 0.5737199266230493
 50.76710011284025 0.5724730917029555
 51.31707383164147 0.5713099241191129
 51.87230078949075 0.5717018416273838
 52.43257893873241 0.5713175332823955
 52.99790827936643 0.572229780207679
 53.56849085904852 0.5725864438077937
 54.14452872543438 0.5735581746782074
 54.72561778321259 0.5755176062135754
 55.311960080038865 0.5767133953382071
 55.90355561591323 0.5790167271565794
 56.50060643849133 0.5819364021659134
 57.10311254777319 0.5834253842131182
 57.71087189610313 0.5841357345142743
 58.324288578792504 0.5842402968515848
 58.94295850052996 0.5832108389909613
 59.56728575662687 0.582964517244591
 60.19706829942753 0.5835157027579869
 60.83230612893195 0.583655727541429
 61.473403340451525 0.5820621251529485
 62.119955838674854 0.5801812659377437
 62.77216567125764 0.5791387279584939
 63.43003283819988 0.5783723668147698
 64.09355733950157 0.5773436936053655
 64.76294122281841 0.5758569790011377
 65.43798244049471 0.5737455198834257
 66.11888304018615 0.5708353181204627
 66.80564302189275 0.5691662624118048
 67.49806033795879 0.5698357378167188
 68.1965390836957 0.5724193702630257
 68.90087721144774 0.5750224300493746
 69.61107472121492 0.5763792515113366
 70.32733366065295 0.5763672892371527
 71.04945198210613 0.5751172366894608
 71.77742968557448 0.5732167335810886
 72.51167086636933 0.5715527799013098
 73.25197347683505 0.5702489991997323
 73.99813546931591 0.5694273702759073
 74.75056093912332 0.5684915174487939
 75.50904783860156 0.5676507150930817
 76.27359616775064 0.5667818449574351
 77.04440797422627 0.5663479341328278
 77.82128121037275 0.5665913027278651
 78.60441792384576 0.5671604021709022
 79.39361606698961 0.5659556920204905
 80.18927973511569 0.5618710818765672
 80.99100483291264 0.5568535285484749
 81.7991954556918 0.5535788151195916
 82.6136495557975 0.5523425379745058
 83.43416508557404 0.5532904517873699
 84.26114614033283 0.5563111519701401
 85.09459272007383 0.5588684351638574
 85.93430277714138 0.5582079230024244
 86.78027631153547 0.5563183225165523
 87.6327153709118 0.5527152991816233
 88.49161995527035 0.5482799184578759
 89.35678801695545 0.5444645753437954
 90.22842160362278 0.5421416845391188
 91.10652071527234 0.5458957069494348
 91.99088330424844 0.5738222810395801
 92.88191346586245 0.2864153248783889
 93.77920710480304 0.2233004155164572
 94.68316831638153 0.1786370243302982
 95.59339300528656 0.14634691326418783
 96.51008321917382 0.12227579941591901
 97.43344100569901 0.10366324924781693
 98.36306226955075 0.0888785132661119
 99.2993511060404 0.07689443171916048
 100.2421054675123 0.06702574101149056
 101.19132535396643 0.05879429953975277
 102.1470107654028 0.05185458502557645
 103.10916170182139 0.04594994509815865
 104.07777816322222 0.04088552559448937
 105.05306219726097 0.03651076198988191
 106.03460970862628 0.0327076110060304
 107.02282479262949 0.029382385560084593
 108.01730335395925 0.026459943531316483
 109.01844948792694 0.023879449502219006
 110.02585909922117 0.021591233240271422
 111.03993628315332 0.019554426551705705
 112.06027694441201 0.017735155685001304
 113.08728517830865 0.016105154498085017
 114.1205568895318 0.014640679562028412
 115.16029412573718 0.013321661688442999
 116.20629483926912 0.012131034607720746
 117.25896312543898 0.011054201249569975
 118.3176928412797 0.010078605651018915
 119.38309012975833 9.193390493483795E-3
 120.45454884790779 8.38911808918161E-3
 121.53247309103952 7.657543752136526E-3
 122.61686285915346 6.991432360848089E-3
 123.70731405693824 6.3844062838983054E-3
 124.80402873204957 5.830820144753355E-3
 125.90700688448743 5.325657542532628E-3
 127.01624851425183 4.864445028970467E-3
 128.13175362134276 4.443180035979864E-3
 129.25332015810454 4.058270377138706E-3
 130.38115017219286 3.7064833032951056E-3
 131.51483956829633 3.384902097360183E-3
 132.65479244172635 3.0908894623418114E-3
 133.8008067448272 2.8220555380247614E-3
 134.9528824775989 2.576231259736009E-3
 136.11081759238575 2.3514443609376307E-3
 137.27481413684344 2.1458993159368462E-3
 138.4446700633163 1.957959148946925E-3
 139.62038537180427 1.7861303145684172E-3
 140.80196006230741 1.6290484780376926E-3
 141.98939413482571 1.4854664941858818E-3
 143.18268758935914 1.35424362424534E-3
 144.38163837825203 1.2343358177188095E-3
 145.58604445384867 1.1247871124693675E-3
 146.79630991146046 1.0247219136401758E-3
 148.01223270343172 9.333378909505903E-4
 149.23361078210672 8.498998198181614E-4
 150.4604441474855 7.737338135568003E-4
 151.69273279956803 7.042220688851875E-4
 152.93067878601002 6.407983448884808E-4
 154.17367596384434 5.829434670035564E-4
 155.42212842838247 5.301815494153322E-4
 156.67583413196865 4.82076383512177E-4
 157.9345910269472 4.3822815410879504E-4
 159.19860116097382 3.9827046783338416E-4
 160.4676624863928 3.6186760703146695E-4
 161.74197705085984 3.2871200987182643E-4
 163.02093871140786 2.9852195698966513E-4
 164.30495156334828 2.7103946403014996E-4
 165.59381355902533 2.460283322669624E-4
 166.88752469843907 2.232723515442974E-4
 168.1858829339338 2.025736638322528E-4
 169.48888826550953 1.8375125861094034E-4
 170.7965406931662 1.666395645566418E-4
 172.10863816924816 1.5108718845392531E-4
 173.42518069375543 1.36955735253479E-4
 174.746168266688 1.241187245759189E-4
 176.0716008880458 1.124606027090112E-4
 177.40107446251752 1.0187583154696302E-4
 178.73499308541454 9.226804102797077E-5
 180.07275061376975 8.35492712713263E-5
 181.41475114289457 7.563925058191134E-5
 182.76059057747755 6.846475356020776E-5
 184.11026891751876 6.195900110333884E-5
 185.46378616301817 5.606111373208774E-5
 186.82094026632006 5.071560479432119E-5
 188.18193327508018 4.5871920132897455E-5
 189.54636109398711 4.148401380504604E-5
 190.91442577069653 3.7509960949215345E-5
 192.28572320989707 3.39115988898239E-5
 193.66045545924444 3.0654202560999733E-5
 195.0384204710829 2.7706183346868325E-5
 196.41941619775681 2.5038818442115637E-5
 197.8036446869218 2.26259966608541E-5
 199.19070184326656 2.044398948307591E-5
 200.58078971444672 1.8471243535413413E-5
 201.9737062528066 1.6688185537691117E-5
 203.36904736303483 1.5077048859470353E-5
 204.7672171404428 1.362171219904995E-5
 206.16740739440766 1.2307553936932219E-5
 207.57163860148648 1.1121317977342464E-5
 208.97789028512224 1.0050992335582637E-5
 210.384141968758 9.085697782087526E-6
 211.79443460550763 8.21558732938265E-6
 213.20674771881417 7.431752825893121E-6
 214.62108130867773 6.72614263350363E-6
 216.03743537509822 6.091484509295017E-6
 217.4537894415187 5.5212166269701565E-6
 218.8741844610531 5.009425119411621E-6
 220.29457948058745 4.550787010412241E-6
 221.71901545323572 4.1405189690037024E-6
 223.1414309493271 3.774330833594782E-6
 224.56788739853226 3.448383721343067E-6
 225.99434384773752 3.1592526859763593E-6
 227.42282077349972 2.90389296977882E-6
 228.85129769926186 2.679609881780816E-6
 230.27977462502403 2.4840320757305712E-6
 231.71027202734316 2.3150883675202615E-6
 233.1427899062192 2.1709864913438973E-6
 234.57530778509527 2.0501958694886423E-6
 236.0058051874144 1.951431732277629E-6
 237.44034354284744 1.873642580372297E-6
 238.8728614217235 1.8159995142938111E-6
 240.30739977715651 1.7778880250668535E-6
 241.7399176560326 1.7588991826400756E-6
