 0.0E+0 0.0E+0
 5.424204548902323E-4 0.012539399999999978
 1.633638340256627E-3 0.03776159000000001
 2.7376949842780073E-3 0.06324931
 3.854746323294311E-3 0.08894734999999998
 4.984915464942334E-3 0.11476708999999996
 6.12839390999042E-3 0.14058958
 7.285318444701676E-3 0.16627314999999998
 8.455839533965516E-3 0.19166402000000004
 9.640121321297664E-3 0.21660747999999996
 0.010838327950213849 0.24095807000000002
 0.012050637242856101 0.26458729000000003
 0.013277172306861219 0.28738862
 0.014518083607118617 0.30927996999999995
 0.015773644716154503 0.33020386
 0.01704397874160567 0.35012595
 0.018329222469735225 0.36903255999999995
 0.01962951268680627 0.38692755
 0.02094525975160812 0.40382903000000003
 0.022276326877877672 0.41976617000000004
 0.023622987638141131 0.43477622000000004
 0.024985515604924707 0.44890202999999995
 0.026364047564491507 0.46218988000000005
 0.027758857089367736 0.47468779000000005
 0.029169944179553403 0.48644425
 0.030597582407574704 0.49750726
 0.03204204534595786 0.50792368
 0.03350346978096596 0.51773873
 0.03498199249886212 0.52699561
 0.03647788707217256 0.53573521
 0.03799142707342346 0.54399598
 0.039522612502614844 0.55181395
 0.04107185371853602 0.55922286
 0.04263915072118698 0.5662543
 0.04422505065562015 0.57293769
 0.04582941673557242 0.57930017
 0.047452522533570004 0.58536655
 0.04909477840840221 0.5911592
 0.05075632114633215 0.59669806
 0.05243728753362292 0.60200078
 0.054138087929063834 0.60708299
 0.05585872233265491 0.6119588899999999
 0.05759946431692233 0.6166418
 0.05936072424065543 0.62114471
 0.0611426388901173 0.62548019
 0.06294534505157104 0.62966009
 0.06476925308380597 0.63369513
 0.06661449977308521 0.6375947900000001
 0.06848135869193495 0.64136755
 0.0703701034128814 0.64502121
 0.07228100750845079 0.6485633
 0.0742142077649062 0.65200134
 0.07617011454103693 0.6553429
 0.07814886462310612 0.6585954199999999
 0.08015086836990308 0.66176591
 0.0821762625676909 0.66486059
 0.08422532078899579 0.6678848
 0.08629831660634396 0.67084313
 0.08839566037852471 0.67373981
 0.09051762567806429 0.67657889
 0.09266434929122576 0.67936402
 0.09483610479053535 0.68209831
 0.09703330253478237 0.68478448
 0.09925621609649304 0.68742518
 0.10150511904819355 0.69002311
 0.10378028496241012 0.69258096
 0.10608212419793206 0.69510132
 0.10841077354102248 0.69758659
 0.11076664335047069 0.70003907
 0.11315014398506598 0.70246084
 0.1155614122310715 0.70485389
 0.11800085844727652 0.70722033
 0.12046875620620728 0.70956242
 0.1229655158666531 0.7118821399999999
 0.12549141100114014 0.71418067
 0.12804685196845777 0.71645841
 0.13063197555486905 0.71871537
 0.13324732890542642 0.72095156
 0.13589332237891918 0.7231671
 0.13856995597534735 0.72536252
 0.14127832398481576 0.72753892
 0.1440181528347982 0.72969781
 0.14678944252529466 0.73184072
 0.14959356091893621 0.73396878
 0.15242914015309177 0.73608272
 0.15529891595302344 0.73818293
 0.15820152045610022 0.7402693300000001
 0.16113832152495308 0.74234154
 0.16410931915958204 0.7443997099999999
 0.1671158812226182 0.7464455400000001
 0.17015663985143045 0.74848206
 0.17323159504601881 0.75051231
 0.17634348253164541 0.75253819
 0.1794923023083102 0.75456036
 0.18267668651338214 0.75657842
 0.18589800300949232 0.75859108
 0.1891576196592717 0.7605964199999999
 0.19245416860008932 0.76259243
 0.1957903855572072 0.76457733
 0.1991649026679944 0.76654992
 0.20257771993245077 0.76850991
 0.20603020521320747 0.7704580400000001
 0.20952372637289554 0.77239579
 0.21305691554888386 0.77432497
 0.21663250846643455 0.7762473400000001
 0.22024913726291664 0.77816453
 0.22390680193833004 0.7800775
 0.22760687035530582 0.7819864
 0.231350710376475 0.78389054
 0.23513832200183765 0.78578887
 0.23896833736876271 0.78768134
 0.24284486006514324 0.78957004
 0.24676378650308616 0.79145775
 0.2507305881331156 0.79334574
 0.25474116136733854 0.7952338
 0.258799609793648 0.79712144
 0.26290456554941304 0.79900873
 0.2670573964972646 0.80089717
 0.27125810263720273 0.80278913
 0.27550668396922745 0.80468605
 0.27980587621860075 0.80658766
 0.28415294366006066 0.80849272
 0.28855198988150027 0.81039916
 0.2930002791576575 0.81230416
 0.29750191507642537 0.81420604
 0.30205416191254202 0.81610581
 0.3066583875286383 0.8180054800000001
 0.3113173276499764 0.81990675
 0.31602961441392524 0.82181163
 0.3207952478204848 0.82372197
 0.3256169635949172 0.8256387000000001
 0.33049339387459136 0.82756233
 0.3354272743847694 0.82949311
 0.3404172372628203 0.83143077
 0.345464650371375 0.83337414
 0.3505695137104337 0.83532017
 0.35573456300525835 0.83726597
 0.3609570625305868 0.8392121
 0.36624111587431223 0.84116293
 0.37158672303643475 0.84312474
 0.3769925161543233 0.8451016
 0.3824598630906087 0.84709187
 0.3879914995705533 0.8490898
 0.3935860577315259 0.8510892999999999
 0.39924490543615764 0.85308744
 0.40496804268444847 0.8550858
 0.41075820520166045 0.85708688
 0.4166140251251626 0.85909154
 0.42253687031758596 0.86110148
 0.4285267407789305 0.86311742
 0.4345863722344583 0.86513582
 0.44071576468416934 0.8671520500000001
 0.44691355026543266 0.86916519
 0.4531838325661414 0.8711786
 0.45952524372366443 0.87319515
 0.4659391516006327 0.87521333
 0.47242692405967756 0.87723116
 0.47898856110079873 0.87924972
 0.4856240627239964 0.88126943
 0.49233616465453244 0.88329068
 0.4991262347550381 0.88531812
 0.5059915373002511 0.88735353
 0.5129361758780648 0.88939032
 0.5199601504884792 0.89142268
 0.527063461131494 0.89345149
 0.5342474756697405 0.89547804
 0.5415135619658498 0.89750276
 0.5488630878824526 0.89953071
 0.5562946855569183 0.901568124
 0.5638110907145086 0.903615451
 0.5714136712178547 0.905668155
 0.5791024270669568 0.907720336
 0.5868773582618145 0.909773287
 0.5947425683903214 0.911833339
 0.6026953217272148 0.91389864
 0.6107383539977574 0.915962207
 0.6188716652019489 0.918020378
 0.6270979910650515 0.920073007
 0.6354173315870651 0.9221237840000001
 0.6438310546306207 0.924176694
 0.6523405280583494 0.926232385
 0.6609443840076203 0.928291591
 0.6696467260663264 0.930357097
 0.6784461863718366 0.932430056
 0.6873455006494131 0.934510783
 0.696344668899056 0.936597453
 0.705445058983396 0.938686032
 0.7146480387650644 0.940772143
 0.7239549761066922 0.942849696
 0.7333658710082794 0.944909967
 0.742883459195088 0.946945401
 0.7525077406671182 0.948951445
 0.7622387154243699 0.950928014
 0.7720804870547362 0.952879364
 0.7820316876955861 0.954803865
 0.7920950530721815 0.95670064
 0.8022705831845227 0.958576195
 0.8125596458952405 0.960427849
 0.8229636090669662 0.962245427
 0.8334838405623306 0.96402447
 0.8441217082439648 0.965763657
 0.8548785799745 0.967461204
 0.8657558236165671 0.969116218
 0.8767534391701661 0.970730849
 0.887872794497928 0.972308203
 0.899116625325115 0.973848311
 0.9104862995143582 0.975350379
 0.9219804492030265 0.976813377
 0.9336031779790128 0.978230995
 0.9453558537049485 0.979600205
 0.9572371085182023 0.980923584
 0.9692510460066674 0.98219298
 0.981397666170344 0.983396796
 0.9936783368718629 0.984536708
 1.0060944259738551 0.985619069
 1.0186473013389518 0.986644959
 1.0313396986924152 0.98761653
 1.044171618034245 0.988538118
 1.0571444272270726 0.989412383
 1.0702608619961597 0.9902398762
 1.0835209223415065 0.9910188831
 1.0969259761257441 0.9917482471
 1.1104787590741347 0.9924299443
 1.1241806390493087 0.9930695861
 1.1380316160512671 0.993675121
 1.1520344258052712 0.9942473026
 1.1661904361739521 0.9947809229
 1.1805010150199413 0.9952759121
 1.1949688980685007 0.995733594
 1.2095927174569991 0.9961538701
 1.2243765767733294 0.9965394584
 1.2393218438801234 0.9968945299
 1.2544285187773807 0.9972212887
 1.269700705052994 0.9975200342
 1.285137034844333 0.997791766
 1.3007416117392902 0.9980371487
 1.3165158036004973 0.9982556022
 1.3324596104279538 0.9984476033
 1.3485757679469216 0.9986167322
 1.3648656440200326 0.9987682489
 1.3813360779604413 0.9989053954
 1.3979692875539442 0.99902874401
 1.4147939979157932 0.99913910906
 1.4317965304196784 0.99923866065
 1.4489905636919095 0.999329626
 1.4663487404798662 0.99941196997
 1.4839120966624796 0.9994844269
 1.5016532749871287 0.9995475229
 1.5195859540801242 0.99960227027
 1.5377101339414658 0.99964925747
 1.5560258145711536 0.99969009288
 1.5745329959691878 0.99972629872
 1.5932453567618785 0.99975832882
 1.6121628969492263 0.99978692611
 1.6312582592786095 0.999813074
 1.65057247962896 0.99983637791
 1.6700918793739671 0.99985574112
 1.689816458513631 0.99987181277
 1.7097325384216413 0.99988646127
 1.7298811549769288 0.999900578876
 1.750221272300563 0.999914268673
 1.7707939262714742 0.999927573847
 1.7915717596370428 0.99994011616
 1.812568451023578 0.999951012809
 1.8337840004310803 0.999959716289
 1.8552184078595501 0.999966617608
 1.8768853519352974 0.999972358001
 1.8987711540320117 0.99997711481
 1.920889492776004 0.999980885112
 1.9432403681672736 0.999983830867
 1.9658101015795104 0.999986206531
 1.9886260502653352 0.999988210096
 2.011660856972127 0.999989928372
 2.034955557578818 0.9999913991633
 2.058469116206475 0.9999926841037
 2.082242568734031 0.9999938632612
 2.106248557908865 0.9999949445128
 2.1305007623572862 0.9999958696397
 2.1550128607056064 0.9999966327414
 2.179757495701204 0.9999972607811
 2.2047620245967003 0.9999977770491
 2.2300264473920954 0.9999982145376
 2.255537085461078 0.9999986057327
 2.28132129605627 0.9999989540814
 2.3073517219250492 0.99999924028617
 2.333655720320038 0.99999945331353
 2.3602196126149252 0.99999960244426
 2.387043398809711 0.99999970309923
 2.4141544361570157 0.99999976981709
 2.4415253674042194 0.99999981901725
 2.4691698711776317 0.99999986223426
 2.4970879474772527 0.99999989848524
 2.5252932749293934 0.9999999243994
 2.5537721749077433 0.999999941428321
 2.582538326038612 0.999999952889782
 2.6115917283220007 0.999999961710281
 2.6409323817579082 0.999999969211439
 2.6705602863463355 0.999999975645672
 2.700475442087282 0.999999980775339
 2.730677848980748 0.999999984280229
 2.7611948642793544 0.999999986446122
 2.7919991307304794 0.999999987287562
 2.823104326960435 0.999999986870449
 2.8545104529692206 0.999999986551316
 2.886217508756835 0.9999999873038
 2.918239172949591 0.999999988700677
 2.950575445547486 0.9999999900356826
 2.9832126479242115 0.9999999912932456
 3.0161644587060774 0.9999999925853743
 3.0494445565193935 0.9999999938788551
 3.08302558411154 0.9999999952248783
 3.116948577361447 0.9999999963877922
 3.1511725003901842 0.9999999973122198
 3.1857383890766826 0.9999999981667675
 3.2206188861683213 0.9999999989238232
 3.255827670291411 0.9999999994621083
 3.2913784200722613 0.9999999997639633
 3.327257456884562 0.9999999999070008
 3.3634784593546247 0.9999999999669875
 3.400027748856138 0.9999999999894452
 3.436932682641723 0.9999999999968804
 3.474165903458758 0.9999999999991556
 3.511754768559865 0.9999999999998082
 3.5496855993187335 0.9999999999999641
 3.5879583957353622 0.9999999999999936
 3.626586836436063 0.9999999999999986
 3.6655846000471465 0.9999999999999994
 3.7049243293159905 0.9999999999999998
 3.744619702868906 0.9999999999999999
 3.784670720705894 1.0
 3.8250910614532633 1.0
 3.8658807251110145 1.0
 3.907026033052838 1.0
 3.948554342531353 1.0
 3.9904382962939406 1.0
 4.032705251593221 1.0
 4.075341529802882 1.0
 4.118347130922926 1.0
 4.161749412205973 1.0
 4.205521016399402 1.0
 4.249675622129523 1.0
 4.294213229396337 1.0
 4.339133838199843 1.0
 4.384451127166352 1.0
 4.4301514176695544 1.0
 4.476248388335759 1.0
 4.522742039164967 1.0
 4.5696186915308665 1.0
 4.616905702686081 1.0
 4.664589394004297 1.0
 4.712669765485517 1.0
 4.76116049575605 1.0
 4.8100479061895855 1.0
 4.859331996786124 1.0
 4.909040124798286 1.0
 4.959158611599762 1.0
 5.009673778564242 1.0
 5.0606129829443444 1.0
 5.111962546113761 1.0
 5.16372246807249 1.0
 5.215906427446844 1.0
 5.268500745610511 1.0
 5.321519101189802 1.0
 5.374947815558405 1.0
 5.428814245968944 1.0
 5.483091035168796 1.0
 5.537805540410582 1.0
 5.592944083067992 1.0
 5.648492984514715 1.0
 5.704479602003373 1.0
 5.760903935533965 1.0
 5.81775230648018 1.0
 5.87502471484202 1.0
 5.932734839245794 1.0
 5.990882679691501 1.0
 6.049454557552833 1.0
 6.1084641514561 1.0
 6.1679114614013 1.0
 6.227782808762125 1.0
 6.288105550791194 1.0
 6.348852330235887 1.0
 6.410050504348824 1.0
 6.471672715877387 1.0
 6.533732643447881 1.0
 6.5962439656866225 1.0
 6.659179325340987 1.0
 6.722566079663596 1.0
 6.786390550028139 1.0
 6.850652736434617 1.0
 6.915352638883029 1.0
 6.980490257373376 1.0
 7.046065591905656 1.0
 7.112092321106181 1.0
 7.178543087722331 1.0
 7.245445249006725 1.0
 7.3127714477067424 1.0
 7.380549041075006 1.0
 7.448750671858891 1.0
 7.517403697311022 1.0
 7.586480760178777 1.0
 7.656009217714777 1.0
