 3.945421435360043E-3 1.0001309181942841
 0.011882648722343687 1.0004100657552557
 0.019913261708823203 1.0007159799706177
 0.02803839463406372 1.001066906472227
 0.03625894295011666 1.0014467196039713
 0.04457629958239534 1.0018456918359706
 0.05299145947762357 1.0022766872859427
 0.06150551707719751 1.0027207888534268
 0.07011966631718573 1.0031637563390356
 0.07883510113365681 1.0035886918001575
 0.08765311495735166 1.0039964167099078
 0.09657460324032172 1.0043806404797557
 0.10560066042396317 1.0046616905926377
 0.1147332764017236 1.004829123135865
 0.1239733466256544 1.0049146276470914
 0.13332186604247944 1.0048889473009632
 0.14277982959892246 1.004626243845111
 0.1523502221351549 1.004201868875584
 0.16203204870445295 1.003637725886578
 0.17182729920026418 1.0027553171589531
 0.18173796351603621 1.0015732323407875
 0.19176503659849283 1.0000608163129516
 0.2019105083410817 0.9982287481880865
 0.21217437874380276 0.9960412968948738
 0.2225586377001036 0.9933752467169613
 0.23306527510343186 0.9902403634295812
 0.24369528590051131 0.9866414754729279
 0.25444966503806576 0.9825000055493278
 0.26533040240954286 0.9777424738472497
 0.2763394879083901 0.9724126888460057
 0.2874769215346076 0.966434885992098
 0.29874568812836665 0.9597688498566772
 0.31014578768966732 0.9523433684077549
 0.32168120000540484 0.944157729887785
 0.3333509301288553 0.9352456889367674
 0.3451569679534664 0.9254402405267625
 0.3571022983194095 0.9147516197796299
 0.36918791617340834 0.9032206193124727
 0.38141481646218683 0.8907634646575389
 0.3937859840259163 0.8773919155319196
 0.40630141886459686 0.8631195909685396
 0.418963110871676 0.8478575320157151
 0.4317740448873251 0.831641075845402
 0.44473521585826802 0.8145310595881101
 0.45784761873122853 0.7964905153096219
 0.47111423834637805 0.7775419702465194
 0.4845360696504404 0.7577338841156774
 0.4981151025368631 0.7370725183539667
 0.5118533268990938 0.7155938634470751
 0.5257527326305802 0.6932140170187121
 0.539814314678046 0.6704095717641023
 0.5540410578816625 0.646806121846827
 0.5684339571881536 0.6226262892139591
 0.5829959974376907 0.5979501160794914
 0.5977281735769977 0.5728817635125953
 0.612632475499522 0.5475006172426993
 0.6277108930987114 0.5218918429272881
 0.6429664112147372 0.496158042808034
 0.658401019741047 0.4704255092262976
 0.6740157136243645 0.4447931968449668
 0.6898124827581376 0.4193401948762261
 0.7057943119825373 0.39416486015544116
 0.7219631911910115 0.3693691033446517
 0.7383211102770076 0.3450433666106786
 0.7548700591339735 0.3212701144045984
 0.7716130226020803 0.2981415070496011
 0.7885509956280519 0.2757325249108458
 0.8056869630520598 0.25409967911801645
 0.8230239097142751 0.23331938223609494
 0.840562830561422 0.21345058983761522
 0.8583067104336716 0.19453639890423685
 0.8762575392244717 0.17661541434757832
 0.8944183017739935 0.15971029022899868
 0.9127909879756847 0.14383188346984857
 0.9313785826697168 0.12898096478279541
 0.9501820808028135 0.11514201890102778
 0.9692054621618699 0.10230214267971585
 0.9884517115870575 0.09045189311288263
 1.0079208290783763 0.07956479637703907
 1.0276207742096168 0.0696201918201671
 1.0475495570873314 0.06058146603574484
 1.06770717771152 0.05239051459429225
 1.0881035855494203 0.04501754288187507
 1.1087288311337948 0.038419026097563584
 1.1296028133991193 0.03255714163706788
 1.150715582878156 0.027395616527254806
 1.1720770890381424 0.022895352189135548
 1.1936873318790788 0.019025615099707904
 1.2155562608682035 0.015746566902919253
 1.2376739265382781 0.013008757916401088
 1.2600403288893025 0.01076356600076531
 1.2826753668557531 8.97501503743378E-3
 1.3055790404376295 7.613740132480725E-3
 1.3287414001676942 6.758286214636959E-3
 1.3521723955131847 6.050194104096897E-3
 1.3758819759413392 5.783073057757644E-3
 1.3998601919849198 5.812679462415256E-3
 1.4241269425784024 6.103953328103627E-3
 1.4486722782545491 6.623826539876313E-3
 1.4734961990133597 7.395622937043982E-3
 1.4986086543220722 8.243660419544786E-3
 1.524019593647925 9.29628056818578E-3
 1.5497190675236796 0.010480721757980831
 1.575726974883812 0.011773053606018285
 1.6020333662610848 0.013148608161755193
 1.6286382416554976 0.014585401751779057
 1.6555515505342881 0.016063015251833592
 1.6827832423646946 0.017564025829094026
 1.7103333171467174 0.019074244662654248
 1.7381918254131183 0.020583300586408333
 1.766388615565611 0.022077939947375564
 1.7948938392024815 0.02354570355529321
 1.823747294192682 0.024974021421546477
 1.8529191321344988 0.02635115895857569
 1.8824392014296456 0.0276680034296981
 1.9122975526108845 0.028915851874366103
 1.9425041351454532 0.03008831012722271
 1.9730589490333516 0.031178064422743647
 2.0039619942745807 0.03217594180713443
 2.0352331698036154 0.03307100065695834
 2.06685257668598 0.03385548956417364
 2.098850063323389 0.03452409623501242
 2.1312057307813656 0.035073529064644774
 2.1639494274616244 0.03550219501053996
 2.1970612544296894 0.03580902170560427
 2.230551161152798 0.03599394690715551
 2.264439046565427 0.03605740236302448
 2.298714961200338 0.0360006325467019
 2.3333789050575304 0.035825388137989473
 2.3684507770714815 0.03553426830858913
 2.4039206277749523 0.03513063867001445
 2.439808356102419 0.03461857351654638
 2.476104012586644 0.03400292926921396
 2.5128175466948645 0.033289090146336346
 2.549948958427082 0.03248312034606073
 2.587518146717771 0.031592218019878104
 2.6255052126324556 0.03062385702611618
 2.6639400045728502 0.02958574991489225
 2.7028225225389554 0.028487041931357297
 2.7421428170635326 0.027336624825415486
 2.7819108376138195 0.02614326759730231
 2.822146483124292 0.024916435328536622
 2.8628398041277134 0.0236652929270196
 2.9040007500913205 0.022398474968477237
 2.9456293210151134 0.021124114870162153
 2.9877454158335683 0.019850105794479704
 3.0303390850794476 0.018584347557755311
 3.0734202782199884 0.017334108449357225
 3.1169889952551916 0.016106269819792826
 3.1610651351195326 0.014932729408005389
 3.205648697813012 0.013744024435679252
 3.2507297338683907 0.012620754766368446
 3.2963380916873843 0.011542598170611878
 3.3424638218027533 0.010514266267290217
 3.389116873681736 9.540131764301385E-3
 3.4363071967915717 8.624551466599514E-3
 3.4840347911322586 7.771199821195925E-3
 3.532299656703798 6.98263427473385E-3
 3.581121692440665 6.260144473380928E-3
 3.6305108478100982 5.603777409697558E-3
 3.6804472238776213 5.011721887157055E-3
 3.7309606690449483 4.480846831068712E-3
 3.78205118331208 4.006857728461976E-3
 3.833718766679015 3.584021724574182E-3
 3.885973368612992 3.2054994389934723E-3
 3.9388249385812494 2.863438388228539E-3
 3.9922834260510247 2.549808217615248E-3
 4.04633888155508 2.256695140518071E-3
 4.101011204027892 1.9767208108094113E-3
 4.156310342936696 1.703968434453917E-3
 4.212236298281496 1.4346661594196996E-3
 4.268789070062289 1.1673917007904712E-3
 4.325998506680791 9.030287037920807E-4
 4.383844709202524 6.42546605997966E-4
 4.442347576561965 3.8427096943169223E-4
 4.501507108759115 1.227854918261689E-4
 4.561343204728448 -1.4937754489942244E-4
 4.621855864469967 -4.380369752130927E-4
 4.683055037450906 -7.457491769683109E-4
 4.744950673138505 -1.0730544799017823E-3
 4.807532822065527 -1.4205886581761546E-3
 4.870831332633684 -1.79015100918441E-3
 4.934836255375739 -2.1839600486292794E-3
 4.999567489226169 -2.6033675486282492E-3
 5.065025034184973 -3.0487232697575844E-3
 5.131218839719389 -3.5194053375540036E-3
 5.198158855296654 -4.0139038025104904E-3
 5.2658550303840074 -4.530662700148431E-3
 5.334307364981449 -5.067243142817547E-3
 5.403535758023455 -5.619310755292628E-3
 5.473540209510024 -6.183116806692552E-3
 5.544320719441158 -6.757846538712168E-3
 5.615907136218571 -7.344345238521188E-3
 5.688289510375022 -7.941712876539038E-3
 5.76148774084499 -8.54637467289341E-3
 5.835501827628473 -9.154278076902084E-3
 5.9103417201927115 -9.76191065208485E-3
 5.9860173680049415 -0.010364391643156357
 6.062538720532402 -5.247136960901137E-3
 6.139915727242329 -7.486195853032566E-5
 6.218158337601963 -0.012064076026873215
 6.297276501078541 -0.012550581812693517
 6.377270217672063 -0.012981570366034869
 6.458149436849766 -0.013369185253476135
 6.539934057546128 -0.01373080362915352
 6.6226340292283865 -0.014075254650007194
 6.706239402429303 -0.014401561968708785
 6.790780025550591 -0.014705575309060222
 6.876265848059489 -0.014987105496529833
 6.962686920488759 -0.015255837884081067
 7.050073091240115 -0.01553046778815463
 7.138424360313557 -0.015830607855881521
 7.227750677176323 -0.01617075645249186
 7.318061991295652 -0.016556824504956466
 7.409368252138779 -0.016983340168780343
 7.501689358640184 -0.017437366873294956
 7.595025310799865 -0.01790273212302374
 7.689386058085058 -0.018358554993822027
 7.784791499430243 -0.018780760431102376
 7.881241634835417 -0.019151592269510922
 7.97874641376782 -0.019472549929058766
 8.077325735161926 -0.019765198543743575
 8.176989548484974 -0.02004985670399219
 8.277737853736966 -0.02031976262956802
 8.379590549852374 -0.020541956695170594
 8.482557586298437 -0.02068443994770132
 8.586648912542396 -0.020667050691146077
 8.691884427518724 -0.02064086328052557
 8.798254181760186 -0.02040654254338227
 8.905788023668492 -0.02003851870919509
 9.014495902710882 -0.01960061088504861
 9.124377818887357 -0.019162734705494868
 9.23546362059963 -0.018742457290936497
 9.347743358380463 -0.018293965190873513
 9.461246880631569 -0.01775664785054916
 9.575984136820189 -0.017105765974754466
 9.69195512694632 -0.016360790678915215
 9.809179749944438 -0.015563907912094452
 9.927667955281784 -0.014752818193113046
 10.047469490294544 -0.0139579630466152
 10.168455011908627 -0.013207832061264637
 10.29083345893603 -0.012513791531871982
 10.414505336704373 -0.011861230426972789
 10.539570139886035 -0.011211282729902888
 10.665828879136258 -0.010488101963572584
 10.793580038472182 -9.590241254719318E-3
 10.922624628549045 -8.442995519818863E-3
 11.053062144039227 -7.031969460172687E-3
 11.184892584942732 -5.394115179236398E-3
 11.318115951259553 -3.607215075749776E-3
 11.452732242989699 -1.821842300517862E-3
 11.58884095480554 -2.056860136838403E-4
 11.726442086707085 1.076102644084318E-3
 11.865336649349567 1.9825756076876236E-3
 12.005823126750132 2.57526284527274E-3
 12.147802024236395 2.9500648344242953E-3
 12.291273341808358 3.2285016579739985E-3
 12.436137584793642 3.5777210363256532E-3
 12.582693237209385 4.1572669289646905E-3
 12.73064181503845 5.0031088161766055E-3
 12.880281802297972 6.001707427030621E-3
 13.031414209643197 6.971262221988422E-3
 13.184138531746498 7.734050527589599E-3
 13.338454768607882 8.217149365222122E-3
 13.494362920227347 8.473430053481336E-3
 13.651962481277272 8.551483850912126E-3
 13.811153957085274 8.57823910368323E-3
 13.972036842323739 8.674055850432521E-3
 14.134611136992662 8.773291244072974E-3
 14.298777346419667 8.82037684947494E-3
 14.464734459949511 8.82327270183551E-3
 14.632283488237436 8.76214179211366E-3
 14.80172291530058 8.521158926941389E-3
 14.972754257121805 8.06243956013923E-3
 15.145675997718248 7.463978218159446E-3
 15.320289147745152 6.830181799737841E-3
 15.496693201874896 6.265709887365638E-3
 15.674987654779859 5.775549624669426E-3
 15.854973517115285 5.276191140331823E-3
 16.03684977822593 4.818380751361438E-3
 16.220616438111793 4.783092770470233E-3
 16.4061740021005 4.862310286427988E-3
 16.593721459536801 4.938790754227231E-3
 16.78305982107595 5.135058450796181E-3
 16.97438807606269 5.225936380243928E-3
 17.16760672982466 5.149268207990464E-3
 17.362715782361842 5.000395923939967E-3
 17.559914223019006 4.9766383061645505E-3
 17.75900306245139 4.981461582881855E-3
 17.960081795331376 5.008548927378924E-3
 18.16315042165896 5.213087792486936E-3
 18.368308436106524 5.918397660147758E-3
 18.57545634400169 7.052875505251928E-3
 18.784693640016836 8.212863560532208E-3
 18.996020324151963 9.095606403180294E-3
 19.209436396407063 9.707245181122969E-3
 19.42494185678215 0.010244329254359169
 19.642536705277215 0.010825209139915856
 19.86222094189226 0.011295185191822302
 20.08419355597205 0.011265634868409796
 20.308255558171811 0.011194506502954301
 20.534506443163937 0.01090608867437673
 20.762946210948424 0.010287447193222462
 20.993574861525267 9.334977581377305E-3
 21.226491889566855 8.388412361705925E-3
 21.461697295073182 7.430736680199786E-3
 21.699091583371867 6.148389816677421E-3
 21.938774249135292 4.6931951490199845E-3
 22.180844787035837 3.401478783506507E-3
 22.425104207728743 1.9347221203343326E-3
 22.67185099523115 2.0302933213192414E-4
 22.920786665525916 -1.5928504266360743E-3
 23.17220970263018 -3.3729004981105253E-3
 23.425921117199187 -4.921337236832455E-3
 23.682020403905315 -6.185648958760625E-3
 23.94060705742094 -7.459755595326864E-3
 24.201581583073686 -9.180154693383472E-3
 24.465043475535932 -0.011379768134666724
 24.730893240135301 -0.013175779813345811
 24.99932986621655 -0.012944155759930492
 25.270154364434915 -0.0127638135824761
 25.54356572413516 -0.011257460297448901
 25.819464450644908 -9.924797897711139E-3
 26.09785054396415 -9.392096065956243E-3
 26.37882349876528 -9.280836528994108E-3
 26.662482809720668 -9.255234374953682E-3
 26.948629487485554 -9.440346499058722E-3
 27.237363026732317 -9.766551923631893E-3
 27.52868342746097 -0.010522712199640941
 27.822690184343873 -0.011987026817631388
 28.11938329738104 -0.01339381179233846
 28.41866327190009 -0.012436085048399298
 28.720729097245772 -0.011548813751403772
 29.025381784073342 -6.745930437086567E-3
 29.332820321727552 1.2022504331177757E-4
 29.64294521553602 6.559463510344388E-3
 29.955756465498744 0.011324177063168368
 30.271453060960496 0.014507993142044266
 30.5898360125765 0.015628128971558206
 30.91100481501915 0.014551688001784998
 31.234959468288437 0.011841038479001668
 31.561699972384364 8.58209747500666E-3
 31.891325821979314 4.741380872897089E-3
 32.2237375224009 2.138344150735501E-4
 32.55903456832151 -3.5868679862524613E-3
 32.89721695974114 -2.7998350614872073E-3
 33.238185201987406 -2.0906787294266422E-3
 33.582138284405075 8.628940840217332E-4
 33.92897671232176 3.0617623558165624E-3
 34.278700485737473 3.648451325484214E-3
 34.631409099324585 4.209623610394251E-3
 34.98700305841071 4.5822605425684115E-3
 35.34548236299586 3.552181508883008E-3
 35.70704600242478 8.300649851158224E-4
 36.07159448202511 -2.839649880357447E-3
 36.43902830712446 -6.1286800176539365E-3
 36.80954646706759 -9.129037295154284E-3
 37.18304946718212 -0.012306626444481928
 37.55953730746805 -0.014555744658030889
 37.93910948259776 -0.014646981305010279
 38.32166649789887 -0.014488390945062612
 38.70730784804376 -0.01443539642328782
 39.09593403836005 -0.013058499468281401
 39.4877440581925 -0.01224056364196499
 39.882538918196345 -0.013654439831759457
 40.280517607716355 -0.017049405754373164
 40.68158063208015 -0.019235525127324976
 41.085628496615335 -0.020494239308013036
 41.49286019066669 -0.02376836730742442
 41.9032757142342 -0.027301821349059157
 42.31677557264548 -0.03423535069484431
 42.73335976590056 -0.04414163047025078
 43.15312778867179 -0.06255906649130652
 43.57607964095917 -0.07733298422896041
 44.002115828090346 -0.10815147820753095
 44.43133584473768 -0.11383073538268065
 44.86373969090117 -0.11547337456108707
 45.29922787190844 -0.09812341297861762
 45.737999377104245 -0.07979430516661945
 46.17985521714384 -0.08126255760331272
 46.62499438137197 -0.07781544557712802
 47.073217880443884 -0.07203037635337586
 47.52462520903195 -0.04758985016977197
 47.979315861808565 -0.02858606388862537
 48.437090849428955 -0.017834829640946004
 48.89814916123788 -0.011945733478207095
 49.362391302562976 -8.483664476980216E-3
 49.829817273404223 -6.249454081223201E-3
 50.30042707376164 -4.709914854229262E-3
 50.774220703635215 -3.605746435816583E-3
 51.251198163024945 -2.792992519176696E-3
 51.73145894660322 -2.1834589196458296E-3
 52.21480406502527 -1.7196782938589524E-3
 52.70143250763586 -1.362662537709083E-3
 53.19114528509023 -1.0851678327378102E-3
 53.684141386733145 -8.677243122103262E-4
 54.18022182321983 -6.961427088652909E-4
 54.67958558389506 -5.599369278824833E-4
 55.182033679414075 -4.512548653856675E-4
 55.687765099121634 -3.120077316728846E-4
 56.19658085367296 -2.940328417117175E-4
 56.70858043774045 -2.374282137448107E-4
 57.223664356651724 -1.9157635347185925E-4
 57.74203159975154 -1.5433986504503977E-4
 58.26338368302276 -1.2403928274777787E-4
 58.78801909048251 -9.932478820707995E-5
 59.315639338113655 -7.912562850400408E-5
 59.84644341526098 -6.259850697458181E-5
 60.38043132192445 -4.905710343141682E-5
 60.91740406875932 -3.7943371145225283E-5
 61.45746115043797 -2.881573312543858E-5
 62.0006025669604 -2.131275608531321E-5
 62.54682831832662 -1.513631406622106E-5
 63.09613840453661 -1.0056623735842682E-5
 63.648433330918 -5.834810569725608E-6
 64.20381259214317 -2.3752995998750653E-6
 64.76207719886737 4.6108267742465262E-7
 65.32342614043534 2.8452104785660005E-6
 65.88775992217472 4.817573736136675E-6
 66.4550785440855 6.450572997349181E-6
 67.02528251149528 7.802581827148486E-6
 67.59847131907648 8.922675076438574E-6
 68.1745454721567 9.852534330589445E-6
 68.75350497073592 1.0672084570731673E-5
 69.33534981481418 1.1360818699389315E-5
 69.92008000439147 1.1940999536755792E-5
 70.50769553946775 1.2480144030020599E-5
 71.09809692537068 1.2900352640082462E-5
 71.69118466742788 1.3257862687264873E-5
 72.2871577549841 1.3610101537946345E-5
 72.88591669336695 1.3922394298423518E-5
 73.48736198790407 1.424679050710351E-5
 74.09149363859544 1.449598712619313E-5
 74.69831164544108 1.4719291156613251E-5
 75.30791550311335 1.5016127576532344E-5
 75.92000672759512 1.5251450673059227E-5
 76.53478430823115 1.5470918775020723E-5
 77.15214875034907 1.577074986510506E-5
 77.77200055927648 1.6015217269581457E-5
 78.39443922968579 1.6205882900124414E-5
 79.01936526690457 1.647806920562873E-5
 79.64687816560524 1.6790300888605294E-5
 80.27667944177067 1.7053634089801343E-5
 80.90896808474558 1.7310236486558416E-5
 81.54364459985761 1.7607413269522576E-5
 82.18070898710677 1.7945074025113853E-5
 82.82006175182067 1.8280074584112955E-5
 83.4617028939993 1.8611065131690895E-5
 84.10563241364268 1.8940113186901906E-5
 84.75175081607841 1.9316512851228884E-5
 85.40005810130651 1.9722705311971725E-5
 86.05055426932697 2.0126020370148344E-5
 86.70323932013979 2.0574627256104255E-5
 87.35791426440021 2.1019936141868115E-5
 88.01477809145298 2.1463652976317935E-5
 88.67353231728097 2.194806661780499E-5
 89.33437593122895 2.2471382745104838E-5
 89.99710994395214 2.3036644963113892E-5
 90.66173435545056 2.3598674061199608E-5
 91.32824916572419 2.415906551358883E-5
 91.99655488010066 2.4799358599414476E-5
 92.66675099325236 2.543801492515327E-5
 93.33863851583453 2.6116292274358007E-5
 94.01231694251952 2.68755256254763E-5
 94.6875872839626 2.7632962437807576E-5
 95.36454903483613 2.8386677803945276E-5
 96.04310270046774 2.9222749930059802E-5
 96.72314878618506 3.009601174164946E-5
 97.40478678666045 3.1008156349446226E-5
 98.08781771254918 3.200005086990328E-5
 98.7723410585236 3.298772619319252E-5
 99.45825732991133 3.405956239473253E-5
 100.14536753736763 3.5208378747715535E-5
 100.83387067023725 3.6398534719655624E-5
 101.52336874983065 3.7648726175118846E-5
 102.21485672287167 3.8973291089072484E-5
 102.9073396426365 4.0430613732519514E-5
 103.59982256240131 4.1896819760688916E-5
 104.29429537561373 4.34473354624028E-5
 104.98976313554994 4.5142775157745245E-5
 105.68622584220996 4.6913055174332675E-5
 106.38368349559377 4.8872932475346106E-5
 107.0811411489776 5.091376148821147E-5
 107.78058869580902 5.306759205017537E-5
 108.48003624264042 5.5413119987119774E-5
 109.18147368291943 5.7951543525458664E-5
 109.88191617647468 6.0685372089721026E-5
 110.58434856347748 6.360747595385673E-5
 111.28678095048029 6.684458112847557E-5
 111.99020828420693 7.043295038915712E-5
 112.69363561793354 7.434679037254161E-5
 113.39706295166015 7.864123058032958E-5
 114.10148523211058 8.34214238037763E-5
 114.80690245928477 8.887792233009007E-5
 115.512319686459 9.521148379412943E-5
 116.21674196690941 1.0243836039002029E-4
 116.92315414080744 1.1110955948311568E-4
 117.62857136798166 1.2154520453221343E-4
