 0.0E+0 0.4992963062237645
 0.012949780332160751 0.5051697309879886
 0.026051894177600266 0.5111118474978262
 0.03930812312974361 0.5171234496396703
 0.052720269372303153 0.5232053402546877
 0.06629015591153016 0.5293583312240099
 0.08001962681067587 0.535583243574162
 0.093910547427187 0.5418809075664619
 0.10796480465221991 0.5482521628049927
 0.12218430715295515 0.5546978583251461
 0.13657098561720848 0.5612188527016009
 0.1511267930008424 0.5678160141436144
 0.16585370477764918 0.5744902206013123
 0.1807537191919907 0.5812423598677245
 0.19582885751408452 0.5880733296774928
 0.21108116429785023 0.5949840378190205
 0.22651270764166442 0.6019754022340236
 0.2421255794516976 0.609048351127153
 0.25792189570809442 0.6162038230722913
 0.27390379673391063 0.6234427671221848
 0.29007344746689356 0.6307661429130286
 0.306433037733975 0.6381749207850931
 0.3229847825288932 0.6456700818813885
 0.3397309222923727 0.6532526182682863
 0.356673723195434 0.6609235330468434
 0.37381547742558945 0.6686838404624836
 0.3911585034758844 0.6765345660305974
 0.4087051464371957 0.6844767466403734
 0.42645777829322323 0.6925114306795641
 0.4444187982187175 0.7006396781483647
 0.46259063288066054 0.7088625607850961
 0.48097573674270677 0.7171811621766936
 0.4995765923724893 0.7255965778852185
 0.5183957107522077 0.7341099155743606
 0.5374356315924964 0.7427222951182662
 0.5566989236491162 0.7514348487423764
 0.5761881850432976 0.7602487211364577
 0.5959060435850172 0.7691650695844696
 0.6158551570996404 0.7781850640936466
 0.6360382137579145 0.7873098875184469
 0.6564579324091734 0.7965407356904748
 0.677117062917915 0.8058788175516961
 0.6980183865038319 0.8153253552810298
 0.7191647160851254 0.8248815844292179
 0.7405588966253193 0.834548754049597
 0.762203805483462 0.8443281268313739
 0.7841023527677893 0.8542209792413099
 0.8062574816930586 0.8642286016468177
 0.8286721689410774 0.874352298467874
 0.8513494250251721 0.8845933883017757
 0.8742922946578906 0.8949532040690628
 0.8975038571224924 0.9054330931535747
 0.920987226648068 0.9160344175390082
 0.944745552788203 0.9267585539515353
 0.9687820208033396 0.9376068940099026
 0.9930998520470307 0.9485808443570086
 1.0177023043556077 0.9596818268133994
 1.042592672441829 0.970911278518964
 1.0677742882922038 0.9822706520839835
 1.0932505215682322 0.9937614157272999
 1.1190247800112302 1.005385053435905
 1.145100509851294 1.0171430651073407
 1.1714811962199564 1.0290369667007592
 1.198170363566762 1.0410682903895343
 1.2251715760797996 1.0532385847131238
 1.2524884381101755 1.0655494147305333
 1.2801245946004637 1.0780023621712946
 1.3080837315170752 1.0905990255932904
 1.3363695762867184 1.103341020537704
 1.3649858982368794 1.1162299796845731
 1.3939365090403355 1.129267553011773
 1.4232252631637947 1.14245540794978
 1.4528560583205456 1.1557952295449946
 1.4828328359273466 1.1692887206159152
 1.5131595815653631 1.1829376019167552
 1.5438403254453505 1.1967436122951342
 1.5748791428769242 1.2107085088573787
 1.6062801547421201 1.2248340671297608
 1.638047527973135 1.2391220812235046
 1.6701854760343468 1.2535743639971073
 1.7026982594085451 1.2681927472205356
 1.7355901860874207 1.2829790817473547
 1.7688656120665178 1.297935237669992
 1.8025289418442163 1.3130631044975986
 1.836584628925323 1.3283645913172328
 1.871037176328847 1.343841626964196
 1.9058911371001905 1.3594961601881978
 1.941151114827651 1.3753301598262033
 1.9768217641634044 1.3913456149712508
 2.012907791348869 1.4075445351401343
 2.0494139547444163 1.423928950447322
 2.086345065363595 1.4405009117743521
 2.1237059874117445 1.4572624909393732
 2.1615016388290113 1.4742157808760845
 2.1997369918380007 1.4913628957972031
 2.2384170734956723 1.5087059713742148
 2.2775469662498943 1.5262471649034488
 2.31713180850031 1.5439886554883861
 2.357176795163925 1.5619326442014633
 2.3976871782448987 1.5800813542689033
 2.438668267409126 1.5984370312341913
 2.4801254305630573 1.61700194314215
 2.522064094437297 1.6357783807023846
 2.5644897451744372 1.6547686574707034
 2.6074079289215976 1.673975110019531
 2.650824252427389 1.6934000981123058
 2.694744383643393 1.7130460048759141
 2.7391740523301204 1.7329152369781675
 2.7841190506675697 1.7530102247936287
 2.8295852338700857 1.7733334225853174
 2.8755785208059334 1.7938873086695517
 2.922104894621146 1.814674385594574
 2.9691704033680044 1.835697180307555
 3.016781160637849 1.8569582443274983
 3.064943346198379 1.8784601539183374
 3.113663206635435 1.900205510257296
 3.1629470559991537 1.9221969396003637
 3.2128012764544133 1.9444370934612931
 3.263232318935918 1.9669286487697361
 3.314246703807387 1.9896743080421162
 3.365851021525175 2.012676799549833
 3.418051933306257 2.035938877482426
 3.470856171800438 2.0594633221127414
 3.524270541766856 2.083252939956995
 3.5783019207546282 2.107310563943958
 3.632957259787892 2.131639053564514
 3.688243584054718 2.1562412950432472
 3.7441679936004796 2.1811202014876487
 3.8007376640250893 2.2062787130457284
 3.8579598471843215 2.231719797063104
 3.9158418718952145 2.2574464482362897
 3.9743911446454425 2.283461688758732
 4.0336151503064785 2.3097685684759543
 4.09352145285078 2.3363701650281876
 4.154117696072675 2.3632695839994855
 4.215411604313116 2.3904699590588256
 4.277410983188087 2.41797445209815
 4.340123720320604 2.4457862533742553
 4.403557786076382 2.473908581644603
 4.4677212343030294 2.5023446842970646
 4.532622203072614 2.5310978374840105
 4.598268915427693 2.560171346246678
 4.664669680130584 2.589568544641114
 4.7318328924158894 2.619292795859136
 4.799767034746167 2.6493474923507367
 4.868480677570769 2.679736055928227
 4.9379824800873874 2.7104619378915435
 5.008281191006847 2.741528619124989
 5.079385649320404 2.7729396102051744
 5.1513047850698514 2.8046984515031985
 5.224047620120269 2.8368087132773882
 5.297623268935179 2.869273995767657
 5.3720409393541554 2.902097929279073
 5.447309933372589 2.9352841742741655
 5.523439647923858 2.9688364214369182
 5.600439575663152 3.002758391759882
 5.678319305753557 3.0370538366084276
 5.757088524653805 3.0717265377783276
 5.836757016907523 3.1067803075641182
 5.917334665934247 3.14221898880449
 5.998831454821619 3.178046454933965
 6.0812574671189194 3.2142666100171437
 6.164622887631498 3.2508833887962813
 6.248938003216422 3.2879007567063123
 6.334213203578529 3.325322709908574
 6.420458982067351 3.363153275300114
 6.50768593647427 3.401396510527099
 6.595904769830036 3.440056503984292
 6.685126291202263 3.4791373748119056
 6.775361416492841 3.518643272882892
 6.86662116923503 3.558578378780312
 6.958916681389949 3.598946903776761
 7.052259194142552 3.6397530897882397
 7.14666005869639 3.6810012093380244
 7.242130737067446 3.7226955655005347
 7.338682802876513 3.764840491841048
 7.436327942140003 3.8074403523437525
 7.535077954058896 3.850499541330013
 7.634944751805569 3.8940224833775554
 7.735940363308521 3.9380136332071056
 7.838076932034171 3.9824774755874643
 7.941366717766178 4.027418525208429
 8.045822097381485 4.072841326548471
 8.15145556562291 4.118750453741245
 8.25827973586829 4.165150510417746
 8.366307340895522 4.212046129543332
 8.475551233643388 4.259441973247177
 8.586024387967939 4.307342732626828
 8.69773989939383 4.35575312755844
 8.810710985860721 4.404677906474599
 8.924950988463914 4.454121846147296
 9.040473372189373 4.504089751449325
 9.15729172664254 4.554586455092003
 9.275419766770367 4.605616817378219
 9.394871333576921 4.657185725901587
 9.515660394831205 4.709298095271271
 9.637801045767835 4.761958866788552
 9.761307509779328 4.815173008130157
 9.886194139100176 4.868945513006824
 10.012475415482061 4.923281400807888
 10.14016595085987 4.978185716226814
 10.269280488007972 5.0336635288744675
 10.399833901186478 5.089719932875552
 10.531841196777044 5.146360046442427
 10.665317513907599 5.203589011436697
 10.800278125065718 5.261411992910124
 10.936738436700084 5.319834178624283
 11.074713989809487 5.378860778563215
 11.21422046051919 5.438497024406338
 11.355273660643626 5.498748169006411
 11.49788953823554 5.559619485822255
 11.642084178120445 5.6211162683520834
 11.787873802416348 5.683243829536154
 11.935274771038012 5.746007501133924
 12.084303582185044 5.809412633091679
 12.234976872813597 5.8734645928770374
 12.387311419090803 5.93816876479757
 12.541324136831527 6.003530549289792
 12.6970320819167 6.069555362196098
 12.854452450692875 6.136248634003787
 13.013602580352073 6.20361580907263
 13.174499949291565 6.27166234482427
 13.337162177452653 6.340393710923135
 13.501607026638201 6.409815388415953
 13.667852400807844 6.47993286885491
 13.835916346350459 6.550751653390948
 14.005817052333118 6.622277251837431
 14.17757285072576 6.694515181715644
 14.351202216601102 6.767470967258791
 14.526723768308718 6.8411501384002635
 14.704156267622887 6.915558229725137
 14.883518619863226 6.990700779396401
 15.064829873987499 7.06658332804635
 15.248109222655659 7.143211417649605
 15.433376002264657 7.220590590344517
 15.620649692952695 7.298726387250021
 15.809949918572778 7.377624347225875
 16.001296446634132 7.457290005616733
 16.194709188211025 7.5377288929586585
 16.39020819781806 7.618946533650156
 16.587813673250977 7.70094844459796
 16.787545955392367 7.783740133811882
 16.989425527980902 7.867327098989447
 17.19347301734388 7.951714826043111
 17.399709192091577 8.036908787603643
 17.60815496277276 8.122914441490039
 17.818831381490525 8.209737229131813
 18.03175964147724 8.297382573963693
 18.2469610766278 8.385855879785975
 18.464457160990416 8.47516252907271
 18.684269508213482 8.565307881257713
 18.906419870947996 8.656297270976966
 19.13093014020442 8.74813600626175
 19.357822344662636 8.840829366713686
 19.58711864993462 8.93438260161635
 19.818841357778087 9.028800928026977
 20.053012905260672 9.124089528811526
 20.289655863873157 9.22025355065548
 20.528792938591077 9.31729810201191
 20.770446966883127 9.415228251030918
 21.014640917665854 9.514049023431259
 21.261397890203177 9.613765400332543
 21.51074111294963 9.71438231605591
 21.76269394233662 9.81590465585664
 22.01727986149984 9.918337253649067
 22.274522478947687 10.021684889653057
 22.534445527168635 10.125952288015299
 22.797072861176935 10.231144114393391
 23.06242845699562 10.337264973469157
 23.33053641007503 10.44431940644466
 23.601420933646426 10.55231188848143
 23.875106357009123 10.661246826091462
 24.15161712375002 10.771128554491343
 24.430977789894456 10.881961334904137
 24.713213021987122 10.9937493518237
 24.998347595102007 11.106496710223599
 25.28640639077995 11.220207432726724
 25.57741439489278 11.334885456733298
 25.87139669543301 11.450534631492989
 26.168378480227506 11.567158715139092
 26.468385034574332 11.684761371673961
 26.771441738801346 11.803346167908138
 27.07757406574542 11.922916570363316
 27.386807578151355 12.043475942111332
 27.699167925988795 12.165027539589063
 28.014680843686537 12.28757450935129
 28.333372147282613 12.411119884790166
 28.65526773148931 12.53566658280579
 28.980393566671818 12.661217400430102
 29.308775695739324 12.78777501141321
 29.640440230947564 12.91534196275819
 29.975413350611503 13.043920671223356
 30.31372129572731 13.173513419770217
 30.655390366502174 13.304122353975934
 31.00044691879112 13.435749478406835
 31.348917360439724 13.568396652942983
 31.70082814753153 13.702065589067109
 32.05620578053921 13.836757846116505
 32.41507680037849 13.972474827486677
 32.77746778436368 14.109217776807219
 33.14340534206391 14.246987774073316
 33.512916111059155 14.385785731746122
 33.886026752595036 14.525612390808073
 34.26276394713534 14.666468316795653
 34.64315438981164 14.808353895786903
 35.02722478576886 14.951269330370405
 35.415001845406266 15.095214635562026
 35.80651227951258 15.24018963471747
 36.20178279429507 15.386193955386975
 36.600840086301126 15.533227025171776
 37.003710837232354 15.681288067530238
 37.41042170864994 15.830376097572453
 37.82099933657091 15.980489917824789
 38.23547032595451 16.131628113980973
 38.653861245078473 16.283789050622257
 39.07619861980421 16.436970866927264
 39.502508927730744 16.59117147236071
 39.93281859223684 16.746388542349166
 40.367153976411 16.902619513946884
 40.80554137686897 17.059861581480646
 41.24800701745843 17.21811169220091
 41.69457704285069 17.377366541909346
 42.14527751201922 17.53762257059688
 42.600134391604854 17.698875958065134
 43.05917354916751 17.86112261956567
 43.52242074632483 18.024358201421442
 43.989901631777215 18.18857807666953
 44.461641734219846 18.35377734069727
 44.937666455141574 18.51995080690736
 45.41800106151135 18.687093002374595
 45.902670678351974 18.855198163529522
 46.39170028120195 19.024260231864772
 46.88511468846596 19.194272849649475
 47.382938553654184 19.365229355683133
 47.88519635751148 19.53712278105791
 48.391912400036673 19.709945844979593
 48.90311079239346 19.88369095059244
 49.418815448713004 20.05835018085747
 49.93905007778966 20.2339152944748
 50.46383817467088 20.410377721834276
 50.993203012142224 20.58772856103462
 51.52716763210892 20.76595857393157
 52.06575483687516 20.945058182255213
 52.60898718032249 21.12501746379128
 53.1568869589893 21.305826148599496
 53.70947620305216 21.48747361533185
 54.2667766672117 21.66994888758758
 54.82880982148392 21.85324063037755
 55.39559684189984 22.037337146624945
 55.96715860111434 22.222226373801955
 56.54351565892786 22.407895880589816
 57.124688252721334 22.594332863691278
 57.71069628780861 22.78152414469442
 58.301559327707394 22.969456167050722
 58.89729658433192 23.15811499317201
 59.49792690811023 23.347486301603542
 60.10346877802825 23.53755538434598
 60.71394029160429 23.728307144260906
 61.32935915479634 23.91972609263218
 61.949742671846074 24.111796346814685
 62.57510773506189 24.304501628064073
 63.20547081454564 24.497825259441686
 63.84084794786506 24.691750163929125
 64.48125472967725 24.88625886261624
 65.12670630130522 25.081333473106123
 65.777217340273 25.276955708018643
 66.43280204980198 25.473106873705457
 67.09347414827391 25.669767869068412
 67.75924685866327 25.866919184614584
 68.43013289794511 26.06454090163465
 69.10614446648157 26.262612691575242
 69.78729323739216 26.461113815607337
 70.47359034591284 26.66002312435647
 71.16504637874802 26.859319057858002
 71.86167136342154 27.05897964567209
 72.56347475763056 27.258982507239803
 73.27046543860861 27.459304852406294
 73.98265169250239 27.659923482197324
 74.70004120376848 27.860814789757597
 75.42264104459463 28.061954761573232
 76.15045766435256 28.263318978847642
 76.88349687908658 28.464882619179352
 77.62176386104562 28.666620458392905
 78.3652631282628 28.86850687268777
 79.11399853419076 29.07051584094874
 79.86797325739684 29.272620947361012
 80.62718979132619 29.474795384251805
 81.39164993413844 29.677011955153822
 82.16135477862394 29.879243078187474
 82.9363047022077 30.081460789627623
 83.7164993570458 30.283636747798812
 84.50193766022282 30.485742237172864
 85.29261778405562 30.687748172795664
 86.08853714651185 30.8896251049212
 86.88969240174872 31.09134322397898
 87.69607943078054 31.292872365749772
 88.50769333228052 31.49418201689635
 89.32452841352608 31.695241320686527
 90.14657818149247 31.89601908308027
 90.97383533410434 32.096483779024445
 91.80629175165062 32.29660355910683
 92.64393848837189 32.496346256405765
 93.48676576422538 32.69567939371384
 94.3347629568375 32.89457019099495
 95.18791859364951 33.092985573124465
 96.04622034426424 33.29089217796629
 96.90965501300202 33.48825636466587
 97.77820853167186 33.685044222303204
 98.65186595256705 33.881221578758996
 99.53061144169062 34.07675400994149
 100.41442827222022 34.271606849221555
 101.3032988182176 34.46574519721591
 102.19720454859196 34.65913393180024
 103.09612602132283 34.851737718446663
 104.00004287795124 35.04352102078342
 104.90893383834467 35.234448111498544
 105.82277669574474 35.42448308343138
 106.74154831210272 35.61358986101868
 107.66522461371183 35.80173221193481
 108.59378058714141 35.98887375901658
 109.5271902754804 36.174977992480116
 110.46542677489768 36.36000828231607
 111.40846223152396 36.543927891011854
 112.35626783866346 36.726699986437473
 113.30881383434 36.90828765505006
 114.26606949918543 37.08865391525011
 115.22800315467452 37.26776173101726
 116.19458216171347 37.44557402575574
 117.16577291958758 37.62205369631045
 118.14154086527239 37.797163627258335
 119.1218504731155 37.970866705321405
 120.10666525489219 38.14312583404188
 121.09594776024171 38.313903948559364
 122.08965957748676 38.483164030661995
 123.08776133484332 38.65086912388237
 124.09021270202219 38.81698234887022
 125.09697239222898 38.98146691880769
 126.1079981645641 39.144286155050465
 127.12324682682831 39.305403502810776
 128.14267423873516 39.464782547046574
 129.16623531553534 39.622387028369644
 130.19388403205374 39.77818085913887
 131.22557342714404 39.93212813955357
 132.2612556085603 40.08419317388724
 133.30088175825008 40.234340486766114
 134.34440213806936 40.38253483946373
 135.3917660959203 40.528741246311554
 136.44292207231461 40.67292499104672
 137.49781760736081 40.815051643272234
 138.55639934817847 40.955087074819424
 139.61861305673681 41.0929974762186
 140.68440361812056 41.22874937302167
 141.7537150492191 41.36230964221483
 142.82649050784115 41.4936455284782
 143.9026723022515 41.62272466047904
 144.98220190112988 41.74951506700139
 146.06501994394875 41.87398519309389
 147.15106625176923 41.99610391600509
 148.24027983845081 42.11584056112023
 149.33259892227434 42.233164917671466
 150.42796093797221 42.34804725438945
 151.5263025491648 42.460458334965494
 152.62755966119766 42.570369433329176
 153.7316674343753 42.6777523488239
 154.83856029758817 42.78257942108129
 155.94817196232565 42.88482354480527
 157.06043543707247 42.9844581842383
 158.17528304208033 43.08145738749183
 159.29264642451107 43.17579580052956
 160.4124565739427 43.26744868101216
 161.5346438382343 43.35639191174927
 162.65913793974002 43.44260201400047
 163.78586799186797 43.52605616034227
 164.9147625159727 43.60673218738404
 166.04574945857771 43.68460860801223
 167.17875620891535 43.759664623444436
 168.31370961677947 43.83188013483404
 169.45053601067897 43.90123575459458
 170.58916121628507 43.967712817346694
 171.72951057516257 44.031293390449874
 172.87150896377414 44.091960284246283
 174.01508081275042 44.14969706177471
 175.16015012641204 44.20448804824694
 176.30664050253727 44.25631833996355
 177.45447515236114 44.30517381290677
 178.60357692079725 44.35104113088746
 179.75386830687097 44.39390775318738
 180.9052714843508 44.433761941896776
 182.05770832257007 44.47059276863828
 183.21110040742311 44.504390120976225
 184.36536906252737 44.53514470825433
 185.5204353705373 44.562848067054446
 186.67622019459963 44.58749256608361
 187.8326441999354 44.60907141069907
 188.98962787553932 44.62757864681677
 190.1470915559806 44.643009164448045
 191.30495544329556 44.655358700675755
 192.46313962895712 44.664623842157915
 193.6215641159096 44.670802027123883
 194.78014884065507 44.67389154691066
 195.93881369537965 22.33694577345463
