 0.0E+0 0.0E+0
 2.4756914971001483E-4 0.06751915114714897
 7.456180001782157E-4 0.18812295202306472
 1.2495266601998558E-3 0.296617583913455
 1.7593663015508882E-3 0.3941697754369169
 2.2751931124754863E-3 0.48183972735896574
 2.7970944969090295E-3 0.5606267022394841
 3.325132886233934E-3 0.6314883038940365
 3.8593769549708544E-3 0.695337913145744
 4.39990162077869E-3 0.7530325206653465
 4.946781801316337E-3 0.805358058369543
 5.5000986573809345E-3 0.8530176809093191
 6.059908377216656E-3 0.8966259421330397
 6.626279635344158E-3 0.9367100674814435
 7.19933729452827E-3 0.9737152984537337
 7.779137543013162E-3 1.0080126645398657
 8.365742812181255E-3 1.0399077081248353
 8.959215533414958E-3 1.0696495782658674
 9.559743000861516E-3 1.0974407700473427
 0.010167262783138517 1.1234462274785068
 0.010781899743010788 1.147801291054608
 0.01140377874324316 1.1706184202514227
 0.012032962215218044 1.1919932685884964
 0.012669575021700274 1.212010337720221
 0.013313617162689848 1.2307472615480077
 0.013965213500951593 1.2482771551498816
 0.014624488899250342 1.264669115959509
 0.015291505788968509 1.2799883239876657
 0.015966326601488504 1.2942967534043186
 0.016649076199575164 1.30765439044098
 0.017339879445993314 1.3201194642870668
 0.018038736340742954 1.3317472921602193
 0.018745834177971328 1.3425880041950661
 0.019461172957678435 1.3526853798612303
 0.020185002405393937 1.36207685579177
 0.020917260089735417 1.3707940470156365
 0.021658070873467705 1.3788636783339602
 0.022407622050738044 1.38630924987511
 0.023165976052928846 1.3931530304573926
 0.023933195311422534 1.3994183423418913
 0.024709467120366344 1.4051315406444657
 0.025494791479760282 1.410323174158679
 0.026289293252369172 1.4150284035214841
 0.02709315973234026 1.4192869124079847
 0.027906453351055963 1.423142876634772
 0.02872923653989869 1.4266434909977656
 0.029561696593015687 1.4298363482643692
 0.030403895941789375 1.4327658248021917
 0.03125595944898457 1.4354689197592738
 0.03211801197736612 1.4379725351674772
 0.03299017838969884 1.4402934845446526
 0.03387252111736515 1.442440651190844
 0.03476522745451229 1.4444175720204834
 0.03566835983252268 1.4462260401483855
 0.03658210554554356 1.4478691686959306
 0.03750652702495734 1.4493510079188673
 0.038441749133528865 1.450673101700374
 0.03938789673402295 1.4518322996238517
 0.04034515712058684 1.4528215713143073
 0.041313655155985375 1.453631941135686
 0.04229345327160096 1.4542540545349398
 0.043284676330198425 1.4546812237258666
 0.044287511625925014 1.4549137878675217
 0.04530208402154556 1.454964210237734
 0.046328518379824885 1.4548570841606915
 0.04736693956352783 1.4546214125173773
 0.048417534866801635 1.4542807536678128
 0.04948036672102871 1.4538484815456702
 0.05055562242035631 1.4533272803397041
 0.05164348925893165 1.4527103252442583
 0.05274402966813718 1.4519853296756748
 0.053857430942120115 1.4511412192275947
 0.05498381794364531 1.4501743839679603
 0.05612337796686 1.449089853103216
 0.057276235874529 1.447899056328615
 0.058442578960799573 1.44661617245079
 0.059622469657054123 1.44525016436477
 0.06081615768882231 1.4438005430266347
 0.06202383035025138 1.4422651771052836
 0.06324548764134133 1.4406467518440277
 0.06448162901315149 1.4389439288104703
 0.06573212960291702 1.4371424862298811
 0.0669969894106379 1.4352205162424305
 0.06827683275013832 1.4331638497535288
 0.0695710353075941 1.4309806738937784
 0.07088084571065355 1.4286990780018342
 0.07220563964549252 1.4263542025026465
 0.07354604142593514 1.423976038994652
 0.07490205105198143 1.4215810439673428
 0.07627429283745553 1.4191737457517532
 0.0776621424685333 1.4167538666827836
 0.07906559994521471 1.4143206962252485
 0.0804859138951481 1.411871340085605
 0.08192308431833345 1.409398518716628
 0.0833764869009466 1.4068965454871917
 0.08484674595681171 1.4043710326775751
 0.08633448579975292 1.401839883808359
 0.08783908211594608 1.3993249399739386
 0.0893617835330395 1.3968423346073275
 0.09090196573720902 1.3944001463788076
 0.09245962872845465 1.3920008851254772
 0.09403539682060051 1.3896368840237836
 0.0956298943274708 1.3872903232256641
 0.09724249693524131 1.3849494395815264
 0.09887445327156036 1.3826177199615616
 0.10052513902260382 1.3803084704452324
 0.10219455418837169 1.3780299143532068
 0.10388332308268809 1.3757736600114471
 0.10559207001937716 1.3735220580440556
 0.10732079499843894 1.3712566765153946
 0.10906887370604927 1.3689662354268441
 0.11083817908368057 1.3666538175313798
 0.11262683818986041 1.3643321679637783
 0.11443734827988537 1.36200785778417
 0.11626783641228304 1.3596661134952157
 0.11812017552852583 1.357279943348414
 0.11999374131478961 1.3548480112359184
 0.12188915808489852 1.3524055136272032
 0.12380642583885254 1.3499980961909912
 0.1257455445766517 1.3476568826584305
 0.1277077629259443 1.3453851612316871
 0.129691832259082 1.3431538328394891
 0.13169962551753727 1.340912750420831
 0.13372989407366184 1.3386137729546665
 0.1357845108689281 1.3362247410388761
 0.1378622272756878 1.333724347113122
 0.13996366760776504 1.3311226018152007
 0.1420900804928082 1.328480712137593
 0.14424084161699302 1.3258850307211107
 0.14641595098031956 1.3234196608482684
 0.14861665721043615 1.3211537012354548
 0.15084233599351856 1.3191251404479491
 0.15309423595721513 1.3173306135710223
 0.15537173278770172 1.3157242325365152
 0.15767545079880246 1.314237034988075
 0.16000538999051736 1.3128240541476621
 0.16236279899049471 1.3114822326101427
 0.1647464291710862 1.3102008183235285
 0.16715815347376428 1.3089437649892456
 0.169597971898529 1.307679797757449
 0.17206526013155612 1.3063922294263741
 0.17456064248666985 1.3050652160969795
 0.17708536759151846 1.3036468494122246
 0.17963881113227783 1.3020652178689957
 0.18222159742277208 1.3002900994685837
 0.18483372646300122 1.2983515210663958
 0.18747644688061351 1.2963081153396078
 0.19014913436178487 1.2942120003597905
 0.1928524132203394 1.292096199087708
 0.19558628345627712 1.289968735698696
 0.1983519936972463 1.2878339743450111
 0.20114954394324693 1.2856950052410911
 0.20397830988045492 1.283542435691058
 0.2068401644503427 1.281395922713099
 0.2097344833390861 1.2793271011813354
 0.21266189086050918 1.2773913011048607
 0.21562301132843625 1.2756093012427978
 0.21861784474286721 1.2740138016589097
 0.2216463911038021 1.2726358463257616
 0.2247098990388892 1.2714582749848861
 0.2278089928619526 1.2704247634221841
 0.23094242394534411 1.2694721667713741
 0.2341120652305361 1.2685347951830356
 0.2373179167175286 1.2676036974386268
 0.2405599784063216 1.266748341866284
 0.24383887461073922 1.26600585423002
 0.24715522964460567 1.2653441597317092
 0.25050966782174505 1.2647154207221784
 0.2539015648283332 1.2640357528211751
 0.25733216929201846 1.2631761731084478
 0.2608021055266249 1.2621042713360386
 0.26431137353215267 1.2609769038801383
 0.26785997330860156 1.2599528013775134
 0.2714497777974442 1.25899109607176
 0.2750795383710322 1.257913570313923
 0.27875050365701387 1.2565693383098777
 0.28246267365538924 1.2548776075339735
 0.28621729699380654 1.252881986590136
 0.29001437367226584 1.2506996781827441
 0.2938545280045912 1.2483767604096764
 0.2977383843046068 1.24590694725131
 0.3016653182584886 1.243297250308684
 0.3056372028077089 1.2404696051108736
 0.30965341363844356 1.2373609661827886
 0.31371519937834096 1.234087589182282
 0.3178225600274011 1.230809786961738
 0.3219761198994481 1.2275625779412377
 0.326176503308306 1.224309616907167
 0.33042433456779907 1.2210731540980945
 0.3347196136779273 1.217972166584951
 0.3390635892663389 1.2152205675292742
 0.343456261333034 1.212933596027223
 0.3478976298780125 1.21109640849468
 0.3523895678427469 1.2094548579947694
 0.356931450913413 1.207548903777018
 0.3615245277176591 1.2050584385251654
 0.3661687982554852 1.2019250011270208
 0.3708648868407155 1.1982484633300007
 0.3756134177871741 1.1941460200525837
 0.38041501540868516 1.1897807740362782
 0.3852703040190728 1.1853360994791075
 0.39017990793216122 1.180995199688861
 0.39514445146177457 1.1769482782049733
 0.4001639346079128 1.1734264939210945
 0.4052389816843999 1.1706549961011338
 0.41037084131888457 1.168537828697651
 0.41556013782519063 1.1665484225971676
 0.42080624688949402 1.16418865011779
 0.42611104145326716 1.1613581616110415
 0.4314751458303343 1.1583454156310895
 0.43689793570687113 1.1551262347309554
 0.44238128402435022 1.1515689451387791
 0.44792519078277154 1.147684413112068
 0.4535302802959592 1.1433840774300045
 0.45919717687773736 1.138515961827941
 0.46492650484193015 1.133212685659071
 0.47071951281618595 1.12764309351534
 0.47657620080050466 1.1217105094605932
 0.4824971931087105 1.1154518685840273
 0.48848373836845165 1.109170954203222
 0.4945358365797282 1.1030240763775447
 0.5006541120563643 1.0968666558406177
 0.5068398134260084 1.0905506917620286
 0.5130935650024843 1.0837875459180656
 0.5194153667857921 1.0766889760433331
 0.5258064674035803 1.0698545436904192
 0.5322674911696728 1.0636230369662038
 0.5387990623978939 1.057891926631658
 0.5454024297158919 1.0524350605362153
 0.5520769688098427 1.0468687702394354
 0.5588245526212184 1.0409421924017008
 0.5656458054638436 1.034613815251395
 0.572540727337718 1.0277046617497482
 0.5795111911843142 1.0202932843528804
 0.5865565726898079 1.0123923566016492
 0.5936787447956716 1.003955468848546
 0.6008783318157296 0.9948203786878177
 0.6081553337499817 0.985272246331187
 0.6155109992260762 0.9759841372307183
 0.6229459525578375 0.9670880616706705
 0.6304633153143859 0.958502451875332
 0.6380549714160079 0.949983729097993
 0.6457340314530103 0.9412326986897035
 0.6534942522871519 0.9324762892945723
 0.6613418770566739 0.9239121022380627
 0.6692644194850935 0.9152657537302595
 0.6772806089871352 0.9067831771260817
 0.6853779592863158 0.8985962416450963
 0.693562713520877 0.8901616564002267
 0.7018348716908187 0.881274537544166
 0.7101944337961408 0.8724192355869216
 0.7186413998368436 0.8631763262905068
 0.7271820129511682 0.8527406721474574
 0.735816273139115 0.8412727510115621
 0.7445316941242007 0.8296807574212749
 0.7533470053211498 0.8185831626300004
 0.762255963591721 0.8076099318936728
 0.7712585689359142 0.7959958721284692
 0.7803485782154879 0.7831765828562602
 0.7895447208451664 0.7697206742094641
 0.7988282674102255 0.7567507342735547
 0.8082179473253894 0.744740757891285
 0.8177012743141755 0.7330242374205795
 0.8272844915148249 0.720223348035115
 0.8369675989273376 0.7062793040404062
 0.846750596551714 0.6918995959492181
 0.8566397275261953 0.6768437237635083
 0.8666287487125399 0.660873423861084
 0.8767239032489895 0.644727890974919
 0.886925191135544 0.6286985434437145
 0.897226369233962 0.6130487375255872
 0.9076399238207264 0.598325895366914
 0.9181533686193541 0.583954877579826
 0.9287854330445698 0.5695404504791546
 0.9395173876816489 0.5553826711095233
 0.9503679619453157 0.5409431675141253
 0.9613246695590876 0.5261217179081265
 0.9723937536612057 0.511531197985657
 0.9835814573899118 0.4974733708132023
 0.9948752944687227 0.483601993160219
 1.0062877511741215 0.4696003512838466
 1.0178188275061081 0.4544378015311488
 1.0294622803264412 0.43807561545348583
 1.0412305959116034 0.4218053269812955
 1.053111287985112 0.4056380920019925
 1.0651168428234503 0.38956858944690825
 1.0772410172883761 0.374063550825697
 1.0894838113798896 0.35933882364539043
 1.1018577113744743 0.345595849960297
 1.1143502309956465 0.33264077055405405
 1.1269676133816481 0.3204828442641576
 1.1397098585324791 0.30923273786676352
 1.1525832095863808 0.2986399906654643
 1.1655814234051118 0.2881044270239697
 1.1787107431269137 0.2777211162898747
 1.1919711687517862 0.26785760596161173
 1.2053627002797295 0.25858993426123605
 1.2188853377107435 0.24971823086407543
 1.2325390810448284 0.24115084042802664
 1.2463239302819841 0.23352628657138757
 1.2602523716986935 0.2270155570591713
 1.2743119190184735 0.2210842332604483
 1.288508815379566 0.21588172956283122
 1.3028430607819707 0.21137164567629654
 1.3173146552256875 0.2071453031785598
 1.331929841848958 0.20325024654453693
 1.3466886206517825 0.19956285366026582
 1.361584748495919 0.19607167410813214
 1.3766244685196091 0.192750642915678
 1.3918140238610943 0.18990795602608892
 1.407140928243892 0.18752448023323903
 1.4226239110827263 0.1855071091389026
 1.4382442429628727 0.18398548114620186
 1.4540206532990558 0.18292327246866116
 1.4699406558147927 0.18217079136989233
 1.486010493648325 0.18137814950916275
 1.5022364099378933 0.18039441344705084
 1.5186121615452572 0.17953448884253733
 1.5351439916086575 0.17876942366188672
 1.5518256569898534 0.17803702835149964
 1.5686696439653271 0.17740018520550271
 1.585663466258596 0.17687704965431547
 1.6028196101461427 0.17643190636400757
 1.6201318324897264 0.17608232428706546
 1.6376001332893466 0.1759037548907357
 1.6552307556832448 0.17593743112121235
 1.673029942809663 0.17619671988399271
 1.6909852083921177 0.17661381279011972
 1.70910279556885 0.1770865058326562
 1.727382704339861 0.17765072580639962
 1.7458311778433912 0.17836138416383426
 1.7644482160794412 0.17922465371976017
 1.783227575909769 0.18015393816162542
 1.802181743610858 0.18100406916739805
 1.8212982329062252 0.18155382707786588
 1.8405895300723538 0.1816764223813262
 1.8600493919710012 0.1815292672142815
 1.8796778186021685 0.18128548459827911
 1.8994872962423385 0.18100759050697112
 1.9194653386150277 0.18074516312909572
 1.9396181888584782 0.18040224961727388
 1.9599458469726895 0.1798584654778488
 1.980448312957662 0.17929786393523616
 2.001131829951637 0.17874668411419525
 2.021990154816373 0.1781658108580732
 2.043029530690111 0.17764530538879802
 2.0642499575728523 0.17705161367734553
 2.0856451923263543 0.17625192705228096
 2.1072277212271006 0.17548096905374682
 2.128991301136849 0.17504328299529867
 2.1509359320556 0.1751277724957255
 2.1730678571215946 0.17532264765121727
 2.1953808331965922 0.17509832859546534
 2.217874860280592 0.17435510293280234
 2.2405624246500774 0.17332546674159146
 2.2634372831668065 0.1723717905872251
 2.2864931926925384 0.1714195453295436
 2.3097426395037556 0.1702178517384652
 2.333179380462217 0.16909754871554044
 2.356803415567922 0.1683028922122154
 2.3806209879591126 0.16765764796796017
 2.404625854497547 0.16705577473276053
 2.4288242583214674 0.16652170153628545
 2.453209956292631 0.16607319566435926
 2.477795434687522 0.16545209573103958
 2.502568207229657 0.16458045024754255
 2.5275407601955186 0.16341228689106176
 2.552706850446866 0.16232375222508627
 2.5780602348454566 0.16175050283799474
 2.603613399667775 0.161306482853126
 2.62936634491382 0.16033619615376992
 2.65531282744535 0.1589389519164972
 2.6814528472623657 0.15725450338451824
 2.7077926475031084 0.1558199127825505
 2.734332228167578 0.15488478109939701
 2.7610653461175327 0.15409646954749767
 2.787998244491215 0.15311706547212591
 2.8151309232886232 0.15153785907789873
 2.8424571393715174 0.14907684980920726
 2.86998937901638 0.14645080327515264
 2.8977151559467282 0.14415636375434842
 2.9256469564390443 0.14212843399972771
 2.9537722942168462 0.1398005825371347
 2.9820974124183745 0.137149599292245
 3.0106285541818715 0.1345337784894225
 3.0393532332308543 0.13201660616899735
 3.068283935841805 0.12948314025912521
 3.0974144188764825 0.1263406868860915
 3.126744682334887 0.12283776888701312
 3.1562747262170183 0.11998441787008922
 3.186004550522877 0.1175864305486449
 3.2159341552524622 0.1146581831553821
 3.2460697835440157 0.11079467146537414
 3.276398949121055 0.10659457762260885
 3.3069341382600625 0.10244086687516919
 3.337662864684555 0.09823076063434755
 3.3685976146710165 0.09394990380912142
 3.3997259019429626 0.08933017263856165
 3.4310602127768774 0.08487615702233818
 3.462588060896278 0.08083968090956142
 3.4943219325776473 0.07692702390153015
 3.526249341544501 0.07279874673587304
 3.558376530935082 0.06797385552525333
 3.5906972576111484 0.06296154123134189
 3.6232240078491835 0.05864196481351001
 3.6559380522344624 0.05496703993780504
 3.6888581201817096 0.05121709820377328
 3.7219654822762002 0.04704059270943144
 3.755272624794419 0.0431140245439085
 3.788779547736364 0.03964360672918636
 3.8224737648255526 0.036131700498649534
 3.856361519200227 0.032762826175874254
 3.8904428108603865 0.029405831741411422
 3.924717639806032 0.026071807511826597
 3.9591860060371626 0.023410521170859753
 3.9938416664155367 0.021547671680718565
 4.028690864079397 0.02005343525553378
 4.063721112752259 0.01893151110721614
 4.098944898710608 0.018092080561402337
 4.1343559788162 0.01697859799633596
 4.169954353069035 0.015087050793363506
 4.205733778330873 0.013243110331490558
 4.241700497739956 0.01185614896714356
 4.277848268158041 0.010601421114934069
 4.314177089585128 9.398456761029642E-3
 4.350686962021218 8.299163306580013E-3
 4.38737788546631 7.344879487275295E-3
 4.424249859920405 6.540108211711842E-3
 4.4612966422452604 5.857835696538449E-3
 4.498511989302636 5.269333180684277E-3
 4.535908387369014 4.754083161242036E-3
 4.573479593306153 4.298187238767772E-3
 4.6112193639758114 3.8918443827344554E-3
 4.649127699377989 3.527780658073612E-3
 4.687204599512687 3.2003594592588833E-3
 4.7254563075181454 2.9050621830412986E-3
 4.763864093979641 2.638169294607629E-3
 4.802440445173656 2.396555494036021E-3
 4.841179117961949 2.1775515808562274E-3
 4.880073869206278 1.978849020089037E-3
 4.9191309420448865 1.7984307560461767E-3
 4.95834409333953 1.6345200972367633E-3
 4.997719566228453 1.4855418167108928E-3
 5.037238631296929 1.350091798330292E-3
 5.076913774821442 1.226913112558557E-3
 5.11673875366375 1.1148765129770535E-3
 5.156713567823853 1.012964593198336E-3
 5.196831974163509 9.20258400610405E-4
 5.237093972682721 8.359264278108497E-4
 5.277499563381484 7.592149385077162E-4
 5.318042503121561 6.894399357135969E-4
 5.35872279190295 6.259799324969358E-4
 5.399540429725651 5.682698260073906E-4
 5.4404954165896635 5.157954082419526E-4
 5.481575266218506 4.6808852639049105E-4
 5.522792464888661 4.247227899583001E-4
 5.564128283185403 3.8530972335678074E-4
 5.6055952073852175 3.4949532213166613E-4
 5.647180751211618 3.169569376842269E-4
 5.688884914664607 2.87400472075245E-4
 5.730707697744184 2.605578633686247E-4
 5.772642857312107 2.3618476440533315E-4
 5.814696636506619 2.140584638763626E-4
 5.856856549051234 1.939759977347018E-4
 5.899128838084197 1.7575241616787443E-4
 5.941501017329022 1.5921920688230774E-4
 5.983979329923954 1.4422286058794284E-4
 6.026557532730747 1.306235664540523E-4
 6.069229382611164 1.1829402050858812E-4
 6.112001122703443 1.0711832474873494E-4
 6.154860266731103 9.69909966227827E-5
 6.197813057832385 8.781606103518715E-5
 6.240853252869049 7.950621775897132E-5
 6.283968365564609 7.198208340942249E-5
 6.327170882195549 6.51714932225784E-5
 6.370435830208904 5.900887768264581E-5
 6.413825640987088 5.343467809623486E-5
 6.457277883147689 4.839482306555737E-5
 6.500730125308288 4.3840243922550134E-5
 6.544307230233717 3.972644197549136E-5
 6.58794676654156 3.601308318581785E-5
 6.631648734231818 3.266363955866416E-5
 6.675413133304491 2.9645053739633828E-5
 6.719177532377163 2.6927443171069233E-5
 6.763066794214665 2.448382325459073E-5
 6.806956056052166 2.228985842023598E-5
 6.850970180654498 2.032364182194449E-5
 6.894921873874416 1.8565489390561776E-5
 6.9389984298591604 1.6997757530851534E-5
 6.983074985843906 1.560467836596626E-5
 7.027213973211068 1.4372211414401607E-5
 7.071352960578228 1.3287912398915226E-5
 7.1154919479453875 1.234081420017775E-5
 7.159693366694964 1.152132347316466E-5
 7.203957216826953 1.0821129994648E-5
 7.248221066958943 1.0233125357404175E-5
 7.292422485708518 9.751336875691656E-6
 7.3367487672229234 9.370871804797688E-6
 7.381012617354913 9.087896619768682E-6
 7.425338898869318 8.899729642177234E-6
 7.469602749001307 8.805210388194894E-6
