 0.0E+0 0.0E+0
 2.4081732413530443E-3 0.011122185
 7.252831454983636E-3 0.033492268
 0.012154489648549316 0.056095543
 0.017113840129498687 0.078882579
 0.02213142945634381 0.10177656
 0.027208107831214547 0.12467746
 0.03234448254134652 0.14746901
 0.03754122160269889 0.170027
 0.04279905375995443 0.19222726
 0.04811870775779586 0.21395273
 0.053500973069629476 0.23509878
 0.05894639625396735 0.25557683
 0.06445564532676867 0.27531623
 0.07002993486250465 0.29426464
 0.07566981141968734 0.31238733
 0.0813758822855524 0.32966564
 0.0871487547473354 0.34609499
 0.09299025066674321 0.36168263
 0.09889976275654024 0.37644543
 0.10487850559119768 0.39040769
 0.1109276937451868 0.40359926
 0.11704793450574319 0.41605388
 0.12324044244733812 0.42780777
 0.12950521756997157 0.43889863
 0.13584347444811475 0.44936469
 0.14225642765623894 0.45924414
 0.14874468448157973 0.46857454
 0.15530885221137277 0.47739239
 0.16195014542008925 0.48573267
 0.16866977868220045 0.49362866
 0.17546775199770633 0.50111168
 0.18234588722831376 0.50821099
 0.18930418437402277 0.51495379
 0.1963450725837758 0.52136523
 0.2034679445703372 0.52746851
 0.21067401490817827 0.53328503
 0.21796510545900582 0.53883446
 0.2253418235100555 0.54413492
 0.2328047763485629 0.54920314
 0.24035578583623487 0.55405468
 0.24799485197307147 0.55870403
 0.2557231893335439 0.56316468
 0.26354261977935894 0.5674491
 0.2714537505977523 0.57156885
 0.2794571890759595 0.57553476
 0.28755475707568756 0.57935701
 0.295747061884172 0.58304527
 0.30403531807588396 0.58660863
 0.3124207402252948 0.59005555
 0.3209045429068758 0.5933938
 0.3294873334078625 0.59663044
 0.3381709335899617 0.5997718
 0.3469559507404091 0.60282353
 0.3558442067209115 0.6057907
 0.3648363088187046 0.60867804
 0.37393347160825957 0.61149016
 0.3831369096640477 0.61423177
 0.39244844484777563 0.61690765
 0.40186929173391494 0.61952241
 0.411400057609701 0.62208031
 0.4210419570496052 0.62458528
 0.4307968119153342 0.62704102
 0.44066583678135945 0.62945102
 0.450650246222152 0.6318184
 0.4607512548121832 0.63414586
 0.4709706844131599 0.63643573
 0.4813091423123177 0.63869002
 0.49176845037136346 0.6409104
 0.502350430452004 0.6430984
 0.513055689841475 0.64525547
 0.5238860504014831 0.6473832
 0.5348427267064999 0.6494833
 0.545927540618232 0.65155769
 0.5571417067111506 0.6536085
 0.5684870468469628 0.6556379
 0.579964168312904 0.65764799
 0.5915755002579167 0.6596406
 0.6033228645437078 0.6616174
 0.6152062611702773 0.66357994
 0.6272305484355102 0.66552942
 0.6393945117649352 0.66746664
 0.6516981511585521 0.66939218
 0.6641475394887175 0.6713065
 0.676736603883075 0.67321003
 0.6894774900863369 0.67510313
 0.7023641252261471 0.67698628
 0.7154025821748616 0.67886003
 0.7285928609324807 0.68072499
 0.7419410343713604 0.68258201
 0.7554410296191446 0.68443201
 0.7690928466758331 0.68627575
 0.7829086312861386 0.68811389
 0.7968883834500609 0.68994701
 0.8110260302952437 0.69177581
 0.8253276446940434 0.69360128
 0.839799299518816 0.69542451
 0.8544349218972055 0.69724651
 0.8692466575739242 0.69906815
 0.8842284336766159 0.70089043
 0.8993802502052805 0.70271474
 0.9147081800322743 0.70454299
 0.9302182960299535 0.70637725
 0.9459045253259618 0.70821916
 0.9617790136650115 0.71006956
 0.9778356881747468 0.71192809
 0.9940745488551673 0.71379317
 1.0105016685786294 0.71566256
 1.027123120217489 0.71753453
 1.0439389037717465 0.71940848
 1.0609429463690456 0.72128483
 1.0781534666264547 0.72316427
 1.0955522459269051 0.72504713
 1.113163575759822 0.72693341
 1.1309692375081363 0.7288229
 1.1489874497889172 0.73071513
 1.167212139729808 0.73260925
 1.1856493802031651 0.73450442
 1.2042991712089883 0.73640053
 1.223161512747278 0.73829844
 1.242248550562746 0.74019907
 1.2615481389106804 0.74210268
 1.2810784964081494 0.74400885
 1.3008274773104411 0.74591674
 1.3208133002346233 0.74782521
 1.3410238194359846 0.74973287
 1.3614651077868804 0.75163812
 1.3821493110320233 0.75353983
 1.4030703562990574 0.75543784
 1.4242282435879822 0.7573328
 1.4456351186435105 0.7592254
 1.4672849085932857 0.76111589
 1.4891897591820204 0.76300435
 1.5113435975373588 0.76489068
 1.5337524965316562 0.76677499
 1.5564164561649131 0.7686585
 1.5793476221818423 0.77054279
 1.6025338488377305 0.77242877
 1.625993354749647 0.77431692
 1.6497261399175915 0.776208
 1.6737261314692077 0.77810327
 1.697999402276852 0.78000481
 1.7225580980852368 0.78191463
 1.7473961460220055 0.78383396
 1.7725196189595151 0.78576384
 1.7979285168977645 0.78770547
 1.8236349855814668 0.78965999
 1.8496329521382657 0.79162852
 1.8759284894405174 0.79361159
 1.902521597488222 0.79560884
 1.9294244220260912 0.79761914
 1.9566369630541258 0.79964053
 1.9841531476999691 0.80167103
 2.0119911945806903 0.80370954
 2.0401450308239326 0.80575509
 2.0686207293020517 0.80780689
 2.0974243628874056 0.80986446
 2.1265559315799924 0.81192758
 2.156015435379813 0.81399699
 2.1858150200315793 0.81607392
 2.2159607584076477 0.81815975
 2.2464405047633064 0.82025655
 2.277272477715623 0.82236696
 2.3084566772645982 0.82449287
 2.3399931034102317 0.82663408
 2.3718878290248794 0.82878817
 2.404146926980898 0.83095338
 2.4367764701506433 0.83312977
 2.46977038566176 0.83531758
 2.5031408192589594 0.83751721
 2.5368938438145973 0.83972968
 2.5710294593286753 0.84195551
 2.605547665801192 0.84419226
 2.640466681849217 0.84643492
 2.675774361728037 0.84867895
 2.7114828511823647 0.85092126
 2.7475921502122004 0.85316011
 2.7841144045622563 0.85539664
 2.8210496142325323 0.85763513
 2.8584038520953845 0.85988018
 2.896183191023169 0.86213511
 2.93438155814353 0.86440299
 2.973017172073536 0.86668519
 3.01208395994083 0.86897921
 3.0515940674901256 0.87128119
 3.0915474947214223 0.87358852
 3.1319503145070757 0.87590015
 3.172808599719443 0.87821654
 3.2141284232308793 0.88053976
 3.2559097850413856 0.88287349
 3.298164830895673 0.88522203
 3.340893560793743 0.88758613
 3.3840959747355947 0.88996098
 3.4277902913382973 0.89234108
 3.4719704377294937 0.89472374
 3.516648559653897 0.89710976
 3.5618246571115066 0.89950436
 3.6075048029746792 0.90191281
 3.6536950701157704 0.90433202
 3.7004015314071372 0.90675229
 3.7476302597211352 0.90916685
 3.7953873279301206 0.91157392
 3.84367880890645 0.91397354
 3.8925047026501227 0.91636761
 3.9418710820334945 0.91875771
 3.99179009280128 0.92114493
 4.042267807825834 0.92352902
 4.093298154234799 0.92591075
 4.144899350645245 0.92829214
 4.197077469929528 0.93066979
 4.249826439215292 0.93303688
 4.303164477119605 0.93538781
 4.357091583642467 0.93772222
 4.411613831656236 0.94004663
 4.4667372940332654 0.94236566
 4.522468043645913 0.94467501
 4.578818226238891 0.94696989
 4.635787841812198 0.94924872
 4.693382963238192 0.95150072
 4.751615736261585 0.95371389
 4.810486160882377 0.95588628
 4.870000309972924 0.95801628
 4.930170329277937 0.96010161
 4.991002291669774 0.9621437
 5.052496197148435 0.96414457
 5.1146641914586314 0.9661053
 5.177512347472719 0.96802878
 5.241046738063055 0.96991708
 5.305279508974353 0.97176498
 5.370204587334254 0.97356405
 5.435840191759827 0.97530926
 5.502192395123431 0.97699921
 5.569261197425063 0.9786323
 5.637064817281792 0.98021039
 5.705597181821264 0.98173576
 5.774876509660545 0.98320503
 5.844908873671992 0.98461579
 5.915694273855606 0.98596618
 5.987244855956097 0.98725137
 6.059566692845824 0.98846286
 6.1326901488865654 0.98959436
 6.206536276737692 0.99064721
 6.281232606718683 0.9916279
 6.356718410105979 0.99254664
 6.433054415623139 0.99341199
 6.510119165823041 0.99422318
 6.588094846876369 0.99497273
 6.666860001336 0.99565841
 6.746475357925497 0.99628533
 6.826940916644858 0.9968565
 6.908256677494084 0.99737326
 6.9904226404731755 0.99783961
 7.073499534305693 0.99826049
 7.157487358991638 0.99864038
 7.242264657083886 0.99898031
 7.328013614753122 0.9992807
 7.414673503275785 0.99954519
 7.502244322651874 0.99977705
 7.59066534415783 0.99997816
 7.680118753964335 1.0001513
 7.770422365900705 1.0002992
 7.861758366137624 1.0004244
 7.9540052972279724 1.0005295
 8.047223887895306 1.0006155
 8.14141413813963 1.0006846
 8.236576047960943 1.0007402
 8.332770346082807 1.0007861
 8.429936303781657 1.000825
 8.52813464978106 1.0008586
 8.627365384081012 1.0008886
 8.727567777957953 1.0009182
 8.828863288859006 1.0009518
 8.931130459337046 1.0009924
 9.034551475562761 1.0010417
 9.138944151365465 1.0010998
 9.244490672915841 1.0011649
 9.351069582766769 1.0012318
 9.458741609641809 1.0012923
 9.567567482264522 1.0013398
 9.677425743187786 1.001371
 9.788437849858724 1.001388
 9.900603802277336 1.001396
 10.01386287172006 1.0013987
 10.128336515634018 1.0013962
 10.24390327657209 1.0013899
 10.360684611981396 1.0013836
 10.478619793138378 1.0013813
 10.597708820043032 1.0013867
 10.718073150142484 1.0014016
 10.83959132598961 1.0014237
 10.962324076307972 1.0014482
 11.08627140109757 1.0014705
 11.211494029081964 1.0014899
 11.337931231537594 1.0015109
 11.46564373718802 1.0015374
 11.594631546033247 1.0015682
 11.72489465807327 1.0016014
 11.85643307330809 1.0016363
 11.989246791737706 1.0016675
 12.123335813362122 1.0016818
 12.258821595628458 1.0016742
 12.395582681089591 1.0016551
 12.533679798469082 1.0016351
 12.673112947766935 1.0016192
 12.813882128983145 1.0016086
 12.956048070841279 1.0016008
 13.09961077334133 1.0015924
 13.244509507759743 1.0015863
 13.390805002820077 1.001588
 13.538557987245891 1.0016073
 13.687647003590067 1.001659
 13.838254238023286 1.0017399
 13.990197504374866 1.0018303
 14.143658988815488 1.0019161
 14.298517233898032 1.0019916
 14.45483296834606 1.0020547
 14.612666920883132 1.002104
 14.771958362785686 1.0021418
 14.932768022777285 1.0021739
 15.095035172134367 1.0022065
 15.258881268304055 1.0022548
 15.424184853839227 1.0023292
 15.591067386187003 1.0024325
 15.759468136623825 1.0025554
 15.92938710514969 1.0026689
 16.100885020488163 1.0027587
 16.274022611362806 1.0028359
 16.44867842032649 1.0029079
 16.62491317610278 1.0029631
 16.80272687869168 1.0030075
 16.982180256816747 1.0030535
 17.16327331047798 1.0030947
 17.34594531095182 1.0031278
 17.53031771568539 1.0031559
 17.71626906723157 1.0031623
 17.903920823037474 1.0031351
 18.093212254379547 1.003102
 18.28414336125779 1.0030768
 18.476835601119326 1.0030503
 18.67116751651703 1.0030384
 18.867199836174464 1.003036
 19.064932560091623 1.0030211
 19.264365688268515 1.002983
 19.4655599494287 1.0029314
 19.668454614848613 1.0029124
 19.87311041325182 1.0029373
 20.07952734463832 1.0029482
 20.287644680284543 1.002892
 20.497583877637627 1.0027928
 20.709284207973997 1.0026941
 20.92274567129366 1.0026008
 21.13802899632018 1.0025059
 21.35507345432999 1.0023996
 21.57387904532309 1.002294
 21.794567226746604 1.0022316
 22.017077269876974 1.0022368
 22.241348445990634 1.0022354
 22.46750221253471 1.0021549
 22.695477840785645 1.0020804
 22.925275330743424 1.0020655
 23.156955411131626 1.0020547
 23.390457353226675 1.002006
 23.62584188575215 1.0019444
 23.863048279984464 1.0018938
 24.102197993370761 1.0018671
 24.343169568463917 1.0018659
 24.586084462711045 1.0018689
 24.83088194738859 1.0018865
 25.077501293772986 1.0019156
 25.32606395931136 1.0019664
 25.57656994400371 1.0020675
 25.828958519126477 1.0022255
 26.083229684679658 1.0024444
 26.33944416938682 1.0027031
 26.59760197324795 1.0029649
 26.8576423675395 1.0032295
 27.119626080985032 1.0035011
 27.383553113584536 1.0037785
 27.649362736614456 1.0040935
 27.917176407521914 1.0043975
 28.186872668859788 1.0046675
 28.4585729780752 1.0049565
 28.73215587772103 1.0052446
 29.007682096520834 1.005478
 29.28521236319818 1.0056676
 29.564625220305941 1.0058431
 29.846042125291237 1.0059875
 30.129402349430513 1.0060857
 30.414705892723763 1.0061521
 30.701952755170992 1.0062028
 30.991142936772202 1.0062309
 31.282276437527382 1.0062123
 31.575413986160107 1.0061548
 31.870434125223248 1.0060689
 32.16745831216392 1.0059604
 32.46636508953501 1.0058326
 32.767275914783645 1.005679
 33.07006933046269 1.0055186
 33.37486679401927 1.005374
 33.68154684800627 1.005249
 33.99023094987081 1.0051511
 34.30079764216576 1.0050771
 34.61330765361469 1.0050208
 34.92770025549404 1.0049895
 35.24409690525093 1.0049809
 35.56231541671467 1.0049823
 35.88253797605594 1.0049915
 36.20458239710407 1.0050093
 36.52857013730618 1.0050322
 36.85450119666226 1.0050583
 37.1822541177252 1.0050881
 37.51188962921856 1.0051209
 37.84340773114232 1.0051558
 38.17680842349651 1.0051918
 38.512091706281104 1.0052285
 38.84919685077256 1.0052658
 39.18818458569442 1.0053037
 39.528933453599584 1.0053419
 39.87156491193516 1.0053806
 40.21601823197759 1.0054196
 40.56229341372687 1.005459
 40.91032972845944 1.0054987
 41.260187904898863 1.0055387
 41.61180721432159 1.005579
 41.96518765672759 1.0056196
 42.3203292321169 1.0056605
 42.67723194048949 1.0057017
 43.035895781845376 1.0057432
 43.39626002746099 1.0057849
 43.75826394861277 1.005827
 44.12202900274785 1.0058693
 44.48749446114265 1.0059119
 44.85459959507363 1.0059549
 45.22334440454077 1.0059981
 45.59372888954408 1.0060417
 45.96581377880712 1.0060856
 46.3394168861592 1.0061298
 46.71465966904745 1.0061744
 47.09148139874831 1.0062193
 47.46982134653821 1.0062646
 47.84974024114072 1.0063102
 48.23117735383227 1.0063563
 48.61419341333643 1.0064027
 48.99860623348251 1.0064495
 49.38453727171764 1.0064968
 49.77192579931825 1.0065444
 50.16077181628434 1.0065925
 50.55101459389235 1.0066411
 50.94265413214229 1.0066901
 51.33569043103414 1.0067397
 51.730062761844344 1.0067897
 52.12577112457292 1.0068402
 52.522815519219854 1.0068913
 52.92119594578514 1.0069429
 53.320790946821674 1.0069951
 53.721721979776553 1.0070479
 54.123806858479113 1.0071013
 54.527167040376475 1.0071553
 54.9316810680215 1.00721
 55.337348941414205 1.0072654
 55.74417066055458 1.0073215
 56.152085496719074 1.0073783
 56.56115417863124 1.0074359
 56.97125524884395 1.0074942
 57.38244943608078 1.0075534
 57.7946152828946 1.0076135
 58.20781351800896 1.0076744
 58.62198341270031 1.0077363
 59.037064238245093 1.0077992
 59.45311672336686 1.007863
 59.8700194106185 1.007928
 60.287833028723554 1.007994
 60.70649684895849 1.0080612
 61.12588941387615 1.0081297
 61.546132180923684 1.0081994
 61.96698223520683 1.0082705
 62.38904686396121 1.0083429
 62.81171877995122 1.0084169
 63.23439069594123 1.0084925
 63.65827718640247 1.0085697
 64.08277096409931 1.0086487
 64.5078720290318 1.0087296
 64.93358038119989 1.0088125
 65.35928873336798 1.0088975
 65.78621166000731 1.0089848
 66.21313458664663 1.0090746
 66.6412720877572 1.009167
 67.06880230163215 1.0092622
 67.49754708997833 1.0093604
 67.9262918783245 1.009462
 68.35564395390631 1.0095672
 68.78499602948811 1.0096764
 69.2143481050699 1.00979
 69.64430746788733 1.0099085
 70.07487411794035 1.0100325
 70.50544076799339 1.0101627
 70.9354001308108 1.0103
 71.36657406809947 1.0104456
 71.7971407181525 1.0106011
 72.22831465544115 1.0107674
 72.65888130549419 1.0109297
