 0.0E+0 0.0E+0
 4.532621210451192E-3 3.983197450659334E-3
 9.118561480812234E-3 0.014042036551772915
 0.013758444396035126 0.028692001304123304
 0.0184529007479874 0.0466653649800398
 0.02320256861674372 0.066922557345731
 0.028008093452650855 0.08865493191297065
 0.03287012815934973 0.11126310997892849
 0.03778933317760906 0.13431723847807613
 0.04276637657013911 0.15751510205623012
 0.04780193410720935 0.18064703885301924
 0.05289668935324623 0.2035694809857773
 0.05805133375429608 0.22618508321334515
 0.06326656672645292 0.24842762698800688
 0.06854309574521247 0.27025096732266756
 0.07388163643572239 0.29162091218521662
 0.07928291266405037 0.31250965223436044
 0.08474765662935622 0.3328924813233633
 0.09027660895705895 0.352746322348121
 0.09587051879296883 0.3720489605561638
 0.10153014389841468 0.39077988178584316
 0.1072562507463207 0.4089229950927431
 0.11304961461837822 0.42647012009332063
 0.11891101970311314 0.44342235955563213
 0.12484125919504849 0.45978841316619523
 0.1308411353948774 0.4755807155754232
 0.13691145981063204 0.49081116260636886
 0.14305305325999237 0.5054879072494503
 0.14926674597353786 0.519614663074066
 0.1555533776991316 0.5331927140198898
 0.16191379780733833 0.5462238837455526
 0.16834886539798327 0.5587118898350171
 0.1748594494077141 0.5706611780624864
 0.18144642871871147 0.5820751225240581
 0.18811069226854768 0.5929564455233953
 0.19485313916103344 0.6033100862367187
 0.20167467877834327 0.6131454181981445
 0.20857623089416682 0.6224751084135485
 0.2155587257880391 0.631311821264691
 0.2226231043608428 0.6396672347890506
 0.22977031825143537 0.6475537358941208
 0.23700132995445605 0.6549839666537363
 0.24431711293934185 0.6619666300997824
 0.25171865177049285 0.668504739496009
 0.25920694222866186 0.6745999697881767
 0.26678299143353134 0.6802570347372517
 0.27444781796749995 0.6854837459951609
 0.2822024520007554 0.690287310416077
 0.2900479354174651 0.6946715051986349
 0.29798532194334526 0.6986372909895607
 0.3060156772743631 0.7021852656122112
 0.3141400792067634 0.7053189219620196
 0.3223596177683667 0.708047448583413
 0.33067539535110695 0.7103871063796995
 0.3390885268448642 0.7123585766701406
 0.3476001397726593 0.7139801768338057
 0.35621137442704386 0.7152652373201664
 0.3649233840078829 0.7162243084003174
 0.3737373347614242 0.7168664784241695
 0.3826544061207389 0.7172023670687947
 0.39167579084741643 0.7172495741799147
 0.4008026951747077 0.7170285835444252
 0.41003633895196145 0.7165509789849336
 0.4193779557904323 0.7158212468520875
 0.42882879321047323 0.7148442457945716
 0.4383901127901074 0.7136282338501501
 0.448063190314993 0.7121851641603804
 0.4578493159297583 0.7105284129443185
 0.4677497942907702 0.7086656358775838
 0.47776594472030853 0.7065910517534362
 0.4878991013621531 0.7042932946403244
 0.4981506133386137 0.7017668549871575
 0.5085218449089653 0.6990097615985237
 0.5190141756293655 0.696018413816617
 0.5296290005141902 0.6927881389141386
 0.540367730198854 0.6893163196628548
 0.5512317911040631 0.6856080189171885
 0.5622226256015675 0.681668175991097
 0.5733416921813782 0.6774918200907121
 0.5845904656204811 0.6730811214199434
 0.5959704371530258 0.6684600409585869
 0.6074831146420037 0.663658640732039
 0.6191300227524896 0.6586960224868901
 0.6309127031262926 0.6535911174388996
 0.6428327145582206 0.6483794243030306
 0.65489163317381 0.6431089664090934
 0.6670910526086002 0.6378297179550031
 0.6794325841889167 0.6325821031132808
 0.691917857114224 0.6273768168959559
 0.7045485186410102 0.6222065293329436
 0.7173262342681945 0.6170613836651858
 0.7302526879241136 0.6119364378764972
 0.7433295821550446 0.6068350362222666
 0.7565586383152689 0.6017732401926532
 0.7699415967587592 0.5967771170807868
 0.7834802170323505 0.5918690510792587
 0.7971762780705438 0.5870651736789914
 0.8110315783918164 0.5823767120334372
 0.8250479362965879 0.5778175273780332
 0.8392271900666546 0.5733939035050845
 0.8535711981663019 0.5691113144727127
 0.8680818394449012 0.5649990321113185
 0.8827610133411772 0.5610887472974752
 0.8976106400889592 0.557389733795578
 0.9126326609245793 0.5539064926760197
 0.927829038295818 0.5506489929281755
 0.9432017560724324 0.5476131048902559
 0.95875281975825 0.5447821720840644
 0.9744842567048737 0.5421346838149278
 0.9903981163268923 0.5396482426429448
 1.0064964703187402 0.5373018548163723
 1.0227814128730534 0.5350790447844662
 1.0392550609006481 0.5329683362930756
 1.0559195542520141 0.5309733745634962
 1.0727770559403781 0.5291046321245879
 1.0898297523663393 0.52735039278216
 1.1070798535440327 0.5257104922113052
 1.1245295933287935 0.5242182050960061
 1.1421812296464493 0.522893672552735
 1.1600370447240442 0.5217441216362794
 1.178099345322118 0.5207975744859957
 1.1963704629685083 0.5200838596936083
 1.2148527541936378 0.5196121297989448
 1.2335486007672975 0.5193789946829296
 1.2524604099368852 0.5193802444359625
 1.2715906146671793 0.5196060163899356
 1.29094167388147 0.5200319684560571
 1.3105160727042477 0.5206367634966772
 1.3303163227052481 0.5214107590722673
 1.3503449621449243 0.5223553412130134
 1.3706045562213498 0.5234733133471398
 1.391097697318508 0.5247557517635772
 1.4118270052559114 0.5261851487943199
 1.4327951275396275 0.5277478324971997
 1.4540047396145987 0.5294397254594952
 1.4754585451183184 0.5312509585891291
 1.4971592761357845 0.5331687604099554
 1.5191096934557106 0.5351837257958904
 1.54131258682802 0.5372802711651279
 1.5637707752225764 0.5394482899125442
 1.5864871070890926 0.5416933704655318
 1.6094644606182526 0.544023557367559
 1.6327057440039671 0.5464341318777193
 1.6562138957067704 0.548910796197786
 1.6799918847183143 0.5514391530329623
 1.7040427108269755 0.5540070532992888
 1.728369404884407 0.5566035584798267
 1.7529750290732268 0.5592218505847625
 1.777862677175586 0.5618586432906083
 1.8030354748427162 0.5645080694826201
 1.8284965798654033 0.5671602785747814
 1.8542491824453057 0.5698051321400982
 1.8802965054671267 0.5724348200745917
 1.9066418047715476 0.5750436038890616
 1.9332883694289961 0.5776270584717915
 1.9602395220139992 0.580181640836563
 1.9874986188803227 0.5827044449148617
 2.0150690504366983 0.5851937066820281
 2.042954241423071 0.5876492661691144
 2.0711576511874647 0.5900720787794936
 2.0996827739632673 0.592463494952721
 2.128533139146977 0.5948247956199307
 2.157712311576263 0.5971570788786231
 2.1872238918084585 0.5994612217927735
 2.2170715163991894 0.6017374933867319
 2.247258858181309 0.6039849479729542
 2.2777896265439174 0.6062011843027899
 2.308667567711502 0.6083824427637332
 2.3398964650230755 0.6105241446948104
 2.371480139211281 0.6126217150841097
 2.403422448681387 0.6146715292062344
 2.4357272897900736 0.6166713936168848
 2.4683985971240307 0.6186205031476975
 2.5014403437781425 0.6205190614143126
 2.5348565416333386 0.6223680262970523
 2.5686512416339395 0.6241690004672622
 2.602828534064452 0.6259240145420684
 2.6373925488257126 0.6276354589036447
 2.6723474557102897 0.6293062071462555
 2.7076974646771514 0.6309399505245908
 2.7434468261253033 0.6325414416419467
 2.7795998311665663 0.6341164375849496
 2.8161608118972005 0.6356712449281302
 2.8531341416683253 0.6372120380231392
 2.890524235355132 0.6387439766349716
 2.9283355496246596 0.6402706980613365
 2.966572583202094 0.6417944882990099
 3.0052398771355157 0.6433168844726275
 3.0443420150588784 0.6448389367997511
 3.0838836234532585 0.6463609338314489
 3.123869371906092 0.6478820811751275
 3.164303973368442 0.6494001735502763
 3.205192184410095 0.6509116668944025
 3.246538805472282 0.652412104947294
 3.288348681118155 0.6538961790714394
 3.3306267002805314 0.6553565804213333
 3.373377796507143 0.6567825349983869
 3.4166069482029475 0.6581593632238579
 3.460319178869564 0.6594696781560476
 3.5045195573416116 0.660696433278196
 3.5492131980198204 0.6618272283704879
 3.5944052611007406 0.6628575653568145
 3.6401009528029457 0.6637905670183825
 3.6863055255895686 0.6646342325947011
 3.73302427838697 0.6653994253806599
 3.7802625567994252 0.6660999496988212
 3.8280257533196473 0.6667528531011196
 3.876319307534946 0.6673771626892364
 3.9251487063289625 0.6679912477340568
 3.974519484078623 0.6686099970854404
 4.024437222846348 0.669243199786948
 4.074907552567118 0.6698963308556279
 4.125936151230387 0.6705726848251334
 4.17752874505658 0.6712751464061416
 4.229691108667937 0.6720042434912
 4.282429065253607 0.6727534051734012
 4.335748486728713 0.6735085875262781
 4.3896552938872215 0.67425695975592
 4.444155456548364 0.674995025704731
 4.499254993696489 0.6757272947527669
 4.554959973614011 0.6764618909890113
 4.611276514007344 0.6772085470758074
 4.66821078212548 0.6779797282883913
 4.725768994871124 0.6787893905104777
 4.783957418904027 0.6796434360234203
 4.842782370736353 0.6805362147282057
 4.902250216819819 0.6814576289688257
 4.96236737362433 0.6823945914314774
 5.02314030770795 0.6833257743610774
 5.084575535777838 0.6842166207955848
 5.146679624741992 0.6850277569218833
 5.209459191751476 0.6857361613645776
 5.2729209042329 0.6863399384677449
 5.337071479910841 0.6868507415949201
 5.401917686820021 0.6872961192923359
 5.467466343306802 0.6877138797465984
 5.533724318019924 0.6881382265989475
 5.60069852989 0.6885959633298897
 5.668395948097608 0.6891028945480179
 5.7368235920296335 0.6896557779893341
 5.805988531223555 0.6902339460716662
 5.875897885299434 0.6908096565449391
 5.946558823879149 0.6913594442108636
 6.017978566492778 0.6918687899476877
 6.090164382471616 0.6923345094627539
 6.1631235908276025 0.6927595749462836
 6.2368635601188584 0.6931355702902549
 6.311391708300906 0.6934561956912414
 6.386715502563308 0.6937536380004848
 6.462842459151426 0.6941025713536828
 6.539780143172827 0.694588307911065
 6.617536168388111 0.6952601948511722
 6.696118196985809 0.696090594228241
 6.775533939340858 0.6969891464747265
 6.855791153756515 0.6978617199523063
 6.936897646189134 0.6986477859836524
 7.018861269955611 0.6993278027169462
 7.101689925422997 0.699878681194001
 7.18539155968005 0.7002407558769062
 7.26997416619016 0.7003696486335474
 7.355445784425478 0.700308793620535
 7.441814499481724 0.7001449667509754
 7.529088441673318 0.6999179590359129
 7.617275786108536 0.6996360122416556
 7.706384752244094 0.6993139318574958
 7.796423603419072 0.6990009009920113
 7.887400646367477 0.6987727898990831
 7.979324230709208 0.6986720505122711
 8.07220274841909 0.6986845016512374
 8.166044633273335 0.6987691832323636
 8.260858360273275 0.6989273660744805
 8.356652445045839 0.6992055637508136
 8.453435443220355 0.6996098633549698
 8.551215949781332 0.7000484807612027
 8.650002598396735 0.7003923727648771
 8.74980406072145 0.7005179401974595
 8.850629045675383 0.7003307689327434
 8.952486298695893 0.6998559041134206
 9.055384600964123 0.6991801456092925
 9.159332768604784 0.698351722004974
 9.26433965185899 0.6974246961671655
 9.370414134229733 0.6964908864336516
 9.477565131599583 0.6955954857201816
 9.585801591320255 0.6947368000247931
 9.695132491273496 0.6938416913365165
 9.805566838903044 0.6929182348009102
 9.917113670217121 0.6920787475419082
 10.029782048761147 0.6914229382418855
 10.143581064560205 0.690974799365743
 10.258519833030894 0.6906562772828978
 10.374607493862161 0.6904150938462537
 10.4918532098647 0.6902759160722853
 10.610266165788579 0.6902143287260608
 10.72985556710863 0.6902597146621072
 10.850630638777286 0.6902909613993111
 10.972600623944455 0.6901593036670962
 11.095774782644083 0.6899650337491291
 11.220162390446985 0.6898631974160578
 11.345772737079667 0.690052771763497
 11.472615125008687 0.6906125503945417
 11.600698867990296 0.6914951106467503
 11.730033289584961 0.6926492809096487
 11.86062772163649 0.6940789882287487
 11.99249150271534 0.6957174312083009
 12.125633976525924 0.6972503414743824
 12.260064490277472 0.6984744270915942
 12.395792393018324 0.6994299148870089
 12.532827033933128 0.700161436618775
 12.671177760602955 0.7004714691522189
 12.810853917227773 0.7004237680277218
 12.951864842811295 0.7004004702265773
 13.094219869307784 0.700446971867389
 13.237928319730647 0.7004713604383503
 13.382999506222607 0.7005905990588539
 13.529442728087284 0.7009911253658216
 13.677267269781941 0.7014120098327524
 13.826482398871267 0.7012748387417521
 13.977097363942034 0.7003147846022474
 14.12912139247849 0.6986859808255725
 14.282563688698417 0.6968703999918772
 14.437433431349639 0.6951667397117839
 14.593739771467067 0.69372305949637
 14.751491830090037 0.6927155620412813
 14.910698695940052 0.6922900662056993
 15.071369423058787 0.6923257834101513
 15.233513028406492 0.692565055302139
 15.397138489420655 0.6931715368849356
 15.562254741535112 0.6941232490303479
 15.728870675659529 0.694917468041025
 15.896995135619544 0.6955189578408643
 16.06663691555748 0.6963774653770309
 16.237804757293872 0.697696518078283
 16.410507347650007 0.6991277193947039
 16.58475331573157 0.7000920430247722
 16.76055123017375 0.7004428871776
 16.937909596347854 0.7005725088094619
 17.116836853530006 0.7006122239285882
 17.297341372031937 0.7006405660932665
 17.479431450294335 0.7007267500771693
 17.663115311943226 0.7001022883096821
 17.848401102809557 0.698502056516339
 18.035296887912632 0.6970193683923814
 18.22381064840773 0.6959857100575416
 18.4139502784984 0.6947450364771922
 18.605723582314151 0.6934566349457097
 18.799138270753783 0.6935394033012249
 18.994201958295292 0.6950187516354328
 19.190922159772718 0.6970755842287449
 19.389306287120842 0.6989869095128572
 19.589361646088168 0.7000347485035848
 19.791095432919352 0.6998268669239924
 19.994514731007303 0.698478497334795
 20.19962650751635 0.6971751811499981
 20.40643760997696 0.6966597419621913
 20.614954762853 0.6967276974161635
 20.825184564082647 0.696505526781185
 21.037133481593645 0.6964008352808128
 21.250807849794245 0.6975254493429482
 21.466213866040593 0.7000655485822055
 21.683357587081982 0.7030302889994648
 21.902244925484744 0.7032997072028754
 22.122881646036486 0.6999219328090199
 22.345273362131234 0.696462791931897
 22.569425532137536 0.6943560889731951
 22.795343455750053 0.6925671706227428
 23.023032270326726 0.6897284297271148
 23.252496947212307 0.6861941370142224
 23.483742288050265 0.6816267399784756
 23.716772921083936 0.67648669399252
 23.951593297449122 0.6707763013711537
 24.1882076874592 0.6644688246632534
 24.42662017688457 0.6569352284702669
 24.666834663228144 0.6495061041346685
 24.90885485199842 0.6418556539239659
 25.152684252982137 0.6327555829488077
 25.398326176517965 0.6212895305012742
 25.64578372977345 0.606740015888327
 25.895059813026673 0.5871467585288886
 26.146157115955002 0.5605945088698039
 26.39907811393233 0.5224967809643982
 26.65382506433742 0.47183326988778906
 26.910400002874737 0.41774716925866556
 27.16880473991053 0.3600325359645823
 27.429040856825512 0.3036260953345637
 27.69110970238705 0.2513206210483183
 27.955012389142332 0.20629033068997218
 28.22074978983531 0.17010581829086518
 28.488322533849352 0.14222922423929607
 28.757731003677804 0.12094860697344137
 29.028975331425193 0.10450629270002441
 29.302055395340822 0.09148383412398134
 29.57697081638773 0.08086077276380403
 29.85372095484886 0.07197422483963527
 30.132304906973395 0.06440218398384649
 30.412721501665174 0.0578632573600815
 30.694969297216193 0.05215900959419876
 30.97904657808711 0.04714313049963435
 31.264951351737927 0.04270407086394543
 31.552681345510663 0.038754560691685896
 31.84223400356725 0.03522491493318671
 32.1336064838846 0.03205855490701776
 32.42679565531006 0.029208895399947656
 32.72179809467908 0.026637127177988367
 33.01861008399839 0.024310585097512577
 33.31722760769695 0.022201525632918692
 33.61764634994712 0.020286196999740435
 33.919861692059164 0.018544116652206444
 34.223868709951034 0.016957505989152504
 34.529662171696713 0.015510840890195105
 34.837236535155064 0.01419049161161821
 35.14658594568238 0.012984431020862398
 35.45770423393066 0.011881998162574988
 35.770584913734644 0.010873702938757555
 36.08522118008976 9.951064656415876E-3
 36.401605907223945 9.106479262775267E-3
 36.71973164676529 8.333105938040772E-3
 37.03959062600866 7.624773047467897E-3
 37.36117474628307 6.97589889638235E-3
 37.68447558142287 6.381423199947088E-3
 38.00948437634471 5.836749030558329E-3
 38.33619204573264 5.337693026804463E-3
 38.66458917283423 4.880441763927405E-3
 38.99466600836914 4.46151435309626E-3
 39.32641246955318 4.077729659579658E-3
 39.65981813923943 3.7261771149235695E-3
 39.994872265179104 3.4041918470846784E-3
 40.33156375940379 3.109331446877768E-3
 40.66988119773138 2.839356602694381E-3
 41.00981281939773 2.5922124668084226E-3
 41.351346526815554 2.3660133513393275E-3
 41.69446988546309 2.1590277371911614E-3
 42.03917012390352 1.9696654607139446E-3
 42.38543413393768 1.7964658256845835E-3
 42.73324847089094 1.638086981902644E-3
 43.082599354036624 1.4932960600997104E-3
 43.43347266715657 1.3609604251422545E-3
 43.78585395924117 1.2400394585370825E-3
 44.1397284453294 1.1295772133867157E-3
 44.49508100749084 1.0286955060630975E-3
 44.85189619594997 9.365878503679703E-4
 45.21015823035489 8.525136021270905E-4
 45.569851001190265 7.757926566263194E-4
 45.93095807133649 7.058008029633162E-4
 46.2934626777749 6.419651001955013E-4
 46.65734773344034 5.837598316119327E-4
 47.02259582922157 5.307027379379967E-4
 47.389189236109515 4.8235154361883154E-4
 47.75710990749456 4.383007199955815E-4
 48.1263394816122 3.9817856513022566E-4
 48.496859284138125 3.616444610784288E-4
 48.86865033093191 3.2838635082249573E-4
 49.2416933309301 2.9811845728405675E-4
 49.61596868918757 2.7057914755028125E-4
 49.99145651006789 2.4552891858569813E-4
 50.36813660058119 2.2274864545773146E-4
 50.74598847387005 2.0203788000812332E-4
 51.12499135284175 1.832133243286248E-4
 51.50512417394713 1.661074085770766E-4
 51.886365591104116 1.5056699961498804E-4
 52.26869397976591 1.3645218365565688E-4
 52.65208744113177 1.236351825304587E-4
 53.03652380649998 1.119993224078721E-4
 53.421980641761024 1.0143810540887237E-4
 53.80843525202961 9.185435311480142E-5
 54.19586468641435 8.315941599747332E-5
 54.58424574292251 7.527244835337243E-5
 54.97355497349897 6.811973946335181E-5
 55.363768689196504 6.163410594943716E-5
 55.75486296547617 5.575432677740445E-5
 56.1468136476346 5.0424631633733825E-5
 56.539596356357016 4.559422686494175E-5
 56.93318649339231 4.1216858692613196E-5
 57.32755924734896 3.7250422157725813E-5
 57.72268959960765 3.3656590532988785E-5
 58.11855233034938 3.0400484941182445E-5
 58.51512202469476 2.7450368215764133E-5
 58.91237307895264 2.4777363456564717E-5
 59.31027970697417 2.2355196411804652E-5
 59.70881594660963 2.015996331505417E-5
 60.10795566626464 1.8169913378200267E-5
 60.50767257155195 1.636525245623576E-5
 60.90794021203632 1.4727961397891113E-5
 61.30873198806743 1.3241631562905562E-5
 61.71002115769895 1.1891313103234464E-5
 62.11178084368849 1.0663374936147451E-5
 62.51398404057557 9.545377348825438E-6
 62.916603621833523 8.525955221702396E-6
 63.31961234709081 7.594709575556163E-6
 63.72298286941893 6.742107601067958E-6
 64.12668774268137 5.959391508709871E-6
 64.53069942894072 5.238492731721466E-6
 64.93499030591884 4.5719527211883474E-6
 65.33953267450654 3.952848461307486E-6
 65.74429876631754 3.3747227311961813E-6
 66.14926075128375 2.8315172105536206E-6
 66.55439074528572 2.3175076540703306E-6
 66.95966081781548 1.8272408519683703E-6
 67.36504299966619 1.3554686131468176E-6
 67.77050929064463 8.970761912157912E-7
 68.1760316673018 4.470014208623645E-7
 68.5815820906774 1.8018275817170672E-16
