 8.788266146246508E-4 1.2603224998036064E-4
 2.6468117843736174E-3 1.5778609891861912E-3
 4.435598239736023E-3 6.057962969434015E-3
 6.245438627905555E-3 0.015167085557502484
 8.076532407193016E-3 0.030091736944676764
 9.929189846081878E-3 0.051412398698787983
 0.011803632564917482 0.07908127082720488
 0.013700104346079697 0.11252139452455626
 0.015618871133982935 0.15078113976924928
 0.017560198873041596 0.19269778804463325
 0.019524375669704618 0.23704376029277146
 0.021511600982282812 0.2826413249790354
 0.023522118593156046 0.3284404812264378
 0.025556371743014994 0.37356170536351412
 0.027614559890170465 0.41731025632761553
 0.029696904654967794 0.45917038232831375
 0.03180362765775232 0.49878823878063865
 0.033935393759560054 0.5359489756588429
 0.036091981340045674 0.5705517475251863
 0.038273833639899834 0.6025847194206235
 0.04048139389981322 0.6321020176613482
 0.042714883740131173 0.6592034117797327
 0.04497474640154437 0.684016148276003
 0.04726098188405281 0.706680963848458
 0.04957403342834716 0.7273427746739404
 0.0519143442751181 0.7461446347853872
 0.05428213604471098 0.7632234324503586
 0.05667763035747113 0.7787092280754272
 0.05910127045408922 0.792727695683743
 0.06155349957525594 0.8054023574877206
 0.06403431772097128 0.8168516872207413
 0.06654438975227125 0.8271831098956783
 0.06908371566915586 0.8364904361844063
 0.07165318195300646 0.8448576694675618
 0.07425256698347771 0.8523627715033323
 0.07688231400126029 0.8590791935235553
 0.07954308786739021 0.865076207281525
 0.08223511020221282 0.8704191119568694
 0.08495860262607344 0.8751662961062774
 0.08771423000000808 0.8793656375186149
 0.09050199232401678 0.8830547515007776
 0.09332233283879017 0.8862657910708717
 0.0961759164053643 0.8890295436748055
 0.09906296464408447 0.8913727828038457
 0.10198369917529605 0.8933135505633908
 0.10493878486003504 0.894865213008586
 0.1079284433186468 0.8960444466726318
 0.11095311779182196 0.8968734317584947
 0.11401325152025124 0.897378072756952
 0.11710928774462531 0.8974507276961899
 0.1202414480852895 0.8975242303630654
 0.12341039740327982 0.8972118039966567
 0.12661635731894158 0.8966655751176377
 0.12985999269331086 0.8959037513553089
 0.13314152514673296 0.894945036910679
 0.13646139791989858 0.8938054462213377
 0.13982005425349836 0.8924982211995035
 0.14321815900856832 0.8910320932310455
 0.14665615542579918 0.889411738366216
 0.1501342651255362 0.8876429913225864
 0.15365293134847013 0.8857353283435879
 0.15721281895563696 0.8836969428624063
 0.16081437118772737 0.8815329661200257
 0.16445803128543201 0.8792461292608417
 0.1681442424894416 0.8768337425214345
 0.17187366966079212 0.8742927437096037
 0.17564653441982891 0.871627643351699
 0.179463501627588 0.8688452279277321
 0.1833252361451054 0.8659423524835513
 0.18723195959272645 0.8629045750586433
 0.19118433683148713 0.8597163777871263
 0.1951828111020782 0.856370146569475
 0.19922804726553558 0.8528674538827653
 0.20332048856255 0.8492146310162768
 0.2074607998541575 0.8454177609734347
 0.21164920276070334 0.8414823888049808
 0.2158865837635689 0.8374145975143406
 0.2201736077237902 0.8332174079127387
 0.22451027464136727 0.8288861853308987
 0.2288983574790628 0.8244102534770944
 0.2333374129961861 0.8197805085366754
 0.23782744119273716 0.8149979022720825
 0.2423706582721694 0.8100716212599172
 0.24696484803102941 0.8050018310240823
 0.251614442876224 0.7997708205069856
 0.2563172266042997 0.7943572371251741
 0.26107541541870993 0.7887449422981319
 0.2658890093194547 0.7829254943068191
 0.27076022450998743 0.7769100660146704
 0.2756868447868547 0.7707308104397916
 0.2806688701500564 0.764425591174933
 0.2857107330064995 0.7580218851879483
 0.2908124333561839 0.7515327688671533
 0.2959717549956562 0.7449601871184052
 0.30119091412836984 0.738299422510476
 0.30647212695777814 0.7315461714218947
 0.31181317728042773 0.7246979096131446
 0.3172184975032254 0.7177460712222595
 0.32268587142271776 0.7106718692862788
 0.3282152990389048 0.7034150391625419
 0.3338089965552399 0.6960738611135189
 0.33946918017517646 0.6885265091015759
 0.34519363369526107 0.6808102399468937
 0.3509867895224005 0.6729279089367947
 0.3568464314531414 0.6648859715034853
 0.36277255948748377 0.6566970488445489
 0.3687673898288809 0.6483845625922223
 0.37483313868078627 0.6399692446153229
 0.38096980604319985 0.6314578813938626
 0.3871751757126683 0.6228597836473702
 0.3934558962995517 0.6141922072427055
 0.3998053191934899 0.6054592902774371
 0.4062323092082964 0.5966531289852092
 0.41273021773361123 0.5877711991265052
 0.41930569337979434 0.578817721560845
 0.4259565199433925 0.5697863649989487
 0.432684913627859 0.5606583424778564
 0.43949087443319373 0.5514208258951063
 0.44637440235939696 0.5420792361585127
 0.4533399298133753 0.5326423046539448
 0.46038302438822192 0.5231185558623935
 0.46751033469429703 0.5135189971233904
 0.47471742832469393 0.5038422214837625
 0.48201095388977266 0.4940608761185828
 0.4893864789826266 0.484139373388764
 0.49684621980670895 0.4740695198611207
 0.5043946087689266 0.46386344016152813
 0.5120294296658262 0.45354199030173053
 0.5197506824974075 0.44314332354130803
 0.5275627996705776 0.4327034827100807
 0.535463564981883 0.4222370752924646
 0.5434574108382303 0.4117590232682914
 0.5515421210361663 0.4012745406404969
 0.5597199117791443 0.3907789927398047
 0.5679907830671643 0.38025339397457136
 0.5763591673071332 0.3696749268748051
 0.5848206320921441 0.35904153894411194
 0.5933818260325571 0.3483923765854884
 0.6020427491283723 0.33776736002617596
 0.6108011851761364 0.3271678465621772
 0.6196593503793024 0.3165852703315256
 0.6286216771447776 0.306033676037368
 0.6376859492691082 0.29553072921822365
 0.6468543829557478 0.2850802079571725
 0.6561269782046963 0.2746611238233478
 0.6655081674228606 0.26426361986834195
 0.6749957344067871 0.2538932908000674
 0.6845918953599293 0.24356457857903743
 0.6942966502822873 0.2333067147264748
 0.7041144315807676 0.22324423811120486
 0.7140452392553704 0.21306591808569147
 0.7240868571026423 0.20309983976886664
 0.7342459337329436 0.19325089030371328
 0.7445202529428206 0.1835250782079006
 0.7549120309357267 0.1739445133367362
 0.7654234839151156 0.16453086276908773
 0.776054611880987 0.1552997560994709
 0.7868054148333411 0.14627254591133817
 0.7976803251790844 0.1374916518428625
 0.8086815591216706 0.12898964486000413
 0.8198046842541927 0.12077932823663957
 0.831056349187011 0.11287289694630259
 0.8424365539201254 0.10528071692340184
 0.853945298453536 0.09799832729875874
 0.8655847989906958 0.09099684001324872
 0.8773572717350588 0.08425299482044027
 0.889264932890078 0.0777650495812571
 0.9013055662523002 0.07155859429106176
 0.913483604228632 0.06566260804712522
 0.9258012630225267 0.06009130521459469
 0.9382585426339846 0.05486336930399116
 0.9508554430630054 0.05000334751008994
 0.9635986129199496 0.045516557288266333
 0.97648361979791 0.041389177392642126
 0.9895148961037936 0.03759570721076227
 1.0026924418376004 0.03409020227294515
 1.0160206894062373 0.03083459290918168
 1.0294996388097041 0.027816315441444656
 1.0431315062514543 0.025034898126611304
 1.056918507934941 0.022497765539338705
 1.0708584276567112 0.02019644451104596
 1.0849579140271246 0.01809148862666299
 1.0992147508427283 0.016144944496722393
 1.1136333705104288 0.014329300807160654
 1.1282137730302264 0.012649015530488136
 1.142958174605574 0.011144768648660023
 1.1578687914399252 9.85495301710549E-3
 1.1729478397367334 8.779353040941228E-3
 1.1881953194959986 7.879193918332509E-3
 1.2036156631246277 7.100415542646714E-3
 1.2192088706226205 6.409940444781189E-3
 1.234974941989977 5.805738060259155E-3
 1.2509205258370574 5.291550056901894E-3
 1.2670434059604085 4.861860350650825E-3
 1.2833480147669367 4.49992123302742E-3
 1.2998343522566422 4.18665524662218E-3
 1.3165046346329785 3.916598364643938E-3
 1.3333610780993987 3.690681865950444E-3
 1.3504058988593565 3.4964025715009524E-3
 1.367641313116305 3.305152675547094E-3
 1.3850695370736978 3.111763298951859E-3
 1.4026927869349881 2.9209259085357986E-3
 1.420511062700176 2.7456029493799797E-3
 1.4385265805727145 2.5815517955715002E-3
 1.4567437729595111 2.4236703383325166E-3
 1.4751648560640191 2.2746241332116663E-3
 1.4937876136827845 2.1421551055685545E-3
 1.5126186944261676 2.0337857788297153E-3
 1.5316603144976221 1.9505594501540745E-3
 1.5509102576936946 1.8884607579471822E-3
 1.5703751726247447 1.8421021060799566E-3
 1.5900550592907733 1.803929438822394E-3
 1.6099521338952331 1.7620703887270634E-3
 1.6300686126415777 1.7056828918790964E-3
 1.6504067117332603 1.6328660303985317E-3
 1.6709708635771882 1.5484679166344677E-3
 1.6917610681733605 1.4551536509448098E-3
 1.7127795417252316 1.3512406828582765E-3
 1.7340307166397075 1.2365254179745061E-3
 1.7555145929167883 1.1146380437662885E-3
 1.7772333867599281 9.915743739432986E-4
 1.7991915305760326 8.765528484584964E-4
 1.821391240568556 7.81034259575167E-4
 1.8438325167374978 7.154837319006799E-4
 1.866519791489765 6.805154004951505E-4
 1.8894552810288107 6.583798889826601E-4
 1.9126412015580886 6.21497149499096E-4
 1.936081985484506 5.575943708953407E-4
 1.9597754166046084 4.7268905051232705E-4
 1.9837281435287563 3.763508120912489E-4
 2.0079423824604032 2.8518362729160006E-4
 2.0324181333995494 2.2218907006594582E-4
 2.057162044956555 1.9450895886453337E-4
 2.0821719009279662 1.856730074079111E-4
 2.107454349924143 1.7479300127643847E-4
 2.1330116081485392 1.500525821732722E-4
 2.158843675601155 1.0772753677267501E-4
 2.184954984688897 6.0915630802595524E-5
 2.211347751615218 5.419090247104276E-5
 2.2380330573973856 6.610170878883169E-5
 2.2649820913905056 7.813022841546674E-5
 2.2922413938670986 1.120310961722707E-4
 2.319788802792632 1.3311339150596336E-4
 2.347646480201638 1.2133710654597183E-4
 2.375770102025051 7.083226299157644E-5
 2.40422615436647 6.396059154642312E-5
 2.432970313156829 1.0506774920276991E-4
 2.4620247404306616 1.4661862328717241E-4
 2.4913894361879673 2.6345318587387805E-4
 2.5210644004287465 1.3472919860156526E-3
 2.5510496331529997 4.2469945025049715E-4
 2.5813672963952596 4.0792267991274515E-4
 2.612017390155527 3.349404145342764E-4
 2.6429555903647337 2.6463897014637456E-4
 2.674248383126481 2.598886409116315E-4
 2.7058736064062363 2.721425693002354E-4
 2.7378312602039986 2.8452530562565015E-4
 2.7700991824852345 2.7554001436588462E-4
 2.802743859353545 2.094518195362473E-4
 2.8356988047053293 2.086967163349079E-4
 2.8690305046441877 2.5122974515765525E-4
 2.9026946351010547 2.9418697307105623E-4
 2.9367133581104614 3.6126157449425054E-4
 2.9710866736724095 5.135708061049459E-4
 3.005814581786899 8.136858770570689E-4
 3.0409192444884634 1.2031641995215876E-3
 3.0763784997425682 1.5942884502939081E-3
 3.112214509583749 1.936560100556524E-3
 3.1484272740120036 2.244695011500942E-3
 3.1849946309928 2.515001544905481E-3
 3.2219609045952046 2.7309741537613115E-3
 3.25928177075015 2.916031573636861E-3
 3.2970237155612385 3.07978987428043E-3
 3.335120252924868 3.2132781567355962E-3
 3.3736378689446393 3.352242714750733E-3
 3.4125322395514863 3.5318651158990676E-3
 3.451825526779942 3.7289507439764702E-3
 3.491539892664539 3.8816914839872977E-3
 3.531631013136212 3.9487680592830325E-3
 3.5721432122640273 3.957472630279958E-3
 3.6130764900479852 3.976925826948659E-3
 3.6544086844535517 4.115844576223715E-3
 3.6961841195497946 4.382430297818718E-3
 3.7383584712676456 4.748386266751698E-3
 3.7809760636761735 5.1854186133280045E-3
 3.8240147347408437 5.663478955864995E-3
 3.867474484461656 6.207894520529608E-3
 3.9113996369076793 6.778131814020578E-3
 3.9557458680098447 7.248916139603181E-3
 4.000535339802687 7.595729682994839E-3
 4.045768052286204 7.89928976155357E-3
 4.091466167494932 8.117499094907032E-3
 4.137607523394337 8.122551712037959E-3
 4.184214282018951 7.857794574377424E-3
 4.231286443368776 7.519411163351957E-3
 4.27882400744381 7.5201305674386775E-3
 4.326826974244056 7.5208570146423304E-3
 4.375295343769511 8.145504497820194E-3
 4.424229116020176 8.674763452521298E-3
 4.473672615065119 8.685225395962701E-3
 4.5235815168352715 8.69578581578791E-3
 4.573977983365169 8.751205767563474E-3
 4.62486201465481 8.807161884219894E-3
 4.6762336107041955 8.994431903484253E-3
 4.728114933547858 9.021059733716918E-3
 4.780505983185798 9.086702789253033E-3
 4.833384597583483 9.129017319747707E-3
 4.8867729387754454 8.884667210245374E-3
 4.940693168796218 8.277402219713022E-3
 4.9951009635767364 7.301323490067004E-3
 5.0500628092205994 6.355382938820863E-3
 5.105512219624207 5.699956699739547E-3
 5.161515680891159 5.413114949166612E-3
 5.2180288689523894 5.305948567390885E-3
 5.275073945842432 5.434397223757679E-3
 5.332673073595818 5.564093438946992E-3
 5.390804090178017 6.121807193957179E-3
 5.449489157623561 6.577375320971288E-3
 5.508706113897917 6.921096877859895E-3
 5.568499283070152 6.9945547306537944E-3
 5.628824341071199 7.0827586991253745E-3
 5.689725611970124 7.171805174275962E-3
 5.751180933732396 7.486092443161065E-3
 5.8131903063580114 7.623401555243994E-3
 5.875775891881507 7.2791689433057E-3
 5.938959852337417 6.611061504226248E-3
 6.002697863656671 5.775399597936972E-3
 6.067012087873803 5.295661670645782E-3
 6.131902524988817 4.791434895754996E-3
 6.197391337036242 3.3452970835062007E-3
 6.26347852401608 1.7668299871691766E-3
 6.330141923893798 9.149745464277212E-4
 6.397425860738463 5.3192463439267E-4
 6.465286010481007 9.687883121120917E-5
 6.533766697190498 -5.281052117180807E-4
 6.602845758832402 -3.8145320215463875E-4
 6.672523195406718 -2.3353086719555586E-4
 6.742843330982517 5.7282174232726734E-5
 6.813761841490726 5.144241232045105E-4
 6.885300888965884 7.300427591943461E-4
 6.957460473407988 8.942911347329321E-4
 7.030240594817038 1.2656528246623431E-3
 7.103663415227571 1.1220375415521154E-3
 7.177706772605049 5.054477619592973E-4
 7.252392828984007 1.5559174026389196E-4
 7.327721584364448 -6.78747025880302E-5
 7.403670876711834 -7.798855541007671E-5
 7.480285030095236 -8.819094502367919E-5
 7.557541882480118 -3.0286973215569906E-4
 7.63544143386648 -7.546509909087899E-4
 7.714005846288857 -8.750104139708786E-4
 7.793212957712714 -1.4099342173381445E-3
 7.873062768138053 -2.2171671036661897E-3
 7.953599601633939 -3.3970458971230004E-3
 8.03480129616584 -4.647910774934198E-3
 8.11664568969922 -4.961278558539618E-3
 8.199177106303152 -5.1136035852687314E-3
 8.282373383943096 -5.099360885406969E-3
 8.366234522619054 -5.0850043653545154E-3
 8.450782684365562 -5.055580008785175E-3
 8.535995707148084 -5.718925738992754E-3
 8.621895753001153 -6.494848827356403E-3
 8.708460659890237 -7.1756734678828345E-3
 8.795734751884405 -8.07364767497548E-3
 8.883673704914585 -9.242210840631704E-3
 8.97232184304985 -0.010472862849822606
 9.061657004255661 -0.011495011019696797
 9.151657026497485 -0.011483910238379655
 9.242366233844393 -0.011472721984764523
 9.333784626296383 -0.010814372593560941
 9.425890041818922 -0.010187440052905849
 9.518682480412009 -9.594677852921209E-3
 9.612184104110177 -8.699842806643897E-3
 9.706394912913428 -6.509758806704838E-3
 9.801292744787228 -3.769757103431394E-3
 9.89689976176611 -2.010311923801677E-3
 9.993215963850071 -4.2631351520702276E-4
 10.090219189004584 4.198608969067804E-4
 10.18795376129871 8.378017579228332E-4
 10.286375356663386 -2.483985551868436E-6
 10.385528299167678 -1.2682661574196683E-3
 10.485368264742519 -3.196345806343567E-3
 10.58591741542244 -5.110766919385643E-3
 10.68719791324198 -6.819163120459317E-3
 10.789165434132066 -8.27960782571694E-3
 10.891864302161768 -9.12482459929148E-3
 10.995272355296551 -8.574565732845225E-3
 11.099389593536419 -8.020533123637229E-3
 11.204216016881366 -6.543303880832718E-3
 11.309751625331398 -5.1235875732718325E-3
 11.415996418886511 -3.7381729909791933E-3
 11.52297255958124 -2.5092398647562222E-3
 11.630635723346517 -1.6275498578334785E-3
 11.739030234251409 -1.048748440377053E-3
 11.84811176822685 -6.863013712771355E-4
 11.957924649341908 -4.7940795539109127E-4
 12.068424553527512 -3.6104523889147604E-4
 12.179655804852734 -2.8431012041399964E-4
 12.291574079248504 -2.282548590055011E-4
 12.40422370078389 -1.3864920187565038E-5
 12.517560345389823 -6.816235320487151E-5
 12.631606175100838 -8.42873814205841E-5
 12.746339027882403 -8.336046425764803E-5
 12.861803227803584 -8.242763860207591E-5
 12.97793228876078 -6.770562405948596E-5
 13.094792696857589 -5.568442165681545E-5
 13.212317965990414 -4.584553604494826E-5
 13.330552420228322 -3.777732624398732E-5
 13.449496059571311 -3.1150623558572315E-5
 13.569104559950315 -2.570071430106717E-5
 13.689400083399867 -2.121371469150661E-5
 13.810382629919967 -1.7516142024104414E-5
 13.932052199510615 -1.4466824686507379E-5
 14.054408792171811 -1.195056838765723E-5
 14.177430245869022 -9.873156922118315E-6
 14.301138722636782 -8.157378354982749E-6
 14.425489898406022 -6.7398482043672084E-6
 14.550528097245813 -5.568458304262062E-6
 14.676231157121615 -4.6003168595618514E-6
 14.802599078033433 -3.800081827269651E-6
 14.929609697946729 -3.1386053584956363E-6
 15.057285178896043 -2.5918312023600036E-6
 15.185603358846837 -2.1398923524372183E-6
 15.31456423779911 -1.766373306721536E-6
 15.444167815752866 -1.4577048294766585E-6
 15.574414092708102 -1.2026668001938748E-6
 15.705303068664817 -9.919793695523108E-7
 15.836812581588479 -8.179659527529644E-7
 15.968920469444555 -6.742756459338228E-7
 16.101671056302112 -5.556538514216498E-7
 16.235042180126615 -4.5775320805408905E-7
 16.36901167888353 -3.769768110770926E-7
 16.50357955257286 -3.10349186262741E-7
 16.638745801194602 -2.5540901386788176E-7
 16.77453258678329 -2.1012068093670372E-7
 16.910873423235326 -1.728009004165584E-7
 17.047812634619774 -1.4205804664760798E-7
 17.1853280589021 -1.1674185678688239E-7
 17.32339753404777 -9.590183051342493E-8
 17.462043222091324 -7.875272243267006E-8
 17.60124296099822 -6.464600989370965E-8
 17.741018912802996 -5.304624789978777E-8
 17.881304591402052 -4.351148763060714E-8
 18.022144320864452 -3.5677081583685895E-8
 18.163515939155661 -2.9242244688694626E-8
 18.305419446275681 -2.395897330978793E-8
 18.447832680189982 -1.9622850392807563E-8
 18.590755640898564 -1.6065445849098253E-8
 18.734188328401415 -1.314803492339894E-8
 18.878108580664015 -3.547355587574388E-9
 19.022516397686363 -5.366169920397437E-9
 19.16741177946845 -5.620931957728252E-9
 19.312794726010277 -5.211360714997776E-9
 19.45862091324279 -4.800540779454097E-9
 19.60493466523504 -3.920134534539976E-9
 19.751669495883433 -3.200045720760383E-9
 19.89886972925704 -2.611302027324346E-9
 20.046491041286785 -2.130124911079868E-9
 20.194533431972672 -1.7370063869464443E-9
 20.342996901314705 -1.415948611105901E-9
 20.491859287278344 -1.153837373030553E-9
 20.64114275189813 -9.39926736812044E-10
 20.790802971104987 -7.654148033986414E-10
 20.940862106933455 -6.230949517321781E-10
 21.091275835314462 -5.070689858246162E-10
 21.242066318282546 -4.125113914776766E-10
 21.393211393803166 -3.3547598781205706E-10
 21.5446888998418 -2.727367594825637E-10
 21.69652099843297 -2.216575107428065E-10
 21.848663365507615 -1.8008482941349696E-10
 22.00113816310027 -1.4626033438541404E-10
 22.153923229176395 -1.1874873479317894E-10
 22.306974239666924 -9.637889522968699E-11
 22.46033551864093 -7.819556483797305E-11
 22.61391841796027 -6.34198543413365E-11
 22.767944557970292 -5.1416905087039884E-11
 22.922192318325652 -4.1669417636164313E-11
 23.07644007868101 -3.375603972143938E-11
 23.231131079727045 -2.7333675880138556E-11
 23.386043701118413 -2.21230384587999E-11
 23.541177942855124 -1.7896854862775797E-11
 23.696533804937175 -1.4470231168425626E-11
 23.851889667019221 -1.169279097916519E-11
 24.007688769791947 -9.442258891377294E-12
 24.16348787256467 -7.619231594324392E-12
 24.31973021602807 -6.142906112028804E-12
 24.47575093914614 -4.947604628934841E-12
 24.632214902954874 -3.9799345963096134E-12
 24.788678866763614 -3.1964768185125806E-12
 24.945364450917693 -2.5618972804560997E-12
 25.10205003507177 -2.0474048786417122E-12
 25.258735619225845 -1.6294894669257045E-12
 25.415642823725267 -1.288885056173367E-12
 25.572771648570014 -1.0097134349672265E-12
 25.72990047341477 -7.787682373467517E-13
 25.886807677914184 -5.8490651832288E-13
 26.044158123104281 -4.185093528599894E-13
 26.201286947949036 -2.7103275711348803E-13
