 4.725067488989427E-4 0.23845796135601815
 1.423075280572764E-3 0.27737080735350455
 2.3848277564678496E-3 0.30813191296460357
 3.357900013963405E-3 0.3354062054684917
 4.342399293095646E-3 0.3593916261828276
 5.338492411698683E-3 0.38012609622777315
 6.3462985253683124E-3 0.3977774769054845
 7.365948705259907E-3 0.4125903116327907
 8.39758593808842E-3 0.42482788631115026
 9.441353210568805E-3 0.434749185840283
 0.010497405424975596 0.4426047764850849
 0.011565849821345005 0.4486363685633828
 0.012646817470832409 0.45307439013998535
 0.013740546684629396 0.4561344734646066
 0.014847144702772177 0.45801569610179776
 0.015966730680856553 0.4589006273163478
 0.017099423774478313 0.4589560611592345
 0.018245581450424843 0.45833418184806706
 0.01940508455310035 0.4571733739136724
 0.020578171393696421 0.4555987545884214
 0.021765080283404642 0.45372153201930015
 0.022965930377820811 0.4516375496351414
 0.02418095998813652 0.4494269174746669
 0.02541016911435176 0.44715455273419713
 0.026653796067658126 0.4448729975448194
 0.02791207915924721 0.44262501124911246
 0.029185137544714797 0.4404457116254701
 0.030473090379656685 0.4383636785965086
 0.03177617597526447 0.43640141687222716
 0.03309463264272973 0.43457649471086745
 0.034428460382052473 0.43290227204483205
 0.03577801666002008 0.4313881000775827
 0.03714330147663255 0.43003892180822617
 0.038524791454273066 0.4288548100637674
 0.03992236743734582 0.42783049899596464
 0.041336267737042416 0.4269567446375926
 0.04276684982015023 0.4262229530876975
 0.044214232842265055 0.4256194669381948
 0.045678535958982684 0.42513755437340616
 0.04716011663709051 0.42476844466829383
 0.04865897487658853 0.4245028266386398
 0.05017534898866832 0.42433106756557015
 0.051709596440117286 0.42424422123369553
 0.0532618363865312 0.42423611916776443
 0.054832187983505864 0.4243029883562125
 0.05642100869782867 0.4244411619745479
 0.0580284176850954 0.4246457719033361
 0.05965465325649765 0.4249105058326939
 0.061299953723227 0.4252285765908446
 0.06296455739647507 0.42552958227522663
 0.06464858343183762 0.42600123879481754
 0.06635238929610203 0.4264476891198833
 0.06807609414486411 0.4269314822067788
 0.06982005544491125 0.4274513340507809
 0.07158439235183923 0.42800575853720024
 0.07336934317683966 0.4285927013888508
 0.0751751462311041 0.429209081216597
 0.07700215898141995 0.42984986706567324
 0.07885061973897879 0.43050741939587
 0.08072064765937642 0.4311724812940544
 0.08261248105380443 0.4318350334650337
 0.08452647738905023 0.43248564283294005
 0.08646287497630535 0.43311804863437186
 0.08842191212676141 0.4337306180675384
 0.09040382715161001 0.4343251577268398
 0.09240897751763852 0.43490462938895624
 0.09443748238044274 0.43547143278814515
 0.09648969920681004 0.4360268385634645
 0.09856598546352781 0.43657296843709436
 0.10066646030619186 0.43711341443120232
 0.10279148120158955 0.4376507130140831
 0.10494128646091248 0.4381858550519481
 0.10711623355094806 0.43871875904112617
 0.10931656078288782 0.43924929207924084
 0.11154262562351919 0.4397767264798789
 0.11379454722843795 0.4402990023065652
 0.11607280222002725 0.4408134694199119
 0.11837774806507452 0.44131741988529493
 0.12070938476357973 0.4418076354556814
 0.12306866556030926 0.44227983350375466
 0.12545535214407152 0.4427289492807996
 0.12786944451486645 0.44315053041341745
 0.1303121342286521 0.44354323615739504
 0.13278222972947043 0.4439123277021405
 0.13528211412923735 0.4442683273931483
 0.13781059587199498 0.44462263587041223
 0.14036886651370117 0.4449839149586368
 0.14295692605435597 0.44535701695013446
 0.14557596604991734 0.4457416598734965
 0.14822479494442733 0.44613331870238553
 0.15090341273788587 0.44652900039004056
 0.15361420254220894 0.4469325319559413
 0.15635716435739652 0.44735425003186735
 0.15913110662749063 0.4478032274160891
 0.16193722090844925 0.44828006819350396
 0.16477669875623027 0.4487787206214622
 0.1676483486148758 0.44929293978020234
 0.17055455359630172 0.44981858294889326
 0.17349412214455006 0.4503535858306872
 0.17646705425962086 0.45089611680501
 0.17947454149747205 0.45146159685134334
 0.18251777541406155 0.4520396889232453
 0.18559556445343142 0.4526304559820655
 0.18871029172749756 0.4532221528395106
 0.19186076568030205 0.453801929821105
 0.19504698631184486 0.4543637636718869
 0.19827014517808394 0.4549070044704033
 0.2015314338349772 0.45543107302894525
 0.2048308522825247 0.45592931293868504
 0.2081672089647685 0.4563896282897134
 0.2115440785495824 0.45680519160311916
 0.21495788636909252 0.4571806199668055
 0.2184133986471307 0.4575291979345891
 0.22190704071582312 0.45786351435994365
 0.22544238724304357 0.4581840291620501
 0.22901824667283415 0.45848178205519246
 0.23263581056115276 0.4587439724606105
 0.2362950789079994 0.45895679215834422
 0.2399960517133741 0.4591149651482732
 0.24374111208919274 0.45922445427740843
 0.24752787692353941 0.45929313295699225
 0.251359920884288 0.4593256345362147
 0.2552348608595225 0.45933010653197253
 0.2591562715171169 0.45932707127290672
 0.2631217697451552 0.4593388297411845
 0.26713254709959544 0.4593761127354952
 0.27119098669235336 0.4594437652075994
 0.2752958969674712 0.4595436872393043
 0.2794472779249488 0.4596789372428928
 0.28364751267670212 0.4598587072165211
 0.2878954096667732 0.4600886989445906
 0.2921933520070779 0.4603573266378467
 0.2965401481416584 0.46063636077505754
 0.30093698962647252 0.4608965697440505
 0.30538387646152026 0.4611170613321717
 0.30988319175871764 0.46128358484892356
 0.3144325524061486 0.4613952699687829
 0.319035533071687 0.46147022246075775
 0.323692133755333 0.46152909815553305
 0.32840116290112852 0.461573690754541
 0.3331638120650315 0.46158383857066637
 0.33798246435895784 0.4615401262542618
 0.34285592822694965 0.46144687498688863
 0.3477853952249649 0.46132853374442006
 0.3527708653530034 0.46121404015228134
 0.3578147217229812 0.4611279746643984
 0.3629157727789403 0.4610933000436901
 0.36807521007683874 0.4611252115151548
 0.37329303361667642 0.4612228379693455
 0.37857162651036924 0.46137286896369256
 0.38391098875791723 0.4615998375138226
 0.3893099288033624 0.46187908966847174
 0.39477202131457866 0.46221029729905727
 0.400296074735608 0.46256799668831993
 0.40588328062240836 0.4629256102588689
 0.41153483053093775 0.46324815791108936
 0.4172507244611961 0.4634882273752351
 0.4230309624131835 0.4636064847946908
 0.42887792749881564 0.4635956006691806
 0.4347928112740507 0.46348586710461536
 0.44077323062697265 0.46330908795247915
 0.44682276022545536 0.46309611906324754
 0.4529414000694989 0.46288276299532876
 0.45912915015910316 0.46268551731832313
 0.46538720205022604 0.4624807699044745
 0.4717167472988257 0.46223351353857616
 0.4781189774608599 0.46191424307703415
 0.48459270098037077 0.4615068039397111
 0.4911403009692742 0.4610178828339916
 0.49776296898352806 0.4604628270071792
 0.5044607050231324 0.45985776478119105
 0.5112335090880873 0.45921807060099706
 0.5180849558462666 0.4585560786417254
 0.525012662185754 0.45790548586823504
 0.532019011218466 0.45728679910108244
 0.5391040029444022 0.45668052549036602
 0.5462700204754787 0.45605369628264746
 0.5535170638116954 0.4553828123049698
 0.5608463245090102 0.4546631674926801
 0.568258994123381 0.4538879572750852
 0.5757538810988502 0.4530715426034412
 0.5833345601032911 0.45229240605327125
 0.5909998395807462 0.4516027226396098
 0.5987521026431312 0.45095320772325425
 0.6065913492904462 0.4502456273669645
 0.6145187710786489 0.44937322437470234
 0.6225355595636975 0.4482614829574405
 0.63064290630155 0.4469046012219375
 0.638840811292206 0.44540402853780175
 0.6471316576475818 0.44387487902127864
 0.6555154453676773 0.4423700775636921
 0.6639921744524924 0.44090225290818174
 0.6725654195699009 0.4394210356869519
 0.6812339891639451 0.4379206206159358
 0.6900002663465405 0.4364896105027262
 0.6988642511176875 0.4350913752064355
 0.7078271350333437 0.43350348000022753
 0.7168901096494674 0.4315800990089453
 0.7260543665220163 0.42939773820325405
 0.7353210972069484 0.42714074365185505
 0.7446914932602215 0.424661811596282
 0.7541667462377939 0.4219869947396186
 0.7637468561396653 0.4189617794372109
 0.7734330145217937 0.415608604537373
 0.7832276044960951 0.4121133162564045
 0.7931318176185274 0.40863580580109543
 0.8031444623331325 0.4051548400059467
 0.8132691133077844 0.40152645492234845
 0.8235069620984411 0.39760481869826336
 0.8338568171491444 0.3932211448228618
 0.8443222531277683 0.3882459648215028
 0.8549032700343129 0.3827559589835447
 0.865601059424736 0.37687873709634195
 0.8764168128549955 0.3706456052712849
 0.8873517218810494 0.3640108207676187
 0.8984081696148137 0.3570459960169366
 0.9095861560562883 0.34988787104625784
 0.9208868727614312 0.34244850959283595
 0.9323127028421582 0.33470821652024063
 0.9438636462984692 0.3267798762313339
 0.9555408946863225 0.3185509699181096
 0.9673468311176338 0.3098689703734926
 0.9792826471483608 0.300680199956237
 0.9913483427785038 0.29107293716187493
 1.0035463011199785 0.28128191407535835
 1.0158777137287431 0.2711070480192058
 1.0283437721607553 0.2603628026425047
 1.0409468595279314 0.24901272389660478
 1.0536857842743128 0.23697431918713754
 1.0665641210677736 0.2243903479778709
 1.079583061464272 0.2116562096368671
 1.092742605463808 0.19929858622411955
 1.106046327734255 0.1873406224883223
 1.1194930367196553 0.1754836391382004
 1.1330863070878827 0.16369802669016472
 1.1468273303948954 0.151899743390451
 1.1607161066406932 0.14012950283227423
 1.1747550189371915 0.1285896918123632
 1.1889452588403492 0.11749072936393255
 1.2032927841299554 0.1070866478675951
 1.2177821045785568 0.09725382124833894
 1.2324382428612705 0.0878897527866511
 1.2472492834185171 0.07922977541456759
 1.2622271418098758 0.0715262693137517
 1.277347986916188 0.06481734957522228
 1.2926475654161913 0.05896091365863516
 1.3081020461907277 0.05383467873306129
 1.3237233447993761 0.049239782374260264
 1.339511461242137 0.04483971864751955
 1.3554663955190098 0.040849799899649874
 1.371588147629995 0.0367270594027909
 1.3878886331346715 0.03355762248383278
 1.40436785203304 0.03093052090381181
 1.4210019732059411 0.028447893727678585
 1.4378267433321132 0.025839787416997026
 1.454830246851977 0.023083470186384492
 1.4720124837655323 0.02025217705548916
 1.4893615385132001 0.017475527765275413
 1.5069131577737182 0.015085183776235979
 1.5246315948683486 0.013425934401429028
 1.5425525964758293 0.012591322217055553
 1.560652331477002 0.012761003327218934
 1.5789427154314452 0.012931187913049081
 1.59742374833916 0.01395337058248755
 1.6160954302001457 0.015388183289914176
 1.634969676573982 0.0169378004625322
 1.6540345719010891 0.01832501846301841
 1.673302031741047 0.019422284736050551
 1.6927720560938552 0.02018638884726541
 1.7124327293999348 0.02068957073749715
 1.7323078827784441 0.02113987281392703
 1.7523736851102245 0.021604910471057697
 1.7726658830740145 0.02191348440532866
 1.7931487299910753 0.021928516436229172
 1.8138579725401455 0.021637849578717793
 1.8347697796020663 0.020972394828198914
 1.855896066736417 0.020053716645576574
 1.8772487495027772 0.020211582026519323
 1.8988039967819878 0.020367395757779602
 1.920585639693208 0.02194551287973185
 1.9425936782364374 0.02410456064774597
 1.964816196852097 0.02671458437818213
 1.9872770266593451 0.029606802864058843
 2.0099523365390234 0.03266389208711178
 2.0328659576102903 0.03551425816350016
 2.056005974313567 0.037268941080380743
 2.0793723866488527 0.037381406764541373
 2.1029890257353067 0.03653715535662017
 2.1268320604537707 0.03580625339181733
 2.1509134063638226 0.035166022378454175
 2.175233063465464 0.03494695233390096
 2.1998029473182736 0.035170207157049944
 2.2246111423626717 0.03539660605961281
 2.2496695641582382 0.036089266630005174
 2.2749782127049735 0.03676848624440989
 2.3005370880028763 0.037726638113107995
 2.326346190051948 0.03897678543461805
 2.3524055188521875 0.04088561945669317
 2.378715074403596 0.04392139962573493
 2.405298687825331 0.047437515717036506
 2.4321325279982346 0.050967129559987084
 2.4592285104818856 0.05300310900989245
 2.486586635276285 0.05366671881995236
 2.5142069023814315 0.05321227979327354
 2.5421012273569054 0.051999654108235135
 2.5702696102027062 0.050132586001626143
 2.598700135359255 0.04818335612143831
 2.627404718386131 0.046760754009006033
 2.656395274842913 0.045339118959446075
 2.6856479736104437 0.04439681483894946
 2.7151985613674596 0.04386050288675383
 2.745011291435224 0.04390465407039628
 2.775121910492474 0.044017053948807824
 2.805506587420051 0.0442736550804734
 2.836177237777535 0.044851131891408595
 2.867145777124505 0.04491518696332855
 2.898400289901381 0.043489992945418325
 2.929952691667744 0.04166474861407308
 2.9617910668640132 0.03936017351241946
 2.9939392466093477 0.03436475536154847
 3.0263733997845894 0.027219049918010301
 3.0591173575088954 0.022283836702438504
 3.0921592042226886 0.020273444048548642
 3.125498939925967 0.018473485890672464
 3.1591484801783114 0.01624287881816725
 3.1931197405393012 0.013867208633065385
 3.2273888898897764 0.0107559619637974
 3.261967843789317 0.010588631041603472
 3.2968566022379235 0.010424252285391181
 3.332067080795175 0.010349255066468947
 3.367599279461071 9.780122506547884E-3
 3.4034412826760327 0.010253403916503421
 3.4396169215592187 0.010756580969137834
 3.4761023649914704 9.407238841306264E-3
 3.5129214440919467 3.467921352464827E-3
 3.5500622433010673 -6.194197279070083E-3
 3.5875247626188326 -0.01397378985164353
 3.625332833164403 -0.016604609848769626
 3.663462623818617 -0.017440171612193001
 3.701926050141056 -0.02027205159587392
 3.7407231121317194 -0.023075136497267056
 3.779853809790607 -0.022512406679517062
 3.819330058677299 -0.02193949835571496
 3.8591399432322144 -0.02220435020753902
 3.899295379014934 -0.02729157326384231
 3.939796366025458 -0.036543984647646444
 3.9806309887042052 -0.04343255477558166
 4.021823078170337 -0.04305586496961924
 4.0633607188642715 -0.04288997289423515
 4.105243910786011 -0.026918243243956287
 4.147484569495133 -0.04441078447646973
 4.190070779432058 -0.04720703100844372
 4.233002540596789 -0.04874499966439297
 4.2763036841084804 -0.04909966630939286
 4.319962294407556 -0.05044518654181032
 4.3639664559344355 -0.050453543664927755
 4.408339999808278 -0.05037203342802275
 4.453071010469504 -0.04909872732451551
 4.4981594879181114 -0.05005064118469496
 4.543617347713684 -0.04921144653342738
 4.589432674296638 -0.04841825910972898
 4.635617383226556 -0.047189643332861165
 4.682159558943856 -0.0434147491549884
 4.729083032567699 -0.035593851135935494
 4.776363972978925 -0.03046324644099889
 4.824026211296694 -0.027384512285284903
 4.872057831961425 -0.022655354218259333
 4.920446919413538 -0.01822369013669768
 4.969217304772195 -0.010233567387509709
 5.018368988037393 -2.3805611992605487E-4
 5.067890053649554 9.114051833071492E-3
 5.117780501608678 0.01929200978099631
 5.168052247474344 0.02814713744281521
 5.218705291246552 0.03380112093422497
 5.269727717365723 0.03876356789853915
 5.321131441391437 0.042645031197807783
 5.372916463323691 0.0433102650596641
 5.425070867602909 0.04596102320220087
 5.477618485348248 0.048995604762581114
 5.53053548544055 0.05673533744583545
 5.583845698998974 0.06294658722228277
 5.6375252949043614 0.06277207921279211
 5.691586188716289 0.05803480422310325
 5.74604029599434 0.05208218893609301
 5.800863785619352 0.04027476681519143
 5.856080488710487 0.016815619981800672
 5.911678489708163 -0.010754827860578261
 5.967657788612382 -0.03865737579257008
 6.024018385423143 -0.06668442850389228
 6.080760280140447 -0.09496746259958987
 6.137883472764291 -0.12304802829986017
 6.195399878854259 -0.1460805953424213
 6.2532856672911885 -0.17434867459131794
 6.311564669194239 -0.21305000318065617
 6.370213053444252 -0.2509540404099112
 6.429254651160389 -0.2757985514811539
 6.488665631223486 -0.2796349603278381
 6.548469824752705 -0.2775585685693341
 6.608643400628888 -0.28584615696938625
 6.669210189971192 -0.08997459971887649
 6.730146361660458 -0.15492170861604923
 6.791463831256267 -0.1948197674623622
 6.853150683199038 -0.2521193637324737
 6.915230748607932 -0.24923839483117965
 6.977668280804209 -0.2365270757687411
 7.040499026466606 -0.22310708154016531
 7.103687238916387 -0.22306624752470008
 7.1672567492727115 -0.23337045186625357
 7.231207557535577 -0.2462814418473879
 7.295515832585825 -0.25847322712635872
 7.360193489983037 -0.26938265574563396
 7.425240529727211 -0.2791205075001954
 7.490656951818347 -0.28785715278485396
 7.556442756256447 -0.29573256702228684
 7.62258602748193 -0.30285741668964233
 7.689098681054375 -0.3093213847463817
 7.755956885854625 -0.3151990467459782
 7.823184473001837 -0.32055361816876926
 7.890769526936433 -0.32543949710929914
 7.958712047658411 -0.32990387516665325
 8.027000119608193 -0.3339882036313125
 8.095645658345358 -0.3377288831640421
 8.164636748310329 -0.34115811766201614
 8.2339733895031 -0.34430450184257482
 8.303655581923678 -0.3471934256528458
 8.37368332557206 -0.3498475607105223
 8.444056620448244 -0.3522871191298464
 8.514763550992653 -0.3545302065617358
 8.585792201645708 -0.35659296193480233
 8.657166403526565 -0.3584899392783465
 8.728874241075648 -0.3602340840729082
 8.800903798733374 -0.36183705244547004
 8.873255076499746 -0.36330931340638783
 8.945928074374764 -0.36466023236901023
 9.018934707918005 -0.3658982096653967
 9.092239230450732 -0.36703078982240155
 9.165865473092106 -0.36806473267844352
 9.239801520282544 -0.3690060790243109
 9.314035456462467 -0.3698602514362926
 9.388579197191456 -0.3706320688801847
 9.463420826909932 -0.37132587767812103
 9.538572261177473 -0.37194548574196284
 9.613997753315342 -0.3724943415135777
 9.689721134442696 -0.37297545346903276
 9.765730488999957 -0.37339147490135854
 9.842025816987123 -0.37374474253952216
 9.91859520284462 -0.37403727691567023
 9.99543864657244 -0.37427083552203654
 10.07255614817059 -0.3744468831339689
 10.149935792079486 -0.31256118781912145
 10.227577578299131 -0.37463117947579893
 10.305481506829523 -0.37464119994001215
 10.383647577670661 -0.37459726103650775
 10.462051959703391 -0.37449974012554865
 10.540718484046867 -0.37434878188839676
 10.619611404022352 -0.3741442997520482
 10.698754550749008 -0.3738860231568771
 10.778124093107671 -0.3735734658193092
 10.857720031098344 -0.3732059309735659
 10.937542364721025 -0.37278248050769613
 11.017579178416138 -0.37230194446014797
 11.09784238774326 -0.37176291012690754
 11.178308161583232 -0.37116369781351143
