 0.0E+0 0.0E+0
 5.424204548902323E-4 0.11546807051041207
 1.633638340256627E-3 0.3477655829997382
 2.7376949842780073E-3 0.582063787558726
 3.854746323294311E-3 0.8164965168326027
 4.984915464942334E-3 1.0482486781058211
 6.12839390999042E-3 1.2739514927371007
 7.285318444701676E-3 1.490176259073207
 8.455839533965516E-3 1.693876004300522
 9.640121321297664E-3 1.8826737048509492
 0.010838327950213849 2.0549793489701366
 0.012050637242856101 2.2099742071771113
 0.013277172306861219 2.3475139557080675
 0.014518083607118617 2.467994470129471
 0.015773644716154503 2.5722077225822457
 0.01704397874160567 2.661209609097948
 0.018329222469735225 2.736207810858347
 0.01962951268680627 2.798475463394616
 0.02094525975160812 2.849286420314675
 0.022276326877877672 2.889871880034634
 0.023622987638141131 2.9213924810485605
 0.024985515604924707 2.944922484667736
 0.026364047564491507 2.9614416445029974
 0.027758857089367736 2.971832519023951
 0.029169944179553403 2.9768841746661074
 0.030597582407574704 2.977300027558836
 0.03204204534595786 2.9737059097346425
 0.03350346978096596 2.9666561721808375
 0.03498199249886212 2.9566381809784032
 0.03647788707217256 2.944080699878652
 0.03799142707342346 2.929362948162983
 0.039522612502614844 2.9128239287966355
 0.04107185371853602 2.894765780257799
 0.04263915072118698 2.8754565235045896
 0.04422505065562015 2.855131036339439
 0.04582941673557242 2.833995085247829
 0.047452522533570004 2.8122315204569514
 0.04909477840840221 2.790005417685161
 0.05075632114633215 2.767466497705332
 0.05243728753362292 2.7447479536404855
 0.054138087929063834 2.721960737325143
 0.05585872233265491 2.6991828038913223
 0.05759946431692233 2.6764590309411135
 0.05936072424065543 2.6538172410593254
 0.0611426388901173 2.631290562295238
 0.06294534505157104 2.608928848027251
 0.06476925308380597 2.5867927783919717
 0.06661449977308521 2.564940246647953
 0.06848135869193495 2.5434134022714136
 0.0703701034128814 2.522231708440028
 0.07228100750845079 2.50139477300614
 0.0742142077649062 2.480892339599121
 0.07617011454103693 2.4607147159786895
 0.07814886462310612 2.440855780346235
 0.08015086836990308 2.421310917321102
 0.0821762625676909 2.4020733874863204
 0.08422532078899579 2.3831344452674736
 0.08629831660634396 2.3644909814966132
 0.08839566037852471 2.346141768568516
 0.09051762567806429 2.328084423983326
 0.09266434929122576 2.310321743300623
 0.09483610479053535 2.292856597792249
 0.09703330253478237 2.2756813510993194
 0.09925621609649304 2.2587828453939673
 0.10150511904819355 2.242151695866578
 0.10378028496241012 2.225784231299794
 0.10608212419793206 2.2096832426052044
 0.10841077354102248 2.1938522522288916
 0.11076664335047069 2.178291672710373
 0.11315014398506598 2.163003016200365
 0.1155614122310715 2.1479879744847827
 0.11800085844727652 2.133244543288896
 0.12046875620620728 2.118767081474041
 0.1229655158666531 2.104553312194695
 0.12549141100114014 2.090608580337269
 0.12804685196845777 2.0769387664838596
 0.13063197555486905 2.063540620942165
 0.13324732890542642 2.050402832036395
 0.13589332237891918 2.0375041575538812
 0.13856995597534735 2.0248178164627934
 0.14127832398481576 2.0123295596663077
 0.1440181528347982 2.0000342948432203
 0.14678944252529466 1.9879154200454738
 0.14959356091893621 1.9759602893354764
 0.15242914015309177 1.964183570268121
 0.15529891595302344 1.952606823813867
 0.15820152045610022 1.9412450216969241
 0.16113832152495308 1.9301067569346743
 0.16410931915958204 1.9191749548076724
 0.1671158812226182 1.908409082307119
 0.17015663985143045 1.897767721428438
 0.17323159504601881 1.8872310745039742
 0.17634348253164541 1.8767995472540173
 0.1794923023083102 1.8664803639108016
 0.18267668651338214 1.8562844039924892
 0.18589800300949232 1.8462150261487384
 0.1891576196592717 1.8362583583187248
 0.19245416860008932 1.8264018034828248
 0.1957903855572072 1.8166497840833677
 0.1991649026679944 1.8070131276297345
 0.20257771993245077 1.7974985023835285
 0.20603020521320747 1.7881344133515164
 0.20952372637289554 1.7789689500354208
 0.21305691554888386 1.770032171927483
 0.21663250846643455 1.7613316751637253
 0.22024913726291664 1.7528682303535731
 0.22390680193833004 1.7446524438636585
 0.22760687035530582 1.7366929464662146
 0.231350710376475 1.728975778841887
 0.23513832200183765 1.721472907149161
 0.23896833736876271 1.7141422015540523
 0.24284486006514324 1.706919200243269
 0.24676378650308616 1.6997256455154243
 0.2507305881331156 1.6924922885077737
 0.25474116136733854 1.6851935596006908
 0.258799609793648 1.6778577721421905
 0.26290456554941304 1.67053513295233
 0.2670573964972646 1.663269520563583
 0.27125810263720273 1.6561031229255558
 0.27550668396922745 1.6490738566476292
 0.27980587621860075 1.6421960688874555
 0.28415294366006066 1.6354745299757833
 0.28855198988150027 1.6289263030450065
 0.2930002791576575 1.6225475782781313
 0.29750191507642537 1.6162647061514394
 0.30205416191254202 1.6100015221795813
 0.3066583875286383 1.6037041389427442
 0.3113173276499764 1.5973302010144037
 0.31602961441392524 1.5908826682393433
 0.3207952478204848 1.5843902896235126
 0.3256169635949172 1.5778963584525274
 0.33049339387459136 1.5714185616047207
 0.3354272743847694 1.56492390140785
 0.3404172372628203 1.5583543436491997
 0.345464650371375 1.551743788940387
 0.3505695137104337 1.5451794319067684
 0.35573456300525835 1.5386255302985778
 0.3609570625305868 1.5319874290790223
 0.36624111587431223 1.525264258851956
 0.37158672303643475 1.5184645287666918
 0.3769925161543233 1.511592155368689
 0.3824598630906087 1.5046812150853985
 0.3879914995705533 1.497786607861441
 0.3935860577315259 1.4909919103957542
 0.39924490543615764 1.4843124985193776
 0.40496804268444847 1.4776124031047708
 0.41075820520166045 1.470798442862027
 0.4166140251251626 1.4638930177478834
 0.42253687031758596 1.4568870596254861
 0.4285267407789305 1.449780578631073
 0.4345863722344583 1.442683935995923
 0.44071576468416934 1.4356658756134852
 0.44691355026543266 1.4286582970424435
 0.4531838325661414 1.421631833753691
 0.45952524372366443 1.414716311656612
 0.4659391516006327 1.4080262219134245
 0.47242692405967756 1.4014491637241572
 0.47898856110079873 1.3948065115810832
 0.4856240627239964 1.3880215741084378
 0.49233616465453244 1.3811748506890142
 0.4991262347550381 1.3742750474984601
 0.5059915373002511 1.3671943535795614
 0.5129361758780648 1.3599991431444145
 0.5199601504884792 1.3526933446682678
 0.527063461131494 1.3450545140132024
 0.5342474756697405 1.3370661713760525
 0.5415135619658498 1.3288909307662908
 0.5488630878824526 1.3205239576292724
 0.5562946855569183 1.3119269381686093
 0.5638110907145086 1.3031640383346216
 0.5714136712178547 1.2943419220200833
 0.5791024270669568 1.285447183360603
 0.5868773582618145 1.276050074238711
 0.5947425683903214 1.2660225108156983
 0.6026953217272148 1.255819807401863
 0.6107383539977574 1.2457199053103631
 0.6188716652019489 1.2356434702519838
 0.6270979910650515 1.22536253089784
 0.6354173315870651 1.2146982282647305
 0.6438310546306207 1.2036939853786241
 0.6523405280583494 1.1924075899845882
 0.6609443840076203 1.1808129329783225
 0.6696467260663264 1.168824128368415
 0.6784461863718366 1.156203197540066
 0.6873455006494131 1.142899740917105
 0.696344668899056 1.1290766603323412
 0.705445058983396 1.1147800861838546
 0.7146480387650644 1.1000473091110061
 0.7239549761066922 1.0848587906211701
 0.7333658710082794 1.0693819544363734
 0.742883459195088 1.05380235824834
 0.7525077406671182 1.0380486611569303
 0.7622387154243699 1.0219667207658331
 0.7720804870547362 1.005405264424002
 0.7820316876955861 0.9884142305329798
 0.7920950530721815 0.9709540670507341
 0.8022705831845227 0.9525665231429993
 0.8125596458952405 0.9334884002129089
 0.8229636090669662 0.9141069961036016
 0.8334838405623306 0.8943550943903042
 0.8441217082439648 0.8742699774259459
 0.8548785799745 0.854009337796593
 0.8657558236165671 0.8336041893179486
 0.8767534391701661 0.8129136283787088
 0.887872794497928 0.7917066933514393
 0.899116625325115 0.7698752419530607
 0.9104862995143582 0.7474989349459238
 0.9219804492030265 0.7247408295627432
 0.9336031779790128 0.7018136807054578
 0.9453558537049485 0.6786460826970641
 0.9572371085182023 0.6549206199991506
 0.9692510460066674 0.631314755420134
 0.981397666170344 0.6085749095186423
 0.9936783368718629 0.5863124291201882
 1.0060944259738551 0.5640461506255791
 1.0186473013389518 0.5420477903849803
 1.0313396986924152 0.5205167879693593
 1.044171618034245 0.49936275828957105
 1.0571444272270726 0.4784380443021209
 1.0702608619961597 0.4576767577326758
 1.0835209223415065 0.4372153432822086
 1.0969259761257441 0.4171750623933602
 1.1104787590741347 0.39767419104750723
 1.1241806390493087 0.378659968213928
 1.1380316160512671 0.35956128493275596
 1.1520344258052712 0.3401825903142871
 1.1661904361739521 0.3210861360210367
 1.1805010150199413 0.3024424381040775
 1.1949688980685007 0.2844458286081866
 1.2095927174569991 0.2673185801025682
 1.2243765767733294 0.25086151965137593
 1.2393218438801234 0.23453839470764764
 1.2544285187773807 0.21818948983144145
 1.269700705052994 0.20236306726116773
 1.285137034844333 0.18741557929968533
 1.3007416117392902 0.17357760332529134
 1.3165158036004973 0.1607882013897745
 1.3324596104279538 0.1490256575026572
 1.3485757679469216 0.13839592974612358
 1.3648656440200326 0.12865592219606367
 1.3813360779604413 0.11965878438258226
 1.3979692875539442 0.11149538404591279
 1.4147939979157932 0.10373316276351817
 1.4317965304196784 0.09615408664537524
 1.4489905636919095 0.08896004224210233
 1.4663487404798662 0.08207959964496174
 1.4839120966624796 0.07579770913176985
 1.5016532749871287 0.07000550928563325
 1.5195859540801242 0.0644596978688292
 1.5377101339414658 0.05944274705642354
 1.5560258145711536 0.055064822381384263
 1.5745329959691878 0.05125519889318225
 1.5932453567618785 0.047678989705301155
 1.6121628969492263 0.04391339844816557
 1.6312582592786095 0.03996333862688394
 1.65057247962896 0.036263184112398524
 1.6700918793739671 0.03361986817389734
 1.689816458513631 0.031879016661787044
 1.7097325384216413 0.02986486047548827
 1.7298811549769288 0.027575067953033265
 1.750221272300563 0.02539178694552167
 1.7707939262714742 0.022867563565398055
 1.7915717596370428 0.01947184034597667
 1.812568451023578 0.01573794015996315
 1.8337840004310803 0.012754434179865085
 1.8552184078595501 0.010636279799806856
 1.8768853519352974 9.023376704562122E-3
 1.8987711540320117 7.817156472659919E-3
 1.920889492776004 6.967189640261077E-3
 1.9432403681672736 6.360165712406263E-3
 1.9658101015795104 5.857200643326069E-3
 1.9886260502653352 5.390237490032188E-3
 2.011660856972127 4.939023254520763E-3
 2.034955557578818 4.479987511760192E-3
 2.058469116206475 3.977866554013065E-3
 2.082242568734031 3.4298748032082042E-3
 2.106248557908865 2.8864310307204414E-3
 2.1305007623572862 2.405663428318236E-3
 2.1550128607056064 2.017133362906326E-3
 2.179757495701204 1.721954256187103E-3
 2.2047620245967003 1.4933171076356624E-3
 2.2300264473920954 1.2812192074223695E-3
 2.255537085461078 1.0395136339375848E-3
 2.28132129605627 7.698321456287796E-4
 2.3073517219250492 5.181601029072234E-4
 2.333655720320038 3.271122997846141E-4
 2.3602196126149252 2.0515169415364248E-4
 2.387043398809711 1.3689250819860134E-4
 2.4141544361570157 1.0097314483888535E-4
 2.4415253674042194 7.976931180677615E-5
 2.4691698711776317 6.255226811670351E-5
 2.4970879474772527 4.717217077098217E-5
 2.5252932749293934 3.5000463394580544E-5
 2.5537721749077433 2.702201144119272E-5
 2.582538326038612 2.2859020342418883E-5
 2.6115917283220007 2.0589947728401845E-5
 2.6409323817579082 1.8602166275150714E-5
 2.6705602863463355 1.622064160911828E-5
 2.700475442087282 1.3789277168011283E-5
 2.730677848980748 1.2218614104964785E-5
 2.7611948642793544 1.1712911587292955E-5
 2.7919991307304794 1.1686763294654007E-5
 2.823104326960435 1.1906579660491088E-5
 2.8545104529692206 1.2470310880988088E-5
 2.886217508756835 1.31162902747452E-5
 2.918239172949591 1.2898299480138248E-5
 2.950575445547486 1.1303619501573485E-5
 2.9832126479242115 9.05854789673637E-6
 3.0161644587060774 7.226946325239388E-6
 3.0494445565193935 6.0978240905497085E-6
 3.08302558411154 5.212189931754306E-6
 3.116948577361447 4.248830926092719E-6
 3.1511725003901842 3.252970749098704E-6
 3.1857383890766826 2.2911787167345915E-6
 3.2206188861683213 1.4271104142898571E-6
 3.255827670291411 7.953442840896414E-7
 3.2913784200722613 4.0883925192207443E-7
 3.327257456884562 1.8773094335477181E-7
 3.3634784593546247 7.303405529803104E-8
 3.400027748856138 2.401167199995611E-8
 3.436932682641723 7.071164056704865E-9
 3.474165903458758 1.895562921784251E-9
 3.511754768559865 4.267596411990034E-10
 3.5496855993187335 7.39262160519212E-11
 3.5879583957353622 1.0624322974574947E-11
 3.626586836436063 2.1900030872702654E-12
 3.6655846000471465 8.073690757833204E-13
 3.7049243293159905 2.971860448836086E-13
 3.744619702868906 8.963481364481806E-14
 3.784670720705894 3.65385824299151E-14
 3.8250910614532633 1.8615983204233662E-14
 3.8658807251110145 8.678416444054726E-15
 3.907026033052838 3.674932831922309E-15
 3.948554342531353 1.443732291237418E-15
 3.9904382962939406 5.231189394196427E-16
 4.032705251593221 1.735728482981597E-16
 4.075341529802882 5.359673822004034E-17
 4.118347130922926 1.4642484293289542E-17
 4.161749412205973 3.359112866474343E-18
 4.205521016399402 6.022751604149319E-19
 4.249675622129523 7.582309487219291E-20
 4.294213229396337 7.831519545928892E-21
 4.339133838199843 7.475064106342034E-22
 4.384451127166352 9.300053675273819E-23
 4.4301514176695544 2.1948666194688528E-23
 4.476248388335759 5.970159299999792E-24
 4.522742039164967 1.3243378404913198E-24
 4.5696186915308665 2.1914129744132555E-25
 4.616905702686081 2.935884202798604E-26
 4.664589394004297 3.582455812720563E-27
 4.712669765485517 4.310123814937147E-28
 4.76116049575605 5.157807597960267E-29
 4.8100479061895855 5.519812196324453E-30
 4.859331996786124 6.371891241344505E-31
 4.909040124798286 1.0221098163359621E-31
 4.959158611599762 1.9355530987178682E-32
 5.009673778564242 3.767300282511892E-33
 5.0606129829443444 7.1448488501578504E-34
 5.111962546113761 1.2715516730481058E-34
 5.16372246807249 2.1585429242815145E-35
 5.215906427446844 3.6791617977196763E-36
 5.268500745610511 6.16006610177445E-37
 5.321519101189802 1.0379022438863816E-37
 5.374947815558405 1.8008722807757545E-38
 5.428814245968944 3.1743896509273843E-39
 5.483091035168796 5.459708623874951E-40
 5.537805540410582 8.060344658178322E-41
 5.592944083067992 9.124496926881227E-42
 5.648492984514715 8.477315988828531E-43
 5.704479602003373 7.01859854242804E-44
 5.760903935533965 4.473930498416214E-45
 5.81775230648018 2.653896709566849E-46
 5.87502471484202 1.7115128326331088E-47
 5.932734839245794 1.0573280325255932E-48
 5.990882679691501 7.115918107640453E-50
 6.049454557552833 4.900248530756692E-51
 6.1084641514561 3.2450845506663157E-52
 6.1679114614013 2.9768438821489284E-53
 6.227782808762125 2.895212002704928E-54
 6.288105550791194 2.33126540784216E-55
 6.348852330235887 1.5534494907894145E-56
 6.410050504348824 8.635868945940441E-58
 6.471672715877387 5.057716700909154E-59
 6.533732643447881 4.812930016957416E-60
 6.5962439656866225 6.596031562077793E-61
 6.659179325340987 8.147624004043912E-62
 6.722566079663596 8.901056702321841E-63
 6.786390550028139 8.958142802462826E-64
 6.850652736434617 8.595236374022985E-65
 6.915352638883029 8.008926473879744E-66
 6.980490257373376 7.22146142328664E-67
 7.046065591905656 5.704903020613706E-68
 7.112092321106181 4.214840628604946E-69
 7.178543087722331 3.280208033807829E-70
 7.245445249006725 2.126693343434103E-71
 7.3127714477067424 9.622061260314975E-73
 7.380549041075006 3.5308839694247613E-74
 7.448750671858891 1.1425181401459384E-75
 7.517403697311022 2.992176292597557E-77
 7.586480760178777 5.896314000003318E-79
 7.656009217714777 8.652635322861675E-81
