 6.474896067970666E-3 1.5070876804135234E-7
 0.019500810433032655 2.8244831646240427E-6
 0.03267998160687338 1.3286033547046144E-5
 0.046014271008222945 3.896020107640757E-5
 0.05950514817818408 8.884618121519447E-5
 0.0731548990695832 1.73109981811862E-4
 0.0869651565058678 3.0272125594279635E-4
 0.10093771659283005 4.890389764674702E-4
 0.11507453871860696 7.432904573034079E-4
 0.12937758227133541 1.0759263313365838E-3
 0.14384896992149717 1.4958693076323203E-3
 0.15849017121019493 2.009704660821931E-3
 0.17330298224322088 2.6208844075240734E-3
 0.18829066866746996 3.3290344960103502E-3
 0.20345470002404486 4.1294571681037605E-3
 0.21879670913639312 5.012917564058489E-3
 0.23431832882796208 5.965782182442372E-3
 0.2500244575690942 6.970548479252733E-3
 0.26591346253634207 8.00676259750224E-3
 0.2819886093766005 9.052278335982093E-3
 0.29825316373676447 0.010084758749241973
 0.3147087584402814 0.011083292364422246
 0.33135865913404632 0.012029946952054723
 0.34820286581805914 0.012911101897297368
 0.36524464413921475 0.013718389999626834
 0.38248725974440817 0.014449124376617101
 0.3999323454570868 0.015106153702684765
 0.4175815341006981 0.015697132158212237
 0.43543809132213706 0.01623329208118412
 0.4535052827682985 0.016727843645708447
 0.4717831084391825 0.01719419287935554
 0.49027646680513142 0.017644175008159106
 0.5089853578661452 0.01808650352427146
 0.5279163129160138 0.018525606986704922
 0.5470676991312897 0.01896096766108964
 0.5664427821588679 0.019387026715244008
 0.5860464604690906 0.01979364404904264
 0.6058803668854054 0.020167058260227133
 0.6259461342312597 0.02049122242178796
 0.6462486609769958 0.02074939588807526
 0.6667879471226141 0.02092582011920657
 0.6875672583150091 0.021007345684031723
 0.7085914930245234 0.02098486624809145
 0.7298622840746043 0.02085446190368417
 0.7513812642886993 0.0206181683914352
 0.773153332137151 0.020284329636528902
 0.7951801204434066 0.019867519975014943
 0.817464894854361 0.019388053668615793
 0.8400109210169093 0.01887111179566881
 0.8628214645779465 0.018359818084525823
 0.8858981583609199 0.017842558670096056
 0.9092459008361718 0.01739394694783726
 0.9328663248271497 0.01703070065364671
 0.9567643288041962 0.016781370680795375
 0.9809415455907586 0.016750157711699905
 1.0054012408337318 0.016844087433663675
 1.030146680180011 0.016939114465463468
 1.0551827620999378 0.017340347815968566
 1.0805127522404083 0.017924177903968385
 1.106138283424869 0.018686731372439337
 1.132062621300215 0.019619075600427835
 1.1582906643367891 0.020708200808817675
 1.1848256781814858 0.02193817815036789
 1.2116709284812003 0.02329139670882667
 1.2388296808828274 0.024749759624279266
 1.2663068338567093 0.026295736024932375
 1.2941040202262941 0.027913184179346895
 1.3222261384619233 0.029587883990778846
 1.3506780870339398 0.03130774193370079
 1.3794614987657913 0.03306268432785715
 1.4085812721278194 0.034844262225192504
 1.43804067276692 0.03664504170950811
 1.4678445991534345 0.03845785908561403
 1.4979963169342584 0.04027503803317127
 1.5285007245797344 0.04208765898812373
 1.5593594549133091 0.043884969311546576
 1.5905790392287728 0.04565400293654564
 1.622164375996468 0.047379457179268065
 1.6541154652163945 0.049043837500157005
 1.6864453694761323 0.05062787021545045
 1.7191508231287861 0.05211114739437874
 1.752231826174356 0.05347293695449988
 1.7857047068473166 0.05469310005067064
 1.8195531369131934 0.055753019250150463
 1.8538097728409357 0.05663647618318891
 1.8884582863960688 0.057330395786182333
 1.923515005813067 0.057825428185148845
 1.9589799310919306 0.058116284768915643
 1.9948693904671344 0.058201886924212214
 2.0311670557042034 0.05808526612201993
 2.0678729268031377 0.05777329710271046
 2.105019660232887 0.05727626075382554
 2.1426072559934503 0.05660726733582291
 2.1806193858503544 0.055781653594027105
 2.2190723780380725 0.05481633218452009
 2.25798256079108 0.053729152453855566
 2.297333605874902 0.052538307769451446
 2.337158169758488 0.05126180472832244
 2.377439924207363 0.049917010139506515
 2.4181788692215273 0.04851002538927659
 2.4593913330354557 0.04708668690848286
 2.5010936438836224 0.04562981645318196
 2.5432694735315526 0.04416166086461532
 2.585951478448196 0.04269256858557691
 2.629123330399078 0.04123125367591022
 2.672785029384199 0.039784851446245425
 2.7169529036380324 0.038359000205531436
 2.7616432813950533 0.03695795536696609
 2.806856162655262 0.03558471547544146
 2.8525752191841844 0.034241168671872185
 2.8988494356852432 0.03292824880827405
 2.9456298274550145 0.03164609723975464
 2.992981707431398 0.030394233131871752
 3.040856090910969 0.02917171695569764
 3.0893019625971516 0.02797730035829447
 3.1383029942554716 0.026809564679365887
 3.1878755141204027 0.025667024838745732
 3.2380195221919447 0.024548215057768465
 3.288735018470099 0.023451742789932717
 3.340054659423814 0.022376325053137746
 3.3919457885841404 0.02132080432503692
 3.444457390654502 0.02028415421994964
 3.4975568091659496 0.019265477218096595
 3.5512930288219073 0.018263997285614185
 3.6056333931534263 0.017279050791495442
 3.66059423039498 0.016310075721457296
 3.716208197015519 0.015356603730263865
 3.7724589647805673 0.014418255032505678
 3.829346533690126 0.013494737834908496
 3.886903560213144 0.01258585401324526
 3.9451137161151463 0.011691509898468792
 4.004009657865082 0.010811732739756452
 4.063575057228478 9.946686599863598E-3
 4.123826242439807 9.09668654740347E-3
 4.18476321349907 8.262211713744656E-3
 4.246418626875216 7.443904157628723E-3
 4.308759826099296 6.642562620567059E-3
 4.371835795874733 5.859123225340246E-3
 4.435646536201529 5.09462666344699E-3
 4.500175718845208 4.3501813519455584E-3
 4.5654396720402434 3.626913703705107E-3
 4.631471052255586 2.92591998719233E-3
 4.6982535312567614 2.248218640411088E-3
 4.765803437278244 1.59471308712913E-3
 4.834120770320033 9.661728327613019E-4
 4.903238186851078 3.6323806266822374E-4
 4.973139358636905 -2.1355216062205246E-4
 5.043840613911987 -7.63716383883945E-4
 5.115341952676326 -4.881349575706541E-4
 5.187676031398871 -2.093439736547208E-4
 5.26084285007962 -2.249582688814474E-3
 5.3348260804841 -2.6881759104018547E-3
 5.409674707315736 -3.097423471045238E-3
 5.485372402340051 -3.47674133004319E-3
 5.56193549379152 -3.8256368449766757E-3
 5.639380309904619 -4.143781663258497E-3
 5.717706850679347 -4.43108171845764E-3
 5.796915116115705 -4.6877340561878944E-3
 5.87703776268264 -4.914261747116349E-3
 5.958091118614629 -5.111512070351567E-3
 6.040042527442721 -5.2806086570758425E-3
 6.1229409738703415 -5.422867699324824E-3
 6.206786457897489 -5.539710979696431E-3
 6.291578979524165 -5.63260143840022E-3
 6.377334866984842 -5.702999063651535E-3
 6.464070448513997 -5.752347891543141E-3
 6.551802052346103 -5.782124997795352E-3
 6.640513350246687 -5.7857378905869505E-3
 6.730236998684696 -5.778068299271494E-3
 6.8209893258946054 -5.770310776335859E-3
 6.912770331876416 -5.738319674423084E-3
 7.005580016630128 -5.694823175060905E-3
 7.099467364859165 -5.640818143987772E-3
 7.194399720094575 -5.576837586466686E-3
 7.290409738805311 -5.502995835504324E-3
 7.387497420991371 -5.419122299896583E-3
 7.485695423121706 -5.324977697804763E-3
 7.585003745196315 -5.220546701566599E-3
 7.6854387154496714 -5.106281363680683E-3
 7.78701666211625 -4.983357997072208E-3
 7.88972125696158 -4.853812626212104E-3
 7.993601484689079 -4.720417343974754E-3
 8.098641017064278 -4.586594760574915E-3
 8.204872510556122 -4.456171228205239E-3
 8.312295965164616 -4.333075737626436E-3
 8.420927709124228 -4.221209633038019E-3
 8.530784070669439 -4.123948292747318E-3
 8.641881378034718 -4.043914563613551E-3
 8.754219631220069 -3.982785689272392E-3
 8.86783148669444 -3.94140605360731E-3
 8.98271694445783 -3.920369120993577E-3
 9.098876004510242 -3.9203126924887924E-3
 9.216357651555096 -3.942106016850766E-3
 9.33514555735792 -3.986794270338644E-3
 9.455272378387663 -4.055469917888115E-3
 9.576738114644323 -4.148802097110747E-3
 9.699559094362376 -4.267824573672664E-3
 9.823751645776298 -4.413309123753492E-3
 9.949332097120562 -3.7713678421295256E-3
 10.076316776629643 -3.1222484366959595E-3
 10.204722012538015 -5.021068531005657E-3
 10.334564133080153 -5.283723919277616E-3
 10.465843138256059 -5.578310801886874E-3
 10.598575356300202 -5.908071830939366E-3
 10.732793443681537 -6.275764282569288E-3
 10.868513728634538 -6.6860437922669725E-3
 11.005719882924728 -7.139411063666424E-3
 11.14446089125553 -7.635783213853171E-3
 11.284753081861423 -8.169416911007227E-3
 11.426580126507927 -8.733458987022354E-3
 11.569991009898471 -9.317830652422221E-3
 11.714985732033051 -9.911632236262511E-3
 11.861580621146146 -0.010504040705910232
 12.009792005472224 -0.011082875679085105
 12.159636213245765 -0.011640555639877679
 12.311145900935719 -0.012167283941335552
 12.464321068542082 -0.012662274898844821
 12.61917804429933 -0.013118377306421864
 12.775749484676414 -0.013537316377608334
 12.93403538967333 -0.013910697095012322
 13.094052087524558 -0.014236662540734933
 13.255832234699042 -0.014506331186030128
 13.41939215943126 -0.014713949480636413
 13.584731861721211 -0.014853268279879045
 13.751883998037846 -0.014877035227150465
 13.920864896615635 -0.01483636279623038
 14.091690885689056 -0.014795246265909973
 14.26439462172706 -0.014595608574123233
 14.43895977649517 -0.014286101063835353
 14.615435334696807 -0.013867787588345792
 14.79383762456645 -0.013343085376762931
 14.974166646104099 -0.012724325249533732
 15.156471384013173 -0.012037121433377344
 15.340735510059204 -0.011303625806414514
 15.52700800894561 -0.010553059705217534
 15.715305208906871 -9.804373797258448E-3
 15.905627109942984 -9.060734664023061E-3
 16.098006368522895 -8.323321967814616E-3
 16.292459312881085 -7.583584008471385E-3
 16.489067584189925 -6.834633556415421E-3
 16.68761891540124 -6.103384283511274E-3
 16.888456199439005 -5.411964735771573E-3
 17.091416153958473 -4.785146515874708E-3
 17.29666206130438 -4.2531127995846865E-3
 17.503867356787246 -3.8191040817809017E-3
 17.7135218874413 -3.473710256445638E-3
 17.92529908857706 -3.180721424550352E-3
 18.13936224253926 -2.9230529763501372E-3
 18.35571134932791 -2.699729448064596E-3
 18.574346408943 -1.6760323529740133E-3
 18.795267421384544 -1.975685441619237E-3
 19.018637668997275 -2.085234130477089E-3
 19.2444571517812 -2.078061215246201E-3
 19.472399305046824 -2.0708208756494406E-3
 19.70295397582839 -1.8861113050650981E-3
 19.935957881781142 -1.6607944426864948E-3
 20.17141102290509 -1.4383519143664996E-3
 20.40915011685549 -1.2437973863090581E-3
 20.649665010666563 -1.0691066570108482E-3
 20.892465857304092 -8.606866688989606E-4
 21.138042503802296 -5.732643330164112E-4
 21.386068385471702 -1.813390744212894E-4
 21.636706784657036 3.1629281658867046E-4
 21.889957701358316 8.972494447743253E-4
 22.145821135575534 1.510240637310646E-3
 22.404460369653435 2.1345689636261674E-3
 22.665712121247274 2.7802114261659487E-3
 22.9297396727018 3.4723392822096723E-3
 23.196543024017007 4.2096589338312534E-3
 23.465958892848156 4.947656465508804E-3
 23.738313843884732 5.629925739490747E-3
 24.013281312437246 6.243787372936388E-3
 24.29135114553994 6.819070869995235E-3
 24.572033496158574 7.383144169026086E-3
 24.85581821132738 7.916089824451782E-3
 25.142378726356874 8.330278455718352E-3
 25.431878323591796 8.50532262955458E-3
 25.724480285376895 8.350994642806902E-3
 26.01985804702268 7.852887628328184E-3
 26.318338173218641 7.067963720626403E-3
 26.619920663964784 6.0850546702065754E-3
 26.924442236916352 5.021085221126791E-3
 27.232229456762844 4.020959515990095E-3
 27.542955758814766 3.206926220419681E-3
 27.856947707761612 2.635738955947597E-3
 28.174042021258635 2.492117541795106E-3
 28.494238699305832 2.5701465043435167E-3
 28.817864306592703 2.6490110651650115E-3
 29.14459227842975 3.1458431019888407E-3
 29.474585897161716 3.675618031783011E-3
 29.807845162788606 4.0903574938161045E-3
 30.14453335765517 4.312620347872878E-3
 30.48448719941665 4.313665183517305E-3
 30.827869970417804 4.083871848989517E-3
 31.17468167065863 3.6933946570946443E-3
 31.524922300139117 3.339031481185475E-3
 31.878591858859277 3.559440950057094E-3
 32.235690346819104 3.7819873528374394E-3
 32.596217764018604 4.611533207695521E-3
 32.960500675147265 5.340851016109262E-3
 33.328212515515595 6.077033761312184E-3
 33.699516567468336 6.19472239064229E-3
 34.0744128310055 5.849025702054485E-3
 34.452901306127074 5.2288124556734E-3
 34.83514527517781 4.588730301312329E-3
 35.22114473815771 3.920679534539012E-3
 35.61073641272202 3.181647499196783E-3
 36.0040835812155 2.3964543355612056E-3
 36.40134952598288 1.4548745098283408E-3
 36.802207682334675 1.440508800292846E-4
 37.20714789730513 -1.793314969561443E-3
 37.61568032385999 -4.586757631178765E-3
 38.02829480903351 -7.874021636136265E-3
 38.444664788136194 -0.011059655406135337
 38.86495354351278 -0.013484134498767975
 39.28932435750803 -0.014628161122627879
 39.717613947777174 -0.014516011710892368
 40.14998559666498 -0.014402793395118203
 40.5862760218267 -0.013841192958932843
 41.02681178795181 -0.012778257048442708
 41.47126633035083 -0.011036878500008876
 41.919966213713244 -8.961075907046687E-3
 42.37274815569432 -7.021029283387203E-3
 42.82961215629404 -5.209296027156399E-3
 43.29072149785717 -3.2616467694750136E-3
 43.756239462728444 -1.00727600281441E-3
 44.22583948621837 1.31175303111589E-3
 44.699684850671694 3.175052062893079E-3
 45.17777555608843 4.080479950868412E-3
 45.6602748848133 4.0635729716984245E-3
 46.14718283684631 3.3800832184163144E-3
 46.63833612984273 2.2781164945804783E-3
 47.13406132849204 1.039171164915228E-3
 47.63403186810475 4.1032514071593995E-6
 48.138574313370355 -2.3627105758231077E-4
 48.64752538194411 2.8266952382049725E-6
 49.160885073825994 2.4399555467603028E-4
 49.678979953705535 1.2286114765350031E-3
 50.20148345689321 2.157170793788084E-3
 50.72855886573378 2.920255394141095E-3
 51.26020618022724 3.6616015091015703E-3
 51.7964254003736 4.2011962476489004E-3
 52.337379808517596 4.088204808804602E-3
 52.88290612231448 3.1628921742649406E-3
 53.433167624109003 1.8070603061590237E-3
 53.98816431390117 5.662607210665783E-4
 54.547732909346215 -4.2618300384988846E-4
 55.11219997513366 -1.4488296204455642E-3
 55.68140222891874 -1.5249260074332567E-3
 56.25533967070145 -1.6016554395221086E-3
 56.83417558282656 -2.6681377993220257E-3
 57.41774668294929 -3.0506274712296297E-3
 58.00605297106967 -3.4362207246944084E-3
 58.599421011877176 -3.6333025571829444E-3
 59.19768752302707 -4.451186558898275E-3
 59.8006892221746 -5.883189358170589E-3
 60.408752674009264 -8.141976421713704E-3
 61.021714596186313 -0.011035736873015697
 61.63957498870574 -0.014358381777549658
 62.2624971339123 -0.017275956306791403
 62.890317749461246 -0.01896038634530594
 63.52320011769733 -0.01867125244038556
 64.16098095627578 -0.018379880656944135
 64.80398682988611 -0.01670128875467915
 65.45189117383885 -0.01570145172051512
 66.10502055282345 -0.015694752964413923
 66.76321168449518 -0.01563981862285455
 67.42630128650929 -0.015698681955174636
 68.09461592355528 -0.016446265406833
 68.76815559563315 -0.018047667201929174
 69.44675702039814 -0.02153199907417181
 70.13042019785027 -0.026802724000465932
 70.81930841033429 -0.03348498242784454
 71.51342165785016 -0.043347553655651314
 72.21259665805317 -0.05875810508017762
 72.91699669328807 -0.07930632369794524
 73.62662176355482 -0.11247905780241238
 74.34130858650873 -0.12600850711544014
 75.06138372683924 -0.10916009288302833
 75.7865206198569 -0.09219324308571729
 76.51704583025116 -0.05313827675043439
 77.25263279333258 -0.03068158365481813
 77.99344479144585 -0.019629412121706702
 78.73964510693575 -0.013402713389122705
 79.4909071751128 -9.535921146502981E-3
 80.24755756066645 -6.98013167431581E-3
 81.00943298125198 -5.218688364439711E-3
 81.77653343686939 -3.966744893327761E-3
 82.54885892751868 -3.055342736754311E-3
 83.32640945319986 -2.3789273808371403E-3
 84.10918501391289 -1.8688835803699268E-3
 84.89734889200255 -1.4791635749909666E-3
 85.69057452277936 -1.1780389335034188E-3
 86.48918847093277 -9.431539198784066E-4
 87.29286417177332 -7.584512751266432E-4
 88.1019281899905 -6.122031236193986E-4
 88.91605396089479 -4.957165406563572E-4
 89.73556804917571 -4.0246386658558783E-4
 90.56014389014376 -3.27486511833626E-4
 91.39010804848846 -1.9870746164076221E-4
 92.22513395952026 -1.8850025704760068E-4
 93.06538490558394 -1.7822918257822065E-4
 93.91069760433476 -1.4587587097537646E-4
 94.7613986204622 -1.1950122757741036E-4
 95.61699810693203 -9.796521492648977E-5
 96.47798591077847 -8.035600742517892E-5
 97.3438721849673 -6.594114718601945E-5
 98.21498349418802 -5.413005540808516E-5
 99.09131983844061 -4.44449785093123E-5
 99.97255465303557 -3.649833100321516E-5
 100.85885122031767 -2.997491030143745E-5
 101.7502095402869 -2.4617838976690093E-5
 102.64662961294326 -2.021739260003329E-5
 103.54811143828675 -1.660208642142357E-5
 104.45449173397263 -1.3631517919127013E-5
 105.36593378234564 -1.1190612681766565E-5
 106.28211101871628 -9.184968205140516E-6
 107.20335000777406 -7.537084422687568E-6
 108.12948746717423 -6.183301579180944E-6
 109.06052339691678 -5.071301594702622E-6
 109.99629451465694 -4.158075105704866E-6
 110.93696410273951 -3.4082544965851817E-6
 111.88236887881973 -2.792751894971226E-6
 112.83250884289757 -2.2876417851416634E-6
 113.78738399497306 -1.8732441867462083E-6
 114.74699433504618 -1.5333720098192742E-6
 115.71133986311693 -1.254712044300927E-6
 116.6802572968406 -1.026316024880553E-6
 117.65358335387239 -8.391822425861307E-7
 118.63164459890183 -6.859107291523787E-7
 119.61427774958416 -5.604198371916427E-7
 120.60131952357463 -4.5771242522140493E-7
 121.59276992087324 -3.7368381340992086E-7
 122.58862894148002 -3.049633182560431E-7
 123.58905986773968 -2.4878391069084513E-7
 124.59357285261798 -2.0287484864190806E-7
 125.60249446080445 -1.6537332157572793E-7
 126.61566140995431 -1.3475172357872246E-7
 127.63291041772281 -1.0975779032071619E-7
 128.65440476645471 -8.936535752068504E-8
 129.6799811738053 -7.273388456455144E-8
 130.70980292211925 -5.9175114001301024E-8
 131.74338016436237 -4.81257332381043E-8
 132.78103946522418 -3.912486899058129E-8
 133.82261754235986 -3.179561290824216E-8
 134.86811439576945 -2.5829850027300416E-8
 135.9173667431082 -2.0975808167383765E-8
 136.97037458437614 -1.7027838354641435E-8
 138.02713791957322 -1.3818036267396918E-8
 139.08749346635471 -4.8015494420326394E-9
 140.15144122472062 -6.08307476653738E-9
 141.21898119467093 -6.027474582132151E-9
 142.29011337620568 -5.971687306252936E-9
 143.36451120463536 -4.83779379991672E-9
 144.44250124464943 -3.917939459448024E-9
 145.5235936492137 -3.1719825566016234E-9
 146.60811498301762 -2.5672566072500286E-9
 147.69573868137172 -2.0771887245530626E-9
 148.786464744276 -1.680171503015119E-9
 149.88029317173044 -1.3586422801359667E-9
 150.97706068139032 -1.098331229422949E-9
 152.07693055560042 -8.876487080533223E-10
 153.17957622967117 -7.171852344696847E-10
 154.28516098594732 -5.793043970240303E-10
 155.39335825973944 -4.678108511361669E-10
 156.50433133339225 -3.77680404838134E-10
 157.617916924561 -3.0483992489789425E-10
 158.73395175090092 -2.4598851976981566E-10
 159.85259909475678 -1.9845205737212422E-10
 160.9735323914391 -1.6006486959568662E-10
 162.09691492329261 -1.290736762461655E-10
 163.2225834079726 -1.0405948208940909E-10
 164.3502112807895 -8.387424522173513E-11
 165.48012510643286 -6.758938747854285E-11
 166.61167175552364 -5.4454085594523963E-11
 167.74648405150938 -4.3861426022306844E-11
 168.88292917094261 -3.5320944006280093E-11
 170.01937429037582 -2.8436399607690004E-11
 171.15908505670395 -2.2887754076889924E-11
 172.3004286464795 -1.8416583028084353E-11
 173.44340505970257 -1.4814261650178252E-11
 174.58801429637307 -1.1912405922435323E-11
 175.73262353304357 -9.575135551181148E-12
 176.88049841660901 -7.692819715907692E-12
 178.02837330017442 -6.177017237652109E-12
 179.1795138306348 -4.956385001477783E-12
 180.32902153764771 -3.973373482797254E-12
 181.4817948915555 -3.18155326245841E-12
 182.63456824546332 -2.5434549049783247E-12
 183.78897442281862 -2.0288231378112255E-12
 184.9433806001739 -1.6132038679640944E-12
 186.09778677752916 -1.2768006816225486E-12
 187.25382577833192 -1.003547577352899E-12
 188.4114976025821 -7.803555263481233E-13
 189.5691694268323 -5.964972087107084E-13
 190.72520842763503 -4.431021089038012E-13
 191.88451307533273 -3.127381159866584E-13
 193.04218489958293 -1.9905920310519454E-13
