 0.0E+0 0.0E+0
 0.011791577788091175 7.0951398E-3
 0.035513361255232155 0.021372408
 0.05951424411845587 0.035820171
 0.0837976162489698 0.050438285
 0.10836615386088513 0.065225493
 0.13322401995393032 0.080179599
 0.15837418809934003 0.095297604
 0.1838199292254723 0.11057577
 0.2095648116178088 0.12600962
 0.235612403561831 0.14159399
 0.26196657070014395 0.15732302
 0.28862998924685884 0.17319018
 0.3156059301303337 0.18918838
 0.3429003404930379 0.20530994
 0.3705158965490825 0.2215467
 0.39845557186970226 0.23789008
 0.4267223400261317 0.25433118
 0.45532512173207473 0.27086082
 0.4842609434162969 0.2874697
 0.5135357522212671 0.30414849
 0.5431554952894551 0.32088788
 0.573123146192095 0.33767868
 0.6034446520716564 0.35451186
 0.6341200129281394 0.37137854
 0.665155175904013 0.38827003
 0.6965560881417464 0.40517777
 0.7283257232125746 0.42209332
 0.7604670546877319 0.43900825
 0.7929860297096878 0.45591413
 0.8258885954209114 0.47280237
 0.8591747518214028 0.4896641
 0.892853419624866 0.50648996
 0.9269245988313006 0.52326999
 0.9614001837256456 0.53999353
 0.9962772007366661 0.55664907
 1.0315615970068314 0.57322416
 1.0672622932498456 0.58970531
 1.103382263036943 0.60607797
 1.1399244799393584 0.62232648
 1.1768978646707957 0.63843411
 1.2143024172312553 0.65438312
 1.2521440847632057 0.67015472
 1.2904317879803512 0.68572916
 1.3291685004539264 0.70108581
 1.3683571957551661 0.71620338
 1.408006794597774 0.7310602
 1.4481202705529847 0.74563439
 1.4887035707632674 0.75990405
 1.5297626423710917 0.77384753
 1.5713034325189267 0.78744352
 1.6133289147780072 0.80067125
 1.6558480098620367 0.81351059
 1.69886369134225 0.82594235
 1.7423848799323511 0.83794868
 1.7864145492035745 0.84951347
 1.8309586462983897 0.86062253
 1.8760231183592661 0.87126361
 1.9216168860999067 0.88142656
 1.967745896662782 0.89110352
 2.014413123619126 0.90028902
 2.0616245141114073 0.90897996
 2.1093889888533312 0.91717568
 2.157712494987366 0.924878
 2.206600979655981 0.93209128
 2.256060390001646 0.93882232
 2.3060996467380645 0.94508028
 2.3567217234364714 0.95087657
 2.4079355408105707 0.95622459
 2.459750019574065 0.96113945
 2.512168133298191 0.96563775
 2.565198802696651 0.96973767
 2.6188479749119153 0.97345877
 2.673124570657687 0.97682163
 2.728034537076436 0.9798475
 2.783586794881866 0.98255809
 2.839784317645211 0.98497516
 2.89663899965141 0.98712004
 2.9541597616141674 0.98901367
 3.0123466035334827 0.99067658
 3.071223313979233 0.99212877
 3.1307839458089494 0.99338946
 3.191028499022631 0.99447655
 3.251986709332625 0.99540668
 3.3136288410265852 0.99619552
 3.3760143655292034 0.99685778
 3.439113547128134 0.99740703
 3.502956121535723 0.99785566
 3.56754208875197 0.998215
 3.6329011844892225 0.99849555
 3.699003673035133 0.99870705
 3.765849554389702 0.99885826
 3.8334982999776223 0.99895703
 3.9019499097988936 0.99901041
 3.97117464814117 0.99902472
 4.041202250716798 0.99900564
 4.1120624532381224 0.99895827
 4.183725519992798 0.99888721
 4.256250922405518 0.99879659
 4.329608924763935 0.99869004
 4.40379952706805 0.99857076
 4.478852465030209 0.99844157
 4.554797474362758 0.99830496
 4.63160481935335 0.9981632
 4.709333971426679 0.99801832
 4.787955194870398 0.99787218
 4.867468489684508 0.9977264
 4.947903591581354 0.99758236
 5.029290236273281 0.99744124
 5.111628423760293 0.99730402
 5.194888418330042 0.99717153
 5.279159427119565 0.9970445
 5.364352242991825 0.99692359
 5.450585808796206 0.99680938
 5.5377709173956715 0.99670238
 5.625996775927258 0.99660301
 5.715233648678621 0.99651162
 5.805511271362104 0.99642849
 5.89682964397771 0.99635384
 5.989188766525437 0.99628788
 6.08264811042998 0.99623075
 6.1771482042666434 0.99618252
 6.272778255172468 0.99614321
 6.369478791722761 0.99611272
 6.467339021054562 0.99609089
 6.566299471743176 0.9960775
 6.666389879500952 0.99607225
 6.767669715752581 0.99607481
 6.870109244785717 0.99608479
 6.973708466600361 0.99610178
 7.078526852621205 0.99612532
 7.184534667135901 0.99615496
 7.291791381569144 0.99619022
 7.400267260208588 0.99623064
 7.509992038766577 0.99627573
 7.620965717243113 0.99632502
 7.733247767062887 0.99637801
 7.846778716801208 0.99643424
 7.961647773595113 0.99649321
 8.077854937444604 0.99655444
 8.195370472637336 0.99661746
 8.31422411488565 0.99668183
 8.434475335614243 0.99674713
 8.556094399110767 0.99681301
 8.679111041087571 0.99687916
 8.803525261544651 0.99694536
 8.929396531906702 0.99701141
 9.056695116461379 0.99707716
 9.185450750921024 0.99714248
 9.315663435285641 0.99720722
 9.44739264097992 0.99727121
 9.580638368003864 0.99733428
 9.715370880645123 0.99739621
 9.851679386040741 0.99745678
 9.989534148478366 0.99751574
 10.128964903670347 0.99757284
 10.270001387329032 0.99762783
 10.412643599454418 0.99768047
 10.556891540046507 0.99773052
 10.702804680529988 0.99777779
 10.850412756617214 0.99782213
 10.999656296883487 0.99786349
 11.150624508465848 0.99790188
 11.303317391364297 0.9979374
 11.457734945578833 0.99797015
 11.613906906821802 0.99800028
 11.771863010805554 0.99802794
 11.93163299324243 0.99805333
 12.093187118420088 0.99807674
 12.256584857763219 0.99809857
 12.421855946984168 0.99811929
 12.589000386082937 0.99813945
 12.758018175059526 0.99815962
 12.928998521050973 0.99818031
 13.101881952632585 0.99820184
 13.276727941229055 0.99822409
 13.453536486840385 0.99824652
 13.632367060891266 0.99826839
 13.813219663381698 0.99828907
 13.996124030024026 0.99830819
 14.181109896530597 0.9983256
 14.368147527189068 0.99834125
 14.557326129136472 0.99835517
 14.748615966660468 0.99836742
 14.942076511185748 0.99837817
 15.13770776271231 0.99838772
 15.3355394569525 0.99839654
 15.535601329618666 0.99840524
 15.737923116423154 0.99841445
 15.942504817365963 0.99842474
 16.149405903871784 0.99843669
 16.358626375940623 0.99845081
 16.570166233572475 0.99846742
 16.784114683904384 0.99848645
 17.000441991223997 0.9985074
 17.21920762695601 0.99852935
 17.44041159110042 0.99855107
 17.66408361936958 0.99857148
 17.890253447475831 0.99858996
 18.118950811131522 0.99860628
 18.350205446048995 0.99862018
 18.584047087940604 0.99863114
 18.82050547251869 0.99863816
 19.059580599783252 0.99863993
 19.301302205446635 0.99863531
 19.54572976093354 0.99862378
 19.792893001956304 0.99860525
 20.04276219280259 0.9985798
 20.295426540609426 0.9985477
 20.55091578108917 0.99850958
 20.809200178529465 0.9984667
 21.070368940067357 0.99842101
 21.334422065702842 0.99837461
 21.601389291148272 0.99832909
 21.871300352115987 0.99828522
 22.144184984318332 0.99824329
 22.420102659180013 0.99820371
 22.699053376701012 0.99816687
 22.98106687259369 0.99813255
 23.26620261828273 0.99809979
 23.554460613768135 0.99806725
 23.845870594762253 0.99803359
 24.140492032689778 0.99799767
 24.43835466326305 0.99795883
 24.739458486482075 0.99791692
 25.043862973771542 0.99787206
 25.3515978608438 0.99782471
 25.662692883411192 0.99777652
 25.977207512898417 0.99772988
 26.295112013593122 0.99768572
 26.61649559263235 0.99764237
 26.941387985728443 0.99759641
 27.269789192881408 0.9975443
 27.601788421228278 0.99748437
 27.937355935056707 0.99741814
 28.276580941503738 0.99734947
 28.61949317628172 0.99728263
 28.96609263939064 0.99722143
 29.3164388022552 0.99716883
 29.670561400587747 0.99712554
 30.02860911295001 0.99708961
 30.390195375081486 0.99705821
 30.755944636941446 0.99702943
 31.12555954140644 0.99700289
 31.499337445599913 0.99697877
 31.87668363527495 0.99695672
 32.25849018180194 0.99693746
 32.64416237093395 0.99692513
 33.03399755979445 0.99692519
 33.42799574838344 0.99693935
 33.826156936700904 0.99696391
 34.22848112474687 0.99699314
 34.63526566964478 0.99702343
 35.04651057139464 0.99705535
 35.46162111574953 0.99709204
 35.88148937407983 0.99713403
 36.30581798926208 0.99717766
 36.73460696129628 0.99721933
 37.16755893305898 0.99725687
 37.60556597592054 0.99728922
 38.0477360185106 0.99731855
 38.49496113219952 0.99734578
 38.946646602740415 0.99736532
 39.403089787256703 0.99737296
 39.864290685748414 0.99737258
 40.33024929821554 0.99736991
 40.80126298178155 0.99736941
 41.27703437932296 0.9973754
 41.75786084796326 0.9973874
 42.24374238770243 0.9974009
 42.734381641417016 0.9974104
 43.230373323353944 0.99741257
 43.73112271926629 0.9974019
 44.237521900524434 0.99736715
 44.748678795757996 0.99730083
 45.26548547633735 0.99720673
 45.7873472280156 0.99709459
 46.31456140791618 0.9969717
 46.847425373162565 0.99684444
 47.38534440950783 0.99672553
 47.9289132311989 0.99663254
 48.478131838235775 0.99657364
 49.032702873495 0.9965424
 49.59322105122347 0.99653236
 50.159091657174293 0.99654916
 50.73090940559439 0.99660734
 51.308376939360286 0.99671039
 51.89149425847198 0.99683799
 52.48085607717641 0.99696532
 53.07586768122665 0.99708177
 53.67682642774615 0.9971898
 54.28373231673492 0.99730256
 54.89688270531642 0.99743259
 55.51598023636719 0.99758596
 56.141322267010686 0.99776739
 56.77290879724693 0.9979761
 57.41073982707588 0.99821002
 58.05481535649758 0.99845983
 58.705135385512 0.99870518
 59.36169991411916 0.99892754
 60.025103656565974 0.99911939
 60.69475189860551 0.9992634
 61.37094199736125 0.99934099
 62.05367395283319 0.99937585
 62.74294776502131 0.99940759
 63.4390607910491 0.99944969
 64.14201303091654 0.99949081
 64.85150712750018 0.99951432
 65.56784043792348 0.99952038
 66.2913103193099 0.99951705
 67.02132205741252 0.99952502
 67.75876772360171 0.99955335
 68.50275524650709 0.99958567
 69.25417669749908 0.99960988
 70.0124373623307 0.9996347
 70.77783459812547 0.99968719
 71.5506657620068 0.99977939
 72.33063349685126 0.9999121
 73.11803515978231 1.0000947
 73.91257339367648 1.000324
 74.7148429127807 1.0005569
 75.52424900284802 1.0007478
 76.3413863781254 1.0008891
 77.16595768148939 1.0009852
 77.99796291293993 1.0010163
 78.83769942960052 1.0009713
 79.68546458859466 1.000856
 80.54066367567535 1.0006976
 81.40359404796608 1.0005205
 82.27425570546688 1.0003167
 83.15294600530119 1.0001256
 84.03966494746899 1.0000244
 84.93411517484687 1.0000005
 85.8368914016817 0.99998501
 86.74739891372658 0.99996283
 87.66623242522846 0.99995945
 88.59309457906383 0.99997236
 89.5279853752327 0.99995858
 90.47149952798205 0.9999138
 91.42304232306488 0.99989321
 92.38291111760468 0.99985241
 93.35110591160146 0.99972079
 94.32762670505522 0.99952455
 95.31277085508943 0.99933393
 96.30624100458058 0.99922278
 97.3083345106522 0.99921454
 98.31905137330425 0.99928798
 99.33809423541327 0.99938827
 100.3660578112262 0.99946912
 101.40264474361956 0.99953688
 102.44785503259337 0.99959995
 103.50198603527107 0.99962941
 104.5647403945292 0.99961438
 105.63611811036779 0.99954687
 106.71671389703371 0.99939142
 107.80623039740357 0.99919309
 108.90437025435385 0.99898149
 110.0117281821315 0.99877192
 111.12800682361306 0.99863133
 112.2532061787985 0.9986234
 113.38762360481132 0.99878389
 114.53096174452803 0.99897274
 115.68351795507213 0.99902218
 116.8449948793201 0.99894924
 118.01598723151892 0.99881634
 119.19590029742164 0.998671
 120.38532879127519 0.99856518
 121.5839753559561 0.99846046
 122.7915426343409 0.99829067
 124.00862534067653 0.99813292
 125.23522347496301 0.99795893
 126.47103968007683 0.99772525
 127.71607395601802 0.99738058
 128.97062365991004 0.99707866
 130.2346887917529 0.99652326
 131.50797199442311 0.99657033
 132.79077062504416 0.99555091
 134.08308468361605 0.99704216
 135.38461681301527 0.99698159
 136.6959617274888 1.0011811
 138.0165247127897 1.005194
 139.3469004831649 1.0048584
 140.68649432436745 1.0038762
 142.03560359352081 1.0021694
 143.3945256477485 1.0010358
 144.76266577280352 1.0004077
 146.14061868293285 1.0000917
 147.52808702101302 0.99992808
 148.925070787044 0.99983808
 150.3315699810258 0.9997868
 151.74758460295848 0.99975788
 153.17311465284194 0.99974277
 154.6084574877997 0.99973656
 156.05301839358483 0.99973628
 157.50739208444426 0.99974003
 158.97098384613104 0.99974658
 160.44438839289213 0.99975509
 161.92701101048055 0.99976499
 163.41944641314327 0.99977589
 164.92109988663338 0.99978751
 166.4325661451978 0.99979965
 167.95325047458953 0.99981218
 169.4834502319321 0.99982498
 171.02286806010204 0.99983799
 172.5720986733463 0.99985116
 174.13025000029443 0.99986445
 175.69821411231686 0.99987782
 177.2750989380432 0.99989127
 178.86149919172038 0.99990478
 180.45741487334836 0.99991835
 182.06225126868025 0.99993196
 183.67630573483953 0.99994563
 185.29957827182613 0.99995934
 186.93206887964012 0.99997311
 188.57377755828147 0.99998693
 190.22440695062672 1.0000008
 191.88425441379933 1.0000148
 193.5527252335524 1.0000288
 195.23041412413283 1.0000429
 196.91702372841717 1.0000571
 198.6125540464054 1.0000714
 200.31670772097402 1.0000858
 202.0297821092466 1.0001003
 203.7514798540996 1.0001149
 205.48180095553303 1.0001296
 207.22074541354695 1.0001445
 208.96831322814125 1.0001595
 210.724504399316 1.0001747
 212.48902156994773 1.0001901
 214.26156738291297 1.0002056
 216.04273655245867 1.0002213
 217.8322317214613 1.0002372
 219.62975553279747 1.0002533
 221.43530798646713 1.0002697
 223.24888908247035 1.0002862
 225.07079617793053 1.000303
 226.90013720147726 1.0003201
 228.73750686735752 1.0003374
 230.58260781844782 1.000355
 232.4351426976247 1.000373
 234.29540886201166 1.0003912
 236.16310895448518 1.0004097
 238.03854033216876 1.0004286
 239.920810923692 1.0004479
 241.81051544330182 1.0004675
 243.70735653387475 1.0004875
 245.6113341954108 1.0005079
 247.52215107078652 1.0005288
 249.43980716000191 1.0005501
 251.36430246305693 1.0005719
 253.29533962282815 1.0005941
 255.23291863931558 1.0006169
 257.1770395125192 1.0006402
 259.127702242439 1.0006641
 261.0843121148281 1.0006886
 263.0474638439334 1.0007137
 265.01626535838443 1.0007394
 266.99131137242824 1.0007658
 268.97200717181783 1.0007929
 270.95835275655326 1.0008208
 272.9503481266345 1.0008494
 274.94769592493804 1.0008788
 276.95069350858744 1.0009091
 278.95874616333566 1.0009402
 280.9721512463063 1.0009723
 282.9903140432522 1.0010054
 285.01353191129715 1.0010395
 287.0415074933174 1.0010746
 289.07394343218965 1.0011109
 291.1111370850373 1.0011483
 293.15249373761344 1.001187
 295.19831074704154 1.001227
 297.2482907561981 1.0012683
 299.3018390508363 1.0013111
 301.35955034520293 1.0013554
 303.42023521080415 1.0014013
 305.4868672188747 1.0014489
 307.55647279817986 1.0014983
 309.62607837748504 1.0015496
 311.7016310992595 1.0016028
 313.7801573922685 1.0016582
 315.8616572565122 1.0017158
 317.94613069199056 1.0017758
 320.03060412746884 1.0018384
 322.1210247054165 1.0019037
 324.21144528336407 1.0019719
 326.30781300378095 1.0020433
 328.4012071529632 1.002118
 330.50054844461465 1.0021964
 332.5998897362662 1.0022787
 334.70220459915236 1.0023654
 336.80451946203845 1.0024569
 338.9068343249246 1.0025535
 341.01212275904543 1.002656
 343.1203847644008 1.002765
 345.2286467697562 1.0028815
 347.33393520387693 1.0030064
 349.44517078046703 1.0031414
 351.55343278582245 1.0032885
 353.66466836241244 1.00345
 355.77293036776785 1.0036488
