 0.0E+0 0.0E+0
 9.148066714171128E-3 4.3344068467075812E-4
 0.018403745843883954 1.6058554447486914E-3
 0.02776829595376985 3.4131285103477277E-3
 0.03724299015398273 5.7607195088048065E-3
 0.046829116264267743 8.563052081053369E-3
 0.05652797697959072 0.011742657495406943
 0.06634089003769938 0.015229867077390274
 0.07626918838832246 0.018962887125676973
 0.08631422036434705 0.02288778865974246
 0.09647734985461838 0.026958011874152584
 0.10675995647871774 0.031133350973039354
 0.11716343576348656 0.0353787144295251
 0.12768919932149774 0.039663083070081844
 0.1383386750313966 0.04395896265369987
 0.14911330722005028 0.04824225692447803
 0.16001455684675192 0.05249225949874216
 0.17104390168924885 0.05669147818125345
 0.18220283653177932 0.06082529764909932
 0.19349287335505657 0.064881616023719
 0.20491554152826196 0.06885069874657684
 0.21647238800295384 0.07272527320407315
 0.22816497750918687 0.07650064235013807
 0.239994892753439 0.08017443863318482
 0.2519637346187482 0.0837459152776782
 0.2640731223668894 0.08721500927859474
 0.2763246938425604 0.09058151475216056
 0.28872010567986944 0.09384454432256781
 0.3012610335107249 0.0970022266025115
 0.3139491721755112 0.10005153224259046
 0.3267862359358511 0.10298811478239063
 0.33977395868967025 0.10580619972023944
 0.3529140941882871 0.10849871585725772
 0.36620841625582 0.11105778782774475
 0.3796587190109121 0.1134755023192889
 0.3932668170904504 0.11574477086646855
 0.4070345458758655 0.11785991717853754
 0.4209637617215015 0.11981686137894733
 0.43505634218536615 0.12161291637667265
 0.44931418626224545 0.12324646436994742
 0.46373921461908956 0.12471671057865392
 0.47833336983277896 0.1260238490753888
 0.49309861663033155 0.12716983870231132
 0.5080369421314288 0.1281595589535712
 0.5231503560934136 0.1290017079439484
 0.5384408911586833 0.12970876920594026
 0.5539106031045253 0.13029593121904545
 0.5695615710955482 0.13077975474531142
 0.5853958979383683 0.13117748870540968
 0.60141571033908 0.13150711973949441
 0.6176231591630108 0.13178781096134728
 0.6340204196971512 0.13204111581285352
 0.6506096919151497 0.13229263020324816
 0.6673932007448109 0.13257287958004823
 0.6843731963382048 0.13291733139794487
 0.7015519543445285 0.1333659413346926
 0.718931776185377 0.13396139323373923
 0.7365149893328263 0.134746431777803
 0.7543039475901144 0.1357620025568143
 0.7723010313750874 0.137046093604679
 0.7905086480061793 0.13863251056695183
 0.8089292319913135 0.14054967589708422
 0.827565245319416 0.14282054348110331
 0.8464191777546942 0.14546391532530741
 0.8654935471337126 0.14849489898673362
 0.8847908996652508 0.151923231455834
 0.9043138102329736 0.15575213487391395
 0.9240648827008671 0.1599794577980972
 0.9440467502215657 0.1645988485875832
 0.9642620755475197 0.1695997987504581
 0.9847135513450116 0.17496764940602174
 1.005403900511085 0.18068419875685667
 1.0263358764933114 0.18672855424626633
 1.047512263612546 0.19307783355845045
 1.0689358773885477 0.19970772670144343
 1.0906095648685956 0.20659313929437733
 1.1125362049589944 0.2137088810894656
 1.1347187087596097 0.221030538488391
 1.1571600199013571 0.2285355569823195
 1.1798631148867124 0.23620368813346911
 1.2028310034331997 0.2440159613157887
 1.2260667288198843 0.25195304784507394
 1.2495733682370222 0.25999437968010813
 1.2733540331385513 0.26811833398126416
 1.297411869597845 0.27630300343663444
 1.321750058666415 0.28452703441773236
 1.3463718167357392 0.2927702248961839
 1.37128039590213 0.3010139583296811
 1.3964790843347723 0.3092412007027471
 1.4219712066468532 0.31743653649428693
 1.4477601242697653 0.32558595311445143
 1.4738492358304944 0.3336766987851986
 1.5002419775321131 0.3416973159823458
 1.526941823537379 0.3496377023348988
 1.5539522863556125 0.35748919635407916
 1.5812769172325691 0.365244559245478
 1.6089193065436053 0.3728978073119085
 1.6368830841898873 0.38044403813740212
 1.6651719199979397 0.3878792411953759
 1.6937895241221592 0.39520030897783076
 1.722739647450714 0.4024049065918979
 1.7520260820144393 0.409491283172807
 1.781652661399105 0.4164581146228243
 1.811623261160678 0.42330460078059406
 1.8419417992439082 0.4300305193620321
 1.8726122364040374 0.43663637427663376
 1.9036385766317032 0.4431233592782652
 1.935024867581002 0.44949333616706566
 1.9667752010008037 0.4557486482544159
 1.9988937131691058 0.4618920346022897
 2.0313845853307146 0.4679264618995716
 2.064252044137949 0.4738550678017628
 2.0975003620946153 0.4796811089767803
 2.1311338580030416 0.48540788934795725
 2.1651568974142825 0.4910387169749701
 2.1995738930814923 0.49657685597574113
 2.2343893054163852 0.5020254890516953
 2.2696076429487264 0.5073876516709052
 2.305233462789102 0.5126662451061839
 2.3412713710945882 0.5178639662655384
 2.3777260235375492 0.5229833443642833
 2.414602125777518 0.5280266799884983
 2.4519044339360664 0.5329960666443297
 2.4896377550747024 0.537893360388033
 2.527806947675696 0.5427201931982679
 2.5664169221260126 0.5474779428781694
 2.6054726412039772 0.5521677947797767
 2.6449791205690904 0.556790730715894
 2.684941429254573 0.5613476141843357
 2.7253646901628014 0.5658392098423147
 2.7662540805636193 0.5702662491764149
 2.8076148325954584 0.5746294393342686
 2.8494522337691354 0.5789295380863826
 2.8917716274744913 0.5831673130942718
 2.9345784134896444 0.5873435751849846
 2.977878048492972 0.59145918417099
 3.0216760465776837 0.5955150415407561
 3.065977979768918 0.5995120899331887
 3.1107894785434413 0.603451312680433
 3.156116232351836 0.6073337524548299
 3.2019639901430623 0.611160447257292
 3.2483385608914807 0.61493240643875
 3.2952458141261513 0.6186505377124853
 3.3426916804624413 0.6223156386376983
 3.390682152135846 0.6259283205080435
 3.4392232835380576 0.6294890020390876
 3.488321191754937 0.6329979273898358
 3.5379820571067845 0.6364551591310054
 3.588212123690384 0.6398606555713503
 3.639017699923019 0.6432143454457645
 3.690405159088369 0.6465162300029169
 3.742380939884098 0.6497664641950593
 3.794951546971176 0.6529654473752404
 3.84812355152473 0.6561138058052558
 3.9019035917865876 0.6592123817849915
 3.95629837361899 0.6622621476614371
 4.011314671059905 0.6652641050104615
 4.0669593268795134 0.6682191635439788
 4.123239253137755 0.6711280461584961
 4.180161431743123 0.6739912248951068
 4.237732915012291 0.6768089266515778
 4.295960826230688 0.6795812122426572
 4.354852360213701 0.6823080646186435
 4.414414783868746 0.6849895367523592
 4.474655436757621 0.687625755891912
 4.535581731659468 0.6902169557124075
 4.597201155133914 0.692763407667369
 4.65952126808445 0.6952652818445276
 4.722549706321811 0.6977225328977165
 4.786294181127281 0.700134777227885
 4.8507624798157884 0.7025011834156644
 4.915962466298565 0.7048204793462274
 4.981902081645437 0.707090975099203
 5.048589344646279 0.7093106447194062
 5.116032352371791 0.71147713015545
 5.184239280733255 0.7135876258512985
 5.253218385041189 0.7156388995315474
 5.322978000562674 0.7176274462834564
 5.393526543077199 0.7195499394954061
 5.464872509431005 0.7214037010255465
 5.537024478089369 0.7231868713372492
 5.609991109687141 0.7248984291633961
 5.683781147576955 0.7265382226734759
 5.75840341837501 0.7281070173458491
 5.833866832504418 0.7296063860143743
 5.910180384735644 0.7310384222230751
 5.987353154723973 0.7324053578750216
 6.065394307543843 0.7337093327140873
 6.144313094219608 0.7349523918023068
 6.224118852252808 0.7361367184984269
 6.304821006145384 0.7372651161073134
 6.38642906791891 0.7383413235620631
 6.468952637629452 0.7393698232951564
 6.552401403877623 0.7403554118680168
 6.636785144314113 0.7413026130823258
 6.72211372613971 0.7422151473070719
 6.808397106600277 0.7430956168088116
 6.895645333475798 0.7439455034321344
 6.983868545563631 0.7447654812467726
 7.0730769731555005 0.7455559229781428
 7.163280938507978 0.7463176507856196
 7.254490856306102 0.7470525327923466
 7.3467172341199145 0.7477633083122825
 7.4399706728535974 0.748452858255869
 7.53426186718681 0.7491237267508256
 7.629601606007984 0.7497783855896774
 7.726000772839215 0.7504198156210634
 7.823470346252346 0.7510520851086788
 7.922021400276132 0.7516805764497745
 8.021665104793733 0.7523119042061268
 8.122412725930657 0.7529529167055146
 8.224275626432297 0.7536089808402898
 8.327265266031096 0.7542821169872848
 8.431393201802761 0.7549703544723593
 8.536671088511067 0.7556684741150818
 8.64311067894107 0.7563694100585797
 8.750723824220142 0.7570651142477023
 8.859522474126496 0.7577462809829347
 8.969518677384716 0.7584019955868264
 9.08072458194801 0.7590202922317868
 9.193152435266537 0.759589868821218
 9.30681458454158 0.7601029890700943
 9.421723476964859 0.7605583632395092
 9.537891659942847 0.7609620525542299
 9.655331781305314 0.7613261803432001
 9.774056589497803 0.7616671310777029
 9.894078933757507 0.7620038972443546
 10.015411764271972 0.7623548049360265
 10.138068132320328 0.762732864387588
 10.262061190396256 0.7631429705293361
 10.387404192312435 0.7635824414397777
 10.514110493285767 0.7640419377260208
 10.642193550002926 0.764505247273866
 10.771666920665607 0.7649498267581099
 10.90254426501512 0.7653517034586598
 11.034839344335385 0.7656962235643984
 11.168566021434255 0.7659874050764139
 11.303738260602131 0.7662458858493589
 11.440370127547547 0.7664958603647692
 11.57847578930908 0.7667532848635512
 11.718069514142883 0.7670219614897462
 11.859165671385437 0.7672938599640652
 12.001778731290532 0.7675551753956872
 12.145923264840329 0.7677966401458006
 12.29161394352944 0.7680190107867413
 12.43886553912157 0.7682334188033106
 12.58769292337815 0.7684591796300055
 12.738111067758041 0.7687185894710349
 12.890135043087838 0.7690311994290328
 13.043780019202135 0.7694094805524051
 13.199061264552773 0.7698534311760512
 13.355994145786719 0.770350212215378
 13.5145941272917 0.7708811339949377
 13.674876770708773 0.7714237487708183
 13.836857734411426 0.7719566638120489
 14.000552772950098 0.7724680169737418
 14.165977736461734 0.7729481506733644
 14.33314857004333 0.7733773643412452
 14.502081313089036 0.7737275132512791
 14.672792098589673 0.7739591477595833
 14.845297152394295 0.7740234031165533
 15.019612792432774 0.7738934574418709
 15.195755427898652 0.773592170898858
 15.373741558391707 0.7731784231866964
 15.553587773018972 0.7727121870750672
 15.735310749454065 0.7722413215139197
 15.918927252953413 0.7717922162139977
 16.104454135328872 0.7713810412917949
 16.291908333876104 0.7710359314823404
 16.481306870257387 0.770755280001342
 16.672666849338522 0.7704917277294538
 16.866005457978872 0.7702050519966888
 17.061339963773555 0.7698949265435908
 17.25868771374718 0.7695941834594774
 17.45806613299813 0.7693258539531352
 17.659492723292764 0.7691126276216224
 17.86298506160843 0.7690110728805412
 18.06856079862464 0.7690587942514057
 18.27623765716165 0.7692326464323139
 18.48603343056535 0.769487221587269
 18.697965981037846 0.7697804595999516
 18.9120532379128 0.7700609156900501
 19.128313195874692 0.770279845080551
 19.346763913121336 0.7704073129156256
 19.567423509468465 0.7704205779268858
 19.790310164396004 0.7703188202894776
 20.015442115034783 0.7701370993063592
 20.242837654093214 0.7699515152694411
 20.47251512772291 0.7698514933022448
 20.704492933322477 0.7698787282440143
 20.938789517278763 0.7700228335711785
 21.175423372644587 0.7702538905411841
 21.41441303675244 0.7705800153992872
 21.655777088763024 0.7710321516696972
 21.89953414714816 0.7715724718812815
 22.145702867107146 0.7720805744336632
 22.394301937915876 0.77244385273591
 22.645350080207876 0.7726440108321816
 22.898866043186735 0.7727187374650084
 23.154868601768935 0.7726995950042354
 23.41337655365664 0.7726107013195974
 23.674408716339602 0.772526024028996
 23.93798392402561 0.7725609389426363
 24.204121024498672 0.77277416660732
 24.472838875904514 0.7731320680191782
 24.744156343462552 0.7735646929418474
 25.01809229610401 0.7740101002400699
 25.29466560303524 0.7744629468067062
 25.57389513022612 0.7749512910946557
 25.855799736822543 0.7754382092864746
 26.140398271482947 0.7757908368493222
 26.427709568638054 0.7759819048752703
 26.717752444673493 0.7760462609941423
 27.010545694034895 0.7760925911149976
 27.30610808525507 0.7762045776805655
 27.604458356902824 0.7763356708860942
 27.905615213453152 0.776414615084226
 28.209597321078415 0.7762987954004527
 28.516423303360337 0.7759111988932958
 28.82611173692255 0.7752412837981388
 29.138681146983373 0.7744279284867216
 29.45415000282889 0.7736093927116718
 29.77253671320593 0.7728368544660459
 30.093859621635122 0.7721542522525652
 30.418137001643735 0.7715803809253456
 30.74538705191859 0.7712960540702667
 31.075627891378807 0.7714505134511301
 31.40887755416865 0.7717051062721975
 31.745153984570467 0.7718579704899615
 32.084475031838195 0.7718845253384086
 32.42685844495127 0.7716570290021213
 32.77232186728948 0.7712255782927793
 33.1208828312291 0.7708130558622219
 33.472558752660624 0.7707319523703857
 33.82736692542852 0.7711430884615266
 34.185324515693515 0.7718211607727375
 34.546448556218194 0.7723572405396462
 34.91075594057617 0.7725490380095624
 35.278263417285714 0.7726037957526104
 35.64898758386865 0.7728231420873353
 36.0229448808351 0.7734604133372185
 36.400151585595274 0.774435962680486
 36.78062380629883 0.7755336087044841
 37.16437747560316 0.7766752045448799
 37.55142834437162 0.7778329569446434
 37.94179197530257 0.7790057101283613
 38.33548373649087 0.7802912133417301
 38.73251879492266 0.7816741055143956
 39.13291210990532 0.7827405526785467
 39.53667842643332 0.783316843550837
 39.943832268492485 0.783314574803567
 40.354387932303 0.782530454518097
 40.768359479504084 0.781140358155082
 41.18576073028114 0.7796177635590958
 41.6066052564376 0.7781389031345669
 42.030906374413504 0.7761843888097575
 42.458677138252376 0.7735695367875044
 42.88993033251894 0.7708618608870357
 43.32467846516938 0.7689444234259979
 43.76293376037685 0.7677113967227275
 44.204708151313994 0.7667343353576909
 44.650013272895584 0.7663426710472608
 45.09886045448287 0.7664679871773533
 45.55126071255335 0.7664152808466154
 46.007224743337346 0.7657438091856603
 46.46676291542532 0.7646022175133609
 46.92988526234786 0.7632596551723956
 47.396601475132 0.761879825241099
 47.86692089483603 0.7593268021870059
 48.34085250506685 0.7538831192401949
 48.81840492448237 0.7457292372022316
 49.299586399282425 0.7360367208086814
 49.78440479569164 0.7249682718541698
 50.27286759243754 0.7114150123330624
 50.764981873227704 0.6945461502523935
 51.26075431922908 0.6747671834109625
 51.760191201553816 0.6506445702372053
 52.26329837375468 0.6259615710877262
 52.77008126433471 0.5891754421396997
 53.280544869274024 0.5146813305834591
 53.7946937445791 0.41575308261319654
 54.31253199885715 0.3300840733586748
 54.8340632859214 0.26455317409796846
 55.359290797429714 0.21748908678587808
 55.88821725556277 0.1832415143896313
 56.42084490574448 0.15721899244314507
 56.95717550941029 0.13664158568968573
 57.497210336827656 0.1198876970825488
 58.04095015997254 0.10595635568032694
 58.588395245467914 0.09418674799398095
 59.13954534758765 0.08411894638970836
 59.69439970133172 0.07541988831446984
 60.2529570155765 0.06784084664470336
 60.815215466306163 0.061191436949015666
 61.38117268992903 0.05532294476590958
 61.95082577668486 0.05011720732978088
 62.52417126414702 0.045478969854637084
 63.101205130825974 0.04133047231207632
 63.68192278987761 0.037607538116813075
 64.26631908292313 0.03425668303086726
 64.85438827398428 0.03123293860459361
 65.44612404354041 0.028498197567838886
 66.0415194827111 0.026019933484141652
 66.6405670875712 0.023770194185161772
 67.24325875360236 0.02172481193364353
 67.84958577028647 0.01986276988409911
 68.45953881584701 0.018165693905219434
 69.07310795214246 0.01661744085059721
 69.69028261971819 0.015203761986661473
 70.31105163302067 0.013912026915043929
 70.935403175781 0.012730995597552001
 71.56332479657108 0.011650628884834802
 72.19480340453909 0.010661929942530136
 72.82982526532851 9.75681152253373E-3
 73.46837599718644 8.927984651396263E-3
 74.11044056726543 8.168861330190177E-3
 74.75600328812509 7.473475377387846E-3
 75.40504781443693 6.836411806079834E-3
 76.0575571398989 6.252747133399753E-3
 76.71351359436322 5.717997468660959E-3
 77.3728988411826 5.228073658423443E-3
 78.03569387478049 4.7792414021458574E-3
 78.70187901844822 4.3680873158196374E-3
 79.37143392237537 3.991487807850452E-3
 80.04433756191624 3.6465824975690686E-3
 80.7205682360981 3.3307502873151217E-3
 81.40010356637443 3.0415877439865482E-3
 82.08292049562763 2.7768899560894825E-3
 82.76899528742577 2.534633528066097E-3
 83.45830352553585 2.31296092075737E-3
 84.15082011369911 2.1101664816634106E-3
 84.8465192756703 1.9246837991993136E-3
 85.54537455552583 1.7550740908947081E-3
 86.24735881824273 1.6000157464241186E-3
 86.95244425055337 1.4582947833049776E-3
 87.66060236207666 1.3287961076193042E-3
 88.37180398673102 1.2104954802028998E-3
 89.08601928442981 1.1024521873959334E-3
 89.80321774306316 1.0038023829087264E-3
 90.52336818076735 9.137529505662884E-4
 91.24643874848519 8.315756812422235E-4
 91.9723969328179 7.56602236815932E-4
 92.70120955917184 6.882192709987926E-4
 93.43284279520014 6.258640622528124E-4
 94.16726215454166 5.690204331265126E-4
 94.90443250085835 5.172150235381545E-4
 95.64431805217102 4.7001383990703164E-4
 96.38688238549592 4.270191048753512E-4
 97.13208844178071 3.8786631085287192E-4
 97.87989853114209 3.522215287344095E-4
 98.63027433840317 3.1977894205052726E-4
 99.38317692893273 2.902585688577105E-4
 100.13856675478338 2.6340413240360843E-4
 100.89640366113055 2.3898111903278648E-4
 101.65664689300932 2.167750178182894E-4
 102.41925510234984 1.9658965541069335E-4
 103.18418635530819 1.7824568983544538E-4
 103.9513981398932 1.615792088383216E-4
 104.72084737388514 1.4644045316164982E-4
 105.49249041304644 1.3269263053814972E-4
 106.26628305962032 1.2021084295363504E-4
 107.04218057111605 1.088810610878231E-4
 107.82013766937759 9.859924024207434E-5
 108.60010854993219 8.927045035531866E-5
 109.38204689161691 8.080810595704283E-5
 110.16590586647777 7.31332707607167E-5
 110.95163814993975 6.617398395365189E-5
 111.73919593124184 5.986466878057737E-5
 112.52853092413456 5.4145582309922344E-5
 113.31959437783385 4.896230861446771E-5
 114.11233708822853 4.426529591726708E-5
 114.90670940933414 4.000943187424516E-5
 115.70266126499068 3.615365542948227E-5
 116.50014216079592 3.2660598067563154E-5
 117.29910119627174 2.94962580081644E-5
 118.0994870772549 2.6629700094364217E-5
 118.90124812850856 2.4032783040219162E-5
 119.70433230654633 2.1679907553455296E-5
 120.50868721266414 1.9547785652574204E-5
 121.31426010617228 1.7615231561419165E-5
 122.12099791782066 1.5862967786044837E-5
 122.92884726341165 1.4273450289359199E-5
 123.73775445759097 1.283070412539977E-5
 124.5476655278121 1.1520178742091738E-5
 125.35852622846414 1.0328608979238083E-5
 126.17028205515712 9.243893108961116E-6
 126.98287825915642 8.254976181748377E-6
 127.79625986195745 7.351746868712876E-6
 128.61037166999454 6.524939175189507E-6
 129.4251582894732 5.766043816846536E-6
 130.24056414131968 5.067225081252018E-6
 131.05653347623757 4.421244283757164E-6
 131.87301038986447 3.821387910380116E-6
 132.68993883801795 3.2614007314327326E-6
 133.5072626520247 2.735421874559822E-6
 134.32492555412125 2.2379246221167985E-6
 135.14287117291917 1.7636570322743795E-6
 135.96104305892538 1.3075833803843946E-6
 136.7793847001077 8.648226634613035E-7
 137.5978395374974 4.305823384338673E-7
 138.41635098081985 3.4860756985321256E-16
