 0.0E+0 0.0E+0
 3.1989315544544865E-3 4.602223045873893E-3
 6.435493436986286E-3 0.016267599008324716
 9.710125747371493E-3 0.033325492923039476
 0.013023273671721111 0.05435447171695482
 0.01637538753985322 0.07818232329095089
 0.019766922883210934 0.10388493499095444
 0.023198340493455864 0.13076682699613226
 0.026670106481634297 0.15832143866552081
 0.0301826923380352 0.18618628001810894
 0.03373657499261547 0.2141043752933877
 0.037332236876116996 0.24189395944921485
 0.04097016598179426 0.2694249504626073
 0.04465085592782292 0.29660159597414526
 0.04837480602036209 0.32335094410910253
 0.052142521317249085 0.34961604112063615
 0.055954512692412625 0.3753518263628905
 0.05981129690092395 0.40052203425817806
 0.06371339664475016 0.42509685097106136
 0.06766134063918867 0.4490512564207355
 0.07165566368000402 0.47236367732043382
 0.07569690671123476 0.4950147820925415
 0.07978561689377317 0.5169873754113031
 0.08392234767457718 0.5382673266456826
 0.08810765885665492 0.558844539193307
 0.09234211666976272 0.5787135921350129
 0.09662629384180574 0.5978742152193913
 0.1009607696710432 0.6163310042274664
 0.10534613009895902 0.6340918479206836
 0.10978296778393173 0.6511655205507221
 0.11427188217563401 0.6675593752981562
 0.11881347959023737 0.6832790634068675
 0.1234083732863249 0.6983294869505171
 0.12805718354161443 0.7127156117257487
 0.1327605377304922 0.7264437282123346
 0.13751907040224381 0.739522346827661
 0.14233342336018747 0.7519625188695173
 0.14720424574153143 0.7637787709046312
 0.15213219409806352 0.7749880856574373
 0.15711793247766756 0.7856066144536009
 0.16216213250663405 0.7956479873177612
 0.16726547347280315 0.8051250133956499
 0.17242864240956123 0.8140525909126503
 0.1776523341806484 0.8224495035342914
 0.1829372515658302 0.8303386047341046
 0.18828410534740716 0.8377447702160841
 0.193693614397578 0.8446920465381316
 0.19916650576671102 0.8512015690385283
 0.20470351477240372 0.8572901470732831
 0.21030538508951596 0.8629698254536449
 0.21597286884100236 0.8682498620867665
 0.22170672668967955 0.873139766429268
 0.2275077279308909 0.8776487567197184
 0.23337665058604592 0.8817854568221335
 0.23931428149707364 0.8855586799875239
 0.24532141642183744 0.8889778096149098
 0.25139886013039314 0.8920511821603553
 0.2575474265022302 0.8947835572223529
 0.2637679386244211 0.8971745009339533
 0.2700612288907381 0.8992199361610596
 0.2764281391016555 0.9009167108851468
 0.2828695205653743 0.902264543329317
 0.2893862341997592 0.9032637787836909
 0.2959791506352434 0.9039136091936708
 0.302649150318711 0.9042132607298011
 0.3093971236183529 0.9041625205286385
 0.31622397092950527 0.903762358576122
 0.32313060278145566 0.9030148381690547
 0.3301179399452603 0.9019214702869783
 0.33718691354255403 0.9004848757761749
 0.3443384651553569 0.898708488560108
 0.3515735469368993 0.8965977067357853
 0.3588931217234387 0.894161791861317
 0.3662981631471228 0.8914084479358019
 0.37378965574985323 0.8883437010822357
 0.3813685950981975 0.8849778497126602
 0.3890359878993112 0.8813236238276096
 0.3967928521179195 0.8773908782510123
 0.4046402170943314 0.8731906311033112
 0.41257912366351146 0.8687420666289238
 0.42061062427519113 0.8640720725165232
 0.42873578311503235 0.8592082959086522
 0.43695567622689396 0.8541700594347305
 0.4452713916360926 0.8489623565639868
 0.45368402947380354 0.8435836522945022
 0.46219470210249374 0.838039901588708
 0.47080453424244683 0.8323419929652458
 0.4795146630993519 0.8264979901228998
 0.48832623849300055 0.8205208451627585
 0.4972404229870648 0.8144352393805865
 0.5062583920199497 0.8082718459657094
 0.5153813340367605 0.8020470724184845
 0.5246104506223542 0.7957601157659364
 0.5339469566354785 0.7894058490169332
 0.5433920803440561 0.7829806178683703
 0.5529470635615169 0.7764886490229571
 0.5626131617842823 0.7699361603198095
 0.5723916443303124 0.7633081546176106
 0.5822837944788217 0.7565830552278245
 0.5922909096110321 0.7497546937354418
 0.6024143013521093 0.7428330984366696
 0.6126552957141465 0.7358371773129654
 0.6230152332403285 0.7287906477188929
 0.6334954691501415 0.721722461021408
 0.6440973734857467 0.7146645860250206
 0.6548223312594439 0.7076436990571876
 0.665671742602255 0.7006762278591756
 0.6766470229136096 0.6937807406320904
 0.6877496030121695 0.6869691068640948
 0.6989809292877148 0.6802383646443884
 0.7103424638541945 0.6735810150595825
 0.7218356847038331 0.6669957996248395
 0.7334620858623812 0.6604915874434422
 0.7452231775454373 0.6540720229952481
 0.757120486315876 0.6477313349677067
 0.7691555552423859 0.6414677722866198
 0.7813299440590862 0.6352894494789243
 0.7936452293262032 0.6292047090123125
 0.8061030045918938 0.6232034271109668
 0.8187048805550823 0.6172701006403841
 0.8314524852293913 0.6114038088024148
 0.8443474641081515 0.6056169323473697
 0.8573914803304554 0.5999299626906086
 0.8705862148482701 0.5943542027981964
 0.8839333665945759 0.5888881218183248
 0.8974346526525875 0.5835230133182596
 0.9110918084259351 0.5782544556003375
 0.9249065878099435 0.5730940759263242
 0.9388807633638682 0.568053851565416
 0.9530161264841397 0.5631349270036714
 0.9673144875786166 0.5583329826238649
 0.9817776762418188 0.5536561624097703
 0.996407541431097 0.5491367157737469
 1.0112059516437965 0.5448134290061385
 1.0261747950953346 0.5407163269980995
 1.0413159798982327 0.5368698319835106
 1.0566314342420541 0.5332901998652956
 1.0721231065742247 0.5299779247928738
 1.0877929657817622 0.5269259029198549
 1.103643001373878 0.5241238731211095
 1.1196752236654081 0.5215607897358756
 1.135891663961104 0.5192298846038006
 1.1522943747407194 0.517123627115776
 1.168885429844906 0.5152256835754718
 1.1856669246618813 0.5135149145472494
 1.2026409763148842 0.5119802558233973
 1.2198097238502934 0.5106232400952495
 1.2371753284265534 0.5094523508711852
 1.2547399735037165 0.508473424204612
 1.2725058650336784 0.5076931380050824
 1.290475231651068 0.5071294360348632
 1.3086503248647307 0.5067987666178035
 1.327033419249818 0.5066945949285047
 1.3456268126404098 0.5067970261499568
 1.364432826322731 0.5070914305280373
 1.3834538052287757 0.5075647041208119
 1.4026921181304916 0.5081983863832116
 1.4221501578343738 0.5089709050089781
 1.44183034137643 0.5098643679286287
 1.461735110217581 0.5108638589792128
 1.4818669304393552 0.5119549133312156
 1.502228292939911 0.5131247272883458
 1.52282171363028 0.5143632633179054
 1.543649733630916 0.5156594569677905
 1.5647149194683394 0.5169990404291179
 1.5860198632719961 0.5183696030649813
 1.6075671829711788 0.5197634664539367
 1.6293595224920327 0.5211754041594573
 1.651399551954558 0.5225987879721193
 1.6736899678695915 0.5240250869266072
 1.6962334933357094 0.525446956506604
 1.7190328782359818 0.526857874885105
 1.742090899434597 0.5282504344961191
 1.7654103609731903 0.5296195123990568
 1.7889940942669417 0.5309636130606201
 1.812844958300313 0.532283545136016
 1.8369658398223982 0.533584125122507
 1.8613596535418157 0.5348726333690924
 1.8860293423210732 0.5361541607776132
 1.9109778773704173 0.5374316517860989
 1.9362082584409565 0.5387074316236535
 1.9617235140171747 0.5399821804355402
 1.9875267015086317 0.5412552078222553
 2.0136209074408166 0.5425244221650851
 2.040009247645144 0.5437860722287694
 2.0666948674479392 0.5450365601958869
 2.093680941858383 0.5462746885079427
 2.1209706757553563 0.5475020903241593
 2.148567304073041 0.5487219858507115
 2.176474091985299 0.5499372639671103
 2.2046943350886305 0.5511489778458774
 2.233231359583741 0.5523557938224938
 2.262088522455579 0.5535544704801937
 2.291269211651696 0.5547408390911787
 2.32077684625902 0.555909924338373
 2.3506148766787062 0.5570552685925789
 2.380786784799221 0.558168717779707
 2.4112960841673545 0.5592418707309111
 2.4421463201572075 0.5602687823039275
 2.4733410701369855 0.561247336348387
 2.50488394363352 0.5621778856413053
 2.5367785824943887 0.5630605680903387
 2.5690286610475574 0.5638931546718476
 2.601637886258438 0.5646713005129182
 2.634609997884216 0.5653914423097195
 2.6679487686253664 0.5660538263355492
 2.701658004274233 0.5666642350250564
 2.735741543860524 0.5672334035286204
 2.7702032597936923 0.5677734228157537
 2.8050470580019317 0.5682935747841902
 2.8402768780678355 0.5687994580190104
 2.875896693360413 0.569295669667475
 2.911910511163484 0.5697880810518362
 2.948322372800238 0.5702830964586715
 2.985136353753808 0.5707872114650218
 3.0223565637837914 0.5713066813796911
 3.059987147038507 0.5718462248959563
 3.098032282162887 0.5724089607419233
 3.136496182401812 0.5729940533473356
 3.1753830956988156 0.5735939714117002
 3.2146973047899116 0.5741959767600172
 3.2544431272924745 0.5747863889043346
 3.2946249157889253 0.5753518279387153
 3.335247057905168 0.5758796296315859
 3.3763139763835163 0.5763608617064194
 3.41783012915 0.5767939697836387
 3.4598000093758627 0.5771887588432753
 3.5022281455330626 0.5775657422192028
 3.5451191014436544 0.5779464293151562
 3.5884774763227924 0.5783436622939842
 3.6323079048152506 0.5787642872617059
 3.6766150570252267 0.5792174634524336
 3.7214036385392637 0.5797120835229081
 3.7666783904420717 0.580249163389799
 3.812444089325128 0.5808252277695148
 3.858705547287724 0.5814393222998888
 3.9054676119304372 0.5820897241329672
 3.952735166340655 0.5827681732569873
 4.000513129070054 0.5834564499180658
 4.048806454103791 0.5841222925793806
 4.097620130821184 0.5847247458063337
 4.1469591839477084 0.5852252329415434
 4.196828673497999 0.5856030726365855
 4.247233694709778 0.5858622204677211
 4.298179377968355 0.5860358757600563
 4.349670888721522 0.5861851348020548
 4.401713427384669 0.5863755155807565
 4.454312229235768 0.5866547765986898
 4.507472564300089 0.5870347877505856
 4.561199737224402 0.5874962146268611
 4.615499087140343 0.5880416355537554
 4.670375987516797 0.5886873566971487
 4.725835846001022 0.5894076844816751
 4.781884104248197 0.5901617680621731
 4.838526237739275 0.5909358966110684
 4.895767755586737 0.591719933020247
 4.953614200328128 0.5924855808393154
 5.01207114770699 0.5931837329687043
 5.071144206441065 0.5937445996870394
 5.130839017977338 0.5941099916830981
 5.191161256233825 0.5942724308758373
 5.252116627327721 0.5942769832762804
 5.313710869289656 0.5941769314953448
 5.375949751763861 0.5940189731235093
 5.438839075693816 0.5938599477324559
 5.502384672993309 0.5937377886821823
 5.566592406202422 0.5936158608498174
 5.631468168128279 0.5934448842626171
 5.697017881470313 0.5932799242272088
 5.763247498429601 0.5932007263560665
 5.830163000302159 0.5932074627668337
 5.8977703970558215 0.5932642061528829
 5.966075726890422 0.593363010773062
 6.035085055781003 0.593508081541833
 6.104804477003754 0.5936539950631436
 6.175240110644416 0.593730289366948
 6.246398103088799 0.5936690762240714
 6.31828462649518 0.5933945837445476
 6.390905878248285 0.5929446575203974
 6.464268080394521 0.5924060103793443
 6.538377479058205 0.5918784573389976
 6.613240343838476 0.5914453602395293
 6.688862967186603 0.5911787637473166
 6.765251663763443 0.590995614237198
 6.842412769776647 0.5907170170899733
 6.920352642297472 0.590285593350232
 6.999077658556772 0.5896730219083419
 7.078594215219981 0.5888268743182383
 7.158908727640761 0.5877276289266216
 7.240027629093023 0.5865134593989327
 7.321957369981075 0.5853946049865167
 7.404704417027567 0.5845707414325518
 7.4882752524390294 0.5841178491941054
 7.5726763730486554 0.583864148685437
 7.657914289436091 0.5837052969235546
 7.743995525024001 0.5836905570036381
 7.830926615151077 0.5838179993826917
 7.918714106121274 0.5841090202175195
 8.007364554229039 0.58472204204183
 8.096884524760197 0.5856289526397566
 8.187280590968369 0.5867327687289485
 8.278559333026568 0.587959627959995
 8.370727336953838 0.5890879382922246
 8.463791193516611 0.5898610395679422
 8.557757497104642 0.590180166359732
 8.652632844581241 0.5903431999720954
 8.748423834107678 0.5906504151483203
 8.845137063941431 0.5913530832912948
 8.942779131208235 0.5923890512807481
 9.041356630647588 0.5934279738485606
 9.140876153331696 0.5943318986010838
 9.241344285357556 0.5950585923904442
 9.342767606512092 0.5955223768636013
 9.445152688910161 0.5957110792543822
 9.548506095605326 0.5955570908948995
 9.652834379173223 0.5951842019435702
 9.758144080267423 0.5946210770087701
 9.86444172614769 0.5937151385626231
 9.971733829180529 0.5924075897152872
 10.080026885311954 0.591077629706594
 10.189327372512366 0.5897862515752885
 10.299641749193574 0.5883605661219462
 10.410976452597774 0.5870949069866402
 10.523337897158617 0.5865820636270669
 10.636732472834202 0.5871539545581933
 10.75116654341213 0.5882501759602109
 10.86664644478652 0.5893539169690359
 10.983178483207093 0.5901267509789321
 11.100768933500301 0.590434780398373
 11.219424037262694 0.5904290194507457
 11.339150001026447 0.5906928914517607
 11.459952994397232 0.5914459367762852
 11.581839148164594 0.5925756602728945
 11.704814552384859 0.5937120438019068
 11.82888525443684 0.5945512058260083
 11.954057257050392 0.5949562705721316
 12.080336516308195 0.595011866788769
 12.207728939620786 0.5947394819071341
 12.336240383675184 0.5943580765498424
 12.465876652357386 0.594247676588048
 12.596643494648925 0.5940444675059545
 12.728546602497918 0.5936996978244589
 12.861591608664805 0.5931430504273316
 12.995784084543194 0.5923632715695151
 13.131129537956259 0.5914577961556161
 13.267633410928898 0.5909775798926193
 13.405301077436304 0.5909308845003485
 13.54413784112919 0.5912380564620349
 13.684148933036353 0.5916133183187929
 13.825339509244815 0.591699410802256
 13.967714648558438 0.5916425506817417
 14.11127935013511 0.5910232893530691
 14.256038531103531 0.5903832639799206
 14.401997024159895 0.5900576418939845
 14.549159575145218 0.5893290660663045
 14.697530840604056 0.589495098218471
 14.847115385325125 0.5910569850611679
 14.997917679864752 0.5933489287240314
 15.149942098053712 0.5957776168575911
 15.303192914488427 0.5979803687224543
 15.45767430200712 0.5976877705911016
 15.613390329152054 0.5942281759325496
 15.770344957618342 0.5902459046690776
 15.928542039690686 0.5876283371549863
 16.087985315668515 0.5854316861965867
 16.248678411280877 0.5825091922188178
 16.410624835091773 0.5787248407887179
 16.57382797589724 0.5742833357672
 16.73829110011488 0.5707804869355358
 16.904017349167286 0.5680151248813279
 17.0710097368603 0.563808984165857
 17.239271146757143 0.5585906205439252
 17.408804329549852 0.5538852304278954
 17.579611900428957 0.5477027427200392
 17.751696336452877 0.5396751971260426
 17.92505997391806 0.5289267292394879
 18.0997050057314 0.5155953917687539
 18.275633478786 0.4982419752968318
 18.45284729134191 0.47646155214355906
 18.631348190412904 0.44941189397647524
 18.81113776916104 0.41550257684237756
 18.99221746430008 0.3781496802716114
 19.174588553509636 0.3365678140104071
 19.358252152861052 0.29408895707710513
 19.543209214257057 0.25199736093524083
 19.72946052288621 0.21202425028900423
 19.917006694694123 0.17592121004584757
 20.105848173872857 0.14536486143123594
 20.295985230369964 0.12090629405922071
 20.487417957419207 0.10192281952614471
 20.680146269094116 0.0872502997230055
 20.874169897886506 0.07577737478001174
 21.069488392311242 0.06660438765834154
 21.266101114539385 0.05906748526355061
 21.46400723806099 0.05272528059674355
 21.663205745379784 0.04729322247703837
 21.86369542574095 0.04258062386990751
 22.065474872894384 0.03845258418119313
 22.268542482894595 0.03480928564462052
 22.472896451939622 0.031574310439616615
 22.67853477425027 0.028687602837355382
 22.885455239991973 0.026100979515037186
 23.093655433240567 0.02377512842572152
 23.3031327299943 0.02167753174548388
 23.513884296233673 0.019780968109620874
 23.725907086030822 0.018062421881848363
 23.939197839710683 0.016502258447015784
 24.153753082065275 0.015083595155115315
 24.369569120623406 0.013791812744733446
 24.586642043977224 0.01261417110822785
 24.804967720167852 0.011539502673995155
 25.024541795131465 0.01055796651236924
 25.245359691208093 9.660849322869968E-3
 25.467416605714507 8.840401598289218E-3
 25.690707509583415 8.089703583756852E-3
 25.91522714607024 7.40255406755439E-3
 26.140970029529803 6.773377043211347E-3
 26.367930444264057 6.197144198869237E-3
 26.59610244344315 5.669308867471223E-3
 26.82547984810106 5.18575017414817E-3
 27.056056246207642 4.742725116445961E-3
 27.28782499181895 4.336827776720408E-3
 27.520779204306958 3.964953642275198E-3
 27.754911767670797 3.6242692271625034E-3
 27.99021532993057 3.3121847008152596E-3
 28.22668230260573 3.0263310103596932E-3
 28.464304860279057 2.7645386212678422E-3
 28.703074940247994 2.5248192653033805E-3
 28.942984242264675 2.3053500266754785E-3
 29.18402422836578 2.1044580740341165E-3
 29.42618612279391 1.9206081699564571E-3
 29.669460912011363 1.7523906430847164E-3
 29.91383934480786 1.5985108723455781E-3
 30.159311932503026 1.4577796651461844E-3
 30.405868949245228 1.3291045439661592E-3
 30.65350043240719 1.2114817935847876E-3
 30.902196183080043 1.1039892753637245E-3
 31.151945766666212 1.0057798558472763E-3
 31.402738513572433 9.160752734302188E-4
 31.6545635200033 8.341607259144648E-4
 31.907409648856603 7.593796240518686E-4
 32.16126553072058 6.91129177176136E-4
 32.41611956497428 6.288558503457782E-4
 32.67195992099103 5.720516049191312E-4
 32.92877453944593 5.202501947843123E-4
 33.186551133727604 4.730238441006498E-4
 33.44527719145439 4.299801627231347E-4
 33.70493997609562 3.9075932449490475E-4
 33.96552652869774 3.5503146037822215E-4
 34.22702366971572 3.2249421070755E-4
 34.48941800094948 2.928705606943538E-4
 34.75269590758571 2.659067607214261E-4
 35.01684356034433 2.4137042941313935E-4
 35.28184691773007 2.1904885008538037E-4
 35.54769172838827 1.9874735177239532E-4
 35.81436353356503 1.80287822716477E-4
 36.08184766967067 1.6350736695236502E-4
 36.350129270946766 1.482570399495844E-4
 36.61919327223511 1.3440070239862278E-4
 36.88902441184896 1.2181395322759173E-4
 37.15960723454477 1.1038315612562942E-4
 37.43092609459435 1.0000453505896729E-4
 37.702965158955954 9.05833548741961E-5
 37.97570841054338 8.20331512226671E-5
 38.24913965159219 7.427503755692367E-5
 38.52324250712126 6.723705743472205E-5
 38.79800042848912 6.085359913654063E-5
 39.07339669704285 5.506484965851627E-5
 39.34941442785893 4.981629761089142E-5
 39.62603657357354 4.50582771557296E-5
 39.90324592830168 4.0745545212345665E-5
 40.18102513164238 3.6836901389123245E-5
 40.459356672769203 3.329483153024568E-5
 40.738222894603175 3.0085183965346073E-5
 41.0176059980671 2.717687603993753E-5
 41.29748804641844 2.4541619356531167E-5
 41.577850969659344 2.2153672834399973E-5
 41.85867656902108 1.998961192421125E-5
 42.13994652152095 1.8028122157396442E-5
 42.42164238458942 1.6249806466514594E-5
 42.70374560076468 1.4637010431048922E-5
 42.98623750245285 1.3173660588244361E-5
 43.2690993167504 1.1845118419049476E-5
 43.552312170327304 1.0638044081205612E-5
 43.83585709436735 9.540273377444488E-6
 44.11971502956341 8.540703839877878E-6
 44.40386683116501 7.629190339840682E-6
 44.68829327407478 6.796448217070735E-6
 44.97297505799198 6.0339656436192964E-6
 45.25789281259908 5.3339205685633505E-6
 45.54302710278937 4.689105069113002E-6
 45.82835843393201 4.092854522275856E-6
 46.11386725717208 3.5389809776326635E-6
 46.39953397476187 3.021710438291722E-6
 46.68533894542121 2.535623118402283E-6
 46.97126248972282 2.075595187235576E-6
 47.25728489550035 1.6367410768727353E-6
 47.54338642327543 1.214353616525306E-6
 47.82954731170084 8.038377650027431E-7
 48.115747783016395 4.006337725472778E-7
 48.4019680485147 1.7585152915516518E-16
