 1.5994672351471923E-3 9.4743165E-8
 4.817205870028425E-3 1.4396356E-6
 8.07280291091827E-3 6.3962621E-6
 0.01136671817651319 1.7393922E-5
 0.014699314681573549 3.6321028E-5
 0.01807115711572658 6.4132205E-5
 0.021482648828706017 1.0076993E-4
 0.02493423350521897 1.4534868E-4
 0.028426395164945932 1.9645627E-4
 0.031959617827567385 2.5245711E-4
 0.03553442584773719 3.1173451E-4
 0.039151182240215694 3.7284789E-4
 0.04281033068971004 4.3460761E-4
 0.04651267789568767 4.9608771E-4
 0.05025858687290897 5.5660304E-4
 0.05404846097110767 6.1567221E-4
 0.05788270354001751 6.7297712E-4
 0.061762524628839694 7.2832433E-4
 0.06568752088784051 7.816123E-4
 0.0696584990164874 8.3280685E-4
 0.07367626571424786 8.8192189E-4
 0.07774122433085562 9.2900082E-4
 0.08185418156577816 9.7409848E-4
 0.08601513741901547 1.0172697E-3
 0.09022489859003503 1.0585656E-3
 0.09448427177830432 1.0980343E-3
 0.09879366033355708 1.1357274E-3
 0.10315346760552704 1.1717081E-3
 0.10756450029368168 1.2060542E-3
 0.11202756509748847 1.2388548E-3
 0.11654266201694742 1.2702022E-3
 0.12111100110125973 1.3001758E-3
 0.12573258235042542 1.3288322E-3
 0.1304090191633794 1.3562115E-3
 0.135139908190388 1.3823454E-3
 0.1399260561309186 1.4072598E-3
 0.1447686730341725 1.4309791E-3
 0.14966816224988338 1.4535242E-3
 0.15462492712778505 1.4749033E-3
 0.15964017771707864 1.4951133E-3
 0.1647139140177642 1.514155E-3
 0.16984694272930916 1.532037E-3
 0.17504047390091481 1.5487673E-3
 0.18029491088231483 1.5643537E-3
 0.18561065702324294 1.5788081E-3
 0.1909889223729004 1.5921527E-3
 0.19643011028102094 1.6044249E-3
 0.201935027447072 1.6156742E-3
 0.20750448057052106 1.6259464E-3
 0.21313927635083568 1.6347169333238444E-3
 0.2188398181377495 1.6435898E-3
 0.22460731598046376 1.650893E-3
 0.2304421732287122 1.6571218E-3
 0.23634559993169604 1.6622488E-3
 0.242317999439149 1.6662616E-3
 0.24836017845053862 1.6691539E-3
 0.2544729436653323 1.6709351E-3
 0.2606575051327312 1.6716312E-3
 0.266914669552203 1.6712558E-3
 0.2732448402734812 1.6697851E-3
 0.27964882399603346 1.6671791E-3
 0.2861278307690609 1.6634143E-3
 0.292682667292031 1.6584796E-3
 0.2993141402644112 1.6523844E-3
 0.3060230563856691 1.6451897E-3
 0.3128106257050058 1.6369717E-3
 0.3196772515721551 1.6277543E-3
 0.3266241440363182 1.6175243E-3
 0.33365251314669625 1.6062664E-3
 0.3407627622530231 1.5939372E-3
 0.3479561014044998 1.5804739E-3
 0.35523333730059403 1.5658686E-3
 0.36259567999050684 1.5501924E-3
 0.37004393617370573 1.5335448E-3
 0.37757931589939203 1.5160491E-3
 0.38520222251729935 1.4977971E-3
 0.3929142694263627 1.4787972E-3
 0.4007166666757832 1.4590656E-3
 0.408609414265561 1.4386672E-3
 0.41659573899356594 1.4176398E-3
 0.4246748341603306 1.3959757E-3
 0.43284669976585476 1.373676E-3
 0.441115369307476 1.3507795E-3
 0.44947680928785693 1.3273307E-3
 0.45793908670167227 1.3033068E-3
 0.46649816805158467 1.2787053E-3
 0.4751580868349314 1.2536017E-3
 0.4839188430517125 1.2280244E-3
 0.4927844701992655 1.2019844E-3
 0.5017509347802529 1.175569E-3
 0.5108182367946745 1.1488683E-3
 0.5199944432372054 1.1219325E-3
 0.5292795541078456 1.0948255E-3
 0.5386695359092574 1.0675815E-3
 0.5481684221387785 1.0401551E-3
 0.5577802462937459 1.012517E-3
 0.5675009748768226 9.8469294E-4
 0.5773386748826832 9.5673008E-4
 0.5872893128139904 9.28736E-4
 0.5973528886707441 9.010626669854554E-4
 0.6075334359502816 8.7306768E-4
 0.6178349881499406 8.4559582E-4
 0.6282535117723834 8.1852284E-4
 0.6387970738122848 7.9187479E-4
 0.6494616407723075 7.6562492E-4
 0.6602472126524516 7.3978409E-4
 0.6711578229500543 7.1436328E-4
 0.6821975051624529 6.8943343E-4
 0.6933662592896477 6.6502146E-4
 0.7046600518343012 6.4105258E-4
 0.7160909832884255 6.1741234E-4
 0.7276469531600083 5.9405469E-4
 0.7393440954383993 5.7095332E-4
 0.7511703096315864 5.4807269E-4
 0.7631376962315817 5.2554851E-4
 0.7752422217410477 5.0365037E-4
 0.787487919657322 4.8243002E-4
 0.7998747899804043 4.6180212E-4
 0.8124028327102949 4.4180754E-4
 0.8250801148416684 4.2254822E-4
 0.8378985693798501 4.0392105E-4
 0.8508702968168519 3.8567006E-4
 0.8639872301579994 3.6767172E-4
 0.8772614698953045 3.4994364E-4
 0.8906849490340927 3.3255251E-4
 0.904261701071701 3.1558224E-4
 0.9179997930028044 2.990814E-4
 0.9318951913300656 2.8299647E-4
 0.9459478960534843 2.6724963E-4
 0.9601659741677355 2.5188904E-4
 0.9745453921754817 2.3702525E-4
 0.9890942170713978 2.2276676E-4
 1.0038084153581463 2.0915888E-4
 1.0186920205330645 1.9609283E-4
 1.0337450325961525 1.83417E-4
 1.0489755185420852 1.7114965E-4
 1.0643754113761876 1.5932133E-4
 1.0799568115904718 1.4792049E-4
 1.0957197191849381 1.3701686E-4
 1.111660100662249 1.2661739E-4
 1.1277819895197418 1.1661542E-4
 1.1440934527520913 1.0702895E-4
 1.16059045686196 9.801298E-5
 1.1772770353466857 8.9658422E-5
 1.1941531882062677 8.1957397E-5
 1.2112269824353811 7.482829E-5
 1.228494384536689 6.8129538E-5
 1.245959428007528 6.185101E-5
 1.2636221128478983 5.6064793E-5
 1.281490506052475 5.0814771215688484E-5
 1.299564607621258 4.5504309E-5
 1.3178403840569095 4.0783042E-5
 1.3363299358514422 3.6579188E-5
 1.3550292295075185 3.2872537E-5
 1.3739422985224754 2.9636505E-5
 1.393073176393651 2.6810382E-5
 1.4124218631210447 2.4309612E-5
 1.431988358704657 2.2093211E-5
 1.4517807301391618 2.0115031E-5
 1.4718030109218975 1.8301653E-5
 1.4920471340581886 1.6613891E-5
 1.5125252000400477 1.5053908E-5
 1.5332372088674748 1.3609556E-5
 1.5541831605404694 1.226141E-5
 1.5753670885563693 1.1006093E-5
 1.5967930264125118 9.8482802E-6
 1.6184650076062343 8.8143622E-6
 1.6403789986401995 7.91644E-6
 1.662543066509082 7.1285623E-6
 1.6849612447102186 6.4216972E-6
 1.7076335332436105 5.7944294E-6
 1.7305599321092568 5.2628353E-6
 1.7537525417991703 4.801668E-6
 1.7772032953186756 4.3381522E-6
 1.8009202596624478 3.8560293E-6
 1.824903434830487 3.4040262E-6
 1.8491608878174674 2.9850851E-6
 1.8736926186233897 2.5637816E-6
 1.898502660745591 2.1625793E-6
 1.9235950476814083 1.8396946E-6
 1.9489657459335048 1.5859263E-6
 1.9746268559938922 1.35052E-6
 2.0005743443652335 1.1233786E-6
 2.026816278042203 9.3016445E-7
 2.0533526570248015 7.845853E-7
 2.0801875148103654 6.764005E-7
 2.107324884896233 5.8884373E-7
 2.1347688007797405 5.1348768E-7
 2.162519262460889 4.5014457E-7
 2.1905843369343527 3.9894582E-7
 2.218964024200132 3.5717721E-7
 2.2476583242582264 3.2135331E-7
 2.2766793376006484 2.8898762E-7
 2.3060230307300604 2.5859658E-7
 2.3356974706411373 2.2945953E-7
 2.365702657333879 2.0180315E-7
 2.3960426243056227 1.7641358E-7
 2.4267214050537067 1.5378249E-7
 2.457743033075467 1.338685E-7
 2.489111541868242 1.0876064E-7
 2.5208309649293685 1.0101225E-7
 2.5529053357561846 8.7496727E-8
 2.5853346543486894 7.563454E-8
 2.61812295420422 6.5281877E-8
 2.651278302317453 5.6283453E-8
 2.6848047321857242 4.84214E-8
 2.718698210311697 4.1463871E-8
 2.7529708371873824 3.5250354E-8
 2.787626646310119 2.972488E-8
 2.822661604182569 2.4909103E-8
 2.8580878112967442 2.0835307E-8
 2.893905267652645 1.7478007E-8
 2.930118006747609 1.4739182E-8
 2.9667300620789727 1.2491865E-8
 3.0037454671440744 1.0624567E-8
 3.0411722889375885 9.0563292E-9
 3.079010527459515 7.738911E-9
 3.117264216207191 6.6590755E-9
 3.1559414221752914 5.832052E-9
 3.1950421453638164 5.2711004E-9
 3.2345704192701036 4.9516323E-9
 3.2745343108888276 4.8047494E-9
 3.314937853717325 4.791270435684854E-9
 3.3557810477555967 4.840698754186802E-9
 3.3970719599983172 4.8906689E-9
 3.4388146239428234 5.1047562E-9
 3.4810130730864532 5.392037E-9
 3.523675374423882 5.7078996E-9
 3.5667974944577713 6.0095015E-9
 3.6103915336801333 6.2591721E-9
 3.6544615255883057 6.4286287E-9
 3.699007470182289 6.5002673E-9
 3.7440414679540943 6.4680653E-9
 3.7895594854063854 6.3482327E-9
 3.835573623031173 6.1669815E-9
 3.882087914325796 5.9421915E-9
 3.9291023592902534 5.6973979E-9
 3.97662502491922 5.461701E-9
 4.0246599447100335 5.2476053E-9
 4.073227286149381 5.0325442E-9
 4.122274613771875 4.7839493E-9
 4.171886631021603 4.5121102E-9
 4.222023002925189 4.2628439E-9
 4.272724064456009 4.0697015E-9
 4.323909145667313 3.9239071E-9
 4.375699251479223 3.7806405E-9
 4.428013711944994 3.6103637E-9
 4.4808928620379955 3.4129776E-9
 4.534336701758231 3.1731954E-9
 4.588345231105698 2.8735910661218437E-9
 4.642918450080399 2.5708542E-9
 4.698096693655705 2.1974392E-9
 4.753879961831618 1.6869072E-9
 4.81018758466139 1.0071217E-9
 4.867140567065142 2.3335067E-10
 4.9246985740695015 -4.8414335E-10
 4.982861605674466 -1.0299639E-9
 5.0415893269066645 -1.3779081E-9
 5.101002742686216 -1.5697209E-9
 5.1609808480930015 -1.6869048E-9
 5.221644648047139 -1.8470439E-9
 5.2829134726018844 -2.1207218E-9
 5.344827656730608 -2.4646065E-9
 5.4073872004333134 -2.7580324E-9
 5.47059210371 -2.774794476166296E-9
 5.534482701534039 -2.642462033751907E-9
 5.599018658932058 -2.5087929E-9
 5.664240310877432 -2.0958465E-9
 5.73014765737016 -1.642137E-9
 5.796700363436868 -1.1925905E-9
 5.863979099024303 -7.6308356E-10
 5.931903194185718 -3.6370676E-10
 6.000593653841236 1.9091718E-11
 6.069929473070733 3.756804E-10
 6.140031656794331 6.8945538E-10
 6.210819535065284 9.7995155E-10
 6.282333442856965 1.3237752E-9
 6.354613715142746 1.7773782E-9
 6.427579681975883 2.2852419E-9
 6.50131201330312 2.7383591E-9
 6.575810709124459 3.0071084E-9
 6.651035434466526 3.0026312E-9
 6.727066859276068 2.6919665E-9
 6.803824313606337 2.1661223E-9
 6.881388467404082 1.7500084E-9
 6.959718985695928 1.6078238E-9
 7.038815868481875 1.4649723E-9
 7.118759785708673 1.087185E-9
 7.199470067429571 5.5977739E-10
 7.280987048617945 5.6674557E-11
 7.363310729273793 -2.4402565E-10
 7.446481444370491 -3.7025674E-10
 7.530458858934664 -3.3433655865232967E-10
 7.615283307939686 -2.9805407E-10
 7.700954791385557 -1.5184589E-10
 7.7874733092722765 1.430373E-10
 7.874838861599845 6.7871514E-10
 7.9630514483682635 1.3972441E-9
 8.052111069577531 2.0097328E-9
 8.142098395174395 3.181852E-9
 8.232932755212106 3.0092815285903677E-9
 8.324654484664041 2.8350252E-9
 8.4172635835302 2.7669189E-9
 8.510760051810582 2.2692324E-9
 8.60518422447856 1.4744319E-9
 8.700536101534134 7.3889691E-10
 8.79677534800393 2.6939595E-10
 8.893942298861322 4.3301792159231736E-10
 8.992077289079686 5.9827E-10
 9.091099648712273 1.1489087E-9
 9.191130382679203 1.5350713E-9
 9.292048486060356 1.7326294E-9
 9.393974963775854 2.0440018E-9
 9.496829145878946 2.4466984E-9
 9.600651367343012 2.8249701E-9
 9.70548196314142 3.4276643E-9
 9.811280598300797 4.2901354E-9
 9.91808760779452 5.0477617E-9
 10.025862656649213 5.7515775E-9
 10.134686414811624 6.2219637E-9
 10.244478212335004 6.2093181E-9
 10.355318719166101 5.9189031E-9
 10.467167600331546 5.6282633E-9
 10.580024855831331 5.3818669E-9
 10.693930820638835 4.7656396E-9
 10.808925829727434 4.0925211E-9
 10.924929213150374 3.7740877E-9
 11.04198130588103 3.4813222E-9
 11.160082107919408 3.383114253034165E-9
 11.279271954238874 3.4470522241111475E-9
 11.399550844839434 3.5115744E-9
 11.52087844474771 3.9547965E-9
 11.643335423910452 4.4733751E-9
 11.766841112380911 4.5920303E-9
 11.891476180105839 4.2386591E-9
 12.017200292111855 3.7309108E-9
 12.144013448398963 3.2984475E-9
 12.271996318913912 3.0530577E-9
 12.40106823370995 2.5645129E-9
 12.531269527760456 1.9403282E-9
 12.662600201065423 1.6048221E-9
 12.79506025362486 1.5952533493557678E-9
 12.928690020412134 1.87505489567142E-9
 13.063449166453873 2.1572212E-9
 13.199378026723451 2.8586304E-9
 13.336476601220872 3.201347E-9
 13.474704554972753 3.6271641E-9
 13.61414255792585 4.2426466E-9
 13.754750275106785 4.572862E-9
 13.89652770651556 4.574719473371104E-9
 14.039515187125547 4.5765928E-9
 14.183672381963373 4.1595654E-9
 14.328999291029039 3.7765361E-9
 14.47557658426929 3.1169452E-9
 14.623363926710754 2.5385072E-9
 14.772320983380059 1.914082E-9
 14.922528424223948 1.2529529E-9
 15.073945914269054 7.1507817E-10
 15.226573453515368 7.1105211E-11
 15.380451376936271 -4.258459E-10
 15.535539349558388 -1.0021854E-9
 15.691877706355092 -1.479123E-9
 15.849426112353004 -1.4842725E-9
 16.008265237498882 -1.6527614E-9
 16.16831441184597 -2.3352099E-9
 16.32965430534102 -3.7350338E-9
 16.492244583010656 -3.787413785640138E-9
 16.656044909881504 -3.6777520010700373E-9
 16.821135955900313 -3.5672261E-9
 16.987517721067082 -2.9622098E-9
 17.155149870408436 -1.4511674E-9
 17.32403240392438 1.9660525E-10
 17.494205656588285 1.8857972E-9
 17.665669628400145 3.8076558E-9
 17.838383984386595 5.8889365E-9
 18.012389059521005 7.1296782E-9
 18.187684853803375 6.6465617E-9
 18.364231032260335 5.3994277E-9
 18.542108264838624 4.0727482E-9
 18.721235881591503 2.4551904E-9
 18.901694552465716 1.157824E-9
 19.083403607514515 1.151487454932537E-9
 19.266403381711274 1.3056274067795857E-9
 19.450734210029366 1.4608885E-9
 19.63631542252205 1.5876504E-9
 19.82322768913606 1.4263294E-9
 20.011430674898036 1.0380184E-9
 20.200924379807972 6.4353575E-10
 20.391708803865867 3.2491974E-10
 20.583783947071722 8.8471742E-11
 20.777149809425537 -7.6163297E-11
 20.97184672590069 -1.885209E-10
 21.16779402655043 -2.643757E-10
 21.3650723813215 -3.1428724E-10
 21.563601120267154 -3.4548459E-10
 21.76346091333415 -3.6306515E-10
 21.964571090575724 -3.7068986E-10
 22.16701232193864 -3.683886318015692E-10
 22.370703937476136 -3.6607319E-10
 22.575726607134974 -2.7710636E-10
 22.781999660968391 -3.0473177927875233E-10
 22.989563433949772 -3.1136443675541033E-10
 23.19837759110574 -3.071199662439288E-10
 23.40852280238304 -3.0284844E-10
 23.619878062861555 -2.8733823E-10
 23.832564377461402 -2.7178824E-10
 24.04646074126246 -2.5640883E-10
 24.261647824211486 -2.4135509E-10
 24.47812562630847 -2.2673915E-10
 24.695813477606662 -2.1263993E-10
 24.914751713079443 -1.9911057E-10
 25.134940332726813 -1.8618437E-10
 25.356379336548766 -1.7387933E-10
 25.57906872454531 -1.6220173E-10
 25.802968161743063 -1.5114897E-10
 26.0281179831154 -1.4071173E-10
 26.254437518715583 -1.3087571E-10
 26.48200743849035 -1.2162297E-10
 26.71078740746633 -1.1293297E-10
 26.94077742564352 -1.0478342E-10
 27.17193715804855 -9.7150918E-11
 27.404306939654794 -9.001144E-11
 27.637846435488881 -8.3340745E-11
 27.8725556455508 -7.7114671E-11
 28.108434569840564 -7.1309372E-11
 28.345483208358167 -6.5901498E-11
 28.583701561103605 -6.0868323E-11
 28.823049293103512 -5.6187851E-11
 29.063486069384506 -5.1838879E-11
 29.305092559893346 -4.7801054E-11
 29.547828429656643 -4.4054895E-11
 29.791653343701035 -4.0581817E-11
 30.03656730202652 -3.736413E-11
 30.282570304633097 -3.4385035E-11
 30.52970268649414 -3.1628616E-11
 30.777843442689523 -2.9079818E-11
 31.027073243166 -2.6724429E-11
 31.277351752950195 -2.454905E-11
 31.528638637068734 -2.2541072E-11
 31.78097423049499 -2.0688643E-11
 32.03431819825559 -1.8980639E-11
 32.28871087532391 -1.740663E-11
 32.544031256779824 -1.5956851E-11
 32.80036001257008 -1.4622168E-11
 33.057656807721315 -1.3394045E-11
 33.31592164223351 -1.2264517E-11
 33.57511418113331 -1.1226154E-11
 33.835234424420704 -1.0272035E-11
 34.09628237209569 -9.3957173E-12
 34.358217689184904 -7.9400805E-12
 34.62104037568834 -7.8529426E-12
 34.884750431605993 -7.1757463E-12
 35.14934785693788 -6.5548231E-12
 35.41475198173723 -5.9857247E-12
 35.68104347595081 -5.4643298E-12
 35.94810133465849 -4.9868225E-12
 36.21600622780702 -4.549672E-12
 36.484677485449644 -4.1496136E-12
 36.75411510758638 -3.7836303E-12
 37.02431909421721 -3.4489357E-12
 37.29524911036877 -3.1429581E-12
 37.56694549101444 -2.8633251E-12
 37.83932756620746 -2.6078496E-12
 38.1124356709212 -2.374516E-12
 38.38618913520892 -2.161468E-12
 38.660628294044 -1.9669969E-12
 38.93571281245306 -1.7895306E-12
 39.211402355462723 -1.627623E-12
 39.487737258046365 -1.479945E-12
 39.76463685025725 -1.3452752E-12
 40.04214146706873 -1.2224917E-12
 40.32021077350745 -1.1105644E-12
 40.59876409962665 -1.0085477E-12
 40.87788211537309 -9.155741E-13
 41.157403480853254 -8.3084759E-13
 41.4377315458009 -7.5363815E-13
 41.71846296048229 -6.8327633E-13
 41.99919437516368 -6.191483E-13
 42.28073248931254 -5.6069119E-13
 42.56267395319513 -5.0738889E-13
 42.84501876681147 -4.5876806E-13
 43.12776693016154 -4.1439447E-13
 43.41051509351161 -3.7386959E-13
 43.694069956329165 -3.3682746E-13
 43.97762481914671 -3.0293173E-13
 44.26198638143173 -2.7187298E-13
 44.54594459398302 -2.4336619E-13
 44.83070950600178 -2.1714836E-13
 45.11547441802055 -1.9297637E-13
 45.40064267977305 -1.7062492E-13
 45.685810941525545 -1.4988458E-13
 45.97097920327804 -1.3056007E-13
 46.25655081476429 -1.1246853E-13
 46.54252577598425 -9.5437934E-14
 46.82850073720423 -7.9305587E-14
 47.11407234869046 -6.3916694E-14
 47.40045065964418 -4.9122993E-14
 47.686425620864156 -3.478144E-14
