 0.0E+0 0.0E+0
 7.89083567818936E-3 9.266931978963717E-4
 0.015874494453816036 3.3265634433309035E-3
 0.02395206192529189 6.904440673828975E-3
 0.03212463623754073 0.011406633517765568
 0.0403933282235188 0.016616186432838315
 0.04875926154708158 0.022351759117142742
 0.05722357284751681 0.028469914825436256
 0.06578741188549035 0.03486449218712786
 0.07445194169069845 0.04146022733775727
 0.08321833871091931 0.048202910890615513
 0.09208779296277116 0.05504993084617288
 0.10106150818397631 0.06196378649629946
 0.11014070198730502 0.06890932194874377
 0.11932660601613182 0.0758538688013534
 0.128620466101552 0.08276858591797108
 0.1380235424212703 0.08962938298863449
 0.147537109660063 0.09641670684667672
 0.15716245717197255 0.10311447372213349
 0.16690088914418188 0.1097089818655867
 0.1767537247626215 0.11618799255885902
 0.1867222983792294 0.12253950514329687
 0.1968079596811175 0.1287506365819831
 0.20701207386129688 0.13480801184666138
 0.21733602179130995 0.1406996749294284
 0.22778120019562153 0.14641683839263935
 0.2383490218277434 0.15195330681150887
 0.24904091564834404 0.15730257535317085
 0.25985832700499905 0.16245552013107886
 0.2708027178139134 0.16740014802886665
 0.28187556674344366 0.17212229822536662
 0.2930783693996062 0.17660732907951745
 0.3044126385133315 0.18084270197308358
 0.31587990412971844 0.18481962563251333
 0.32748171379928703 0.1885326109993216
 0.33921963277095146 0.19197739338828362
 0.35109524418721904 0.19514921147177693
 0.3631101492811752 0.19804372935270334
 0.375265967575521 0.20065978038433435
 0.3875643370836509 0.20300027342632193
 0.4000069145126888 0.2050697949927792
 0.4125953754685781 0.20687150297557357
 0.42533141466327645 0.20840608601539334
 0.4382167461239516 0.20967324985691337
 0.4512531034043084 0.2106733909030786
 0.46444223979798276 0.21140712646453677
 0.47778592855404172 0.21187739044761558
 0.49128596309472255 0.21209623440817393
 0.5049441572351178 0.21208840994709884
 0.5187623454052604 0.21188688051414195
 0.5327423828741815 0.21152331907613056
 0.5468861459762725 0.2110209368783074
 0.5611955323398633 0.21039568868442032
 0.575672461117956 0.20966451128006566
 0.5903188732212145 0.208852178307351
 0.6051367315533246 0.2079893923706761
 0.6201280212484356 0.20710613336828082
 0.6352947499110252 0.2062287299597916
 0.6506389478580062 0.20538091937437247
 0.6661626683632186 0.2045868604623562
 0.6818679879041059 0.20387374103324215
 0.697757006410914 0.2032703447223926
 0.7138318475181401 0.2028046153173164
 0.7300946588183684 0.20250411375184151
 0.746547612118519 0.20239684325751033
 0.763192903698496 0.20250879799639767
 0.7800327545722602 0.2028607957698961
 0.7970694107512896 0.2034720155630198
 0.8143051435105328 0.20436714576499537
 0.8317422496568118 0.20557590145870374
 0.8493830517996824 0.20712267854208085
 0.8672298986248088 0.20902151341951147
 0.8852851651697817 0.21128371203337611
 0.90355125310252 0.2139220093298362
 0.9220305910021388 0.2169552041501987
 0.940725634642404 0.22039877537251367
 0.9596388672776792 0.2242496034571083
 0.9787727999314845 0.2284980997085492
 0.9981299716876036 0.2331356796605923
 1.0177129499837993 0.23815410264218972
 1.0375243309080932 0.24354762782288807
 1.0575667394976413 0.2492847653436766
 1.077842830040329 0.2553217157788041
 1.0983552863788217 0.26162933456188686
 1.1191068222174231 0.2681823491361436
 1.1401001814314843 0.27495931689853114
 1.1613381383795031 0.2819454390584423
 1.182823498217849 0.28912554306227655
 1.2045590972182205 0.2964776016512524
 1.2265478030877712 0.3039776743074884
 1.2487925152918841 0.31160496879389076
 1.2712961653796956 0.31934089264240245
 1.2940617173122974 0.3271619431829507
 1.3170921677936158 0.33504525749259156
 1.34039054660412 0.3429750296842282
 1.363959916937115 0.35093734884673616
 1.387803375737873 0.3589177397060413
 1.4119240540453912 0.3669015993268759
 1.4363251173370297 0.3748738123298921
 1.4610097658757073 0.38281882451159443
 1.4859812350600176 0.39072154877762965
 1.5112427957769303 0.39856865169746813
 1.5367977547573985 0.40634941939311886
 1.5626494549345526 0.4140551294232857
 1.5888012758047584 0.421677689586681
 1.615256633791371 0.4292086582379224
 1.642018982611243 0.436639133064024
 1.6690918136439576 0.4439604223285171
 1.6964786563038694 0.45116458339132575
 1.7241830784147613 0.4582451574357575
 1.7522086865873776 0.4651976416809661
 1.7805591265995595 0.4720193662841991
 1.809238083779204 0.4787090651124176
 1.8382492833898631 0.4852664972517271
 1.8675964910190747 0.4916923425190775
 1.8972835129694294 0.4979882268101249
 1.9273141966522975 0.5041566410660363
 1.9576924309841721 0.5102008202205838
 1.9884221467858407 0.5161245116887859
 2.019507317184056 0.5219309505603161
 2.0509519580159052 0.527622275986773
 2.0827601282358432 0.5331997920744377
 2.1149359303252972 0.5386647306976857
 2.1474835107048857 0.5440186892532635
 2.1804070601491676 0.5492637988791154
 2.2137108142040635 0.5544026197281754
 2.247399053606641 0.5594381032914112
 2.28147610470761 0.5643734389351239
 2.315946339896182 0.5692120638015375
 2.350814178027411 0.5739575265850966
 2.3860840848520274 0.578613532154033
 2.4217605734486835 0.5831838475523341
 2.4578482046585183 0.5876722908827381
 2.4943515875221646 0.5920826781000055
 2.5312753797190157 0.5964188282080061
 2.568624288008847 0.6006844354018639
 2.606403068675667 0.6048830710365121
 2.6446165279737532 0.6090180474259023
 2.6832695225759235 0.6130923687153597
 2.7223669600239612 0.6171086355588293
 2.7619137991810882 0.6210689933553395
 2.8019150506865537 0.624975182376071
 2.8423757774121942 0.6288285253868426
 2.883301094920979 0.632630021171406
 2.924696171927471 0.6363803222300655
 2.9665662307602187 0.6400798045286399
 3.0089165478257977 0.6437285823641402
 3.0517524540748293 0.6473265871618712
 3.0950793354695287 0.650873675590434
 3.138902633452962 0.6543697147803885
 3.1832278454199123 0.6578147539889869
 3.228060525189219 0.6612091212553011
 3.2734062834776 0.6645535173460154
 3.3192707883748022 0.667848987980065
 3.3656597658202054 0.6710967223721588
 3.4125790000804396 0.6742978951662866
 3.4600343342283803 0.6774535067279538
 3.5080316706231573 0.6805643632844722
 3.556576971391074 0.6836311371235139
 3.605676258907606 0.6866544921542597
 3.6553356162801207 0.6896352243133609
 3.7055611878314103 0.692574368120008
 3.756359179583765 0.6954732162964512
 3.8077358597438033 0.6983332610675143
 3.8596975591875333 0.7011560414180813
 3.912250671945953 0.7039430298358151
 3.9654016556907922 0.7066954030741167
 4.019157032220471 0.7094138417420415
 4.073523387946045 0.7120982164675781
 4.128507374377109 0.7147473803823429
 4.184115708607489 0.7173590298283966
 4.240355173800586 0.7199297244596924
 4.297232619674387 0.7224550857563098
 4.354754962985754 0.7249299787103186
 4.412929188014139 0.7273486368107009
 4.471762347044408 0.7297047719111079
 4.531261560848721 0.7319918468690468
 4.591434019167264 0.734203650304363
 4.652286981187699 0.7363347124191905
 4.713827776023335 0.7383804754786326
 4.776063803189497 0.7403373718537464
 4.839002533078413 0.7422028909295192
 4.902651507432077 0.7439756354251036
 4.967018339813028 0.7456552439148476
 5.032110716073016 0.7472423388267273
 5.0979363948191824 0.7487387737009834
 5.164503207877649 0.7501479856267189
 5.2318190607544234 0.7514750504429666
 5.2998919330932174 0.7527264168922378
 5.368729879130254 0.7539094897896523
 5.438341028145575 0.7550320239755157
 5.508733584910917 0.7561013741983272
 5.579915830133808 0.7571241160763786
 5.651896120897527 0.7581059453700195
 5.7246828910971645 0.7590516264802807
 5.798284651870914 0.7599649512686704
 5.872709992027031 0.760848834981054
 5.947967578465664 0.7617051521066285
 6.0240661565957 0.7625343253430154
 6.101014550746199 0.7633357457454907
 6.178821664572213 0.7641089575457327
 6.257496481454697 0.764854692985754
 6.3370480648942955 0.7655757371479992
 6.417485558898761 0.7662775862487061
 6.498818188363632 0.7669683762506271
 6.581055259445983 0.7676578566213829
 6.664206159930919 0.7683558016804812
 6.748280359590483 0.7690704621218568
 6.8332874105348544 0.7698079499039024
 6.9192369475552224 0.7705727417027253
 7.006138688458406 0.7713682613429541
 7.094002434392513 0.7721968511783757
 7.18283807016364 0.7730588169645975
 7.272655564543131 0.7739508517405823
 7.363464970564995 0.7748660247416863
 7.4552764258133334 0.775795776598108
 7.548100152699239 0.7767312045248845
 7.641946458726936 0.777661637118349
 7.736825736748683 0.7785718883658717
 7.832748465208241 0.7794428033520173
 7.929725208372325 0.7802559851000582
 8.02776661654984 0.7809993018129756
 8.126883426298313 0.7816695100567986
 8.227086460617373 0.782270789772141
 8.328386629128639 0.782811342624097
 8.430794928241745 0.7833016653564647
 8.53432244130604 0.7837537308670489
 8.638980338747489 0.7841790284828244
 8.744779878190482 0.7845875069732592
 8.851732404563919 0.7849862305937417
 8.959849350191282 0.7853778241072522
 9.069142234864167 0.7857610125317837
 9.179622665898812 0.7861331581120289
 9.29130233817513 0.7864914251579722
 9.404193034157924 0.7868322526522548
 9.518306623899472 0.7871523616374875
 9.633655065023415 0.7874538161501505
 9.75025040268906 0.7877493126979201
 9.868104769535815 0.7880589642992134
 9.987230385607209 0.7884011504612438
 10.107639558253881 0.7887843156201221
 10.229344682015196 0.7892015059703307
 10.352358238478622 0.7896314817607968
 10.476692796116769 0.7900480231437708
 10.602361010101127 0.7904293081389075
 10.72937562209218 0.7907624484061742
 10.8577494600053 0.7910454275740458
 10.987495437751749 0.7912932433469727
 11.118626554954279 0.7915437776396949
 11.251155896636838 0.7918456036866995
 11.385096632887528 0.7922329389556786
 11.520462018494475 0.7927080958117718
 11.65726539255394 0.7932415097928132
 11.795520178049843 0.7937923454523143
 11.935239881404476 0.7943339337504196
 12.076438091999355 0.7948586311420117
 12.21912848166592 0.7953581599161802
 12.363324804145169 0.7958142377217334
 12.509040894515879 0.7962098925957909
 12.65629066859038 0.7965279747843212
 12.805088122277601 0.7967263203635083
 12.9554473309125 0.7967484065700858
 13.107382448551222 0.7965732258133279
 13.260907707231489 0.7962401793284951
 13.416037416197183 0.7958224598232503
 13.572785961086947 0.7953699493759315
 13.731167803085604 0.7949024426805338
 13.891197478037986 0.7944486167587844
 14.052889595524576 0.7940596225473296
 14.216258837897843 0.7937749455363042
 14.381319959279029 0.7936122603104555
 14.548087784514442 0.793562995029012
 14.716577208090516 0.7935843241496285
 14.886803193007083 0.793617695308585
 15.058780769607973 0.7936378768369563
 15.232525034368393 0.7936620665297391
 15.4080511486382 0.7937141035598075
 15.585374337340436 0.7937899163518931
 15.764509887624472 0.7938450234190134
 15.945473147472892 0.7938156538771802
 16.128279524261493 0.7937008371610527
 16.31294448327165 0.793593039449983
 16.4994835461543 0.7935864792146237
 16.68791228934499 0.7936896091359875
 16.878246342428965 0.7937995059746512
 17.07050138645592 0.7937559556934458
 17.264693152203424 0.7934677887465995
 17.460837418388518 0.7929811618621673
 17.658950009826675 0.7924845937241771
 17.859046795537423 0.7921415680205729
 18.06114368679601 0.7919859200234226
 18.265256635130292 0.7919786001999746
 18.471401630262366 0.7920293506429
 18.679594697994062 0.7921213854120013
 18.88985189803572 0.7922672188574373
 19.10218932177767 0.792372953937105
 19.316623090003634 0.7923803600485435
 19.53316935054546 0.7923718853353116
 19.751844275878614 0.7924968490744225
 19.97266406065772 0.7927914335149716
 20.19564491919161 0.7932010309304802
 20.42080308285726 0.7936604662300434
 20.648154797452114 0.7941625590717574
 20.87771632048403 0.7947165909022234
 21.109503918398562 0.7952751280785487
 21.343533863742806 0.7958618467778059
 21.579822432265544 0.7965182548710048
 21.818385899952883 0.7971642789732122
 22.059240539999237 0.7977211391459298
 22.30240261971288 0.7981832400202236
 22.547888397355922 0.7984492152802086
 22.795714118918095 0.7985028354089723
 23.04589601482401 0.7983913651290933
 23.298450296573502 0.7982057532930414
 23.55339315331484 0.7980727808185274
 23.81074074835027 0.7980934011700964
 24.07050921557378 0.79809907351163
 24.332714655840725 0.7978003226064125
 24.597373133269094 0.7973598062232822
 24.864500671472306 0.7970913586760865
 25.134113249723167 0.7970191995605184
 25.406226799049083 0.7967585813816028
 25.680857198258205 0.7961266968616769
 25.958020269896604 0.795217821883873
 26.237731776136264 0.7941510050443803
 26.52000741459416 0.7932147971461382
 26.80486281408214 0.7927198665180292
 27.09231353028791 0.7926165522470526
 27.382375041387117 0.7927740645050845
 27.675062743586867 0.7931885063731638
 27.97039194660063 0.7937110087907563
 28.268377869054923 0.7939697341815373
 28.569035633828132 0.7940205210125304
 28.87238026332162 0.7943308413962705
 29.17842667466371 0.7950480612534913
 29.487189674846707 0.7956827884407883
 29.798683955797876 0.7961384644105332
 30.112924089384424 0.7964643116695194
 30.429924522353363 0.7965150131193427
 30.749699571206917 0.7965242173440761
 31.072263417013925 0.7964944361087591
 31.397630100158352 0.796140007078539
 31.725813515025325 0.7955602061422291
 32.05682740462583 0.7951512019314404
 32.39068535516102 0.7954799091616466
 32.727400790526814 0.7966107918446582
 33.06698696676026 0.7984532839006563
 33.40945696642832 0.8008441155893551
 33.75482369296076 0.8032097691031352
 34.10309986492776 0.8046118099724322
 34.45429801026435 0.8049535521120987
 34.80843046044208 0.8045261485582954
 35.16550934459028 0.8032896795532877
 35.525546583567823 0.8017486515373804
 35.88855388398703 0.8002671990360649
 36.2545427321918 0.7982800945730416
 36.62352438819101 0.796184769474367
 36.99550987954956 0.7944141196727309
 37.37050999523849 0.7930191200562472
 37.74853527944652 0.7921656975751049
 38.12959602535441 0.7916633866530853
 38.51370226887505 0.7915107162316688
 38.900863782360424 0.7913913701640289
 39.29109006827881 0.7908259556801874
 39.684390352863296 0.7893543681241554
 40.08077357973511 0.7874727077865221
 40.480248403503296 0.7855043861229362
 40.882823183344115 0.783257424346557
 41.28850597656171 0.7798463450534835
 41.697304532133884 0.7736198619613802
 42.10922628424488 0.7646481513882669
 42.524278345808255 0.7547275500053409
 42.94246750198288 0.7439500893526907
 43.36380020368476 0.7312186101046086
 43.788282561098064 0.7158998732877436
 44.21592033718804 0.6991243607950681
 44.646718941219504 0.6772153641373578
 45.08068342228366 0.653519072646292
 45.517818462837105 0.6185234080111714
 45.95812837225574 0.5545386145476628
 46.40161708040797 0.4635766298801042
 46.84828813124965 0.3768214954410598
 47.298144676445545 0.3021066775698545
 47.75118946901972 0.24465901335892675
 48.20742485703994 0.2025973187480509
 48.66685277733848 0.17154874437141068
 49.12947474927438 0.14778613718357841
 49.595291868540535 0.12890177842925037
 50.06430480101921 0.11345167456449125
 50.536513776691045 0.10054307249706664
 51.01191858360037 0.0895883272183193
 51.49051856188213 0.08017868847559897
 51.97231259785355 0.07201765878166828
 52.45729911817574 0.06488316763145838
 52.94547608408858 0.058604610724914733
 53.436840985724074 0.05304818359127156
 53.9313908365015 0.04810712382602291
 54.42912216761001 0.043695001438566784
 54.93003102258161 0.0397409657885707
 55.4341129519604 0.03618630011443379
 55.941363008071263 0.032981875219563305
 56.451775739893726 0.03008622867336659
 56.96534518804407 0.027464093123357905
 57.48206487987158 0.025085258534343925
 58.0019278246727 0.022923678346095422
 58.52492650902745 0.02095675928165164
 59.05105289226354 0.019164794866928944
 59.58029840205154 0.017530507097480722
 60.11265393013672 0.016038675400812146
 60.6481098282112 0.014675830793380088
 61.18665590393165 0.01343000684991594
 61.7282814170864 0.01229053013719056
 62.2729750759169 0.011247848311106142
 62.82072503359759 0.010293385636295732
 63.371518884879094 9.41941891980196E-3
 63.92534366289828 8.618976523554759E-3
 64.48218583616067 7.88574861603352E-3
 65.04203130569812 7.21401276140829E-3
 65.60486540240738 6.5985694322860605E-3
 66.17067288457272 6.034685777157146E-3
 66.73943793557679 5.51804738586734E-3
 67.3111441618048 5.04471631648529E-3
 67.88577459074448 4.611093569595901E-3
 68.46331166928707 4.213887063500015E-3
 69.04373726223199 3.8500827667510657E-3
 69.62703265100023 3.5169190143180635E-3
 70.21317853255883 3.211863688466155E-3
 70.80215501856067 2.9325945797651613E-3
 71.39394163470337 2.676980314630269E-3
 71.9885173203095 2.4430644205904656E-3
 72.58586042813266 2.229050447729503E-3
 73.18594872439145 2.0332884975581065E-3
 73.78875938903522 1.85426314827695E-3
 74.39426901624347 1.6905822505199135E-3
 75.00245361516312 1.5409670324218734E-3
 75.61328861088423 1.4042426661335636E-3
 76.2267488456588 1.279330082615759E-3
 76.84280858036318 1.165238115428001E-3
 77.46144149620754 1.0610563869252423E-3
 78.08262069669338 9.659490786967004E-4
 78.706318709822 8.791486580905433E-4
 79.33250749055446 7.99950624626484E-4
 79.9611584235259 7.27708374460659E-4
 80.59224232601407 6.618286059904154E-4
 81.22572945116454 6.017670309773189E-4
 81.86158949147317 5.470244405819046E-4
 82.49979158252601 4.971431243922763E-4
 83.14030430699863 4.517034695901886E-4
 83.7830956989138 4.103209595997851E-4
 84.42813324815923 3.726432880416888E-4
 85.07538390526403 3.383477742656125E-4
 85.7248140864354 3.071389430567738E-4
 86.3763896788532 2.787463315723313E-4
 87.03007604622407 2.5292241863835655E-4
 87.6858380345924 2.2944076565616062E-4
 88.34363997840883 2.0809427550494397E-4
 89.0034457068537 1.8869359935374144E-4
 89.66521855041556 1.7106566532788182E-4
 90.32892134772175 1.5505233244825407E-4
 90.99451645262062 1.405091387927115E-4
 91.66196574151215 1.2730416541558507E-4
 92.33123062092591 1.1531698492743382E-4
 93.00227203534338 1.0443767512198946E-4
 93.67505047526173 9.456596005350829E-5
 94.34952598549734 8.561036191479403E-5
 95.02565817372455 7.748747882866548E-5
 95.70340621924794 7.012127315403166E-5
 96.38272888200326 6.34424489823914E-5
 97.06358451178488 5.738786975653339E-5
 97.74593105769414 5.190002464611302E-5
 98.4297260778066 4.6926540533227584E-5
 99.11492674905185 4.2419732464767375E-5
 99.80148987730344 3.833619474585097E-5
 100.48937190767236 3.463642376423679E-5
 101.17852893500124 3.1284468141374204E-5
 101.86891671455224 2.8247623321580225E-5
 102.56049067288536 2.5496130817118017E-5
 103.25320591892017 2.300291960859545E-5
 103.94701725517649 2.0743362162603903E-5
 104.64187918918812 1.869505062961128E-5
 105.33774594508291 1.6837595315955516E-5
 106.0345714753249 1.5152436471496507E-5
 106.73230947260977 1.3622674937581535E-5
 107.43091338191023 1.2232915202646592E-5
 108.1303364126622 1.0969120617074438E-5
 108.83053155108685 9.818484692974404E-6
 109.53145157264137 8.769307095671804E-6
 110.23304905459051 7.810884074189576E-6
 110.9352763886941 6.933405893957866E-6
 111.6380857940009 6.127861912518988E-6
 112.34142932974353 5.385953211068541E-6
 113.04525890832592 4.700011295594904E-6
 113.74952630839688 4.062921947644501E-6
 114.45418318800091 3.468053929975413E-6
 115.15918109780057 2.909191468093997E-6
 115.86447149436057 2.3804693810164134E-6
 116.57000575348783 1.876309886241553E-6
 117.27573518361848 1.3913588589373876E-6
 117.9816110392445 9.204183649068196E-7
 118.68758453437184 4.583734495621469E-7
 119.39360685600292 3.0216017490256565E-16
