 6.926868825783945E-4 1.0185187E-7
 2.086204233212229E-3 1.5988084E-6
 3.4961170564517152E-3 7.2010765E-6
 4.9226244875916584E-3 1.9914688E-5
 6.3658837387069065E-3 4.2507439E-5
 7.826139361913885E-3 7.7042827E-5
 9.30356603729576E-3 1.245659E-4
 0.010798355912944004 1.8501475E-4
 0.01231071860495842 2.5733424E-4
 0.013840863729438798 3.397189E-4
 0.015389018370493251 4.2990595E-4
 0.016955339740196626 5.2545569E-4
 0.018540019986640406 6.239814E-4
 0.02014340846999091 7.2331225E-4
 0.021765662402322982 8.215896E-4
 0.023406956463719794 9.173076E-4
 0.0250674653342645 1.0093134E-3
 0.026747713054206593 1.0967824E-3
 0.028447524943462913 1.1791792E-3
 0.030167250362199776 1.2562115E-3
 0.03190723867058352 1.3277822E-3
 0.033667664548697295 1.3939432E-3
 0.03544887735670744 1.4548531E-3
 0.037250877094613936 1.5107427E-3
 0.03907401312258313 1.5618878E-3
 0.04091863480078133 1.6085903E-3
 0.04278491680929171 1.6511641E-3
 0.04467303382819742 1.6899262E-3
 0.046583335217664806 1.7251872E-3
 0.04851617033786018 1.7572435E-3
 0.05047153918878354 1.7863704E-3
 0.052449965810684374 1.8128188E-3
 0.05445145020356269 1.8368178E-3
 0.056476691087751135 1.8585796E-3
 0.05852551378316655 1.8783031E-3
 0.060598267649975244 1.8961724E-3
 0.06269547672842672 1.9123519E-3
 0.06481731569860415 1.9269855E-3
 0.06696395924059068 1.9402016E-3
 0.06913593139463578 1.9521178E-3
 0.0713332321607395 1.9628417E-3
 0.07355621089906814 1.9724737E-3
 0.07580539164987117 1.9811148E-3
 0.07808094909323178 1.9888701E-3
 0.08038305790923311 1.9958413E-3
 0.08271224213812467 2.0021095E-3
 0.08506867645998961 2.0077262E-3
 0.08745271023499425 2.0127156E-3
 0.08986469282330492 2.0170876E-3
 0.09230497358508798 2.0205378216489344E-3
 0.09477372720042654 2.0240283E-3
 0.0972714777095701 2.0266589E-3
 0.09979839979260184 2.0288041E-3
 0.10235501748977124 2.0305417E-3
 0.10494150548116148 2.0319474E-3
 0.10755821312693885 2.0330715E-3
 0.11020548978726971 2.0339319E-3
 0.11288385950240351 2.0345179E-3
 0.11559367163250661 2.0347978E-3
 0.11833510085766216 2.034739E-3
 0.12110849653803649 2.0343247E-3
 0.12391438271387907 2.0335459E-3
 0.12675310874535625 2.0323866E-3
 0.12962502399263434 2.0308218E-3
 0.13253047781587967 2.0288212E-3
 0.13546999425534173 2.0263493E-3
 0.13844374799110367 2.0233789E-3
 0.14145226306341501 2.0199162E-3
 0.1444960635125252 2.0160022E-3
 0.14757532401851744 2.0116918E-3
 0.15069056862164117 2.0070396E-3
 0.15384214668206278 2.0021044E-3
 0.1570305822400317 1.9969557E-3
 0.16025622465571426 1.9916603E-3
 0.16351959796936 1.9862616E-3
 0.16682087686105204 1.9807662E-3
 0.17016076005112301 1.9751537E-3
 0.17353977157982244 1.9694027E-3
 0.1769579114471503 1.963505E-3
 0.18041657709377195 1.9574655E-3
 0.18391541915952103 1.9513121E-3
 0.18745443764439748 1.9451065E-3
 0.191035379349233 1.9389323E-3
 0.19465649747319596 1.9328459E-3
 0.1983212856179496 1.9268235E-3
 0.20202799698266227 1.9207654E-3
 0.20577837836816564 1.9145722E-3
 0.20957242977445963 1.9082076E-3
 0.213411898002376 1.9016636E-3
 0.217295036251083 1.8949118E-3
 0.2212218445205807 1.8879075E-3
 0.2251958164125323 1.8806083E-3
 0.22921695192693786 1.873009E-3
 0.2332835042629657 1.8651806E-3
 0.23739722022144751 1.8572247E-3
 0.24155984660321483 1.8491714E-3
 0.24576963660743611 1.8409636E-3
 0.2500300838357746 1.8325283E-3
 0.2543394414873986 1.8238219E-3
 0.2586977095623082 1.8147560373779636E-3
 0.26310663486133495 1.8055848E-3
 0.26756796418531053 1.7960213E-3
 0.2720799507334033 1.7861005E-3
 0.2766460881072765 1.7758236E-3
 0.28126462950609854 1.7652411E-3
 0.2859355749298694 1.7544188E-3
 0.2906606711794206 1.7434224E-3
 0.29544166505558394 1.7323039E-3
 0.30027855655835933 1.7210857E-3
 0.30516959888691524 1.7097876E-3
 0.31012003244374636 1.6984127E-3
 0.31512461682635795 1.6869139E-3
 0.3201903392380765 1.6752227E-3
 0.3253119592764071 1.663307E-3
 0.33049471734384466 1.6512072E-3
 0.3357368666395576 1.6389865E-3
 0.3410401539643774 1.6266785E-3
 0.3464045793183042 1.61427E-3
 0.35183014270133794 1.6017474E-3
 0.3573203377151419 1.5891388E-3
 0.36287167075805276 1.576466E-3
 0.36848938223256544 1.5637196E-3
 0.3741699785370167 1.5508438E-3
 0.37991870007390143 1.5378265E-3
 0.3857320532415564 1.5247801E-3
 0.39161178484081315 1.5117679E-3
 0.397561388473335 1.4986437E-3
 0.4035791173382903 1.4851442E-3
 0.4096649714356791 1.4710756E-3
 0.4158224443671646 1.4564316E-3
 0.42204978933191517 1.4413046E-3
 0.428350499931594 1.425795E-3
 0.43472282936536965 1.4100217E-3
 0.4411685244340736 1.3940116E-3
 0.4476875851377059 1.3777218E-3
 0.4542835050779298 1.3611498E-3
 0.460952790653082 1.3443121E-3
 0.4677006822656574 1.3272894E-3
 0.47452717991565607 1.3102759E-3
 0.48143053680224634 1.2933713E-3
 0.4884124997262598 1.276461E-3
 0.4954765622893597 1.2592736E-3
 0.5026209776907145 1.2416255E-3
 0.5098474927311558 1.2235123E-3
 0.5171561074106835 1.2048526E-3
 0.524550315330961 1.1855582E-3
 0.5320283696911565 1.1658436E-3
 0.5395920172921018 1.1460118E-3
 0.5472412581337968 1.1261033E-3
 0.5549795858179047 1.1061693937044101E-3
 0.5628070003444258 1.086006E-3
 0.5707217549125281 1.0658774E-3
 0.5787290899247067 1.0455302E-3
 0.5868272585801299 1.0248499E-3
 0.5950180076796292 1.0038537E-3
 0.6033030840240365 9.8257061E-4
 0.6116824876133516 9.6102289E-4
 0.6201562184475747 9.3939177E-4
 0.6287277701283688 9.1784521E-4
 0.6373988894565656 8.9628862E-4
 0.6461660828305019 8.7459803E-4
 0.6550345906526727 8.5279389E-4
 0.6640044129230778 8.3090985E-4
 0.6730755496417172 8.0885483E-4
 0.6822497476094226 7.8656843E-4
 0.6915287536270257 7.6416567E-4
 0.700914314495358 7.4165559E-4
 0.7104046834135881 7.1892508E-4
 0.7200033539833789 6.9602206E-4
 0.7297120730055622 6.7314905E-4
 0.7395308404801381 6.5050201E-4
 0.7494596564071063 6.2817596E-4
 0.7595037611889622 6.0625912E-4
 0.7696596612240421 5.8492887E-4
 0.7799308501140093 5.6414034E-4
 0.7903173278588639 5.4368248E-4
 0.8008225880602693 5.2355786E-4
 0.8114466307182252 5.0377184E-4
 0.8221912026335635 4.8411448E-4
 0.8330580506071155 4.6441751E-4
 0.8440454278380499 4.4465141E-4
 0.8551585747288614 4.2469797E-4
 0.8663957444787184 4.0455733E-4
 0.8777604306892842 3.8466947E-4
 0.8892526333605589 3.6539564E-4
 0.9008740992933739 3.4677885E-4
 0.912626575288561 3.2875162E-4
 0.9245118081469517 3.1131185E-4
 0.936529797868546 2.9453681E-4
 0.9486840380550072 2.7830837E-4
 0.9609745287063354 2.6253393E-4
 0.9734012698225305 2.4738189E-4
 0.9859695018060874 2.3281371E-4
 0.9986774778561744 2.1855256E-4
 1.011528691574455 2.0446307E-4
 1.0245231429609287 1.9060058E-4
 1.0376625788164277 1.771417E-4
 1.0509487459417834 1.6428144E-4
 1.0643833911378273 1.5210225E-4
 1.0779682612053911 1.4084371865481746E-4
 1.0917051029453066 1.2945924E-4
 1.1055956631584051 1.1900045E-4
 1.119639941844687 1.0933886E-4
 1.1338396858049832 1.0047122E-4
 1.1481983886409581 9.2363904E-5
 1.1627177971534425 8.4936701E-5
 1.177396164541605 7.8051862E-5
 1.19223873120794 7.1575431E-5
 1.2072472439532802 6.5395919E-5
 1.222419955976793 5.950935E-5
 1.2377621076809737 5.4001877E-5
 1.2532736990658221 4.892131E-5
 1.2689564769321701 4.426939E-5
 1.2848121880808491 4.0074238E-5
 1.300842579312691 3.6291894E-5
 1.3170511442293588 3.2854625E-5
 1.3334378828308524 2.9770855E-5
 1.3500045419180037 2.6960236E-5
 1.3667546150924758 2.4310432E-5
 1.3836881023542688 2.1850742E-5
 1.4008067505042143 1.9614221E-5
 1.4181140531439755 1.7576568E-5
 1.435611757074384 1.5701005E-5
 1.4532998622954398 1.3947601E-5
 1.4711818624088064 1.2318272E-5
 1.489259504215315 1.0817714E-5
 1.5075345345157975 9.4668485E-6
 1.5260104469119173 8.2899937E-6
 1.5446854946028425 7.2571315E-6
 1.563564917991068 6.3483952E-6
 1.5826504638774254 5.5679568E-6
 1.6019421322619151 4.8995663E-6
 1.6214451635470314 4.3270369E-6
 1.6411578109319431 3.8371559E-6
 1.661085314819145 3.4043295E-6
 1.6812294220094685 3.0155683E-6
 1.701590132502914 2.6701619E-6
 1.7221709399011442 2.3590758E-6
 1.7429735910049912 2.0679171E-6
 1.764006819818613 1.7909439E-6
 1.7852479179311981 1.5365226E-6
 1.8067335681602114 1.3123367E-6
 1.828446302497336 1.1141522E-6
 1.8504035889508885 9.357314E-7
 1.8725704915042364 7.7696459E-7
 1.894999414182328 6.3999866E-7
 1.9176554209685314 5.2539398E-7
 1.9405559798711624 4.3198279E-7
 1.9637010908902214 3.5625165E-7
 1.9870907540257081 2.992925000148591E-7
 2.010724969277623 2.4173781E-7
 2.034621204654281 1.9810173E-7
 2.0587794601556836 1.6229289E-7
 2.0831647997651976 1.3287496E-7
 2.107829627507772 1.0824546E-7
 2.132756475375091 8.8426916E-8
 2.157945343367153 7.3899696E-8
 2.183378763475644 6.3588362E-8
 2.2091091397255104 5.5696376E-8
 2.2350840680918055 4.9337326E-8
 2.2613559525994766 4.4239427E-8
 2.2878898572318924 3.9564972E-8
 2.314703249997368 3.4273933E-8
 2.341796130895904 2.8139668E-8
 2.3691684999275004 2.170797E-8
 2.396837825100474 1.5713122E-8
 2.424786638406507 1.0732991E-8
 2.453032407853917 6.9516451E-9
 2.4815751334427034 4.1609494E-9
 2.5103973471645506 2.0966011E-9
 2.5395339850360905 5.6089522E-10
 2.5689501110406904 -6.1169581E-10
 2.5986981292033 -1.5314758E-9
 2.6287256354989696 -2.2377561E-9
 2.659085033952648 -2.7559659E-9
 2.6897413885477035 -3.1393686E-9
 2.7207121672924516 -3.4032421E-9
 2.7520148381952087 -3.393383661566232E-9
 2.783614465239343 -3.3834317E-9
 2.8155459844414862 -3.2122644E-9
 2.847809395801639 -3.0727362E-9
 2.880387231311484 -3.0473522E-9
 2.9133144269876543 -3.188631E-9
 2.9465560468135176 -3.4465084E-9
 2.9801470268057066 -3.7485125E-9
 3.0140698989559044 -4.0605512E-9
 3.0483246632641116 -4.2936324E-9
 3.0829462557469606 -4.3177897604318354E-9
 3.1178997403878185 -4.325970397472089E-9
 3.153202585195002 -4.309683437356113E-9
 3.1888547901685106 -4.2932353E-9
 3.224873823316661 -4.1404021E-9
 3.2612422166311372 -3.918354E-9
 3.2979774381202546 -3.7532749E-9
 3.3350794877840144 -3.6962063E-9
 3.372548365622415 -3.608302E-9
 3.4103840716354576 -3.3351014E-9
 3.448586605823142 -2.9495149E-9
 3.4871559681854682 -2.69746E-9
 3.526127094739069 -2.4588776E-9
 3.5654650494673103 -2.7927125E-9
 3.6051873003785104 -2.7952967492341356E-9
 3.6452938474726686 -2.672359758457894E-9
 3.685784690749784 -2.5482448E-9
 3.7266772982181746 -2.2715036E-9
 3.7679716698778387 -2.0209108E-9
 3.809650337720461 -1.8199892E-9
 3.8517307697543574 -1.7546649E-9
 3.894230433987844 -1.7233457E-9
 3.9371143944042894 -1.5453439E-9
 3.980435055028641 -1.1755653E-9
 4.024140011835951 -6.8367576E-10
 4.068281668851167 -1.8369324E-10
 4.112825090057658 2.2049669E-10
 4.157787743463739 5.9911639E-10
 4.203187097077727 9.6087518E-10
 4.249005682891306 1.3778281E-9
 4.295260968912791 1.9832994E-9
 4.341935487133867 2.6084981E-9
 4.389064173571166 3.0234678E-9
 4.436612092208055 3.0149362E-9
 4.484614179061166 2.7038377E-9
 4.533052966122186 2.1740479E-9
 4.581928453391112 1.4444114E-9
 4.631258108876261 8.2943741E-10
 4.68105940058595 3.6879673E-10
 4.731297392503544 -1.3523151E-10
 4.781989552637362 -5.8088986E-10
 4.833135880987403 -7.840218E-10
 4.884753845561984 -1.0162108E-9
 4.936843446361103 -1.4646316E-9
 4.989387215376446 -2.0655723E-9
 5.042420088624644 -2.9632145E-9
 5.095907130089065 -3.893744E-9
 5.149883275786343 -3.887491616239729E-9
 5.204331057708159 -3.8811846E-9
 5.259250475854515 -2.9653806E-9
 5.314676466242043 -2.3954941E-9
 5.370574092854109 -2.1266203E-9
 5.426960823699031 -1.9105208E-9
 5.483836658776809 -1.9542847E-9
 5.541201598087443 -2.2370021E-9
 5.5990731096392485 -2.2024923305981365E-9
 5.657433725423909 -2.1676909E-9
 5.716300913449741 -1.4486807E-9
 5.775674673716747 -4.3556484E-10
 5.835537538216606 5.5248513E-10
 5.895924442965955 1.4665391E-9
 5.9568179199564754 2.0652353E-9
 6.018217969188167 1.923038414589236E-9
 6.080142058669348 1.7796279E-9
 6.1425727203916995 1.0131973E-9
 6.2055099543552234 2.0312642E-11
 6.268988696576551 -8.7196841E-10
 6.332991479047368 -1.4900359E-9
 6.397500833759357 -1.4482863283672645E-9
 6.462551696729149 -1.4061863E-9
 6.528126599948431 -7.3955122E-10
 6.594225543417198 1.0205874E-10
 6.660865995143772 2.8564334E-10
 6.728030487119834 -3.5282664E-10
 6.7957364873537 -1.4649911E-9
 6.863966527837054 -2.9512022E-9
 6.932755544586528 -4.4352354E-9
 7.002068601585491 -5.7313196E-9
 7.0719406348505744 -6.8464358E-9
 7.142354176373463 -7.079006068586259E-9
 7.2132917581458384 -6.766055134771102E-9
 7.284788316184335 -6.4506382E-9
 7.356843850488953 -5.6401202E-9
 7.429440893051374 -4.8745742E-9
 7.5025794438716 -3.9906184E-9
 7.576276970957947 -3.4800641E-9
 7.650533474310413 -3.4661931E-9
 7.725331485920686 -3.6827526E-9
 7.800688473797079 -3.522951827875287E-9
 7.876604437939592 -3.3619657E-9
 7.953061910339909 -3.0594171E-9
 8.030095827014664 -3.0261287E-9
 8.107671251947222 -3.0208632630959057E-9
 8.185823121154218 -3.0155587E-9
 8.264516498619018 -3.1550959E-9
 8.343768852349939 -3.238037411266059E-9
 8.423597650355298 -3.0121987791118896E-9
 8.50396795661846 -2.7848282E-9
 8.58491470715606 -2.2079367E-9
 8.666420433959779 -1.7896104E-9
 8.748485137029618 -1.4315338E-9
 8.83110881636558 -1.2962349E-9
 8.914291471967662 -1.4095993E-9
 8.998033103835864 -1.315924908730902E-9
 9.082351179978504 -1.2216057E-9
 9.167210764378948 -9.5341602E-10
 9.25264679305383 -7.0504646E-10
 9.338624329986514 -5.7241676E-10
 9.425178311193637 -5.8100301E-10
 9.512273800658562 -6.3692193E-10
 9.599945734397926 -6.486595212126329E-10
 9.688159176395093 -6.137007024892742E-10
 9.776949062666699 -5.7851344E-10
 9.866280457196108 -5.74207452E-10
 9.956170827991638 -5.6987452E-10
 10.046602707044972 -5.3899973E-10
 10.137611030372744 -5.0806084E-10
 10.229143393950004 -4.7713596E-10
 10.321252201801698 -4.466178E-10
 10.413885049902882 -4.1691028E-10
 10.507076874270188 -3.8832256E-10
 10.600827674903615 -3.6105806E-10
 10.695102515786528 -3.3523266E-10
 10.789918864927246 -3.1089706E-10
 10.885276722325768 -2.8805588E-10
 10.981176087982096 -2.6668243E-10
 11.077616961896227 -2.4672947E-10
 11.174581876059847 -2.2813691E-10
 11.27208829848127 -2.108373E-10
 11.370101293143867 -1.9475956E-10
 11.468655796064267 -1.7983163E-10
 11.567734339234155 -1.659822E-10
 11.667336922653531 -1.5314191E-10
 11.767446078314078 -1.4124402E-10
 11.868079274224115 -1.3022493E-10
 11.969219042375325 -1.2002434E-10
 12.070865382767703 -1.1058539E-10
 12.173018295401256 -1.0185461E-10
 12.27567778027598 -9.3781878E-11
 12.378843837391877 -8.6320271E-11
 12.482498998740628 -7.9425956E-11
 12.586625796313918 -7.3058018E-11
 12.691259166128381 -6.7178301E-11
 12.7963816401757 -6.1751249E-11
 12.901975750447555 -5.6743746E-11
 13.008041496943951 -5.2124964E-11
 13.114578879664888 -4.7866218E-11
 13.22160536661868 -4.3940823E-11
 13.329068553780377 -4.0323967E-11
 13.437003377166617 -3.6992582E-11
 13.545392368769077 -3.3925233E-11
 13.654218060579444 -3.1102007E-11
 13.763497920606035 -2.8504408E-11
 13.873214480840533 -2.6115266E-11
 13.983385209291251 -2.3918644E-11
 14.093957701933247 -2.1899757E-11
 14.204966894783148 -2.0044893E-11
 14.31639531983264 -1.8341336E-11
 14.428242977081721 -1.6777306E-11
 14.54049239852208 -1.5341886E-11
 14.65314358415371 -1.4024968E-11
 14.766196533976615 -1.2817196E-11
 14.879633779982477 5.3946317E-13
 14.993455322171299 -4.604272456177474E-12
 15.107661160543078 -6.755456372020466E-12
 15.222251295097815 -7.443827190250734E-12
 15.337190789818877 -7.43232916674521E-12
 15.452514580722896 -7.4207927E-12
 15.568170263784927 -6.7679807E-12
 15.684192775021598 -6.170892E-12
 15.800547178416277 -5.6249442E-12
 15.917233473968967 -5.1259137E-12
 16.034251661679665 -4.669909E-12
 16.151584273540056 -4.2533458E-12
 16.269248777558455 -3.8729246E-12
 16.387210237718235 -3.5256092E-12
 16.505486122027704 -3.2086066E-12
 16.624041494470233 -2.9193487E-12
 16.742893823054142 -2.6554752E-12
 16.862025639771108 -2.4148176E-12
 16.98141947661282 -2.1953841E-12
 17.10109280158759 -1.9953462E-12
 17.22101067867879 -1.8130257E-12
 17.341190575894735 -1.6468829E-12
 17.461615025227107 -1.4955056E-12
 17.58224909065927 -1.3575988E-12
 17.703127708207865 -1.2319754E-12
 17.824181005839623 -1.1175475E-12
 17.945583663637705 -1.0133182E-12
 18.06716100151895 -9.1837388E-13
 18.1887383394002 -8.3187776E-13
 18.31066503744777 -7.5306311E-13
 18.4327664155785 -6.8122742E-13
 18.555042473792397 -6.1572695E-13
 18.677493212089455 -5.5597158E-13
 18.799943950386513 -5.0142016E-13
 18.9227440488499 -4.5157614E-13
 19.04554414731328 -4.0598353E-13
 19.16869360594299 -3.6422322E-13
 19.29166838448954 -3.2590943E-13
 19.41499252320241 -2.9068657E-13
 19.53831666191528 -2.5822621E-13
 19.66181548071132 -2.2822431E-13
 19.785314299507355 -2.003986E-13
 19.90881311830339 -1.7448615E-13
 20.032486617182588 -1.502411E-13
 20.156334796144946 -1.2743246E-13
 20.280182975107305 -1.0584208E-13
 20.403856473986504 -8.5262711E-14
 20.52787933303203 -6.5496113E-14
 20.65172751199439 -4.6351239E-14
