 0.0E+0 0.0E+0
 6.926868825783945E-4 0.013345643
 2.086204233212229E-3 0.040185597
 3.4961170564517152E-3 0.067294262
 4.9226244875916584E-3 0.094594401
 6.3658837387069065E-3 0.12196835
 7.826139361913885E-3 0.14926629
 9.30356603729576E-3 0.17631873
 0.010798355912944004 0.20295027
 0.01231071860495842 0.2289923
 0.013840863729438798 0.25429314
 0.015389018370493251 0.27872496
 0.016955339740196626 0.30218757
 0.018540019986640406 0.32460935
 0.02014340846999091 0.3459461
 0.021765662402322982 0.36617835
 0.023406956463719794 0.38530771
 0.0250674653342645 0.40335294
 0.026747713054206593 0.42034606
 0.028447524943462913 0.43632866
 0.030167250362199776 0.45134888
 0.03190723867058352 0.46545882
 0.033667664548697295 0.4787125
 0.03544887735670744 0.49116433
 0.037250877094613936 0.50286788
 0.03907401312258313 0.51387504
 0.04091863480078133 0.52423533
 0.04278491680929171 0.53399553
 0.04467303382819742 0.54319948
 0.046583335217664806 0.55188806
 0.04851617033786018 0.56009939
 0.05047153918878354 0.56786895
 0.052449965810684374 0.57522976
 0.05445145020356269 0.58221254
 0.056476691087751135 0.58884569
 0.05852551378316655 0.59515542
 0.060598267649975244 0.60116582
 0.06269547672842672 0.60689908
 0.06481731569860415 0.61237568
 0.06696395924059068 0.61761445
 0.06913593139463578 0.62263261
 0.0713332321607395 0.62744578
 0.07355621089906814 0.63206818
 0.07580539164987117 0.63651298
 0.07808094909323178 0.64079256
 0.08038305790923311 0.64491852
 0.08271224213812467 0.64890172
 0.08506867645998961 0.65275226
 0.08745271023499425 0.6564796
 0.08986469282330492 0.66009266
 0.09230497358508798 0.66359987
 0.09477372720042654 0.66700916
 0.0972714777095701 0.67032796
 0.09979839979260184 0.67356317
 0.10235501748977124 0.67672108
 0.10494150548116148 0.67980755
 0.10755821312693885 0.68282804
 0.11020548978726971 0.68578765
 0.11288385950240351 0.68869111
 0.11559367163250661 0.69154275
 0.11833510085766216 0.69434645
 0.12110849653803649 0.6971056
 0.12391438271387907 0.6998231
 0.12675310874535625 0.70250159
 0.12962502399263434 0.70514371
 0.13253047781587967 0.70775216
 0.13546999425534173 0.71032959
 0.13844374799110367 0.71287861
 0.14145226306341501 0.71540164
 0.1444960635125252 0.71790058
 0.14757532401851744 0.72037667
 0.15069056862164117 0.72283086
 0.15384214668206278 0.72526417
 0.1570305822400317 0.72767774
 0.16025622465571426 0.73007275
 0.16351959796936 0.73245024
 0.16682087686105204 0.73481095
 0.17016076005112301 0.73715556
 0.17353977157982244 0.73948516
 0.1769579114471503 0.7418014
 0.18041657709377195 0.74410654
 0.18391541915952103 0.7464033
 0.18745443764439748 0.74869445
 0.191035379349233 0.75098227
 0.19465649747319596 0.75326814
 0.1983212856179496 0.75555298
 0.20202799698266227 0.757838
 0.20577837836816564 0.76012474
 0.20957242977445963 0.76241448
 0.213411898002376 0.76470794
 0.217295036251083 0.76700521
 0.2212218445205807 0.76930591
 0.2251958164125323 0.77160945
 0.22921695192693786 0.77391517
 0.2332835042629657 0.77622236
 0.23739722022144751 0.77853068
 0.24155984660321483 0.7808405
 0.24576963660743611 0.78315254
 0.2500300838357746 0.78546733
 0.2543394414873986 0.78778554
 0.2586977095623082 0.79010805
 0.26310663486133495 0.79243568
 0.26756796418531053 0.79476909
 0.2720799507334033 0.79710855
 0.2766460881072765 0.79945374
 0.28126462950609854 0.80180407
 0.2859355749298694 0.80415907
 0.2906606711794206 0.80651855
 0.29544166505558394 0.80888227
 0.30027855655835933 0.81124993
 0.30516959888691524 0.81362149
 0.31012003244374636 0.81599672
 0.31512461682635795 0.81837502
 0.3201903392380765 0.8207557
 0.3253119592764071 0.82313862
 0.33049471734384466 0.8255247
 0.3357368666395576 0.82791527
 0.3410401539643774 0.83031133
 0.3464045793183042 0.83271373
 0.35183014270133794 0.83512322
 0.3573203377151419 0.83754018
 0.36287167075805276 0.8399648
 0.36848938223256544 0.84239723
 0.3741699785370167 0.84483701
 0.37991870007390143 0.8472825
 0.3857320532415564 0.84973118
 0.39161178484081315 0.85218122
 0.397561388473335 0.85463261
 0.4035791173382903 0.85708658
 0.4096649714356791 0.8595444
 0.4158224443671646 0.8620063
 0.42204978933191517 0.86447187
 0.428350499931594 0.86694083
 0.43472282936536965 0.86941306
 0.4411685244340736 0.87188834
 0.4476875851377059 0.87436625
 0.4542835050779298 0.87684581
 0.460952790653082 0.87932498
 0.4677006822656574 0.88180129
 0.47452717991565607 0.88427368
 0.48143053680224634 0.8867426
 0.4884124997262598 0.8892098
 0.4954765622893597 0.89167735
 0.5026209776907145 0.894146
 0.5098474927311558 0.89661529
 0.5171561074106835 0.89908471
 0.524550315330961 0.90155368
 0.5320283696911565 0.90402048
 0.5395920172921018 0.90648279
 0.5472412581337968 0.90893831
 0.5549795858179047 0.91138563
 0.5628070003444258 0.9138248
 0.5707217549125281 0.91625636
 0.5787290899247067 0.91867994
 0.5868272585801299 0.92109406
 0.5950180076796292 0.92349748
 0.6033030840240365 0.92589094
 0.6116824876133516 0.9282758
 0.6201562184475747 0.93065115
 0.6287277701283688 0.9330136
 0.6373988894565656 0.9353583
 0.6461660828305019 0.9376803
 0.6550345906526727 0.9399764
 0.6640044129230778 0.94224494
 0.6730755496417172 0.94448408
 0.6822497476094226 0.9466916
 0.6915287536270257 0.9488661
 0.700914314495358 0.9510077
 0.7104046834135881 0.953117
 0.7200033539833789 0.95519227
 0.7297120730055622 0.95722835
 0.7395308404801381 0.95921921
 0.7494596564071063 0.96116146
 0.7595037611889622 0.96305386
 0.7696596612240421 0.96489408
 0.7799308501140093 0.96667988
 0.7903173278588639 0.96841171
 0.8008225880602693 0.97009084
 0.8114466307182252 0.97171756
 0.8221912026335635 0.97329092
 0.8330580506071155 0.97480872
 0.8440454278380499 0.9762697
 0.8551585747288614 0.97767473
 0.8663957444787184 0.9790248
 0.8777604306892842 0.98031921
 0.8892526333605589 0.98155534
 0.9008740992933739 0.98272953
 0.912626575288561 0.98383929
 0.9245118081469517 0.98488473
 0.936529797868546 0.98586772
 0.9486840380550072 0.98679104
 0.9609745287063354 0.98765742
 0.9734012698225305 0.98846868
 0.9859695018060874 0.98922649
 0.9986774778561744 0.98993259
 1.011528691574455 0.99058804
 1.0245231429609287 0.99119286
 1.0376625788164277 0.99174611
 1.0509487459417834 0.99224725
 1.0643833911378273 0.99269811
 1.0779682612053911 0.99310174
 1.0917051029453066 0.99345951
 1.1055956631584051 0.99377255
 1.119639941844687 0.99404464
 1.1338396858049832 0.99428069
 1.1481983886409581 0.99448502
 1.1627177971534425 0.99466209
 1.177396164541605 0.99481604
 1.19223873120794 0.99495005
 1.2072472439532802 0.99506739
 1.222419955976793 0.99517183
 1.2377621076809737 0.99526668
 1.2532736990658221 0.99535434
 1.2689564769321701 0.99543691
 1.2848121880808491 0.99551668
 1.300842579312691 0.99559545
 1.3170511442293588 0.99567407
 1.3334378828308524 0.99575243
 1.3500045419180037 0.99582881
 1.3667546150924758 0.9959009
 1.3836881023542688 0.99596729
 1.4008067505042143 0.99602732
 1.4181140531439755 0.99608123
 1.435611757074384 0.99612979
 1.4532998622954398 0.99617359
 1.4711818624088064 0.99621344
 1.489259504215315 0.99625086
 1.5075345345157975 0.99628794
 1.5260104469119173 0.99632653
 1.5446854946028425 0.99636736
 1.563564917991068 0.99640976
 1.5826504638774254 0.99645252
 1.6019421322619151 0.9964946
 1.6214451635470314 0.99653498
 1.6411578109319431 0.99657224
 1.661085314819145 0.99660508
 1.6812294220094685 0.99663259
 1.701590132502914 0.99665389
 1.7221709399011442 0.99666816
 1.7429735910049912 0.99667546
 1.764006819818613 0.99667837
 1.7852479179311981 0.99668166
 1.8067335681602114 0.99668937
 1.828446302497336 0.99670462
 1.8504035889508885 0.99673095
 1.8725704915042364 0.99676949
 1.894999414182328 0.99681522
 1.9176554209685314 0.9968594
 1.9405559798711624 0.9968954
 1.9637010908902214 0.99692083
 1.9870907540257081 0.99693391
 2.010724969277623 0.99693114
 2.034621204654281 0.99691074
 2.0587794601556836 0.99687794
 2.0831647997651976 0.99684437
 2.107829627507772 0.99682032
 2.132756475375091 0.99681127
 2.157945343367153 0.99681741
 2.183378763475644 0.99683298
 2.2091091397255104 0.99685171
 2.2350840680918055 0.99687142
 2.2613559525994766 0.996891
 2.2878898572318924 0.99690711
 2.314703249997368 0.9969156
 2.341796130895904 0.99691208
 2.3691684999275004 0.99689474
 2.396837825100474 0.99686345
 2.424786638406507 0.99682009
 2.453032407853917 0.99677441
 2.4815751334427034 0.99674105
 2.5103973471645506 0.99673131
 2.5395339850360905 0.9967486
 2.5689501110406904 0.99678748
 2.5986981292033 0.99683319
 2.6287256354989696 0.99687124
 2.659085033952648 0.99689467
 2.6897413885477035 0.99690128
 2.7207121672924516 0.99689221
 2.7520148381952087 0.99686622
 2.783614465239343 0.99681746
 2.8155459844414862 0.9967511
 2.847809395801639 0.99668943
 2.880387231311484 0.99664948
 2.9133144269876543 0.99663336
 2.9465560468135176 0.99663818
 2.9801470268057066 0.9966572
 3.0140698989559044 0.99668614
 3.0483246632641116 0.99673234
 3.0829462557469606 0.99680624
 3.1178997403878185 0.99690172
 3.153202585195002 0.99700589
 3.1888547901685106 0.99711899
 3.224873823316661 0.99724458
 3.2612422166311372 0.99737998
 3.2979774381202546 0.99751144
 3.3350794877840144 0.99761587
 3.372548365622415 0.99767753
 3.4103840716354576 0.99769725
 3.448586605823142 0.99769099
 3.4871559681854682 0.99768592
 3.526127094739069 0.99768519
 3.5654650494673103 0.99767983
 3.6051873003785104 0.99767614
 3.6452938474726686 0.99767361
 3.685784690749784 0.99765879
 3.7266772982181746 0.99763298
 3.7679716698778387 0.99761641
 3.809650337720461 0.99761681
 3.8517307697543574 0.99763792
 3.894230433987844 0.99771032
 3.9371143944042894 0.99783722
 3.980435055028641 0.99797105
 4.024140011835951 0.99812263
 4.068281668851167 0.99831682
 4.112825090057658 0.99854794
 4.157787743463739 0.99878265
 4.203187097077727 0.99898058
 4.249005682891306 0.99914183
 4.295260968912791 0.99925938
 4.341935487133867 0.9993548
 4.389064173571166 0.9994448
 4.436612092208055 0.99951975
 4.484614179061166 0.99955968
 4.533052966122186 0.99955966
 4.581928453391112 0.99953296
 4.631258108876261 0.99947117
 4.68105940058595 0.99937947
 4.731297392503544 0.99927917
 4.781989552637362 0.9991919
 4.833135880987403 0.99913251
 4.884753845561984 0.99911243
 4.936843446361103 0.99912479
 4.989387215376446 0.99917696
 5.042420088624644 0.99926699
 5.095907130089065 0.99938218
 5.149883275786343 0.99951168
 5.204331057708159 0.99962217
 5.259250475854515 0.99971393
 5.314676466242043 0.99974528
 5.370574092854109 0.99972444
 5.426960823699031 0.99967354
 5.483836658776809 0.99963104
 5.541201598087443 0.99962869
 5.5990731096392485 0.99958991
 5.657433725423909 0.99944948
 5.716300913449741 0.99927133
 5.775674673716747 0.99913775
 5.835537538216606 0.99899906
 5.895924442965955 0.99882458
 5.9568179199564754 0.99865962
 6.018217969188167 0.99849624
 6.080142058669348 0.99830739
 6.1425727203916995 0.99817258
 6.2055099543552234 0.99820993
 6.268988696576551 0.99833062
 6.332991479047368 0.9983831
 6.397500833759357 0.99841242
 6.462551696729149 0.9984498
 6.528126599948431 0.99839759
 6.594225543417198 0.99822224
 6.660865995143772 0.99804417
 6.728030487119834 0.99792708
 6.7957364873537 0.99779695
 6.863966527837054 0.99761381
 6.932755544586528 0.99733207
 7.002068601585491 0.99706019
 7.0719406348505744 0.99692095
 7.142354176373463 0.99686383
 7.2132917581458384 0.99683591
 7.284788316184335 0.99682484
 7.356843850488953 0.99682186
 7.429440893051374 0.99692105
 7.5025794438716 0.99715485
 7.576276970957947 0.9975262
 7.650533474310413 0.9979116
 7.725331485920686 0.99836245
 7.800688473797079 0.99883698
 7.876604437939592 0.9994179
 7.953061910339909 0.99992666
 8.030095827014664 1.0004918
 8.107671251947222 1.0011427
 8.185823121154218 1.0018743
 8.264516498619018 1.0024696
 8.343768852349939 1.0028876
 8.423597650355298 1.0031218
 8.50396795661846 1.0032441
 8.58491470715606 1.0032841
 8.666420433959779 1.0031776
 8.748485137029618 1.0029554
 8.83110881636558 1.0026339
 8.914291471967662 1.0022544
 8.998033103835864 1.0018528
 9.082351179978504 1.0014878
 9.167210764378948 1.0012101
 9.25264679305383 1.0010136
 9.338624329986514 1.0008664
 9.425178311193637 1.0007625
 9.512273800658562 1.0007034
 9.599945734397926 1.0006793
 9.688159176395093 1.0006781
 9.776949062666699 1.0006906
 9.866280457196108 1.0007108
 9.956170827991638 1.0007355
 10.046602707044972 1.0007632
 10.137611030372744 1.0007929
 10.229143393950004 1.0008243
 10.321252201801698 1.000857
 10.413885049902882 1.0008907
 10.507076874270188 1.0009253
 10.600827674903615 1.0009606
 10.695102515786528 1.0009966
 10.789918864927246 1.001033
 10.885276722325768 1.0010699
 10.981176087982096 1.0011072
 11.077616961896227 1.0011449
 11.174581876059847 1.0011829
 11.27208829848127 1.0012212
 11.370101293143867 1.0012599
 11.468655796064267 1.0012988
 11.567734339234155 1.0013379
 11.667336922653531 1.0013773
 11.767446078314078 1.001417
 11.868079274224115 1.001457
 11.969219042375325 1.0014972
 12.070865382767703 1.0015376
 12.173018295401256 1.0015784
 12.27567778027598 1.0016193
 12.378843837391877 1.0016606
 12.482498998740628 1.0017021
 12.586625796313918 1.0017439
 12.691259166128381 1.001786
 12.7963816401757 1.0018283
 12.901975750447555 1.001871
 13.008041496943951 1.001914
 13.114578879664888 1.0019572
 13.22160536661868 1.0020008
 13.329068553780377 1.0020448
 13.437003377166617 1.002089
 13.545392368769077 1.0021336
 13.654218060579444 1.0021786
 13.763497920606035 1.0022239
 13.873214480840533 1.0022696
 13.983385209291251 1.0023157
 14.093957701933247 1.0023622
 14.204966894783148 1.0024091
 14.31639531983264 1.0024565
 14.428242977081721 1.0025043
 14.54049239852208 1.0025525
 14.65314358415371 1.0026012
 14.766196533976615 1.0026504
 14.879633779982477 1.0027001
 14.993455322171299 1.0027503
 15.107661160543078 1.002801
 15.222251295097815 1.0028523
 15.337190789818877 1.0029042
 15.452514580722896 1.0029566
 15.568170263784927 1.0030097
 15.684192775021598 1.0030634
 15.800547178416277 1.0031178
 15.917233473968967 1.0031728
 16.034251661679665 1.0032286
 16.151584273540056 1.0032851
 16.269248777558455 1.0033424
 16.387210237718235 1.0034005
 16.505486122027704 1.0034594
 16.624041494470233 1.0035191
 16.742893823054142 1.0035798
 16.862025639771108 1.0036414
 16.98141947661282 1.003704
 17.10109280158759 1.0037676
 17.22101067867879 1.0038323
 17.341190575894735 1.0038981
 17.461615025227107 1.0039652
 17.58224909065927 1.0040334
 17.703127708207865 1.0041029
 17.824181005839623 1.0041739
 17.945583663637705 1.0042462
 18.06716100151895 1.0043201
 18.1887383394002 1.0043956
 18.31066503744777 1.0044728
 18.4327664155785 1.0045518
 18.555042473792397 1.0046327
 18.677493212089455 1.0047157
 18.799943950386513 1.0048009
 18.9227440488499 1.0048884
 19.04554414731328 1.0049784
 19.16869360594299 1.005071
 19.29166838448954 1.0051666
 19.41499252320241 1.0052654
 19.53831666191528 1.0053676
 19.66181548071132 1.0054735
 19.785314299507355 1.0055836
 19.90881311830339 1.0056983
 20.032486617182588 1.005818
 20.156334796144946 1.0059435
 20.280182975107305 1.0060754
 20.403856473986504 1.0062149
 20.52787933303203 1.0063631
 20.65172751199439 1.0065219
 20.775750371039912 1.0066933
 20.89959855000227 1.0068886
