 0.0E+0 0.0E+0
 9.32024488025584E-3 8.2016034E-3
 0.028070308263075535 0.024701812
 0.04704097611157155 0.041377024
 0.06623492783220958 0.058190958
 0.08565427874588363 0.075093282
 0.10530231935176206 0.092027316
 0.1251814000063938 0.10893728
 0.1452941061019825 0.12577328
 0.1656432580663869 0.14249391
 0.1862316763274656 0.1590669
 0.2070624163487321 0.17546861
 0.2281375934510804 0.19168289
 0.24945979302671425 0.20769976
 0.27103371578873136 0.22351411
 0.29286147705802573 0.23912454
 0.3149454271911462 0.25453238
 0.33728791654464163 0.26974084
 0.3598959961881586 0.28475436
 0.38276731576514833 0.29957817
 0.4059065759887085 0.31421795
 0.42931847757193675 0.32867954
 0.45300537087138204 0.34296867
 0.47697195660014213 0.35709079
 0.5012182347582169 0.37105096
 0.5257489060587042 0.38485393
 0.5505686712147017 0.39850423
 0.5756798805827581 0.41200626
 0.6010848845194225 0.42536423
 0.6267883837377927 0.43858216
 0.6527950789509661 0.45166386
 0.679104970158943 0.46461303
 0.7057251084313698 0.47743317
 0.7326554937682467 0.49012742
 0.7599055275957689 0.50269838
 0.7874728595573877 0.51514825
 0.8153621903662007 0.52747893
 0.8435805710918546 0.53969208
 0.8721303520908983 0.5517889
 0.9010138837198806 0.56376989
 0.9302382170484479 0.57563466
 0.9598033520766007 0.58738206
 0.9897139895174363 0.59901053
 1.0199771804406014 0.61051827
 1.0505952752026448 0.62190293
 1.0815706241601155 0.63316179
 1.11291027838266 0.64429191
 1.1446165882268273 0.65529024
 1.1766942544057148 0.6661534
 1.2091479776324205 0.67687759
 1.2419824586200423 0.68745879
 1.2752000477251286 0.6978931
 1.3088077960173263 0.70817673
 1.3428080538531841 0.71830585
 1.3772078723023488 0.72827675
 1.412009601721369 0.73808568
 1.447217942823343 0.74772845
 1.4828375963213675 0.75720058
 1.51887561328509 0.76649773
 1.555336694427608 0.77561572
 1.59222319010547 0.78455064
 1.629539801031774 0.79329923
 1.6672935782761668 0.80185841
 1.705489222551746 0.81022463
 1.744131434571609 0.81839459
 1.783224915048854 0.82636588
 1.822776715053127 0.83413641
 1.8627891849409774 0.84170384
 1.903269375782052 0.84906608
 1.9442243386459963 0.85622156
 1.9856564238893605 0.86316862
 2.0275726825817903 0.86990528
 2.0699778154363834 0.87642987
 2.1128788735227872 0.88274091
 2.1562805575540986 0.88883715
 2.200189918599965 0.89471744
 2.244609307016934 0.90038085
 2.289548124231202 0.90582759
 2.3350134213124156 0.91105919
 2.381005198260574 0.9160777
 2.42754225792807 0.92088581
 2.474619899601804 0.9254871
 2.5222381232817756 0.9298853
 2.5704204325334756 0.93408348
 2.619143323791414 0.93808434
 2.668453804186568 0.94189116
 2.7183283701534493 0.94550781
 2.7687905252575464 0.94893896
 2.819840269498859 0.95219055
 2.8715011064428765 0.95526867
 2.92374953252411 0.9581788
 2.976585547742559 0.96092634
 3.030056159229201 0.96351724
 3.0841613669840364 0.96595819
 3.1388776674415765 0.96825603
 3.1942285641673096 0.97041725
 3.250237560726724 0.97244766
 3.306881153554332 0.97435264
 3.36420634978111 0.97613742
 3.4221896458415703 0.97780789
 3.480831041735712 0.9793697
 3.540154041029024 0.98082773
 3.6001821472869952 0.98218653
 3.660891856944137 0.98345005
 3.7223301771314254 0.98462149
 3.784473604283374 0.98570412
 3.8473221383999813 0.98670202
 3.9108992830467363 0.98762002
 3.9752285417891273 0.98846281
 4.040309914627154 0.98923437
 4.10611989799533 0.98993852
 4.172729002590119 0.99057912
 4.240066717715055 0.99116022
 4.3082270576320924 0.99168614
 4.377139511644768 0.99216132
 4.446874590449545 0.99259013
 4.5174087904809354 0.99297593
 4.588765615304428 0.99332179
 4.660945064920023 0.99363054
 4.733947139327721 0.99390427
 4.807818845658497 0.99414547
 4.882513176781376 0.99435714
 4.958100643392822 0.99454192
 5.03453423836186 0.99470266
 5.111884472384954 0.99484181
 5.190104338331128 0.99496096
 5.26921733976587 0.99506126
 5.349270483820157 0.99514338
 5.430240266928501 0.9952079
 5.512126689090902 0.99525586
 5.594976757438337 0.99528891
 5.678766968405316 0.99530898
 5.763544329122819 0.99531804
 5.849285336025356 0.99531797
 5.9360134926784144 0.99531053
 6.023728799081997 0.99529716
 6.1124782623670794 0.995279
 6.202214875402683 0.99525704
 6.293009148885276 0.99523202
 6.384861082814858 0.99520462
 6.477747173625939 0.99517583
 6.57169092488401 0.99514655
 6.666739343720045 0.9951174
 6.762868926568558 0.99508903
 6.860103176995037 0.9950623
 6.958442094999481 0.99503827
 7.057932687712868 0.99501794
 7.158551451569711 0.99500214
 7.260321890135495 0.99499147
 7.363244003410224 0.99498627
 7.467364798524872 0.99498663
 7.572684275479441 0.99499242
 7.679178930708441 0.99500336
 7.78691927490834 0.99501903
 7.895881804513647 0.99503891
 8.00609002308985 0.99506236
 8.117567434202442 0.99508883
 8.23031403785142 0.9951179
 8.344329834036783 0.99514929
 8.459661829889509 0.99518275
 8.576333528975088 0.99521793
 8.694297924162543 0.99525449
 8.813625526148337 0.99529204
 8.934316334932472 0.99533026
 9.056370350514948 0.99536885
 9.179811076461252 0.99540758
 9.304662016336877 0.99544628
 9.430946673707307 0.99548489
 9.558641545007056 0.99552351
 9.6877936373671 0.99556245
 9.818426454352927 0.99560199
 9.950539995964538 0.99564219
 10.084134262201934 0.9956827
 10.21927976376158 0.99572281
 10.355929493512496 0.9957617
 10.494130458585664 0.99579871
 10.633882658981081 0.99583349
 10.775233101829727 0.99586608
 10.9181817871316 0.99589689
 11.062752218452188 0.99592667
 11.208967899356978 0.99595624
 11.356805326280487 0.99598633
 11.506335009919175 0.99601741
 11.657533446707557 0.99604966
 11.810447643776609 0.99608314
 11.965077601126334 0.99611785
 12.121446822322214 0.99615369
 12.279578810929744 0.99619044
 12.43949707051441 0.99622781
 12.60120160107621 0.99626553
 12.764739409746126 0.99630347
 12.930110496524154 0.9963415
 13.097314861410295 0.99637938
 13.266423015101019 0.99641678
 13.43741145403083 0.99645355
 13.610327185330709 0.99648972
 13.785170209000658 0.99652518
 13.961964028606163 0.99655965
 14.140732147712713 0.99659282
 14.321498069885797 0.99662434
 14.504285298690903 0.99665359
 14.68911733769352 0.99667967
 14.876017690459138 0.99670144
 15.064986356987754 0.99671763
 15.256046840844858 0.99672699
 15.44924614916143 0.99672876
 15.644607785502956 0.99672314
 15.842108246303948 0.99671137
 16.04181804226087 0.99669509
 16.243760676939213 0.99667584
 16.44791264677349 0.99665482
 16.65434446246016 0.99663262
 16.86305612399923 0.9966094
 17.074071134956184 0.99658568
 17.287412998896513 0.99656284
 17.50310521938571 0.99654196
 17.721194803554745 0.99652229
 17.941681751403617 0.99650194
 18.164589566497824 0.99648002
 18.389965255968334 0.99645723
 18.61780881981515 0.99643499
 18.848143761603765 0.99641455
 19.081017088465152 0.99639664
 19.316452303964794 0.99638095
 19.554449408102705 0.99636623
 19.79505540800985 0.99635116
 20.038293807251722 0.99633561
 20.28418810939381 0.99632032
 20.532785321567093 0.99630487
 20.78406194020608 0.99628686
 21.038088476007231 0.99626355
 21.294888432536048 0.99623304
 21.55446180979252 0.996195
 21.816879118473117 0.99615233
 22.082116855012355 0.99610938
 22.35024553010669 0.9960672
 22.621288647321616 0.99602425
 22.895246206657134 0.99598175
 23.17216521524422 0.99594394
 23.45206917664836 0.99591341
 23.735075608697005 0.99588911
 24.020878965038793 0.99586841
 24.30997282054899 0.99584933
 24.60212213957271 0.99583052
 24.89756195776484 0.99581328
 25.195822203815605 0.99580305
 25.49760798468966 0.99580458
 25.802449229077247 0.99581772
 26.110580972633236 0.99583879
 26.422003215357637 0.9958653
 26.736715957250446 0.99589766
 27.054719198311662 0.99593518
 27.376247974196175 0.99597561
 27.701302284903984 0.996016
 28.029412059125313 0.99605185
 28.361282403824823 0.99607874
 28.69667828334763 0.99609495
 29.035599697693733 0.99610109
 29.377811611208244 0.99610004
 29.724019130855822 0.99609626
 30.07351714967181 0.99609278
 30.42701077462086 0.99609135
 30.784029934393217 0.99609324
 31.14480966464374 0.99610066
 31.509349965372454 0.99611162
 31.877650836579352 0.99611941
 32.249947313919314 0.99611676
 32.62600436173746 0.99609681
 33.00605701568867 0.99605796
 33.390105275772945 0.99600269
 33.77791410633541 0.99593211
 34.16995357868583 0.99584462
 34.56575362151442 0.99574105
 34.96601934178586 0.99562903
 35.37004563253547 0.99551622
 35.77853760072793 0.9954035
 36.191025175053454 0.9952925
 36.607743391166934 0.99519593
 37.02892728472325 0.99512897
 37.454106784412644 0.99509752
 37.883751961544874 0.99509591
 38.31786281611994 0.99511791
 38.75620431248297 0.99516506
 39.19924652194372 0.99523378
 39.64651937319242 0.99532156
 40.09849293753885 0.99543084
 40.55493217932813 0.99555977
 41.01583709856023 0.99570089
 41.48167776654496 0.99584187
 41.95198411197253 0.9959722
 42.42699117049782 0.99609378
 42.90669894212083 0.99621648
 43.39134246249647 0.99633849
 43.88068669596983 0.99646083
 44.3749666781958 0.99658869
 44.87418240917439 0.99672572
 45.37833388890558 0.9968886
 45.887421117389393 0.997074
 46.401444094625816 0.99726703
 46.92040282061486 0.99746022
 47.444767366666283 0.99764469
 47.974067661470314 0.99781073
 48.50853874068185 0.99794185
 49.04818060430089 0.9980374
 49.592993252327424 0.99810736
 50.143211720416346 0.99814384
 50.69883600856765 0.99816471
 51.259631081126464 0.99817266
 51.825831973747654 0.99815511
 52.39767372208611 0.99815836
 52.97468625483208 0.99820703
 53.557574678950196 0.99827437
 54.145633887475824 0.9983421
 54.7395689873736 0.99841101
 55.338909907333764 0.99849699
 55.94389168301121 0.99860623
 56.5547493500608 0.99872583
 57.17124787282767 0.99883522
 57.7936222869667 0.99891155
 58.421637556823 0.99899449
 59.055763753706344 0.99913297
 59.69553080630696 0.99931581
 60.34140878593462 0.99950234
 60.993162656934444 0.99965659
 61.65079241930641 0.99975892
 62.31453310870543 0.9997986
 62.9846197607864 0.99978604
 63.66058230423951 0.99975683
 64.34265577471966 0.9997064
 65.03084017222687 0.99959345
 65.72537053241601 0.9994633
 66.42624685528706 0.99936137
 67.13323410518518 0.99934368
 67.8468023534201 0.99942922
 68.56648152868208 0.9995455
 69.29274170228086 0.99963286
 70.02534783856159 0.99964907
 70.76429993752423 0.99953638
 71.5100680704786 0.99926838
 72.26218216611488 0.99891564
 73.02087726008799 0.99854245
 73.7861533523979 0.99826245
 74.55801044304464 0.99813664
 75.3366835676831 0.99807577
 76.12193769065834 0.9980669
 76.9140078476253 0.99813115
 77.71289403858398 0.99829026
 78.51836122787947 0.99846386
 79.33087948682154 0.99859039
 80.15021377975532 0.99867448
 80.9763641066808 0.99872811
 81.80956550325288 0.99874902
 82.64958293381666 0.99872001
 83.49641639837213 0.99862598
 84.3505359682291 0.99838327
 85.21170660773264 0.99801193
 86.07969328122789 0.99763402
 86.95496606002462 0.99744606
 87.83728990846795 0.9974379
 88.72666482655785 0.99755012
 89.62332584994924 0.9978625
 90.5270379429872 0.99813535
 91.43803614132668 0.99815942
 92.35608540931271 0.99809478
 93.2816558182551 0.99803287
 94.21427729684412 0.99785016
 95.15441991638947 0.99753325
 96.1018486412363 0.99721883
 97.05632843572972 0.99690201
 98.01832937117952 0.9966469
 98.98785144758567 0.99624919
 99.9646596292933 0.9958794
 100.9487539163024 0.99530675
 101.94036934426786 0.99502986
 102.93950591318969 0.99449138
 103.945928587413 0.9950171
 104.95987240259268 0.99514694
 105.9813373587287 0.99690201
 107.01008842016621 0.9985936
 108.04659565821495 1.0007041
 109.0903890015652 1.0024464
 110.14193852152668 1.0037793
 111.20077414678964 1.0045408
 112.26713091300896 1.0038563
 113.34124385583954 1.0028753
 114.42264290397159 1.0016969
 115.51179812871489 1.0007607
 116.60847449441454 1.0001469
 117.71267200107056 0.99980012
 118.82439064868295 0.99961776
 119.94363043725171 0.99952296
 121.07039136677682 0.99947385
 122.20490847291317 0.99945017
 123.34671168435102 0.99944192
 124.4962710724001 0.9994437
 125.65311656575066 0.99945233
 126.81771823571249 0.99946576
 127.98960601097576 0.99948264
 129.1692499628503 0.99950204
 130.3561800200263 0.99952329
 131.55086625381358 0.99954594
 132.75283859290232 0.99956965
 133.96233207294741 0.99959417
 135.179111658294 0.99961933
 136.40364742025184 0.99964499
 137.63523425185627 0.99967105
 138.87457726007193 0.99969743
 140.12097133793417 0.99972409
 141.3748865567528 0.99975098
 142.6363229165278 0.99977808
 143.9048103459494 0.99980535
 145.18058388067242 0.99983279
 146.46364352069693 0.99986039
 147.75398926602295 0.99988814
 149.05162111665043 0.99991603
 150.35630403692448 0.99994407
 151.66827306250004 0.99997226
 152.9870581220673 1.0000006
 154.31312928693603 1.0000291
 155.64625152145134 1.0000577
 156.98642482561325 1.0000866
 158.33341416376686 1.0001156
 159.68745457156705 1.0001447
 161.04831101335898 1.0001741
 162.41598348914257 1.0002036
 163.7904719989179 1.0002334
 165.17177654268493 1.0002633
 166.55989712044365 1.0002935
 167.95459869653916 1.0003239
 169.35564623531664 1.0003545
 170.76350980808584 1.0003854
 172.17795437919181 1.0004166
 173.59874491297972 1.000448
 175.02588140944956 1.0004797
 176.45936386860137 1.0005116
 177.89942732608997 1.0005439
 179.34536667495072 1.0005765
 180.79765198649343 1.0006095
 182.25604822506318 1.0006427
 183.72032035500507 1.0006763
 185.190703411974 1.0007103
 186.6669623603151 1.0007447
 188.14933223568323 1.0007795
 189.63710793111377 1.0008146
 191.13075951791645 1.0008502
 192.63005196043641 1.0008862
 194.13498525867365 1.0009227
 195.64532437697326 1.0009597
 197.16106931533528 1.0009972
 198.68222007375965 1.0010351
 200.20854161659156 1.0010736
 201.74003394383095 1.0011127
 203.27669705547782 1.0011523
 204.8185309515322 1.0011925
 206.36506556068434 1.0012333
 207.91677095424395 1.0012748
 209.4729420252464 1.0013169
 211.03404884500147 1.0013598
 212.59962134219938 1.0014033
 214.1696595168401 1.0014476
 215.74416336892372 1.0014927
 217.32289786279525 1.0015385
 218.90609803410964 1.0015852
 220.4932938115571 1.0016328
 222.0847202307925 1.0016813
 223.6799072205061 1.0017308
 225.27908981635275 1.0017813
 226.88203298267757 1.0018327
 228.48850168382571 1.0018853
 230.098730955452 1.001939
 231.71225072624673 1.0019939
 233.32929603186474 1.00205
 234.94963183665117 1.0021075
 236.57278806929625 1.0021662
 238.19923480110972 1.0022265
 239.82803188947201 1.0022882
 241.46152969093208 1.0023515
 243.09737784894102 1.0024165
 244.73322600694996 1.0024832
 246.37377487805662 1.0025518
 248.0166741057121 1.0026224
 249.6619236899165 1.002695
 251.30952363066973 1.0027699
 252.95712357142295 1.0028472
 254.60942422527395 1.002927
 256.26172487912486 1.0030095
 257.91872624607356 1.0030949
 259.57337725647346 1.0031834
 261.23272897997094 1.0032754
 262.89208070346853 1.0033711
 264.553782783515 1.0034708
 266.2154848635614 1.0035749
 267.8771869436078 1.003684
 269.54123938020313 1.0037985
 271.2076421733472 1.0039192
 272.8740449664914 1.0040468
 274.5380974030867 1.0041826
 276.2068505527797 1.0043278
 277.87325334592384 1.0044844
 279.5420064956168 1.0046544
 281.208409288761 1.0048631
