 0.0E+0 0.0E+0
 0.015331848726232505 0.01746287367225998
 0.046175795326997323 0.05176144715570108
 0.07738263736018214 0.08584497382366363
 0.10895678246261795 0.11988749493413735
 0.1409017103475924 0.1540431686935668
 0.17322283390244183 0.1884405586497863
 0.20592401947526364 0.22317801872560416
 0.2390095200489649 0.2583197176843651
 0.2724839752412625 0.2938931835908118
 0.30635202466987326 0.32988892133523795
 0.3406186945873238 0.36626238431487795
 0.3752874647069018 0.40293791813270224
 0.4103625880115143 0.4398140655907703
 0.44585179719735607 0.47676943519860215
 0.48175857197771476 0.5136682983794268
 0.5180867787006879 0.5503653805577368
 0.5548402837143726 0.5867095198341468
 0.592030686063061 0.6225461594048745
 0.6296541193986561 0.6577189217860248
 0.6677183164173522 0.6920702511313958
 0.7062310098153444 0.7254415742855799
 0.7451960659407298 0.757673347206491
 0.7846212174897035 0.7886045541707134
 0.8245064644622653 0.8180725763017206
 0.8648595395546098 0.8459132537949762
 0.9056881754629319 0.8719612099917056
 0.9469962385353291 0.8960506619995665
 0.9887875951198987 0.9180168385975075
 1.0310699779128353 0.9376979502541685
 1.073851119610334 0.9549377343113639
 1.1171310202123942 0.9695886500667988
 1.160921278763309 0.9815159079650959
 1.2052218952630773 0.9906019571336258
 1.2500483351040894 0.9967514522069261
 1.2953967319382475 0.9998962363035004
 1.341274818461747 1.0
 1.387694193718879 0.9970625185984596
 1.4346587240577415 0.9911230790274024
 1.482172275826432 0.9822635731098204
 1.5302464480692423 0.9706108154886691
 1.578881240786173 0.9563375992048508
 1.6280843866734178 0.9396620484464759
 1.67786748477527 0.9208447049623315
 1.728234401439826 0.9001847462392925
 1.7791890030151837 0.8780152789849286
 1.8307428885456353 0.8546982070931289
 1.8828999243792781 0.8306176248641649
 1.9356678432123064 0.8061714182813379
 1.9890543777409153 0.7817606766616746
 2.0430672606613002 0.7577768380155601
 2.0977103583215575 0.7345876012145602
 2.1529952697659795 0.7125229901549567
 2.208925861342664 0.6918634331460113
 2.265513732095903 0.672830183279253
 2.322762748373794 0.6555789185132219
 2.380680642872531 0.6401974921005155
 2.43927514828831 0.6267070464777559
 2.4985578636654217 0.6150658917991613
 2.5585365217000624 0.6051759415601636
 2.619214988740328 0.5968939236020453
 2.6806009974824145 0.5900461309114116
 2.742706146970613 0.5844434836739198
 2.8055381699011192 0.5798948910536886
 2.869104798970127 0.5762173170183481
 2.9334137668738322 0.5732424505716656
 2.9984766726565257 0.5708210048812109
 3.064297382666306 0.5688245017707478
 3.1308874959474644 0.5671445072287306
 3.198258611544293 0.5656922313026846
 3.2664145958048904 0.5643998766855793
 3.335367047773547 0.5632210497836371
 3.405123700146459 0.5621280590241733
 3.475696151967918 0.5611074082028944
 3.5470921359341183 0.5601553997308067
 3.619323251089353 0.5592746576975987
 3.6923933637817185 0.558471391960779
 3.7663179394036045 0.5577532964554955
 3.8411085769993036 0.557127828747378
 3.9167652765688156 0.5566009540684739
 3.99331896889692 0.5561762167991947
 4.0707619212874215 0.5558541686084153
 4.149094133740319 0.5556320966980701
 4.228354269736589 0.5555039900296284
 4.308503665795255 0.5554607116531893
 4.389619648878266 0.5554903208078518
 4.47166355550465 0.5555785099046151
 4.554674049155376 0.5557091306118492
 4.638651129830448 0.5558647313738022
 4.723633461010838 0.5560271588386623
 4.809582379215573 0.5561781111819855
 4.896497884444653 0.5562996814427088
 4.984457303660025 0.556374852228435
 5.0734606368616894 0.5563879008681623
 5.163469220568673 0.5563247524494597
 5.254521718261948 0.5561732505389915
 5.346656793422489 0.5559233478340461
 5.439835782569323 0.5555672187728408
 5.534136012664397 0.5550993151594417
 5.629518820226736 0.5545163724285731
 5.725984205256342 0.5538173834062974
 5.823570831234188 0.5530035332168038
 5.922317361641248 0.5520781438449852
 6.0221851329965474 0.5510465397923927
 6.123251472262034 0.5499159607416041
 6.2254777159567344 0.5486953500714838
 6.328863864080649 0.5473951705978702
 6.433448580114751 0.5460271276053492
 6.539270527540014 0.5446038587601124
 6.646329706356438 0.5431385853561418
 6.754587453083051 0.5416447892889203
 6.864159758162771 0.5401358552375898
 6.974930631152679 0.538624807250792
 7.087054725976669 0.5371240610379753
 7.200416052191821 0.5356452363038743
 7.315130600241056 0.534199020775663
 7.4311597066434 0.5327950640033711
 7.5485420348798264 0.5314419158633783
 7.667277584950335 0.530146984197868
 7.7873663568549265 0.5289164888152448
 7.908885677555548 0.5277554397574362
 8.031758220090254 0.5266676305359403
 8.156099974901961 0.5256556298708088
 8.281833615028725 0.5247208477540475
 8.409075130913468 0.5238635978498306
 8.537747195594243 0.523083231849528
 8.667888472552018 0.5223782738898249
 8.799576288748748 0.5217465649403602
 8.932771980703453 0.5211854098423938
 9.067475548416137 0.5206916780740312
 9.203764318848748 0.5202619267036878
 9.341599628520308 0.5198924759969686
 9.481058804392768 0.5195794960223712
 9.622103182985155 0.5193190728430598
 9.764771427778438 0.5191072193096727
 9.909063538772623 0.5189398856999639
 10.055056842929655 0.5188129111496246
 10.202674013287584 0.518722006040282
 10.352031040289335 0.5186627445796501
 10.503127923934905 0.518630616183322
 10.655926000743325 0.5186211391069633
 10.810463934195562 0.5186300049883119
 10.966819051253568 0.5186532403099942
 11.12495268843637 0.518687339584803
 11.28490350922494 0.5187293876405666
 11.446671513619275 0.5187771085753315
 11.610334028581327 0.5188288553969923
 11.775852390630122 0.5188835196518944
 11.943265263246634 0.5189403819994264
 12.11257264643086 0.5189988968908688
 12.28385186714475 0.5190584461371557
 12.457102925388302 0.5191181273298516
 12.632287157680542 0.5191766256571785
 12.809520554464397 0.5192322800272873
 12.988764452258888 0.5192834092166083
 13.170057514544988 0.5193288042212649
 13.353438404803674 0.5193682411401682
 13.538907123034944 0.5194028240074301
 13.7264636692388 0.519435043333476
 13.916185370377187 0.5194684706789787
 14.10811088993108 0.5195073111004704
 14.302162900938532 0.5195558965424238
 14.498457393842463 0.5196182484247325
 14.696994368642875 0.5196978897497326
 14.897773825339765 0.5197978097166125
 15.100834427414108 0.5199207055512954
 15.306214838346882 0.5200692968141514
 15.513953721619055 0.5202465872061349
 15.724012413749657 0.5204557587697862
 15.936468241700632 0.5206998688052096
 16.151359868952955 0.5209814817188407
 16.36868729550663 0.5213023574670235
 16.58845052136165 0.5216627067038718
 16.810765536960946 0.5220599085810875
 17.03555501534256 0.5224875571789491
 17.262896283468442 0.5229357208591106
 17.492789341338596 0.5233923066421448
 17.72531151591497 0.523845080414763
 17.960462807197561 0.5242837154802429
 18.198281878667344 0.5247011008391993
 18.43880739380529 0.5250932741306585
 18.68200068913043 0.5254578856521759
 18.92797775508568 0.5257922866856598
 19.17669992819007 0.5260927964561212
 19.428244535405546 0.5263558733651559
 19.682611576732114 0.5265803148585457
 19.939839715650737 0.5267682354311886
 20.199967615642396 0.526923133230313
 20.463033940188061 0.5270463461787326
 20.729038689287737 0.52713529299895
 20.99805918990337 0.5271841183572865
 21.270095442034953 0.5271849075341842
 21.545147445682495 0.5271287910373634
 21.823331191288914 0.5270076000214798
 22.104608015373237 0.5268165102047411
 22.38905524489741 0.5265569470545551
 22.67667287986143 0.5262385668603844
 22.96749958374628 0.5258791475594988
 23.261574020032927 0.5255014826122699
 23.558934852202344 0.5251286495070667
 23.85962074373551 0.524780561088486
 24.163670358113392 0.5244723559137469
 24.471122358816973 0.5242124669383881
 24.781976745846243 0.5240019421898552
 25.096272182682177 0.5238387473430131
 25.414085996286733 0.5237249899970445
 25.735456850140877 0.5236702258149721
 26.060346080763633 0.5236883332948797
 26.388869678597924 0.523791958629501
 26.72106630712473 0.5239877433386102
 27.056897302863067 0.5242751238434604
 27.396478656255865 0.5246467234752884
 27.739810367303117 0.5250892610665949
 28.086931099485806 0.525581017181482
 28.437879516284898 0.5260923924900917
 28.792694281181365 0.5265919778505156
 29.151452721137165 0.5270561125767785
 29.514154836152286 0.5274712939131034
 29.880839289707711 0.5278295847037279
 30.251583408765384 0.5281252317012385
 30.6263871933253 0.5283557630350518
 31.005289306868444 0.5285274352378012
 31.388367076356757 0.5286537254263984
 31.775659165271207 0.5287528828807371
 32.167165573611804 0.5288373707430986
 32.5629636283405 0.5289136046342208
 32.963091992938245 0.5289891466004651
 33.367589330886033 0.5290776102137645
 33.77653296914581 0.529188739856844
 34.1898842442366 0.529312116150222
 34.607759146601324 0.5294196143517724
 35.03019633972095 0.5294735015360932
 35.45719582359549 0.5294371135754368
 35.88887358866785 0.5292845950605894
 36.32519097145707 0.5290227226410351
 36.766263962406064 0.5287183359019906
 37.212131224995815 0.528479725708844
 37.66279275922631 0.5283876750406631
 38.1183258920595 0.528441899214824
 38.57876928697637 0.5285717126430423
 39.04431626138177 0.5286839365588657
 39.514464190023055 0.5287013204638719
 39.99002500600067 0.5285899724997484
 40.470612074504884 0.5283750290908275
 40.95661203034542 0.5281131660463338
 41.447251603902813 0.5278319220384363
 41.94369069960628 0.5275183127974113
 42.445156047836334 0.5271389556556079
 42.95203428340272 0.5267020076890826
 43.464325406305434 0.5262602547408766
 43.98202941654448 0.5258754179059085
 44.50514631411986 0.5255546680622191
 45.0340627338413 0.525260646467154
 45.56877867570883 0.5249264248436941
 46.10852087010293 0.5245065816431805
 46.65444922145284 0.5239914829910757
 47.20617709494882 0.523457232790648
 47.763704490590875 0.5230332936584368
 48.326644773569263 0.5228156661498917
 48.89615784831318 0.5228127862067886
 49.471083810393444 0.5229778578186308
 50.05258256423924 0.5232398745450683
 50.639880840231114 0.5236042047327871
 51.233365273178783 0.5241180070670044
 51.833035863082265 0.5247472799285237
 52.438892609941554 0.5253660734313338
 53.05132214856639 0.5258971515850028
 53.66993784414702 0.5263604002925617
 54.29512633149321 0.5268566002042282
 54.926887610604936 0.5275352981113958
 55.56483504667248 0.5284935959945227
 56.20974190931529 0.5296091630116193
 56.86083492891391 0.5305759083492976
 57.51927400989756 0.5311796422436394
 58.183899247837004 0.5314064794894319
 58.85587054716147 0.5313691392765693
 59.53441463825149 0.5313124172623971
 60.21991815591678 0.531516722369151
 60.91276773496709 0.5320441051288504
 61.61219010578296 0.5327046008786716
 62.31895853798383 0.5333833131953263
 63.03307303156974 0.5341066069706718
 63.754146951730923 0.5347587523332213
 64.48295356808687 0.5351704046535297
 65.21871961101809 0.5354110183342962
 65.96221835014407 0.5356809571190526
 66.71306315065506 0.5360112483683582
 67.47125401255109 0.5363350566757197
 68.2375642054516 0.5366648446786446
 69.01122045973715 0.5370623565445503
 69.79260941021744 0.5375626457716485
 70.58173105689248 0.5382673915916004
 71.37897203457203 0.5392764616511089
 72.18394570844634 0.5404953642170447
 72.99703871332514 0.5418105522787308
 73.81825104920844 0.5431980114364032
 74.64758271609624 0.5445020838755117
 75.48503371398853 0.5454771859182105
 76.33060404288531 0.5461433066865683
 77.18429370278659 0.5467467889420664
 78.04687596331185 0.5474854466091568
 78.91757755484159 0.5483479899486202
 79.79678511218557 0.5490318521808392
 80.6844986353438 0.5491239287130838
 81.58071812431625 0.5485334800621774
 82.48583021391268 0.5472755089088105
 83.39983490413307 0.545585816946285
 84.32234556016769 0.5440017271609956
 85.25374881682629 0.5430882693751026
 86.1944313089186 0.5428749657925905
 87.14361976682514 0.5426653420020322
 88.10247409497514 0.5421625759579671
 89.06983438893936 0.5413313769453318
 90.04686055314703 0.5396609999448441
 91.03277931797867 0.5375992978377289
 92.02797731824403 0.5356875233839714
 93.03284118875283 0.5349972215673572
 94.04698429469533 0.5349665017349277
 95.0707932708813 0.5348106938817421
 96.10388148250097 0.5345341294807702
 97.14702219917382 0.5346901257130185
 98.19944215128038 0.5353374456933662
 99.26191460844012 0.5366065377328904
 100.33405293584332 0.5380100890099025
 101.41585713348995 0.5398675868186151
 102.50771383618978 0.5415617108450765
 103.61000967875255 0.5430501404658423
 104.72197139155874 0.544417942839757
 105.84398560941811 0.5453035043293363
 106.9760523323307 0.5456070592714162
 108.11855819510619 0.5448698316252463
 109.2715031977446 0.5433585341321749
 110.43450070543621 0.5425005772146888
 111.60832398780046 0.5427848653232701
 112.79219977521791 0.5438421394480728
 113.98690133730803 0.5455663234555658
 115.19204203926105 0.547319381866261
 116.407621881077 0.5486439417312904
 117.63441413237537 0.5499899508031739
 118.87164552353664 0.5517023028482071
 120.11970268937058 0.5526627459166994
 121.37858562987718 0.5518610959573191
 122.64829434505644 0.5499360336543732
 123.92921546971812 0.5475037401631786
 125.22096236905243 0.5443420539122272
 126.52392167786914 0.5400575270571147
 127.83809339616828 0.5363386934456396
 129.16309088914005 0.5343802009219311
 130.49968742640396 0.533899045843637
 131.84749637315027 0.5344355256809121
 133.206517729379 0.5358372681881451
 134.57713812989985 0.537766190606177
 135.9589709399031 0.5392027383773382
 137.35201615938876 0.5390743089556022
 138.75704705797627 0.5381010960811659
 140.17367700085594 0.5380517316427919
 141.601519353218 0.5392041245600442
 143.04134738468195 0.5403516933208355
 144.49277446043802 0.5400056866222843
 145.95580058048622 0.5376115124044109
 147.4308123796363 0.5346243908351164
 148.91742322307854 0.5318213091100539
 150.41601974562266 0.5295606938816996
 151.92621531245887 0.528689448507544
 153.4487831932067 0.5290674011409922
 154.98295011824671 0.5296647004874452
 156.52948935719831 0.5307828280756486
 158.0880142752518 0.5323497535564966
 159.6581382375974 0.5338496976903345
 161.24063451385461 0.5350262060056032
 162.83550310402344 0.5349417865596504
 164.44235737329415 0.5342118120574499
 166.06119732166672 0.5363971168059066
 167.69240958395093 0.5416582892053138
 169.33599416014672 0.5466388663700851
 170.99156441544442 0.5479595592258469
 172.65950698465374 0.5459858986366297
 174.33982186777464 0.5334024584376168
 176.03212242999742 0.5358236216128827
 177.73718194094155 0.446012720540464
 179.45422713098756 0.31608886431810773
 181.18403126975493 0.24443750845977676
 182.92582108762417 0.1693254573234474
 184.67998321940501 0.12350397151151239
 186.44690429990723 0.09584819593719539
 188.2258110595113 0.07758465730240072
 190.0174767678367 0.06438022237845537
 191.82151479007376 0.05430162642808172
 193.6379251262224 0.04634565221492263
 195.46670777628267 0.03991721358750536
 197.30786274025456 0.034631487249318665
 199.16139001813803 0.030225183321250136
 201.02767624474287 0.026510752875604292
 202.9059481504496 0.023350409680280844
 204.79697900487767 0.020640397624696656
 206.69999553840762 0.018300977257798813
 208.6157710206589 0.0162698061115057
 210.54353218201205 0.014497417543541976
 212.48405229208657 0.01294405445325506
 214.43655808126297 0.011577401137924938
 216.40182281916074 0.010370925254507836
 218.37907323616033 9.30264664880309E-3
 220.36869596707154 8.354209253129411E-3
 222.37030437708466 7.510171074574664E-3
 224.38467173581912 6.757455119152998E-3
 226.41063813884574 6.084919914585424E-3
 228.44936349059366 5.483020412053661E-3
 230.49968788663372 4.94353768739958E-3
 232.56238459658544 4.459361312724499E-3
 234.63745362044875 4.02431347087623E-3
 236.72412168860418 3.6330051374083E-3
 238.8227754358615 3.2807180836363254E-3
 240.9334148622207 2.9633073558998552E-3
 243.05603996768175 2.6771203497315226E-3
 245.1906507522447 2.4189288411755154E-3
 247.33686058109978 2.1858721363468285E-3
 249.49505608905673 1.9754090285707204E-3
 251.66446400649607 1.7852770901657186E-3
 253.84585760303733 1.6134579354740096E-3
 256.0388502438707 1.4581473898213821E-3
 258.2434419289962 1.3177301502767398E-3
 260.45924602360406 1.1907576263659775E-3
 262.6866491625041 1.0759289920072661E-3
 264.92526471088655 9.720745630265756E-4
 267.1750926687514 8.78141443574468E-4
 269.4361330360986 7.931808359994604E-4
 271.70838581292827 7.163369704895187E-4
 273.9918509992403 6.468374235016757E-4
 276.286141960225 5.839844558226573E-4
 278.5908720610726 5.271473981189345E-4
 280.90681457140266 4.757559407722985E-4
 283.23358285640534 4.29294089889206E-4
 285.5707902812709 3.87294835266862E-4
 287.9184368459994 3.4933534361542554E-4
 290.2765225505909 3.150327066877384E-4
 292.645434029855 2.840400825187451E-4
 295.02401137936254 2.560432461521273E-4
 297.413027868733 2.3075751170589128E-4
 299.8120968631567 2.079249309763022E-4
 302.2208317278238 1.873117696127986E-4
 304.63961909754414 1.6870622805321335E-4
 307.0680723375079 1.5191641523978251E-4
 309.50657808252475 1.367684681279101E-4
 311.9539764281657 1.2310488377792702E-4
 314.41104064405004 1.1078298634267675E-4
 316.87738409536814 9.967355873513823E-5
 319.35300678211984 8.965958649198295E-5
 321.8375220694956 8.063512188785272E-5
 324.33092995749535 7.250425706706784E-5
 326.833230446119 6.518019269978631E-5
 329.34403690055694 5.8584384013866265E-5
 331.8633493208091 5.264577488955419E-5
 334.3911677068755 4.7300097698130955E-5
 336.92749205875605 4.2489238974112944E-5
 339.4715491068315 3.816066250449075E-5
 342.0241121207211 3.4266885574516645E-5
 344.5840211959957 3.076500435353844E-5
 347.1520496022749 2.7616262688359062E-5
 349.727424069939 2.4785659716383126E-5
 352.31014459898813 2.2241594244084064E-5
 354.90021118942235 1.9955542715159225E-5
 357.4972372064318 1.7901766459436812E-5
 360.10160928482633 1.605704559705132E-5
 362.7125541549864 1.4400438618085494E-5
 365.33045845172165 1.2913063659992237E-5
 367.95454890541276 1.1577901115401957E-5
 370.58521215086943 1.0379614146953226E-5
 373.2220615532819 9.304385647717302E-6
 375.86471047784044 8.339771732138552E-6
 378.5135455593548 7.474568258768866E-6
 381.1677935282055 6.698690442119362E-6
 383.8278410192022 6.00306305110024E-6
 386.49330139753533 5.3795226266793725E-6
 389.1634013935853 4.820727590293618E-6
 391.83891427697153 4.320077993072493E-6
 394.51829350845514 3.871642414190131E-6
 397.2054054361335 3.470092320811213E-6
 399.8963837119093 3.1106425703518375E-6
 402.58736198768514 2.7889979352997697E-6
 405.28607295965565 2.50130459914469E-6
 407.9886502797235 2.2441068056466705E-6
 410.6950939478889 2.014307722865775E-6
 413.4054039641515 1.8091337844991591E-6
 416.11571398041417 1.6261033085603244E-6
 418.83375669287164 1.4629978655566994E-6
 421.55179940532906 1.3178366864536553E-6
 424.27757481398123 1.1888538359986288E-6
 426.9994838745361 1.0744776562015613E-6
 429.7291256312856 9.733125479641203E-7
 432.4587673880352 8.841227007486323E-7
 435.19227549288223 8.058176643497027E-7
 437.9257835977291 7.37439687222577E-7
 440.659291702576 6.781525781364364E-7
 443.39666615552044 6.272321618497695E-7
 446.13790695656206 5.840579075002364E-7
 448.8791477576038 5.481063817283637E-7
 451.6165222105481 5.189457683798468E-7
 454.36162935968724 4.96232323777527E-7
 457.10287016072896 4.797097267104431E-7
 459.847977309868 4.6919679446210296E-7
