 0.0E+0 0.0E+0
 5.583706353434679E-4 3.044639277010741E-3
 1.1233096107214244E-3 0.011037619195276514
 1.6948937451552864E-3 0.023066373329095814
 2.27320074548167E-3 0.03833422284337823
 2.8583092163666492E-3 0.05616005527610971
 3.450298670415288E-3 0.07597448384469564
 4.0492495383990705E-3 0.0973118665435082
 4.655243179583311E-3 0.11979736084704762
 5.268361892175308E-3 0.14313188369493201
 5.888688923871524E-3 0.16707780603758201
 6.516308482525511E-3 0.19144660462863816
 7.151305746922408E-3 0.21608843126846946
 7.793766877672299E-3 0.24088312337409653
 8.443779028217687E-3 0.26573266423329716
 9.101430355951347E-3 0.29055546611462945
 9.766810033459595E-3 0.31528249494452464
 0.010440008259876904 0.3398548289742559
 0.011121116272363086 0.3642219927455674
 0.011810226357699368 0.38834059617267435
 0.012507431864007068 0.4121729027300386
 0.013212827212583218 0.4356856129034615
 0.0139265079098711 0.45884877105742505
 0.01464857055954111 0.48163508632667623
 0.01537911287470652 0.5040195354484998
 0.016118233690263737 0.5259793734472831
 0.016866032975355216 0.5474944049666147
 0.01762261184597283 0.5685472281821725
 0.018388072577677366 0.5891232694403129
 0.019162518618457545 0.6092105567299223
 0.01994605460171639 0.6287994330090819
 0.020738786359398141 0.6478822701319156
 0.021540820935238767 0.6664533753483519
 0.022352266598157897 0.6845089690101581
 0.02317323285579228 0.7020472243674656
 0.024003830468150914 0.71906819452869
 0.024844171461427692 0.7355735484860497
 0.02569436914194043 0.7515661593462698
 0.02655453811021517 0.767049627420753
 0.027424794275214783 0.7820281801694362
 0.028305254868706244 0.7965068499614486
 0.029196038459773143 0.8104915732981788
 0.030097264969477226 0.8239893590895451
 0.031009055685661455 0.8370076389047629
 0.03193153327790395 0.8495546240629076
 0.032864821812618114 0.8616397042294793
 0.03380904676830187 0.8732733111865922
 0.03476433505094526 0.8844663659802776
 0.03573081500957581 0.8952297724887462
 0.03670861645197369 0.9055743074433641
 0.03769787066052642 0.9155110011650762
 0.03869871040824681 0.9250518766136302
 0.03971126997494744 0.9342100749839548
 0.04073568516356795 0.9429993196910316
 0.04177209331666172 0.9514330403041585
 0.0428206333330505 0.9595235112739429
 0.04388144568462615 0.9672817936940817
 0.044954672433324 0.9747175203757659
 0.04604045724825474 0.9818385624045325
 0.047138945423005174 0.9886509711299394
 0.048250283893093513 0.995160043822144
 0.04937462125360314 1.0013722277590666
 0.05051210777697561 1.0072960719590864
 0.05166289543097262 1.012941953568025
 0.05282713789680858 1.0183212977000675
 0.05400499058745308 1.0234466656306562
 0.05519661066610495 1.0283322749170338
 0.05640215706483514 1.0329935337028852
 0.05762179050340614 1.0374444507064015
 0.058855673508264684 1.0416951953379676
 0.06010397043170833 1.0457530486929802
 0.061366847471229946 1.0496250702014826
 0.06264447268903521 1.053320447012582
 0.06393701603174275 1.0568508347774112
 0.06524464935025893 1.0602291327888726
 0.06656754641983573 1.0634666435048334
 0.06790588296030475 1.0665712262892435
 0.06925983665649627 1.0695471106312326
 0.07062958717883853 1.0723959751745733
 0.07201531620414163 1.075118334087164
 0.07341720743656274 1.0777145418106168
 0.07483544662875528 1.080186110806145
 0.07627022160321023 1.082535207238608
 0.07772172227377132 1.084763308936646
 0.07919014066734904 1.0868704791756096
 0.0806756709458149 1.0888569307237068
 0.08217850942808623 1.0907268781840462
 0.08369885461239666 1.0924899149913951
 0.08523690719876013 1.0941571355520913
 0.0867928701116235 1.0957379997916216
 0.08836694852270671 1.0972386539727245
 0.08995934987403757 1.0986623364701042
 0.0915702839011758 1.100011606467233
 0.09319996265662679 1.1012897477361034
 0.09484860053345547 1.1025008469034995
 0.09651641428908289 1.103647484834035
 0.09820362306928399 1.104728468976836
 0.09991044843237085 1.1057387719008713
 0.10163711437358008 1.1066733181169683
 0.10338384734964104 1.1075302949571
 0.1051508763035506 1.1083092413872295
 0.10693843268953111 1.1090086937228793
 0.10874675049819374 1.1096266682602877
 0.11057606628188504 1.110162501188078
 0.11242661918023612 1.110618390223341
 0.11429865094590247 1.1109973111729698
 0.11619240597049883 1.1113005147193664
 0.11810813131072692 1.1115298736486598
 0.1200460767147016 1.1116907322297326
 0.12200649464846244 1.1117892702457918
 0.12398964032268862 1.1118289918287873
 0.12599577171959805 1.1118141895817048
 0.12802514962004632 1.1117524226828192
 0.13007803763081238 1.111649940632652
 0.1321547022120776 1.111508250094649
 0.13425541270509835 1.1113273627065418
 0.13638044136006705 1.111109896667922
 0.13853006336415796 1.1108613994738514
 0.14070455686977348 1.1105875006025962
 0.14290420302296696 1.1102895675489226
 0.145129285992057 1.109964674229084
 0.14738009299642937 1.109613223773064
 0.14965691433552186 1.109243489886566
 0.15196004341799357 1.1088657047141547
 0.1542897767910733 1.108485974995385
 0.156646414170097 1.1081060350134606
 0.15903025846821272 1.1077255638978023
 0.16144161582627727 1.1073419949811773
 0.1638807956429197 1.106949923594142
 0.1663481106047813 1.1065417705382445
 0.16884387671693085 1.1061106139004726
 0.17136841333345181 1.1056543921569834
 0.17392204318819234 1.1051737706220077
 0.1765050924256892 1.1046690925796003
 0.17911789063225086 1.1041423088295805
 0.18176077086720757 1.1035934681801857
 0.1844340696943192 1.1030209275977806
 0.18713812721333725 1.102424354810448
 0.18987328709172593 1.1018051077504966
 0.19263989659653465 1.1011650566740338
 0.19543830662641603 1.1005069356215422
 0.19826887174379353 1.0998364446088213
 0.20113195020716842 1.0991620168543811
 0.20402790400356746 1.098493642029088
 0.20695709888112576 1.0978370740823584
 0.20991990438180682 1.097190715545939
 0.21291669387423872 1.0965508323834658
 0.21594784458669066 1.0959167066914801
 0.21901373764015757 1.095291321173443
 0.22211475808156541 1.0946767728688737
 0.22525129491709097 1.0940713485419726
 0.228423741145585 1.093467944065037
 0.23163249379210124 1.0928540496730898
 0.23487795394151858 1.0922124659569163
 0.23816052677226684 1.0915276057458012
 0.24148062159012365 1.0907893200874918
 0.24483865186210904 1.0899879686980127
 0.24823503525045195 1.0891143350192171
 0.25167019364662085 1.0881632126778097
 0.255144553205431 1.0871345616556282
 0.2586585443792026 1.0860362836271508
 0.2622126019519764 1.084878316799002
 0.26580716507376767 1.083662272587878
 0.269442677294874 1.0823864511771454
 0.2731195866001986 1.0810652620319762
 0.27683834544361285 1.0797295991554605
 0.2805994107823282 1.0784079821292926
 0.28440324411128314 1.077115659515206
 0.2882503114975304 1.075854442672815
 0.2921410836146193 1.0746109168015278
 0.29607603577696545 1.073364019908898
 0.30005564797419365 1.0720902449102582
 0.30408040490545895 1.0707708643980695
 0.3081507960137152 1.0693964648538307
 0.3122673155199441 1.0679595445336016
 0.31643046245732053 1.0664612384769893
 0.3206407407053114 1.0649114607774452
 0.3248986590236932 1.063320425334042
 0.32920473108647874 1.0616915431612805
 0.33355947551575326 1.0600183290271514
 0.3379634159153837 1.058283763080477
 0.3424170809046221 1.056474403021057
 0.34692100415156645 1.054580264733369
 0.35147572440647423 1.0525785063290391
 0.3560817855349257 1.0504401372832932
 0.36073973655081176 1.0481472363957142
 0.36545013164913853 1.045699579715057
 0.37021353023864222 1.0431132456561522
 0.3750304969741843 1.0404206859263862
 0.37990160178893556 1.037654078267653
 0.384827419926311 1.0348373992807307
 0.38980853197166204 1.0319869895589064
 0.3948455238837025 1.0290861452004931
 0.39993898702564034 1.0260864955128905
 0.4050895181960342 1.0229503947696996
 0.41029771965931283 1.0196632307460251
 0.41556419917598674 1.0162055658758837
 0.4208895700324988 1.0125571494133844
 0.42627445107072026 1.0087254776706522
 0.4317194667170646 1.0047672564917831
 0.4372252470112048 1.0007529487505506
 0.44279242763437093 0.9966928650579617
 0.4484216499372158 0.9925691474592969
 0.45411356096722926 0.9883850723555504
 0.4598688134956757 0.9841369825426503
 0.4656880660440414 0.9798012673660358
 0.4715719829099682 0.9753276556389436
 0.47752123419265063 0.9706649328171404
 0.4835364958176874 0.9658461249991132
 0.48961844956134353 0.960969365126405
 0.49576778307422925 0.9561235799440122
 0.5019851899043436 0.9513467664316022
 0.508271369519485 0.9465968801134735
 0.5146270273289938 0.9418173819659875
 0.5210528747047976 0.9369551574382242
 0.5275496290017501 0.9319847428257704
 0.5341180135772257 0.9269189275068654
 0.5407587578099515 0.9217652263113478
 0.5474725971180447 0.9165070744395413
 0.5542602729762414 0.9111344444606142
 0.5611225329322737 0.9056450048423423
 0.568060130622384 0.9000390190432934
 0.5750738257859326 0.894355501050751
 0.5821643842790877 0.8886131825848571
 0.5893325780875557 0.8827546528167886
 0.5965791853383291 0.876669105603935
 0.603904990310421 0.8702644396552084
 0.6113107834445524 0.8635028755893931
 0.6187973613517717 0.8563659015499284
 0.6263655268209616 0.8487988199509842
 0.634016088825213 0.8408649654380732
 0.6417498625270273 0.8327650102844678
 0.6495676692823176 0.8246655379407563
 0.6574703366431701 0.8165930603835642
 0.6654586983593456 0.8084895175414901
 0.6735335943784618 0.8002921273168997
 0.6816958708448544 0.7919869130425768
 0.6899463800970493 0.7835586979220811
 0.6982859806638331 0.7749455280190678
 0.706715537258874 0.7661061614528604
 0.7152359207738596 0.7571069371339165
 0.7238480082701175 0.7479804755083292
 0.7325526829686666 0.7387593238645141
 0.741350834238684 0.7294159980165883
 0.7502433575843263 0.7198965839133807
 0.7592311546298758 0.7101247195452824
 0.7683151331031769 0.7000016831447888
 0.7774962068173069 0.6894468133766511
 0.7867752956504528 0.6785164289111177
 0.7961533255239532 0.6673871348168067
 0.8056312283784491 0.656145020216711
 0.8152099421481178 0.6449126907573244
 0.8248904107329408 0.6338030272594779
 0.8346735839689517 0.6227115557781482
 0.8445604175964426 0.6115846798322221
 0.8545518732260591 0.6004578276723773
 0.864648918302761 0.5893163947413428
 0.8748525260675859 0.578030298573886
 0.8851636755171877 0.5665372082164989
 0.8955833513610809 0.554864991320996
 0.9061125439765694 0.5431846678771778
 0.9167522493612942 0.5317534476024097
 0.9275034690833583 0.5205230771018401
 0.9383672102289909 0.5092377292184734
 0.9493444853476762 0.4978505565727021
 0.960436312394738 0.48626677228865256
 0.9716437146712928 0.4745448359421646
 0.9829677207615418 0.46288688450035775
 0.9944093644673621 0.45135280321843757
 1.005969684740116 0.43987121502516424
 1.0176497256096612 0.42852445569435604
 1.0294505361104968 0.41737634661504013
 1.0413731702049906 0.4064766163140506
 1.053418686703649 0.3957897193720007
 1.0655881491823686 0.3852439403287893
 1.0778826258966298 0.3747608282003935
 1.0903031896925661 0.36421551559521964
 1.1028509179148722 0.35364429808065667
 1.1155268923114967 0.34301293141238936
 1.1283321989350625 0.332381308495067
 1.1412679280409703 0.32201907916805982
 1.1543351739821297 0.312035904478931
 1.1675350351002693 0.3024473392822589
 1.180868613613781 0.29325817701267142
 1.1943370155020311 0.2845462469430394
 1.207941350386109 0.27640076762238796
 1.2216827314059433 0.2689007792764461
 1.235562275093752 0.2621631726821998
 1.249581101243766 0.25615639315446525
 1.26374033277818 0.250643515691556
 1.2780410956092835 0.24551243785236748
 1.2924845184977187 0.24088070999666913
 1.3070717329068248 0.23679269386853862
 1.321803872853012 0.23318407870485644
 1.3366820747521215 0.22995700856148798
 1.3517074772617316 0.226985401378621
 1.3668812211193532 0.2242820763157604
 1.3822044489764735 0.22191901015643347
 1.397678305228411 0.21985883700106143
 1.4133039358399217 0.21804544148435703
 1.4290824881665327 0.21646893154196863
 1.445015110771545 0.2151220684498431
 1.4611029532386794 0.21402054032219541
 1.4773471659803087 0.2131548434188222
 1.4937489000412531 0.21245993286899095
 1.5103093068980901 0.21188558783248423
 1.5270295382539553 0.2114060443124052
 1.5439107458287764 0.2109673195636027
 1.5609540811449371 0.21054990227280967
 1.5781606953083053 0.21021961188026047
 1.5955317387846263 0.21004939551632828
 1.6130683611712273 0.21007991755056501
 1.6307717109640178 0.21032536140724325
 1.648642935319755 0.2107796667214552
 1.6666831798135552 0.21138571754502227
 1.6848935881916218 0.21207466136003624
 1.703275302119173 0.21280926438467517
 1.7218294609235498 0.2135590419336973
 1.7405572013324874 0.2142898990331619
 1.75945965720754 0.21499677087686683
 1.7785379592726346 0.21572074005759875
 1.7977932348377623 0.21646112633934663
 1.8172266075177792 0.21713649845098917
 1.836839196946329 0.217653956639668
 1.8566321184848695 0.2179534376385727
 1.8766064829268225 0.2180060716868681
 1.8967633961968268 0.21782880663362966
 1.9171039590451182 0.21752126169988497
 1.9376292667370298 0.21718548583145463
 1.9583404087376443 0.21685599851210801
 1.9792384683915886 0.21655509141272152
 2.0003245225980035 0.21630069634557022
 2.021599641480708 0.21602352872366867
 2.043064888053575 0.2156391115429477
 2.0647213178811547 0.21519191964988332
 2.086569978734563 0.21480772566427716
 2.1086119102426934 0.21466612344327956
 2.130848143538759 0.21486060543728247
 2.153279700902229 0.21527832662261653
 2.175907595396202 0.21572369012236025
 2.1987328305002513 0.21603000697601704
 2.2217563997388185 0.21611171931471084
 2.244979286305189 0.21597952682224222
 2.2684024626811236 0.21568818101203732
 2.2920268902522193 0.21532184496615966
 2.3158535189190443 0.21495584024499767
 2.3398832867041514 0.21460346655729131
 2.3641171193550185 0.21429349589367402
 2.3885559299430325 0.2141495826442985
 2.4132006184585623 0.21432500175605043
 2.4380520714022684 0.21477090467201695
 2.4631111613726792 0.21521222251338162
 2.488378746650202 0.2153852342475879
 2.5138556707776253 0.2151691992433638
 2.5395427621372443 0.21450620830820982
 2.565440833524737 0.21351091522708823
 2.5915506817198825 0.21246795192987036
 2.6178730870542796 0.21162085482104744
 2.64440881297617 0.21104970172842305
 2.671158605612527 0.21067730506087165
 2.6981231933285223 0.21024782145998804
 2.7253032862845607 0.20964110868897373
 2.752699575990973 0.2089184076337922
 2.780312734860601 0.20803618666094675
 2.808143415759357 0.20705485587554733
 2.836192251554996 0.20592738250685155
 2.8644598546642203 0.20463243492837687
 2.8929468165983402 0.2032299860840859
 2.9216537075076183 0.20197361667174745
 2.950581075724555 0.20105735686128331
 2.979729447306257 0.20018067221720312
 3.0090993255761002 0.19897655431577865
 3.0386911906649136 0.19743622551014794
 3.06850549905186 0.19574105287000198
 3.0985426831052662 0.19413917070829223
 3.1288031506235833 0.19283651194719633
 3.1592872843767434 0.19199222228358456
 3.1899954416481022 0.19143877806157533
 3.220927953777252 0.19068948353281903
 3.252085125703879 0.18953848068630232
 3.2834672355129934 0.18800221334055078
 3.315074533981694 0.18612378951931718
 3.346907244127812 0.1839279056842445
 3.3789655607605997 0.18128162466790948
 3.4112496500338256 0.17812471857412767
 3.4437596490014494 0.17459616972208585
 3.476495665176224 0.1707323567300153
 3.5094577760914762 0.1666008053421439
 3.5426460288663097 0.16232524536806841
 3.576060439774594 0.1580405463930467
 3.609700993817941 0.15354449028343516
 3.643567644303036 0.14835265384283993
 3.677660312423554 0.14267878631469907
 3.711978886847025 0.13691906585051363
 3.7465232233068794 0.13134931518295903
 3.781293144200055 0.12592284760741326
 3.8162884381903836 0.12040495075266333
 3.8515088598181694 0.11485663779026524
 3.8869541291161664 0.10917502195596415
 3.9226239312323576 0.10314934788993359
 3.9585179160597827 0.09662205212734411
 3.9946356978738 0.08980922289088221
 4.03097685497701 0.08311685526359433
 4.067540929352262 0.07696722503292891
 4.104327426323992 0.07155176302814964
 4.141335814228221 0.06669359389606663
 4.178565524091588 0.06211071061670054
 4.216015949319655 0.057668834724600055
 4.253686445394888 0.05340846953643924
 4.29157632958455 0.049344776254952364
 4.329684880658923 0.045379837366344336
 4.368011338620071 0.04142135777394359
 4.406554904441546 0.03751329930886861
 4.445314739819301 0.033822610318128373
 4.484289966934143 0.030449609584035974
 4.523479668226019 0.02731171398549534
 4.562882886180484 0.024220301696897282
 4.602498623127564 0.02106884841918002
 4.64232584105344 0.017954110526813588
 4.6823634614251314 0.01514992080623046
 4.722610365028524 0.012877758068606764
 4.763065391820059 0.0111275677398517
 4.803727340792284 9.758995574436763E-3
 4.844594969853624 8.646491824122391E-3
 4.885666995722579 7.712210714963557E-3
 4.926942093836671 6.910164328044875E-3
 4.96841889827634 6.211491234159963E-3
 5.010096001704081 5.59669107277851E-3
 5.051971955319071 5.051758137895771E-3
 5.094045268827464 4.5661465929240745E-3
 5.136314410428674 4.131621585468212E-3
 5.178777806817772 3.741568954580698E-3
 5.2214338432043 3.390556874936071E-3
 5.264280863347602 3.074045205513123E-3
 5.307317169608994 2.7881841594819857E-3
 5.3505410230208134 2.529671053994888E-3
 5.393950643372664 2.295644898671623E-3
 5.437544209314889 2.0836074413745262E-3
 5.481319858479549 1.8913622244332586E-3
 5.5252756876189295 1.7169671991983195E-3
 5.569409752761825 1.558697009050791E-3
 5.6137200693876 1.4150126289756792E-3
 5.65820461261827 1.2845365012654102E-3
 5.702861317428553 1.1660320041013004E-3
 5.747688078874097 1.0583864344006405E-3
 5.7926827523379 9.605964041675187E-4
 5.837843153794957 8.717555563916122E-4
 5.8831670600952614 7.910440777340503E-4
 5.928652209265081 7.177194786787923E-4
 5.97429630082665 6.511085374995334E-4
 6.02009699613615 5.906004519037215E-4
 6.066051918740126 5.356405973516396E-4
 6.112158654750132 4.857250985260504E-4
 6.1584147532357604 4.4039595336393076E-4
 6.204817726635827 3.992367202273982E-4
 6.251365051187799 3.618686502500167E-4
 6.298054167375243 3.279471684262383E-4
 6.344882480393349 2.9715877388963374E-4
 6.391847360632261 2.692181856054246E-4
 6.438946144178234 2.4386579870534143E-4
 6.486176133332364 2.2086534770584522E-4
 6.533534597146819 2.0000183815973906E-4
 6.581018771978354 1.810796142095877E-4
 6.628625862058931 1.639206359358248E-4
 6.676353040083286 1.4836290696782972E-4
 6.724197447813143 1.3425903460791586E-4
 6.772156196697966 1.2147493527086371E-4
 6.820226368511879 1.0988864140238092E-4
 6.86840501600661 9.93892124627257E-5
 6.91668916358009 8.987576445863965E-5
 6.9650758079605115 8.125654886362784E-5
 7.013561918905451 7.344814876728956E-5
 7.06214443991585 6.637472764498864E-5
 7.1108202889643985 5.996733919575116E-5
 7.159586359238129 5.41633113343463E-5
 7.208439519894709 4.8905673513037686E-5
 7.257376616832213 4.4142641993111475E-5
 7.306394473471868 3.982714109563682E-5
 7.355489891553472 3.59163773999801E-5
 7.404659651943045 3.237143960589265E-5
 7.45390051545226 2.9156939076780187E-5
 7.503209223669341 2.6240682309574047E-5
 7.552582499800803 2.3593370302636857E-5
 7.60201704952381 2.1188318223945852E-5
 7.651509561848492 1.9001209148033157E-5
 7.701056709989878 1.700986028269354E-5
 7.750655152248931 1.5194011101849018E-5
 7.80030153290214 1.3535130016033086E-5
 7.849992483099314 1.2016234257742808E-5
 7.899724621768885 1.0621724722476103E-5
 7.949494556530402 9.3372337319542E-6
 7.999298884613528 8.149481435279124E-6
 8.049134193783157 7.046144571754824E-6
 8.098997063269996 6.015729510202052E-6
 8.148884064706197 5.0474540579505624E-6
 8.198791763065367 4.131131883690565E-6
 8.24871671760654 3.257058670774994E-6
 8.298655482821463 2.415895990959155E-6
 8.34860460938469 1.5985492947024045E-6
 8.39856064510591 7.960852104100505E-7
 8.448520135883987 6.414454501599996E-17
