 3.945421435360043E-3 0.13855058185787128
 0.011882648722343687 0.16389119436687321
 0.019913261708823203 0.18337560594468885
 0.02803839463406372 0.19987557026088745
 0.03625894295011666 0.21378350457576072
 0.04457629958239534 0.22571702306896343
 0.05299145947762357 0.23638793890037601
 0.06150551707719751 0.24632786639524822
 0.07011966631718573 0.25581900649097794
 0.07883510113365681 0.26497109242199934
 0.08765311495735166 0.27381754009592174
 0.09657460324032172 0.28237258882231375
 0.10560066042396317 0.29064912938128756
 0.1147332764017236 0.29865613611677344
 0.1239733466256544 0.30639300417953435
 0.13332186604247944 0.31384459788566854
 0.14277982959892246 0.32097705953420574
 0.1523502221351549 0.3277372126658004
 0.16203204870445295 0.33405849658075414
 0.17182729920026418 0.33987185068930786
 0.18173796351603621 0.3451170234378078
 0.19176503659849283 0.3497498609839973
 0.2019105083410817 0.3537427449444382
 0.21217437874380276 0.3570797592165121
 0.2225586377001036 0.35975197676988857
 0.23306527510343186 0.3617587645824201
 0.24369528590051131 0.3631137366445352
 0.25444966503806576 0.3638493973144833
 0.26533040240954286 0.3640179755509046
 0.2763394879083901 0.3636876556062447
 0.2874769215346076 0.36293331903785
 0.29874568812836665 0.36182732605956363
 0.31014578768966732 0.36043734188265746
 0.32168120000540484 0.35883019034873336
 0.3333509301288553 0.35707622738689
 0.3451569679534664 0.35524985853634716
 0.3571022983194095 0.35342614020885526
 0.36918791617340834 0.35167324086864776
 0.38141481646218683 0.3500448138226747
 0.3937859840259163 0.3485834256406968
 0.40630141886459686 0.34733389428419764
 0.418963110871676 0.34635290839295124
 0.4317740448873251 0.34570280630663763
 0.44473521585826802 0.34543449840576295
 0.45784761873122853 0.34558354587368517
 0.47111423834637805 0.34617286616798165
 0.4845360696504404 0.3472002155624641
 0.4981151025368631 0.34862996235634347
 0.5118533268990938 0.35040706374067825
 0.5257527326305802 0.3521566266424357
 0.539814314678046 0.3548219240226752
 0.5540410578816625 0.3574137914958555
 0.5684339571881536 0.36022096501594202
 0.5829959974376907 0.36316738913381635
 0.5977281735769977 0.36616123144548345
 0.612632475499522 0.36911443768408186
 0.6277108930987114 0.37193432525447434
 0.6429664112147372 0.37451632844228016
 0.658401019741047 0.3767433911208218
 0.6740157136243645 0.37848024010190722
 0.6898124827581376 0.3795699524211086
 0.7057943119825373 0.3798292953452787
 0.7219631911910115 0.3790527412480108
 0.7383211102770076 0.3770326885453028
 0.7548700591339735 0.37357949299198356
 0.7716130226020803 0.3685274368628387
 0.7885509956280519 0.36172685976627644
 0.8056869630520598 0.35305143109148956
 0.8230239097142751 0.34244251055143692
 0.840562830561422 0.32991207936924193
 0.8583067104336716 0.3155305612574168
 0.8762575392244717 0.2994548332242693
 0.8944183017739935 0.2818985413556525
 0.9127909879756847 0.2631246977936453
 0.9313785826697168 0.24345442092747993
 0.9501820808028135 0.22325504113250901
 0.9692054621618699 0.2029240898869309
 0.9884517115870575 0.18282697368365996
 1.0079208290783763 0.1632978877973777
 1.0276207742096168 0.14464062943960465
 1.0475495570873314 0.12708915186758365
 1.06770717771152 0.11081021008229051
 1.0881035855494203 0.09592798725542652
 1.1087288311337948 0.08251166534623633
 1.1296028133991193 0.07059393860254218
 1.150715582878156 0.06018081058889418
 1.1720770890381424 0.051266795797617725
 1.1936873318790788 0.043822201633721684
 1.2155562608682035 0.037748156105559933
 1.2376739265382781 0.03291529525606933
 1.2600403288893025 0.029213646669843235
 1.2826753668557531 0.026550790710096801
 1.3055790404376295 0.024851130638846245
 1.3287414001676942 0.024428244255179452
 1.3521723955131847 0.024018505714481174
 1.3758819759413392 0.024694297092202617
 1.3998601919849198 0.025958450159436794
 1.4241269425784024 0.027710725913680546
 1.4486722782545491 0.02986500311515757
 1.4734961990133597 0.0325097929431253
 1.4986086543220722 0.03509793637329435
 1.524019593647925 0.03805858466639875
 1.5497190675236796 0.0411727253193136
 1.575726974883812 0.04438106900238955
 1.6020333662610848 0.04762880178978478
 1.6286382416554976 0.05086700238587388
 1.6555515505342881 0.054054547661144383
 1.6827832423646946 0.05716281677687201
 1.7103333171467174 0.06017281724937843
 1.7381918254131183 0.06306707298395504
 1.766388615565611 0.06582557716031491
 1.7948938392024815 0.06842703488053727
 1.823747294192682 0.07085173898133278
 1.8529191321344988 0.07308398347048765
 1.8824392014296456 0.0751125359355583
 1.9122975526108845 0.07693049689028543
 1.9425041351454532 0.07853413641428054
 1.9730589490333516 0.07991717211025752
 2.0039619942745807 0.08106691516205194
 2.0352331698036154 0.08196933558418648
 2.06685257668598 0.08261625738102645
 2.098850063323389 0.08300675350940971
 2.1312057307813656 0.08314435565699163
 2.1639494274616244 0.08303444868168255
 2.1970612544296894 0.08268317472555775
 2.230551161152798 0.08209719399019551
 2.264439046565427 0.08128372166235517
 2.298714961200338 0.08025054304773183
 2.3333789050575304 0.07900609298346728
 2.3684507770714815 0.07755954099515579
 2.4039206277749523 0.0759209156728284
 2.439808356102419 0.0741011985132853
 2.476104012586644 0.0721124316383834
 2.5128175466948645 0.06996777937778349
 2.549948958427082 0.06768158877132234
 2.587518146717771 0.06526938035112452
 2.6255052126324556 0.0627477539910247
 2.6639400045728502 0.06013418172853577
 2.7028225225389554 0.057446671106240444
 2.7421428170635326 0.05470336234336529
 2.7819108376138195 0.05192209159548817
 2.822146483124292 0.049119970196275224
 2.8628398041277134 0.04631303373590327
 2.9040007500913205 0.04351610809811822
 2.9456293210151134 0.04074298744625864
 2.9877454158335683 0.03800690497904568
 3.0303390850794476 0.035320958048470914
 3.0734202782199884 0.03269818525679385
 3.1169889952551916 0.030151200239324316
 3.1610651351195326 0.027741104321445154
 3.205648697813012 0.025329768612951525
 3.2507297338683907 0.02307443246047755
 3.2963380916873843 0.02093332945462717
 3.3424638218027533 0.01891341210770086
 3.389116873681736 0.01702116354714639
 3.4363071967915717 0.015262426386069913
 3.4840347911322586 0.013641739158650037
 3.532299656703798 0.012161420284251233
 3.581121692440665 0.010820816110832819
 3.6305108478100982 9.616049399278724E-3
 3.6804472238776213 8.540385722419204E-3
 3.7309606690449483 7.584939800487384E-3
 3.78205118331208 6.739172194578038E-3
 3.833718766679015 5.990900255004318E-3
 3.885973368612992 5.326129206706784E-3
 3.9388249385812494 4.729203219966491E-3
 3.9922834260510247 4.183471509252349E-3
 4.04633888155508 3.6723717746356427E-3
 4.101011204027892 3.180800589009573E-3
 4.156310342936696 2.69668078480036E-3
 4.212236298281496 2.2124989650366163E-3
 4.268789070062289 1.726420250528406E-3
 4.325998506680791 1.2423405270307805E-3
 4.383844709202524 7.673370165128187E-4
 4.442347576561965 3.0546980597744775E-4
 4.501507108759115 -1.4816077166066715E-4
 4.561343204728448 -6.064453781130313E-4
 4.621855864469967 -1.082938947838008E-3
 4.683055037450906 -1.586053372955963E-3
 4.744950673138505 -2.119314886824821E-3
 4.807532822065527 -2.6851374863483636E-3
 4.870831332633684 -3.287398707875455E-3
 4.934836255375739 -3.930868513928434E-3
 4.999567489226169 -4.619483618777387E-3
 5.065025034184973 -5.355884943799046E-3
 5.131218839719389 -6.141076041838883E-3
 5.198158855296654 -6.973513448593657E-3
 5.2658550303840074 -7.850325184834776E-3
 5.334307364981449 -8.767288542872663E-3
 5.403535758023455 -9.717068351595252E-3
 5.473540209510024 -0.010691990279560495
 5.544320719441158 -0.011687007986050513
 5.615907136218571 -0.012698185000408178
 5.688289510375022 -0.013718304635301591
 5.76148774084499 -0.014736210780915979
 5.835501827628473 -0.01574358945423708
 5.9103417201927115 -0.01673810807693088
 5.9860173680049415 -0.017716867671200734
 6.062538720532402 -9.038800720040364E-3
 6.139915727242329 -2.761165964281414E-4
 6.218158337601963 -0.020431423975899126
 6.297276501078541 -0.021175399454133467
 6.377270217672063 -0.021809888787833357
 6.458149436849766 -0.022361012080873363
 6.539934057546128 -0.022865094744248956
 6.6226340292283865 -0.02334125198612234
 6.706239402429303 -0.023790869301359776
 6.790780025550591 -0.024211212069022932
 6.876265848059489 -0.024608006495376814
 6.962686920488759 -0.025004389868088495
 7.050073091240115 -0.02543479574136233
 7.138424360313557 -0.025927725229806946
 7.227750677176323 -0.026497532121717033
 7.318061991295652 -0.02714425507854278
 7.409368252138779 -0.027854276161857344
 7.501689358640184 -0.028605016388583062
 7.595025310799865 -0.029366170056551642
 7.689386058085058 -0.030096775577239557
 7.784791499430243 -0.03075205896154154
 7.881241634835417 -0.0313023966893764
 7.97874641376782 -0.031754487011008074
 8.077325735161926 -0.03215159330141517
 8.176989548484974 -0.03253631140598011
 8.277737853736966 -0.03290374730347311
 8.379590549852374 -0.03320196909944922
 8.482557586298437 -0.03338253657809562
 8.586648912542396 -0.033320075965059543
 8.691884427518724 -0.03325648721589312
 8.798254181760186 -0.03284841149152161
 8.905788023668492 -0.03219714882679824
 9.014495902710882 -0.03139661021234781
 9.124377818887357 -0.030568581645140473
 9.23546362059963 -0.02976909839835129
 9.347743358380463 -0.028957386777864756
 9.461246880631569 -0.02805443116141222
 9.575984136820189 -0.027019609456293447
 9.69195512694632 -0.025873748607091996
 9.809179749944438 -0.02466831465399022
 9.927667955281784 -0.023442663673458496
 10.047469490294544 -0.02223058066217036
 10.168455011908627 -0.02107651042324094
 10.29083345893603 -0.020004942812319296
 10.414505336704373 -0.01899616815450195
 10.539570139886035 -0.017983987137503182
 10.665828879136258 -0.016845643193703945
 10.793580038472182 -0.01543211940507818
 10.922624628549045 -0.01363951478648774
 11.053062144039227 -0.011438574859567665
 11.184892584942732 -8.862042982453106E-3
 11.318115951259553 -6.014695001829867E-3
 11.452732242989699 -3.1425452498139144E-3
 11.58884095480554 -5.366651750418937E-4
 11.726442086707085 1.5165909469030938E-3
 11.865336649349567 2.953734136095753E-3
 12.005823126750132 3.8970486125511722E-3
 12.147802024236395 4.513518129662319E-3
 12.291273341808358 4.993016757830813E-3
 12.436137584793642 5.596918014834992E-3
 12.582693237209385 6.5696549404603375E-3
 12.73064181503845 7.963649269405869E-3
 12.880281802297972 9.6180439150391E-3
 13.031414209643197 0.011251078367342971
 13.184138531746498 0.012544182187274253
 13.338454768607882 0.013351235985168058
 13.494362920227347 0.013759934742496956
 13.651962481277272 0.013854516892509784
 13.811153957085274 0.013852573553268433
 13.972036842323739 0.01397181236406325
 14.134611136992662 0.014121753184932705
 14.298777346419667 0.014205760419918395
 14.464734459949511 0.014234791311173674
 14.632283488237436 0.0142027290035903
 14.80172291530058 0.013930907602343338
 14.972754257121805 0.013319370612546982
 15.145675997718248 0.012454608345631168
 15.320289147745152 0.011501736613550535
 15.496693201874896 0.010633623635337229
 15.674987654779859 9.84174476952414E-3
 15.854973517115285 8.963239567719388E-3
 16.03684977822593 8.08745403509216E-3
 16.220616438111793 7.881521290859882E-3
 16.4061740021005 7.884624768959734E-3
 16.593721459536801 7.87916887353692E-3
 16.78305982107595 8.015321462989732E-3
 16.97438807606269 7.943071425761675E-3
 17.16760672982466 7.6469217275986914E-3
 17.362715782361842 7.346356454407626E-3
 17.559914223019006 7.33192737608904E-3
 17.75900306245139 7.3866566027199634E-3
 17.960081795331376 7.441851082778216E-3
 18.16315042165896 7.717271928652305E-3
 18.368308436106524 8.739515606904264E-3
 18.57545634400169 0.010409219652128423
 18.784693640016836 0.012100189707478745
 18.996020324151963 0.01334941115299587
 19.209436396407063 0.014186608095395023
 19.42494185678215 0.014964694209378215
 19.642536705277215 0.01589553219543049
 19.86222094189226 0.016715027656056025
 20.08419355597205 0.01681185527937703
 20.308255558171811 0.016919101383817247
 20.534506443163937 0.016686715297660605
 20.762946210948424 0.015829224487476093
 20.993574861525267 0.014350257645378322
 21.226491889566855 0.012861154711225753
 21.461697295073182 0.01140240264126689
 21.699091583371867 9.48052733865955E-3
 21.938774249135292 7.281518978902366E-3
 22.180844787035837 5.282560600729654E-3
 22.425104207728743 2.9512199644647412E-3
 22.67185099523115 2.1076343461801078E-4
 22.920786665525916 -2.589762134998471E-3
 23.17220970263018 -5.373563275281051E-3
 23.425921117199187 -7.866103652544318E-3
 23.682020403905315 -9.979635826027315E-3
 23.94060705742094 -0.012130764422523345
 24.201581583073686 -0.015003941902389057
 24.465043475535932 -0.018647432307647246
 24.730893240135301 -0.021592696471806394
 24.99932986621655 -0.021195957165530125
 25.270154364434915 -0.020758031420804783
 25.54356572413516 -0.01813252025355079
 25.819464450644908 -0.015746239611830342
 26.09785054396415 -0.014616038623711424
 26.37882349876528 -0.014171019528110446
 26.662482809720668 -0.013935041818081412
 26.948629487485554 -0.014117612338553654
 27.237363026732317 -0.014540102086917932
 27.52868342746097 -0.015698125455436424
 27.822690184343873 -0.018136047544948522
 28.11938329738104 -0.020580736941397434
 28.41866327190009 -0.019262136591542126
 28.720729097245772 -0.0179476499454869
 29.025381784073342 -0.010498408177537192
 29.332820321727552 1.7403929460425341E-4
 29.64294521553602 0.010156958485186713
 29.955756465498744 0.017511898562597744
 30.271453060960496 0.02235059941321449
 30.5898360125765 0.024016159520669537
 30.91100481501915 0.02251861289343084
 31.234959468288437 0.01863004016539064
 31.561699972384364 0.01374713582904863
 31.891325821979314 7.736239990102794E-3
 32.2237375224009 4.883299239634086E-4
 32.55903456832151 -5.69671574029427E-3
 32.89721695974114 -4.606822707015213E-3
 33.238185201987406 -3.4988512339644674E-3
 33.582138284405075 1.1628253008747204E-3
 33.92897671232176 4.6270908907612784E-3
 34.278700485737473 5.579903169284397E-3
 34.631409099324585 6.5459638469827904E-3
 34.98700305841071 7.263917177469452E-3
 35.34548236299586 5.84691516592003E-3
 35.70704600242478 1.7332190150569E-3
 36.07159448202511 -3.98667881206426E-3
 36.43902830712446 -9.161747028565096E-3
 36.80954646706759 -0.01397693835230851
 37.18304946718212 -0.019271680059274681
 37.55953730746805 -0.02330750791309958
 37.93910948259776 -0.023819437861078443
 38.32166649789887 -0.023549928397624077
 38.70730784804376 -0.023234269242661972
 39.09593403836005 -0.020847895424548137
 39.4877440581925 -0.01945542314767053
 39.882538918196345 -0.021733900684290815
 40.280517607716355 -0.027173418100038624
 40.68158063208015 -0.03060262714326518
 41.085628496615335 -0.03264495564050382
 41.49286019066669 -0.03821606095096112
 41.9032757142342 -0.04439366885954283
 42.31677557264548 -0.05627381623447682
 42.73335976590056 -0.07336959304291514
 43.15312778867179 -0.10496386562494141
 43.57607964095917 -0.13197692732631013
 44.002115828090346 -0.18900279674191824
 44.43133584473768 -0.21090922304264095
 44.86373969090117 -0.23544669236214374
 45.29922787190844 -0.22871546984240107
 45.737999377104245 -0.25480082683308896
 46.17985521714384 -0.3752292189175943
 46.62499438137197 -0.47862365665935563
 47.073217880443884 -0.6915611036309818
 47.52462520903195 -0.7388284334533144
 47.979315861808565 -0.7384672371575037
 48.437090849428955 -0.7266878073516748
 48.89814916123788 -0.7182471040125423
 49.362391302562976 -0.7158394867943593
 49.829817273404223 -0.7162545716152221
 50.30042707376164 -0.7173080823620979
 50.774220703635215 -0.7182381562036372
 51.251198163024945 -0.7188684220544028
 51.73145894660322 -0.7191964349087578
 52.21480406502527 -0.7192633029024966
 52.70143250763586 -0.719115990929414
 53.19114528509023 -0.7187964665329061
 53.684141386733145 -0.7183393625868778
 54.18022182321983 -0.7177722778180426
 54.67958558389506 -0.7171168064786634
 55.182033679414075 -0.7163900254090466
 55.687765099121634 -0.6168294840044549
 56.19658085367296 -0.7147738840506636
 56.70858043774045 -0.713904417151762
 57.223664356651724 -0.7130046228132876
 57.74203159975154 -0.7120811377777777
 58.26338368302276 -0.7111397349479777
 58.78801909048251 -0.7101858507285771
 59.315639338113655 -0.709224322058299
 59.84644341526098 -0.7082595637428134
 60.38043132192445 -0.7072958341530591
 60.91740406875932 -0.7063369744451652
 61.45746115043797 -0.7053865662134988
 62.0006025669604 -0.7044479391433539
 62.54682831832662 -0.7035241078001125
 63.09613840453661 -0.7026178271673696
 63.648433330918 -0.7017315291454426
 64.20381259214317 -0.7008674090713094
 64.76207719886737 -0.7000274786449601
 65.32342614043534 -0.699213338487267
 65.88775992217472 -0.6984264463901719
 66.4550785440855 -0.6976679737524303
 67.02528251149528 -0.6969389346231872
 67.59847131907648 -0.6962400643528817
 68.1745454721567 -0.6955719549530159
 68.75350497073592 -0.6949349929491349
 69.33534981481418 -0.6943293566156513
 69.92008000439147 -0.6937552136575685
 70.50769553946775 -0.6932124206656043
 71.09809692537068 -0.69270082849093
 71.69118466742788 -0.6922200898774329
 72.2871577549841 -0.6917698811696782
 72.88591669336695 -0.6913496882760216
 73.48736198790407 -0.6909589608373524
 74.09149363859544 -0.6905970758869149
 74.69831164544108 -0.6902633596556352
 75.30791550311335 -0.6899570842808983
 75.92000672759512 -0.6896774660925804
 76.53478430823115 -0.6894237440047023
 77.15214875034907 -0.6891951227913199
 77.77200055927648 -0.6889907249439164
 78.39443922968579 -0.688809700110983
 79.01936526690457 -0.6886511687603141
 79.64687816560524 -0.6885142966265171
 80.27667944177067 -0.6883982301678206
 80.90896808474558 -0.6883020466228549
 81.54364459985761 -0.6882249352549827
 82.18070898710677 -0.6881659715469564
 82.82006175182067 -0.6881243809890305
 83.4617028939993 -0.6880992419359765
 84.10563241364268 -0.6880897788892972
 84.75175081607841 -0.47974916002173384
 85.40005810130651 -0.5746214629437951
 86.05055426932697 -0.6881468534183741
 86.70323932013979 -0.6881916168429846
 87.35791426440021 -0.6882479355179419
 88.01477809145298 -0.6883149055900164
 88.67353231728097 -0.688391719991106
 89.33437593122895 -0.6884775388773171
 89.99710994395214 -0.6885714722445699
 90.66173435545056 -0.6886726391806747
 91.32824916572419 -0.6887800533401093
