 6.325609095029556E-4 0.2480258641561895
 1.9051194419295112E-3 0.28850806195096456
 3.192650302148037E-3 0.3204278014551096
 4.495335340293658E-3 0.34861081114109443
 5.813318122262528E-3 0.3732718955713177
 7.14682197278199E-3 0.3944576149812884
 8.496006409514437E-3 0.4123452127656965
 9.861046901888496E-3 0.42719394556930645
 0.011242134871099041 0.4392887779938804
 0.012639461738340935 0.4489135045215227
 0.014053234876575288 0.456342884059365
 0.01548359785169825 0.46184194188877736
 0.016930726133138451 0.46566646928428
 0.018394938756220675 0.46806181225871357
 0.019876379286841067 0.46926050273160313
 0.021375207242662026 0.4694792073645999
 0.022891582141345935 0.46891542563816857
 0.024425982535879967 0.4677446356926426
 0.025978248908601737 0.4661190968764234
 0.02754870029483602 0.46416776985072205
 0.029137655729907598 0.46199776258288083
 0.030745274731478863 0.4596966526977555
 0.032371876334874594 0.45733559345652674
 0.034017460540094794 0.4549717939632278
 0.03568234638246424 0.45265071607553652
 0.03736685289730772 0.4504080918558491
 0.03907113960228761 0.44827184805519926
 0.040795366015066315 0.44626366055449234
 0.04253985117096862 0.44440035837685504
 0.04430491410531928 0.44269477971463683
 0.04609055481811833 0.4411559345499699
 0.04789725186235291 0.439788936168007
 0.04972500523802304 0.43859468930034595
 0.051574453015778273 0.437570217101953
 0.05344543567795622 0.43671018443733194
 0.055338272259881665 0.4360085285526727
 0.05725344131454178 0.4354589477440762
 0.05919110235959894 0.4350548652558999
 0.061151414912715564 0.4347888444933129
 0.0631348575268788 0.43465218481741213
 0.06514143020208867 0.43463571307323606
 0.06717145197366992 0.43473049436245586
 0.06922540139460975 0.4349272783462372
 0.07130343798257054 0.43521601441421414
 0.07340572125521468 0.4355863510349088
 0.07553272976552936 0.43602795388737625
 0.07768462303117694 0.4365304214611483
 0.07986172008748221 0.4370838845042027
 0.08206433996976997 0.43767913086514637
 0.08429280171336499 0.4382417642296117
 0.08654726483592966 0.4389668726717908
 0.08882820789045114 0.4396526770443848
 0.09113579039459183 0.44036628410698086
 0.0934704909013389 0.44110915156744734
 0.09583246892835476 0.44188088459259644
 0.09822204351096415 0.4426767790333987
 0.1006395336844919 0.4434892718636994
 0.10308541800192512 0.44431318660599955
 0.10556001549858866 0.4451501914650105
 0.10806348569214486 0.44600603034902425
 0.11059614761791853 0.44688568602033063
 0.11315847982889682 0.4477916544492849
 0.11575080136040453 0.44872228349102083
 0.1183734312477664 0.44967199093617143
 0.12102668852630727 0.4506343303488407
 0.12371105174901428 0.4516037610684666
 0.12642668043354982 0.45257423723272893
 0.1291740531329011 0.4535392021597104
 0.1319536484000552 0.45449417998626057
 0.13476562575267461 0.45543644311739633
 0.13761046374374641 0.4563641503840548
 0.1404884814085955 0.4572766358210436
 0.14340015730020894 0.4581733177323156
 0.14634581045391154 0.45905444194617045
 0.14932591942269052 0.45992162716352086
 0.15234064372420821 0.46077480152557492
 0.1553906214291142 0.4616145086023519
 0.15847633109039563 0.4624459904203745
 0.16159777270805256 0.4632758742231011
 0.16475622242338408 0.4641075050578722
 0.16795136120106543 0.4649385009798995
 0.17118318904109655 0.4657619572923929
 0.1744533011201014 0.4665703467569868
 0.17776010226145608 0.46735988399488193
 0.18110678281840836 0.4681268185105791
 0.18449174761433437 0.4688644532077265
 0.18791659182585801 0.4695662707101635
 0.19138131545297923 0.47022605474089484
 0.19488751367232201 0.4708362695378147
 0.1984335913072624 0.47138900681304646
 0.2020195483578004 0.4718799391692255
 0.20564857517718382 0.47231390528458966
 0.2093206717654127 0.47270267882132266
 0.21303424294586306 0.4730610188377269
 0.2167908838951589 0.4734061493314678
 0.22059218978992406 0.4737528429177767
 0.22443656545353463 0.4741080627672052
 0.22832720123923846 0.4744700155632881
 0.23226250197041162 0.4748315641541725
 0.23624246764705411 0.4751844024641657
 0.24026869344578985 0.47554032212422
 0.24434277454324274 0.47588422023549864
 0.24846311576278884 0.4762136376925243
 0.25263290745767597 0.47651753868813756
 0.25685055445128035 0.47678677482555853
 0.2611160567436018 0.4770177226786933
 0.2654310095112643 0.47720658659036685
 0.26979700793089173 0.4773522297455034
 0.27421405200248416 0.4774606370645184
 0.27868054654941765 0.4775446835660141
 0.28320127710156384 0.4776195940459691
 0.2877714581290511 0.47769677851127984
 0.29239747033837504 0.47777977623036516
 0.2970745281996639 0.47786688424743106
 0.3018074172427895 0.4779595554938084
 0.3065945422911278 0.47805864834392614
 0.31143749852130286 0.4781542328892143
 0.3163362859333145 0.47822937397168746
 0.3212909045271628 0.4782630576270431
 0.32630454465609565 0.4782410518344117
 0.3313740159668651 0.4781616327984806
 0.33650410398934293 0.4780276403471207
 0.3416916183702814 0.4778466713059615
 0.3469413446395521 0.4776313189628943
 0.3522500924439073 0.477395493739923
 0.3576194569599709 0.477146850060831
 0.3630526285409907 0.47688606407045414
 0.36854801201034276 0.47660269012289246
 0.37410560736802705 0.47628608081416135
 0.37972860496729154 0.4759363264979746
 0.38541540963151216 0.47556260597618105
 0.39116921171393675 0.4751783920781951
 0.39698841603794154 0.474794649974884
 0.40287461778015026 0.47442208096474125
 0.408827816940563 0.47406095564122513
 0.4148512038724276 0.4736989945193372
 0.4209415882224961 0.47332412049925953
 0.4271037555206404 0.4729184401708583
 0.43333770576686037 0.4724593632213948
 0.4396418437845322 0.4719406888208297
 0.4460177647502797 0.47137649973555983
 0.4524686590173507 0.47077549609355856
 0.4589929314091214 0.4701254642517875
 0.4655921771022156 0.46940426437511073
 0.4722663960966333 0.4686006573074805
 0.4790187787456223 0.4677106646907931
 0.4858477298725588 0.4667152393724535
 0.4927548446540666 0.46559655604274036
 0.4997401230901458 0.464355072600443
 0.5068067555340441 0.4629931387973764
 0.5139547419857615 0.46160396005474835
 0.5211824872686741 0.4601601887889136
 0.5284947769126539 0.45870661599597523
 0.5358900157410765 0.45726065363302614
 0.5433697989305661 0.45583706088097875
 0.5509357216577467 0.45444334351739795
 0.5585877839226181 0.45306940447364613
 0.5663259857251803 0.4516606008418791
 0.5741535174186811 0.450135648795379
 0.5820719741797447 0.44845194633832102
 0.5900781656551228 0.44661759998163325
 0.5981768773746875 0.44462595383175784
 0.6063681093384388 0.44246805682492873
 0.6146518615463764 0.44014349583698214
 0.6230297291751243 0.4376507573210993
 0.6315033074013068 0.4350310987850731
 0.6400741914015472 0.4323780419376828
 0.6487407859992221 0.42975951770028625
 0.6575062815475791 0.4271754993837537
 0.6663722732232419 0.4245740820622506
 0.6753387610262108 0.42190618647561095
 0.6844057449564858 0.41914486283197505
 0.6935780105439384 0.416249408662323
 0.702852367435321 0.41317730817778963
 0.7122320059838811 0.4099101252631074
 0.7217169261896191 0.4064086546317685
 0.7313103184057828 0.40256536274614834
 0.7410121826323718 0.39830766195712286
 0.7508241140460102 0.39367687770070014
 0.760747707823322 0.38879985755395163
 0.7707813687876833 0.383824876558746
 0.7809298824689657 0.37883235518518
 0.7911916536905452 0.37376495196150544
 0.8015698728056699 0.36847846423164604
 0.8120645398143397 0.3629073274567286
 0.8226772498931784 0.3570356193471467
 0.83340959821881 0.3508086280102588
 0.8442631799678583 0.34413508198341796
 0.8552379951403233 0.33694382771662256
 0.866337234089453 0.3292435884100216
 0.8775608968152471 0.3211175114810274
 0.888908983317706 0.3126229737201342
 0.9003862791267011 0.30370753809178646
 0.9119911890656085 0.2943368879847557
 0.9237269034876762 0.28458082956160862
 0.935593422392904 0.2745228543618939
 0.947592340957916 0.2641632990698098
 0.959725254359336 0.2534123480370485
 0.9719937577737879 0.24219107557446317
 0.9843994463778956 0.2311265571423346
 0.996943915348283 0.21830201704612361
 1.009628759861574 0.20550522226138007
 1.0224539799177687 0.1922124964090729
 1.0354211706934906 0.17872391476700302
 1.0485335225419882 0.16527427079193038
 1.061792630639885 0.15204204780146515
 1.0751968998105572 0.13916999718512465
 1.0887511155838762 0.1267211378205933
 1.1024568731364665 0.11482031776052272
 1.1163125772917035 0.10375689409940149
 1.1303230135794595 0.09375083326970758
 1.1444881819997341 0.08480195432534564
 1.1588096777291516 0.07687072654332865
 1.1732890959443353 0.06988053055410888
 1.1879280318219098 0.06365778677199584
 1.2027296757151226 0.058138690402752303
 1.2176940276239736 0.053324089131430593
 1.2328226827250867 0.049101923010464954
 1.24811883137171 0.04533519188116082
 1.263582473563843 0.04190242342861915
 1.2792152044781104 0.038686999732929355
 1.2950202144677591 0.035680443751252545
 1.3109990987094135 0.03298613024443724
 1.3271518572030736 0.030720052814572157
 1.3434816803019871 0.02899169859624689
 1.359990163182778 0.02782399525287714
 1.37667890102207 0.027119409698934743
 1.3935510841731113 0.026741094228772022
 1.4106051174592775 0.026544896409381468
 1.4278457864104405 0.026379590121619292
 1.4452746862032246 0.026113083621056132
 1.4628918168376292 0.02565401620215981
 1.4807019638435263 0.024934051974494882
 1.4987035320442922 0.02393305280768329
 1.516901306969798 0.02273713850444065
 1.5352968837966685 0.021468706331514236
 1.553890262524903 0.02020773783769541
 1.5726846335077493 0.019014461083922462
 1.5916815919218316 0.017948317041282305
 1.6108891136502696 0.01706779355086789
 1.6302864613969518 0.016385608242437846
 1.649907133870981 0.015829752013869706
 1.669735179306118 0.015326113787558583
 1.6897865494686012 0.014843004572850848
 1.7100293408259532 0.014330548594787662
 1.730511408676891 0.013693812581079077
 1.7512008494889363 0.012811172591213914
 1.7721136150283283 0.011619970418801485
 1.793249705295067 0.010270930659651133
 1.8146091202891523 9.154607375469559E-3
 1.8361918600105844 8.029541988823411E-3
 1.8580138762256022 7.788939422163541E-3
 1.8800751689342056 8.015044788036583E-3
 1.9023438346039167 8.244047856535925E-3
 1.9248677285334525 9.272561863929257E-3
 1.9476308989565742 0.01043911451877777
 1.9706333458732814 0.011599933631103489
 1.9938591175173356 0.01260333408116719
 2.0173560691874534 0.01334951418828598
 2.041076345584918 0.013880009857003302
 2.065067802008446 0.01436584133671812
 2.08929853492556 0.014880069580805856
 2.113784496102499 0.015251511267173962
 2.1385256855392622 0.015338542748285569
 2.163522103235851 0.015232118628792252
 2.188789700958503 0.015121349813162249
 2.21431252694098 0.014990469892905686
 2.2401065329495204 0.015123283813290325
 2.266171718984125 0.015250221762136003
 2.2924921332785546 0.01640164402993274
 2.3190996793652867 0.01848748729592223
 2.3459624537118437 0.020906288057582812
 2.373128311616943 0.02271085168737845
 2.4005493977818663 0.023492645950364494
 2.4282735675053315 0.023709200530352136
 2.456268917254861 0.024207957646968154
 2.484551398796693 0.025314019666681047
 2.5131369638970673 0.02661099218793561
 2.5419937090235054 0.02778059720222154
 2.571153537708485 0.02900107868934369
 2.6006164499520072 0.030344671035932534
 2.630366493987832 0.03176670938699328
 2.6604355733484377 0.03346368275560312
 2.6907917845013455 0.03603524143020076
 2.7214670309790354 0.03917264727385419
 2.752445361015267 0.0417135345471831
 2.78372677461004 0.043779804558930116
 2.8153431752958333 0.04534559919682656
 2.8472626595401684 0.04631373783229497
 2.8795011791092846 0.04707430512834471
 2.9120587340031813 0.04752428491133748
 2.9449512759880986 0.04800948281740668
 2.978162853297797 0.04964136818863591
 3.0117094176985146 0.05189203392025197
 3.045590969190253 0.0535600135585374
 3.079807507773011 0.05466886899584571
 3.114359033446789 0.05502157073894876
 3.149245546211587 0.05508532830110273
 3.1844670460674056 0.054385849600516143
 3.2200554365467217 0.05247072284134912
 3.255978814117058 0.050634570649981676
 3.292253130544653 0.05057253507996959
 3.328878385829508 0.050669730877413575
 3.365854579971621 0.05072422911281446
 3.403197664737233 0.05126707707177178
 3.4409076401263423 0.0518055161721665
 3.4789685543727113 0.051373206579909125
 3.5173963592425776 0.05220447902421407
 3.5562070065021815 0.053069257494601215
 3.595368592619045 0.05458172085261592
 3.634928972891884 0.05499736637675511
 3.6748402920219822 0.05513917430226979
 3.715150405308057 0.05450394306524521
 3.755827409217629 0.053515502255109613
 3.796887255516939 0.051682929412378016
 3.838345895972225 0.04748779405926392
 3.880187378817248 0.04289687703445233
 3.9224276558182475 0.03967687134737591
 3.965050775208984 0.036582647166451376
 4.008088640521936 0.03284517627251662
 4.0515093482246244 0.02858755500944429
 4.095344801849528 0.025563658592536658
 4.139579049630409 0.023933071371619377
 4.184212091567265 0.022105355962963806
 4.229259879426337 0.020207002913946763
 4.274738364973864 0.017089243303000815
 4.320615644677366 0.014134954999780477
 4.366907670303083 0.015035506020183604
 4.413614441851016 0.01594331529046309
 4.460751911087403 0.018549784666856274
 4.508320078012244 0.020871952989287997
 4.556302990859301 0.021773727223861276
 4.604732553161051 0.021307983536044745
 4.653576861385016 0.02063032743091594
 4.702867819063675 0.019512387028596096
 4.7525894744307874 0.016665010098701516
 4.802741827486354 0.013309630025596823
 4.853356781762854 0.010643109625765144
 4.904402433727808 8.974556590011092E-3
 4.955894735147455 5.033967232587511E-3
 5.007833686021796 -1.3511656397816832E-3
 5.060219286350829 -6.162235260265E-3
 5.113067487900795 -9.998485665599945E-3
 5.166362338905455 -0.014239234591917721
 5.220119791131046 -0.01723509035117655
 5.274339844577572 -0.019027219339450965
 5.329006547478789 -0.021467142501089383
 5.384151803367178 -0.02371918944561736
 5.4397596604765 -0.017807865239075716
 5.4958301188067535 -0.01175515527666796
 5.55237913012418 -0.019827400389438944
 5.609390742662537 -0.021463373983537072
 5.666864956421827 -0.020599970904079577
 5.724833674934528 -0.019730400669730072
 5.7832809464344 -0.019467306234830002
 5.8421908191552045 -0.018407517819733647
 5.90159519662942 -0.01813284999286124
 5.961478127090807 -0.02286239939649657
 6.021839610539364 -0.03253025642737439
 6.082695598741332 -0.039912070775612505
 6.1440301399304715 -0.042079923272502685
 6.205859185873023 -0.046426438524023755
 6.2681667848027444 -0.05418037816819434
 6.330984840252116 -0.061075364056976916
 6.394281448688659 -0.05975743285278792
 6.458088513644851 -0.05832303645957272
 6.522390083354454 -0.05184434825130751
 6.587170206051228 -0.047609245299495214
 6.652460785267651 -0.04639271995219617
 6.718261821003725 -0.04028126612608458
 6.784557361493208 -0.02595021419824315
 6.851347406736103 -8.940432193785694E-3
 6.918647908498647 1.6113005166944504E-3
 6.98645886678084 7.812902564171404E-3
 7.054764329816443 0.014503845195209544
 7.123580249371697 0.022279648897150894
 7.1929066254466 0.03011583129728931
 7.2627275062749134 0.03446193370684506
 7.333074795389115 0.03845410609693114
 7.403916589256728 0.03834690486917586
 7.475284791410228 0.030595668883603627
 7.547147498317141 0.017421636069210485
 7.619520661743701 2.2565983086801867E-3
 7.692420233456152 -0.016786089030955155
 7.765814309922011 -0.03662457784167375
 7.83973479467376 -0.06195521838690533
 7.914165735945159 -0.10035184223107259
 7.989107133736206 -0.14954575407948456
 8.064558988046903 -0.21003068465200122
 8.140521298877251 -0.2539794447074259
 8.216994066227247 -0.31179546663484736
 8.293993241863133 -0.33466111820989885
 8.371486922252428 -0.33841659283942626
 8.449507010927613 -0.3500295553352042
 8.528021604356207 -0.3821209371640096
 8.60706260607069 -0.3973605658663735
 8.686598112538583 -0.37913428354257494
 8.766660027292366 -0.3485245658994361
 8.847216446799559 -0.321978256355944
 8.928299274592641 -0.26640426117090165
 9.009876607139132 -0.30698041934237124
 9.091964396205272 -0.3199439408599653
 9.174546690024824 -0.33710024049217784
 9.257655392130266 -0.3537908296383206
 9.341242647222877 -0.3688439093168248
 9.425356310601378 -0.3822404702308687
 9.50994852696705 -0.39416886214009255
 9.59505119985237 -0.4048166775402741
 9.680664329257343 -0.414343894298467
 9.766756011649486 -0.4228853093754633
 9.853342198795037 -0.43055564799124795
 9.940422890694 -0.4374534695309872
 10.027998087346376 -0.44366412685718126
 10.11606778875216 -0.4492619637507465
 10.204616043145114 -0.45431202568493334
 10.29365880229148 -0.45887160515778496
 10.38316416265878 -0.46299117302614672
 10.47316402777949 -0.46671545956818494
 10.563642445887371 -0.4700842377327141
 10.654599416982423 -0.47313284143851086
 10.746018989298406 -0.47589282592100834
 10.837917114601561 -0.4783923896262275
 10.930277841125651 -0.48065677508163395
 11.02310116887067 -0.4827085978582688
 11.116387097836625 -0.4845681394631234
 11.210135628023512 -0.4862536021586126
 11.304346759431327 -0.48778129905239114
 11.39900454029384 -0.48916588903643354
 11.494093018844804 -0.4904205184271995
 11.589644098616704 -0.4915570095048073
 11.685641827843295 -0.49258589628235643
 11.78207025475834 -0.49351676101075003
 11.87892937936184 -0.4943580267264191
 11.976219201653794 -0.4951173269253481
 12.073955673400441 -0.4958014750724949
 12.172090939303065 -0.4964165460108312
 12.270656902894142 -0.4969679777943598
 12.369637612407436 -0.4974605931220772
 12.469017116076705 -0.4978987168664551
 12.568811365668191 -0.4982861103848499
 12.66900440941565 -0.4986262705826451
 12.769612199085326 -0.4989221002147892
 12.870586879378502 -0.49917629033549054
 12.971960353827653 -0.4993911548193215
 13.07371667066654 -0.49956870738248826
 13.175855829895164 -0.4997107200787566
 13.278361879747289 -0.49981870339300743
 13.38123482022291 -0.49989394798615355
 13.484474651322028 -0.4999375605543244
 13.588065421278406 -0.1761076395857473
 13.692007130092044 -0.3117889189596716
 13.79629977776294 -0.39489586918859115
 13.900943364291095 -0.44580319790213823
 14.005905986144032 -0.49970615154030184
 14.111219546854226 -0.4995727119420715
 14.216836191122963 -0.4994103885844024
 14.322787822482722 -0.4992189396430373
 14.42904253740102 -0.49899798882539
 14.535600335877861 -0.4987469588770984
 14.642461217913244 -0.4984651406902654
 14.74960923174093 -0.4981516208360732
 14.857060329127158 -0.4978052673484249
