 0.0E+0 0.0E+0
 6.0099814548257874E-3 0.014374214
 0.018100600816799157 0.04328265
 0.0303334727445152 0.072474172
 0.042710325001930303 0.10185301
 0.05523252161322058 0.13127514
 0.06790218439377103 0.16056039
 0.0807208289259996 0.18950953
 0.0936901223505659 0.21792184
 0.10681188336637143 0.24561022
 0.12008793067231764 0.27241218
 0.1335202345255478 0.29819659
 0.14711015895023793 0.32286637
 0.16085937108704781 0.34635796
 0.17477090210081316 0.36863851
 0.18884611601571005 0.38970172
 0.20308652841415644 0.40956298
 0.21749365487857011 0.42825464
 0.2320720421562048 0.4458215
 0.24682017466464262 0.46231691
 0.2617410835687193 0.47779941
 0.2768378000332706 0.4923301
 0.2921118396407144 0.50597055
 0.3075662335558866 0.51878141
 0.3232009817787871 0.53082131
 0.33901911547425156 0.54214623
 0.3550236658071159 0.5528091
 0.371216148359798 0.56285959
 0.3875980787147157 0.57234406
 0.4041724880367048 0.5813056
 0.420942407490601 0.58978394
 0.4379078370764044 0.59781545
 0.4550733235413686 0.6054334
 0.4724388668854936 0.61266828
 0.4900105294384509 0.61954829
 0.5077867956178227 0.6260995
 0.5257706965884448 0.63234614
 0.5439667790975706 0.63831068
 0.5623765587276183 0.64401391
 0.5810015510610056 0.64947501
 0.5998463028449862 0.65471163
 0.6189108140795603 0.65974009
 0.6381981159295632 0.66457547
 0.657712755142249 0.66923159
 0.6774562473000354 0.67372108
 0.6974301079853402 0.67805575
 0.7176388839454173 0.68224701
 0.7380840907626843 0.6863059
 0.7587687596019772 0.69024291
 0.7796959216281316 0.69406775
 0.8008686080059835 0.69778939
 0.8222883343179506 0.70141613
 0.8439596473112865 0.7049557
 0.8658840625684091 0.70841544
 0.8880661268365723 0.71180221
 0.9105073556981937 0.71512216
 0.9332107803181093 0.71838062
 0.9561794318611548 0.7215821
 0.9794178570745836 0.72473033
 1.002929087123232 0.72782851
 1.026714637589517 0.73087949
 1.0507775396382754 0.73388592
 1.0751223400167604 0.73685044
 1.0997520698898075 0.73977568
 1.1246697604222528 0.74266418
 1.1498784427789321 0.74551828
 1.175382663707099 0.74834027
 1.2011839387891711 0.75113222
 1.2272868147724027 0.75389601
 1.2536958384040466 0.75663365
 1.2804125252665214 0.75934767
 1.3074414221070802 0.76204108
 1.3347855600905593 0.76471687
 1.3624494859642122 0.7673776
 1.3904362308928743 0.77002533
 1.4187503416237998 0.77266172
 1.4473933337394062 0.77528801
 1.4763712695693651 0.7779053
 1.5056886958609303 0.78051491
 1.5353456126141016 0.78311844
 1.5653541444882224 0.78571748
 1.5957112603184566 0.78831334
 1.6264169601048041 0.79090683
 1.6574863996714443 0.79349825
 1.688904423194198 0.79608763
 1.7207013423214227 0.79867536
 1.7528620012289402 0.8012624
 1.7854015557409286 0.80384996
 1.818320005857388 0.806439
 1.851632507402498 0.80902968
 1.8853239045520788 0.81162093
 1.919394197306131 0.81421098
 1.9538736973130121 0.81679857
 1.9887624045727221 0.81938365
 2.024045163261082 0.82196748
 2.0597371292022712 0.82455196
 2.0958534582204677 0.82713858
 2.1323789944914937 0.82972792
 2.1693440496637057 0.8323204
 2.206733467912926 0.83491703
 2.2445472492391536 0.83751907
 2.282800549466568 0.84012692
 2.3215085244193485 0.84273999
 2.360656018273315 0.84535755
 2.4002733426768254 0.84797886
 2.4403453418057017 0.85060287
 2.4808720156599437 0.85322817
 2.52186852006373 0.85585324
 2.563350010841239 0.85847693
 2.605316487992471 0.86109835
 2.6477527956932482 0.86371648
 2.690704401416106 0.86633009
 2.7341258376885075 0.86893823
 2.778077727807169 0.87154032
 2.822514604299554 0.87413616
 2.867481934638198 0.87672562
 2.912964562998924 0.87930877
 2.958977645205909 0.88188624
 3.0055211812591533 0.8844588
 3.052595171158658 0.88702639
 3.10022992655278 0.8895879
 3.1483951357931614 0.89214163
 3.1971362663523392 0.8946855
 3.2464230065819554 0.89721786
 3.296300823954547 0.89973831
 3.346739406821756 0.90224766
 3.397753911007761 0.90474689
 3.44937464816092 0.90723627
 3.5015864624570545 0.90971502
 3.5543893538961635 0.91218071
 3.607813634126606 0.91462995
 3.661844147324202 0.91706024
 3.7165112051373094 0.91947005
 3.7717996517417504 0.92185895
 3.8277246429617024 0.92422731
 3.8842861787971663 0.92657521
 3.9415145708964995 0.92890201
 3.9993795076113443 0.93120644
 4.057926456414237 0.93348694
 4.117155417305178 0.93574215
 4.177051234459989 0.9379713
 4.2376290637028475 0.94017324
 4.298919216682113 0.94234595
 4.360906537573604 0.9444881
 4.423606182201502 0.94660021
 4.487018150565806 0.94868392
 4.551172754314872 0.95073941
 4.6160548376245245 0.95276416
 4.681679556318939 0.95475451
 4.748046910398119 0.95670746
 4.815187211510419 0.95862123
 4.88310045965584 0.96049441
 4.951771499010205 0.96232408
 5.021245797046048 0.96410627
 5.091508197939191 0.96583752
 5.162573857513813 0.96751585
 5.234457931594093 0.9691412
 5.307160420180031 0.97071457
 5.380681323271627 0.97223714
 5.4550509525172374 0.97370863
 5.530284463741044 0.97512662
 5.606351545294686 0.97648793
 5.683297664650701 0.9777896
 5.76112282180909 0.97902993
 5.839827016769852 0.98020909
 5.919425405357165 0.98132865
 5.999933143395211 0.98239074
 6.081365386708165 0.98339736
 6.1637069794718515 0.98434972
 6.246988233334626 0.98524854
 6.331224304120667 0.98609458
 6.4164151918299765 0.98688862
 6.502560896462553 0.98763158
 6.589706885490934 0.98832448
 6.677822847266762 0.98896811
 6.766939093438392 0.98956337
 6.857055624005827 0.99011218
 6.948202750617424 0.99061727
 7.040380473273183 0.99108155
 7.133603947797282 0.99150712
 7.2278883300139 0.99189491
 7.3232184640988604 0.99224681
 7.419639817524696 0.99256627
 7.5171372344672304 0.99285625
 7.61574102657482 0.99311852
 7.715451193847468 0.99335421
 7.816282892109349 0.99356327
 7.918251277184644 0.99374514
 8.021371504897532 0.99390052
 8.125643575248011 0.99403203
 8.231097799884441 0.99414293
 8.337734178806821 0.99423587
 8.445552712015152 0.99431291
 8.55459886698197 0.994376
 8.664857487883095 0.99442689
 8.776358886366886 0.99446711
 8.889103062433342 0.9944983
 9.003105171906643 0.9945224
 9.118380370610968 0.99454164
 9.234943814370494 0.99455821
 9.352810659009402 0.99457382
 9.471996060351868 0.99458931
 9.592515174222074 0.99460462
 9.714368000620018 0.99461939
 9.83756969536988 0.99463362
 9.962150570120018 0.99464775
 10.08812578069461 0.99466207
 10.215480171269476 0.99467613
 10.344259209317155 0.99468901
 10.474478050661824 0.99470027
 10.606121539479306 0.99471018
 10.739235143242134 0.99471931
 10.873818861950312 0.99472864
 11.009887851428017 0.99474002
 11.147457267499428 0.99475596
 11.286542265988722 0.99477866
 11.427173158544262 0.99480884
 11.569349945166042 0.99484596
 11.713087781678245 0.99488883
 11.858416979729226 0.99493515
 12.005337539318985 0.99498174
 12.153864616271706 0.99502686
 12.30402852223574 0.99507108
 12.455844413035267 0.99511564
 12.60931228867029 0.99516091
 12.764462460789167 0.99520624
 12.921310085216072 0.99525044
 13.079870317775189 0.99529299
 13.240173470114874 0.99533468
 13.402204386410947 0.99537674
 13.566008534135944 0.99541983
 13.731601069114046 0.99546367
 13.898981991345254 0.99550763
 14.0681967683021 0.99555196
 14.23923024416041 0.995598
 14.412127886392716 0.9956461
 14.586904850823203 0.99569382
 14.763561137451864 0.99573841
 14.94212705792706 0.99577999
 15.122617768072972 0.99582014
 15.305109047010491 0.99585775
 15.489403869025292 0.99588872
 15.675820506425131 0.99591007
 15.864207400968224 0.99592157
 16.05471611089635 0.99592254
 16.247043519725945 0.99591117
 16.441644302182364 0.99588742
 16.638215341782032 0.99585368
 16.83690819676674 0.99581285
 17.037722867136487 0.99576828
 17.240659352891274 0.9957263
 17.4457176540311 0.99569207
 17.65304932879775 0.99566476
 17.86265437719123 0.99564111
 18.07422968272796 0.99562118
 18.288229920133304 0.9956063
 18.504503531165475 0.99559379
 18.723050515824475 0.99558038
 18.943719315868516 0.99556258
 19.166964606022958 0.99553559
 19.392331711562444 0.99549907
 19.620275307212327 0.99545611
 19.850492276489042 0.99540869
 20.08313417763437 0.99536317
 20.318201010648316 0.9953311
 20.55569277553088 0.99531643
 20.795761030523845 0.99531089
 21.038254217385421 0.99530342
 21.28332389435741 0.99528902
 21.5309700614398 0.99526837
 21.781041160390806 0.99524453
 22.033840307694006 0.99521983
 22.289064386865817 0.99519941
 22.547168072631617 0.99519451
 22.807696690266027 0.9952101
 23.07110491449442 0.99524022
 23.337089628833215 0.99527612
 23.605802391524203 0.99530439
 23.877394760809174 0.99531955
 24.151563620204552 0.99532945
 24.42861208619391 0.99533478
 24.708540158777246 0.99533208
 24.991196279712777 0.99531934
 25.276883565484077 0.99530593
 25.56529889960757 0.9952975
 25.856745398566832 0.99528079
 26.15107150412008 0.99526377
 26.448277216267303 0.99526622
 26.74866565149209 0.995293
 27.051933693310854 0.99534936
 27.358232899965386 0.9954423
 27.66756327145569 0.99557211
 27.980076366023553 0.99573184
 28.295620625427186 0.99590212
 28.61434760790838 0.99606839
 28.936257313467127 0.99623882
 29.261349742103433 0.99642786
 29.589624893817298 0.99660944
 29.92108276860872 0.99674513
 30.255723366477706 0.99682723
 30.593849803907826 0.99684672
 30.935158964415496 0.99679977
 31.27980240624252 0.99673338
 31.627780129388892 0.99667375
 31.979092133854603 0.99660215
 32.333889977881455 0.99653794
 32.69217366146945 0.9965155
 33.05379162637678 0.9965479
 33.41889543084525 0.99664872
 33.787636633116633 0.99680128
 34.159712116707375 0.99698672
 34.535576556342824 0.99718952
 34.91477527729762 0.99739092
 35.297762954297134 0.99759459
 35.684236470857776 0.99776723
 36.07434738522135 0.99791469
 36.46824725562963 0.99809005
 36.86578452384083 0.99825971
 37.26711074809675 0.9983637
 37.67207437015559 0.9984224
 38.080978506500933 0.99850447
 38.4935200406492 0.99861475
 38.91000208908396 0.99869616
 39.33027309356344 0.99873032
 39.75433305408763 0.99869845
 40.18233352889832 0.99861039
 40.61442607623731 0.99849651
 41.050307579621 0.99838026
 41.49012959729119 0.99830694
 41.93389212924789 0.99829589
 42.38174673373287 0.99833808
 42.833693410746136 0.99840905
 43.28958060204591 0.99852721
 43.74971142411576 0.99864209
 44.21378276047211 0.99867437
 44.682097727598545 0.99863548
 45.15450476725326 0.9986026
 45.631003879436264 0.99857055
 46.111898180631143 0.99859144
 46.596884554354303 0.99865168
 47.08611455884754 0.99863101
 47.57958819411086 0.99858723
 48.07730546014425 0.99861599
 48.57941791518952 0.9986006
 49.08577400100486 0.99846032
 49.59652527583206 0.99826874
 50.11167173967114 0.99816708
 50.63106183428028 0.99810838
 51.15499867614309 0.99794685
 51.68333070701776 0.99772462
 52.21605792690429 0.99757245
 52.753331894044485 0.99753908
 53.29500105019654 0.99756098
 53.84106539536047 0.99751306
 54.391828046019824 0.99743799
 54.947137443932845 0.99744047
 55.50684203085774 0.99747422
 56.071244923278065 0.99750242
 56.64019456295206 0.99756683
 57.21369094987969 0.99760439
 57.79188564230277 0.99752468
 58.37462708197951 0.99732046
 58.9620668271517 0.99706238
 59.55405331957753 0.9967956
 60.15088967574059 0.99640901
 60.75227277915732 0.99607897
 61.35850574631127 0.99587579
 61.96943701896067 0.99573574
 62.58491503886372 0.99554305
 63.205242922504005 0.99542151
 63.83042066988152 0.99541327
 64.46029672275448 0.99551227
 65.09487108112287 0.99568845
 65.7342953032285 0.99610689
 66.37856938907136 0.99645779
 67.02754178040968 0.99699176
 67.68136403548522 0.99741324
 68.34003615429798 0.99812881
 69.0034065786062 0.99895456
 69.67177842489343 0.99986069
 70.34484857667611 1.0007197
 71.0229201504378 1.0015582
 71.70569002969495 1.002195
 72.3933097726893 1.0026869
 73.08593093766271 1.0029668
 73.78325040813155 1.0029047
 74.4855713005794 1.0026624
 75.19274205676449 1.0022032
 75.9047626766868 1.0016484
 76.62163316034635 1.001104
 77.34335350774313 1.0006443
 78.06992371887715 1.0002831
 78.80149535199018 1.000019
 79.53776529059866 0.99984668
 80.27903665118616 0.99974703
 81.02500631726909 0.99969755
 81.77597740533106 0.99968101
 82.53164679888845 0.99968443
 83.29231761442487 0.99969906
 84.05768673545674 0.99972022
 84.82805727846763 0.99974564
 85.60312612697395 0.99977409
 86.38304483921752 0.99980483
 87.16766185695651 0.99983733
 87.95728029667454 0.99987121
 88.75144548364622 0.99990618
 89.55061209259692 0.99994203
 90.35432544880126 0.99997861
 91.16288866874287 1.0000158
 91.97630175242169 1.0000535
 92.79426158335416 1.0000916
 93.61691971978206 1.0001301
 94.44427616170542 1.0001689
 95.27633090912423 1.000208
 96.11308396203846 1.0002474
 96.95438376220636 1.000287
 97.8003818678697 1.0003269
 98.6507751625449 1.000367
 99.50586676271557 1.0004073
 100.36550511013988 1.0004478
 101.22969020481783 1.0004886
 102.09827048850765 1.0005296
 102.97139751945113 1.0005707
 103.84891973940648 1.0006121
 104.7308371483737 1.0006537
 105.61714974635278 1.0006955
 106.50785753334372 1.0007376
 107.40296050934654 1.0007799
 108.30230711611942 1.0008224
 109.2057457954206 1.0008652
 110.11357966373366 1.0009082
 111.02565716281677 1.0009514
 111.94182673442818 1.000995
 112.86208837856788 1.0010388
 113.78644209523587 1.0010829
 114.71503944267394 1.0011272
 115.64742574615671 1.0011719
 116.5839041221678 1.0012169
 117.52432301246536 1.0012622
 118.46853085880764 1.0013078
 119.41667921943643 1.0013538
 120.36861653610991 1.0014001
 121.3244943670699 1.0014468
 122.28385803759105 1.0014938
 123.24701066415689 1.0015413
 124.21380068852567 1.0015891
 125.18422811069733 1.0016374
 126.15814137243017 1.001686
 127.13554047372413 1.0017352
 128.11642541457922 1.0017847
 129.10064463675365 1.0018348
 130.08819814024747 1.0018853
 131.07908592506058 1.0019364
 132.07330799119307 1.001988
 133.07056122216133 1.0020401
 134.07114873444893 1.0020928
 135.07461585333052 1.0021461
 136.08126569528965 1.0022
 137.09079514384276 1.0022546
 138.10320419898988 1.0023098
 139.11849286073095 1.0023657
 140.13650957082421 1.0024223
 141.1574058875115 1.0024796
 142.18087869430917 1.0025378
 143.207079549459 1.0025967
 144.23570533647747 1.0026565
 145.26690761360634 1.0027172
 146.30053482260385 1.0027788
 147.33643540522817 1.0028413
 148.3747609197211 1.0029049
 149.41520824959906 1.0029695
 150.45792895310384 1.0030353
 151.5027714719937 1.0031022
 152.549432689785 1.0031703
 153.59821572296135 1.0032397
 154.64851433855554 1.0033105
 155.70184411898554 1.0033827
 156.75668948183343 1.0034564
 157.81153484468131 1.0035317
 158.86941137236496 1.0036088
 159.9288034824665 1.0036876
 160.98971117498592 1.0037683
 162.05213444992321 1.0038511
 163.1145577248605 1.003936
 164.1800121646336 1.0040233
 165.24546660440665 1.0041131
 166.3139522090155 1.0042056
 167.38092223120648 1.004301
 168.45092341823317 1.0043995
 169.52092460525992 1.0045016
 170.59244137470454 1.0046074
 171.66395814414914 1.0047173
 172.73547491359374 1.0048319
 173.80850726545625 1.0049516
 174.88305519973661 1.0050771
 175.957603134017 1.0052092
 177.03063548587951 1.0053489
 178.10669900257778 1.0054975
 179.18124693685817 1.0056568
 180.2573104535564 1.0058289
 181.3318583878368 1.0060319
