 0.0E+0 0.0E+0
 8.63481083807656E-3 0.04272362772982527
 0.02600594781920593 0.1277550732279208
 0.043581465463678734 0.21267838229481936
 0.06136384612772992 0.296427578362438
 0.07935504956628181 0.37755602334149346
 0.09755812428699133 0.4546745721556106
 0.11597524779532775 0.5266924400530296
 0.1346088153473072 0.5928818564652544
 0.15346143994949285 0.652858683271912
 0.17253573460844773 0.7065297604246773
 0.1918345300812819 0.7540283756699573
 0.21135978612291764 0.7956493450734717
 0.23111389798937115 0.8317913979555719
 0.2511012206915809 0.8629109809208247
 0.27132371398446925 0.8894880443179065
 0.2917835553735054 0.9120017889640466
 0.31248292236415864 0.9309137665778396
 0.3334283474728367 0.9466569940119703
 0.3546176531940703 0.9596295750401489
 0.37605519453879793 0.9701920518362845
 0.39774532651795813 0.9786674802854268
 0.4196902266370201 0.9853435975827707
 0.4418942499069224 0.9904758719079773
 0.464357396327665 0.9942902887364122
 0.4870840209101863 0.9969858310523533
 0.5100784786654249 0.9987370420585576
 0.53334294709885 0.9996970925673722
 0.5568796037159309 1.0
 0.580692803527606 0.9997613987879901
 0.6047869015448138 0.9990791453245758
 0.6291618977675545 0.9980357241736216
 0.6538243247122356 0.9967008557832593
 0.6787741823788572 0.9951330165401548
 0.7040201807892963 0.993379444114183
 0.7295601424380835 0.9914757151526746
 0.7553984223361575 0.9894481194570367
 0.7815415529999259 0.987318010943883
 0.807991711934858 0.9851023754363123
 0.8347510766464231 0.9828148862910664
 0.8618261796510288 0.9804671226766565
 0.8892170209486754 0.9780660839137421
 0.9169279555503009 0.9756120280649997
 0.9449655159723135 0.9731001391841873
 0.9733318797201822 0.9705239963102978
 1.0020292242993762 0.9678776759493581
 1.0310640822263035 0.9651537792225632
 1.060438631006433 0.9623385454061186
 1.0901572256507034 0.95941023877351
 1.1202242211700532 0.9563444562092451
 1.1506439725754211 0.9531204548704247
 1.181418657372276 0.9497208581763414
 1.2125548080770256 0.9461289960157816
 1.2440546021951393 0.9423279408405049
 1.275924572243025 0.9382985700443165
 1.3081668957261516 0.9340211637021751
 1.3407859276554581 0.9294770640419409
 1.3737860230418825 0.9246537892183421
 1.4071737144018323 0.919550484713015
 1.4409533567462471 0.9141743345065897
 1.4751271275805948 0.9085338414249489
 1.5096993819158148 0.9026382157517648
 1.5446766522683146 0.8964968853773091
 1.5800632936490328 0.8901178731117021
 1.6158636610689074 0.8835065038751164
 1.6520821095388775 0.8766615512844872
 1.6887251715753504 0.8695768269773179
 1.7257950246837958 0.8622484549042658
 1.763298201380621 0.8546802802482384
 1.801241234182234 0.8468808524226953
 1.839626300594104 0.8388581154532797
 1.8784599331326383 0.8306223699469389
 1.9177464868087763 0.8221836944322951
 1.9574924941389251 0.8135462730152483
 1.997702310134023 0.8047127722026577
 2.0383824673104786 0.7956878433585646
 2.0795351431737603 0.7864795384549343
 2.1211690477457447 0.777097825743058
 2.163290713542841 0.7675575428540911
 2.2059001405650482 0.7578689694703973
 2.249014748856121 0.7480251881136836
 2.29263018340512 0.7380117215750139
 2.336746444212045 0.7278209375469629
 2.3813853063315897 0.7174521893148421
 2.4265249947090614 0.7069070423143249
 2.472209059453844 0.6961868028593322
 2.518415725511246 0.6852922789904403
 2.5651667679359593 0.6742340057929693
 2.612462186727984 0.6630317325571943
 2.660323756942013 0.6516911203374793
 2.7087297035233532 0.6402006760914937
 2.7576800264720047 0.6285528985634087
 2.807218275897353 0.6167673462191825
 2.8573444517993977 0.6048740381275399
 2.9080367791234467 0.592901557847335
 2.9593170329241922 0.5808810139620868
 3.011206988256326 0.568846911907765
 3.0636848700651566 0.5568554156188426
 3.1167942284600682 0.5449871417914124
 3.170513288386369 0.5332955893316558
 3.224842049844059 0.521790552372077
 3.27980228788783 0.5104678997833502
 3.335415777572375 0.49932868073295505
 3.3916607438430013 0.48837928918022643
 3.4485807368090934 0.47762621794804155
 3.50615398141596 0.4670533694320782
 3.5643804776636005 0.456650003930066
 3.623282000606707 0.44642302196211486
 3.682880325299972 0.43635016874139492
 3.7431754517433954 0.4263878545216868
 3.804145604882286 0.41649422741205954
 3.86585610988072 0.40667608827343343
 3.92824164157462 0.39693415863950937
 3.991389300182756 0.38724610795814062
 4.055233760541051 0.377619206755682
 4.119840347813582 0.3680889246599371
 4.1851872869456574 0.358697450422099
 4.251296352991969 0.34949061414927334
 4.318167545952515 0.3404845888366943
 4.3858008658272984 0.3316902827854085
 4.454239862725703 0.3231053619765152
 4.523440986538343 0.31470936170788232
 4.593469562429297 0.30647506816064795
 4.66428204028918 0.2983798066106101
 4.735943745282068 0.290419342799034
 4.8084111272985774 0.28259093629157394
 4.881705961393401 0.27494009937621033
 4.955871797675922 0.26751537798046692
 5.0308868610914494 0.2603417922388007
 5.106751151639983 0.25344583358500782
 5.183508219430908 0.24686882196905507
 5.261136289409531 0.240644263252141
 5.339678911685236 0.23478536776494568
 5.419114311203334 0.22927136185362054
 5.499464263018513 0.2240792911897426
 5.580728767130777 0.21921549923321873
 5.66295137364951 0.21468882299618466
 5.746088532465325 0.2104933958795082
 5.830205568742301 0.2065958923141938
 5.915302482480437 0.2029621366045827
 6.001357498625043 0.1995861087687043
 6.0883923922308085 0.19647806564993261
 6.17645071340712 0.19365622204812427
 6.265510687099284 0.19113829513603614
 6.355594088361995 0.18891431808942851
 6.446700917195251 0.18695327667961667
 6.538874723708437 0.18523101338817252
 6.632093732846862 0.18371763513973293
 6.726379719665217 0.18237657321335382
 6.8217326841635035 0.18118091926813292
 6.918196176451104 0.18010568253256725
 7.015770196528021 0.17912825202144863
 7.1144329693395604 0.17826138718862877
 7.214249820049802 0.17753853192747623
 7.31519897360405 0.17694432988127217
 7.417302205056997 0.17644240221071752
 7.52058128946334 0.1760141850537822
 7.625036226823075 0.1756555894342635
 7.730667017136202 0.17535621528790384
 7.8375172105121064 0.1751015212149015
 7.945608582005482 0.1748839085354302
 8.054897581506943 0.17469821490365172
 8.165449534180567 0.17454216242157133
 8.277264440026352 0.17441897730716302
 8.3903422990443 0.17432869132194747
 8.504704886289105 0.17426328598460313
 8.620373976815458 0.17421455402730981
 8.73737134567805 0.17418822008389162
 8.855675217822188 0.17419001073140027
 8.97532914335726 0.1742146561682928
 9.096354897337957 0.17425682652307342
 9.21875247976428 0.1743111876448341
 9.342521890636226 0.174373844531479
 9.467728455117877 0.17444303955743514
 9.594328623099843 0.1745171859692609
 9.722365944691512 0.17459716996436583
 9.851840419892884 0.1746837489809028
 9.982795598813345 0.17476949093890711
 10.115231481452891 0.17484624823085231
 10.249169842866218 0.1749164611694273
 10.384632458108015 0.17498132018597514
 10.521597552123595 0.17503703350628677
 10.660130450077029 0.17507758140805998
 10.80020937691363 0.17509478489087476
 10.94187788274278 0.17508325268976601
 11.08513596756448 0.17504332766526334
 11.230005406433422 0.1749793444167106
 11.376507974404298 0.17489714717282878
 11.5246654465318 0.17480220158013762
 11.674477822815932 0.17469886242977297
 11.825988653366073 0.17459105191452056
 11.979197938182226 0.17448222779012481
 12.134105677264394 0.17437508076217686
 12.29077719577665 0.17427146354119574
 12.449190718664301 0.17417212969911821
 12.609389796036735 0.17407792770494037
 12.771374427893951 0.17399200712347426
 12.935166389290641 0.17392112427019418
 13.100787455281498 0.1738756224992646
 13.268259400921215 0.17386765879402904
 13.437604001264482 0.1739061698019135
 13.608843031365994 0.1739911275849943
 13.781998266280443 0.17411448546135513
 13.957069706007827 0.17426685404881406
 14.13407912560284 0.1744389898234531
 14.313070075174867 0.1746189060896705
 14.494064329778602 0.1747931413556707
 14.677040114359352 0.17494978802262828
 14.86206275408119 0.17508330495878912
 15.049154023998813 0.17519747263039175
 15.238292149057527 0.17530176784901771
 15.42954245442141 0.17540523295237053
 15.622904940090462 0.17550948871766675
 15.818401381119376 0.17560791842250814
 16.01605355256284 0.1756952277487464
 16.215883229475554 0.1757743445104235
 16.4179339619669 0.17585141633931392
 16.622205750036872 0.1759265716343781
 16.82872036874017 0.1759929043589122
 17.03752136818618 0.17604665431491506
 17.24860874837489 0.17609310365497732
 17.46200428436101 0.17613599041226776
 17.67775152625391 0.17616939391273958
 17.89587224910829 0.17618995786375801
 18.116366452924147 0.17621094787529742
 18.33927768781087 0.17625257857805293
 18.564627728823143 0.17632612409349834
 18.79243835101567 0.17642818304091043
 19.02275310449783 0.17654234782753647
 19.255550214214927 0.17665023668895046
 19.490895005331044 0.17674308206057481
 19.72880925290087 0.17682584302053536
 19.96929295692441 0.17690630063642914
 20.21241144256573 0.1769777416864822
 20.45814293477015 0.17703138073608662
 20.706552758701743 0.17707630990554856
 20.957662689415204 0.17711560155924574
 21.21147272691053 0.17713277644947553
 21.468026421297096 0.17711862992605517
 21.727345547629614 0.17709034353724403
 21.989538981181535 0.17708103575760583
 22.254323646241857 0.17711251429409435
 22.522156818959125 0.17719442269868357
 22.792820748786414 0.177335669177758
 23.066533186270646 0.1775261775980753
 23.342858630317973 0.17771327194086375
 23.62245033256917 0.1778356288760887
 23.904872791930387 0.17787762104419913
 24.190343758948547 0.1778448156887686
 24.478863233623652 0.1777052956826983
 24.770431215955703 0.17741038914603082
 25.0650477059447 0.17694262170040056
 25.36293045413756 0.1763608508265334
 25.664079460534296 0.17577202188338786
 25.968059224041045 0.17523015270304742
 26.275522996298594 0.1747148621106712
 26.58625302676001 0.1742661859540424
 26.90024931542529 0.1739515072165077
 27.217294111747523 0.1738110792301026
 27.53804066736747 0.17386087173915884
 27.861835730644365 0.17407932666916886
 28.18933255321897 0.17438806211310814
 28.520095633997453 0.17468254840536345
 28.854342723526723 0.17492568794047597
 29.19207382180679 0.17513013028296778
 29.533288928837652 0.17528682095176245
 29.87820579516623 0.17540760246392952
 30.2266066702456 0.17549832271277937
 30.578709304622694 0.17556558898806542
 30.934513698297504 0.17562572853894511
 31.29380210072311 0.17569354648907961
 31.657010012993357 0.17584418397795878
 32.0237019340144 0.1761608960811012
 32.39453111542701 0.17664245275969764
 32.768844305590405 0.17718639582491302
 33.14729475614537 0.1776794519208403
 33.52944696599806 0.17803467077469173
 33.91551868569539 0.17819605154136772
 34.30572766578428 0.1781444998043385
 34.6996384051709 0.17784581195843096
 35.09768640494908 0.17732309571316537
 35.49987166511884 0.17672674241858951
 35.90597643513323 0.17613855503043293
 36.31643621608612 0.17570785404454672
 36.730815506883644 0.17557912080756807
 37.14954980861967 0.17577311667467487
 37.57242137074726 0.1762965598972623
 37.99943019326641 0.17693198147417435
 38.43101177727099 0.17752679189832573
 38.866730621667123 0.1781858271293765
 39.306804477001755 0.1788135955838677
 39.75123334327488 0.17929358111145754
 40.200234971033424 0.17980580619827374
 40.653591609730455 0.18054793598358792
 41.111521009912905 0.18146699901619461
 41.57402317158078 0.1822397192094156
 42.04109809473406 0.18259168260923414
 42.51274577937276 0.18269368381209133
 42.988966225496874 0.1827869154093446
 43.46975943310641 0.1827974776651249
 43.955560903295214 0.18269511420199277
 44.445935134969424 0.18249470734772313
 44.941099878675984 0.18218358810132315
 45.44105513441489 0.18189066794784111
 45.94580090218613 0.18159122931545046
 46.455554932536635 0.18107358899461636
 46.97031722546641 0.18040384294603917
 47.48987003042853 0.1797903288465441
 48.014431097969904 0.17939746746657855
 48.54421817863747 0.17930647715958722
 49.07879577133739 0.17954254516205186
 49.618817127710414 0.1797715639341739
 50.16362899611578 0.17992960392708476
 50.713884628194264 0.1802446180363086
 51.26914852285202 0.18077130632795918
 51.82963843063596 0.1815331780948554
 52.39557210209302 0.18217842530276323
 52.96673178667626 0.18239139625565695
 53.54333523493263 0.18238457655140971
 54.12516469631518 0.18218491366113234
 54.71265567191777 0.1817699777710607
 55.305372660646554 0.18152017836152
 55.90375116359537 0.18169834195655937
 56.50757343021731 0.18212456300691715
 57.11683946051236 0.18283685649688485
 57.73176700502746 0.1838171847099035
 58.35257381430952 0.18479947923850592
 58.978824387264694 0.1853498257176413
 59.610736474439896 0.1854957749183912
 60.24831007583516 0.1854185399890981
 60.89176294199737 0.18531596040116304
 61.541095072926545 0.18520132378916753
 62.19608871807577 0.18480414927314495
 62.85717937853887 0.18444000422320905
 63.52393155322203 0.18444389639087371
 64.19678074321908 0.18475077591784777
 64.87550919798308 0.18519965882373917
 65.56011691751404 0.18543241934393867
 66.25103940290583 0.18575442239021278
 66.94784115306457 0.18565625251790324
 67.6507399185372 0.18499845016896496
 68.35973569932372 0.1839362330948182
 69.07482849542414 0.18249902544911741
 69.79623605738537 0.18140984830463871
 70.52374063466048 0.18096357805572435
 71.2575599777964 0.1808837572770932
 71.99769408679316 0.18041468843661945
 72.74392521110377 0.18038559844972251
 73.49668885182216 0.18021496175876852
 74.25576725840133 0.17998643514605727
 75.02116043084133 0.17964771531394627
 75.79308611968906 0.17917167074668186
 76.57132657439762 0.17846488701236795
 77.35588179496698 0.17791409387354664
 78.147187282491 0.17791777732218105
 78.94502528642276 0.17763836025372153
 79.74917805621534 0.17674790886999597
 80.56008109296258 0.17605952829871632
 81.37751664611757 0.17571063324139968
 82.20148471568028 0.17554754107795303
 83.03220305219766 0.17543714258623913
 83.86945390512277 0.1758536873232591
 84.71345502500256 0.17649685208684415
 85.56398866129007 0.17701859897261432
 86.42149031507918 0.17716639376975382
 87.28552448527603 0.17776586251065568
 88.15652667297446 0.17854246181643915
 89.03427912762756 0.17942928482605458
 89.91856409868839 0.17993594450912195
 90.8098170872508 0.18014784969336092
 91.70803809331481 0.18013690205499932
 92.61300936633349 0.17966149573744824
 93.52473090630681 0.1785357585012243
 94.44342046378175 0.17673004211238932
 95.36907803875825 0.1729861816033143
 96.30148588068941 0.16761462712282867
 97.24086174012218 0.16100290474613693
 98.18720561705652 0.1513480993915352
 99.14029976094554 0.14098723092190293
 100.10057967288304 0.12980631550435406
 101.06760985177523 0.11772184952445368
 102.04182579871593 0.105396706160081
 103.02279201261129 0.09348749313383524
 104.01072624400824 0.08433481925647443
 105.00584624345369 0.07321718937076696
 106.00771650985382 0.06161587316719566
 107.01677254430244 0.04993630893743309
 108.03279659625267 0.03894688838954549
 109.05578866570447 0.029602144809355586
 110.08574875265788 0.02279281473559671
 111.12267685711286 0.018162069585804102
 112.16657297906943 0.014958286842947666
 113.21765486907452 0.01257415427969279
 114.27548702603427 0.010716641908988292
 115.34050495104252 9.233568761481625E-3
 116.41227314300544 8.022624817519742E-3
 117.49122710301688 7.015171750616538E-3
 118.57693132998295 6.16501524450063E-3
 119.66982132499757 5.4397780935260134E-3
 120.76946158696684 4.815809800955749E-3
 121.87628761698463 4.275262067017716E-3
 122.98986391395707 3.804318952656971E-3
 124.1104082284311 3.392065386961134E-3
 125.23770280985978 3.0297326210164884E-3
 126.372183159337 2.7101764178694013E-3
 127.51319602522196 2.427506021388336E-3
 128.6613946591554 2.176814944727186E-3
 129.81612580949658 1.953979692466445E-3
 130.9778249773394 1.7555085859213951E-3
 132.14649216268375 1.5784248256793045E-3
 133.32169186443587 1.4201755980111766E-3
 134.50364183314263 1.2785602540161624E-3
 135.69234206880406 1.1516727308482214E-3
 136.88779257142016 1.0378553728945126E-3
 138.08999334099092 9.35660924495906E-4
 139.29872662696942 8.438216891440653E-4
 140.5142101799026 7.612237208148507E-4
 141.73600849869657 6.868854134444418E-4
 142.9645570844452 6.199395339178272E-4
 144.1996381866016 5.596181188612357E-4
 145.4412518051657 5.052396199928395E-4
 146.68918018959061 4.5619797020900854E-4
 147.94364109042328 4.119532448066716E-4
 149.20441675711677 3.720236479403542E-4
 150.47150718967105 3.359785954770875E-4
 151.74491238808616 3.0343272397400213E-4
 153.0246323523621 2.7404071425755693E-4
 154.31066708249883 2.474927662747059E-4
 155.60279882794944 2.2351066018364766E-4
 156.90080983816704 2.0184429786758128E-4
 158.20513561424544 1.8226866111570164E-4
 159.51555840563773 1.6458114965533477E-4
 160.831860461797 1.485992145267223E-4
 162.1540417827232 1.341582817481525E-4
 163.4821023684164 1.2110989438822771E-4
 164.81625996942347 1.0932007070403748E-4
 166.15586133410363 9.866784500817622E-5
 167.5013419635508 8.904396148379798E-5
 168.852484107218 8.034971031897893E-5
 170.2090700145583 7.249588004458221E-5
 171.57131743611864 6.540183743997398E-5
 172.93900862135211 5.8994674999450293E-5
 174.3123613208056 5.320846910100176E-5
 175.69072228283837 4.79836013535052E-5
 177.07452700854426 4.326615043609729E-5
 178.46355774737634 3.9007345474898256E-5
 179.8578144993346 3.516307127663022E-5
 181.25707951387212 3.169342229186921E-5
 182.66135279098895 2.8562303190979841E-5
 184.07063433068498 2.5737064845032664E-5
 185.4847063824134 2.3188176292448283E-5
 186.90356894617414 2.088892602174654E-5
 188.32722202196723 1.88151594762071E-5
 189.75566560979265 1.6945031373688607E-5
 191.18846420855658 1.525878894579553E-5
 192.62605331935284 1.3738572909819716E-5
 194.06777969054067 1.2368237453156265E-5
 195.51407882321393 1.113318748975782E-5
 196.96451521627872 1.0020232160297047E-5
 198.4190888697351 9.01745019219407E-6
 199.87779978358307 8.114070604530478E-6
 201.34043020727565 7.300361332039755E-6
 202.80719789135983 6.567532125034785E-6
 204.2776673347417 5.9076437975322394E-6
 205.7520562879682 5.313527102498921E-6
 207.2299292499455 4.778709113403122E-6
 208.71150397122056 4.297346803433878E-6
 210.1965627012464 3.864166657279627E-6
 211.68488768947608 3.4744099851613642E-6
 213.17669668645655 3.123783511863084E-6
 214.671554191094 2.808414974809596E-6
 216.1696779539353 2.524812071189247E-6
 217.67085022443356 2.269826268403295E-6
 219.1746355014949 2.04061987091665E-6
 220.6814692862132 1.8346354166712476E-6
 222.1904805764007 1.6495691979913082E-6
 223.70384687752672 1.4833466109762691E-6
 225.219390684122 1.3340999965606784E-6
 226.7349344907173 1.2001488218652173E-6
 228.25483330825105 1.0799815129324126E-6
 229.77690963125402 9.722393595195877E-7
 231.30116345972632 8.757017727699599E-7
 232.8275947936678 7.892731185710487E-7
 234.3540261276093 7.119708976219974E-7
 235.8848124724893 6.429149876745972E-7
 237.41559881736927 5.813181347503865E-7
 238.95074017318776 5.264773576629861E-7
 240.48370402353702 4.777662747189343E-7
 242.02102288482473 4.3462832265081143E-7
 243.5583417461125 3.9657069851040654E-7
 245.09783811286948 3.6315907563534385E-7
 246.63733447962644 3.340130619624335E-7
 248.1768308463834 3.088023015719214E-7
 249.71850471860966 2.872433746286097E-7
 251.2623560963051 2.6909754049892174E-7
 252.8062074740006 2.5416937879011325E-7
 254.3478813462268 2.423068889069173E-7
 255.89391022939153 2.3340303032537798E-7
 257.437761607087 2.2740999598359972E-7
 258.9837904902517 2.2425064993098774E-7
