 0.0E+0 0.0E+0
 3.908645043468923E-4 0.011122185
 1.177188718437441E-3 0.033492268
 1.9727644550192012E-3 0.056095543
 2.7777040807621064E-3 0.078882579
 3.5920963061950523E-3 0.10177656
 4.416079125474097E-3 0.12467746
 5.249751105853569E-3 0.14746901
 6.093220671313228E-3 0.170027
 6.946606102558269E-3 0.19222726
 7.8100256802938845E-3 0.21395273
 8.6836075419507E-3 0.23509878
 9.567440398057611E-3 0.25557683
 0.01046163267259438 0.27531623
 0.011366381500069661 0.29426464
 0.012281775591012347 0.31238733
 0.01320791351267677 0.32966564
 0.014144893832317255 0.34609499
 0.015093012251696786 0.36168263
 0.016052170203561037 0.37644543
 0.01702256482241866 0.39040769
 0.018004393242778315 0.40359926
 0.018997754031894326 0.41605388
 0.020002844324275351 0.42780777
 0.021019664119921392 0.43889863
 0.0220484105533411 0.44936469
 0.02308928075904313 0.45924414
 0.024142373304281816 0.46857454
 0.02520778675631148 0.47739239
 0.026285718249640786 0.48573267
 0.02737636491877838 0.49362866
 0.028479726763724264 0.50111168
 0.029596099486241426 0.50821099
 0.030725483086329864 0.51495379
 0.03186827183300689 0.52136523
 0.03302436715901817 0.52746851
 0.03419396619887237 0.53328503
 0.035377364654332464 0.53883446
 0.03657466109265278 0.54413492
 0.037785954081087654 0.54920314
 0.039011539321400064 0.55405468
 0.04025141681359002 0.55870403
 0.04150578369216616 0.56316468
 0.04277493565889148 0.5674491
 0.04405897128102031 0.57156885
 0.04535798912580696 0.57553476
 0.04667228489501443 0.57935701
 0.04800195715589706 0.58304527
 0.049347203042963465 0.58660863
 0.05070821969072233 0.59005555
 0.05208520423368232 0.5933938
 0.05347825523909774 0.59663044
 0.05488766840873158 0.5997718
 0.05631354230983817 0.60282353
 0.05775617264418049 0.6057907
 0.059215657979012875 0.60867804
 0.06069219544884399 0.61149016
 0.06218598218818246 0.61423177
 0.06369731389879128 0.61690765
 0.06522638771517913 0.61952241
 0.06677330220460032 0.62208031
 0.0683382545015635 0.62458528
 0.06992154030783165 0.62704102
 0.07152335675791345 0.62945102
 0.07314390098631753 0.6318184
 0.07478337012755257 0.63414586
 0.07644205988338151 0.63643573
 0.07812006882105874 0.63869002
 0.0798176926423472 0.6409104
 0.08153522704900987 0.6430984
 0.08327277060830111 0.64525547
 0.08503061902198387 0.6473832
 0.08680896942456684 0.6494833
 0.08860811751781299 0.65155769
 0.09042826043623095 0.6536085
 0.09226969388158374 0.6556379
 0.09413251642112566 0.65764799
 0.09601712232387404 0.6596406
 0.09792380729159184 0.6616174
 0.09985257132427909 0.66357994
 0.1018042029599704 0.66552942
 0.10377850506415713 0.66746664
 0.10577547763683924 0.66939218
 0.10779610635056004 0.6713065
 0.10983940553277625 0.67321003
 0.11190734652857441 0.67510313
 0.11399894366541127 0.67698628
 0.11611518261583009 0.67886003
 0.11825606337983084 0.68072499
 0.12042257162995687 0.68258201
 0.12261372169366484 0.68443201
 0.12482951357095476 0.68627575
 0.12707191860691322 0.68811389
 0.12934093680154018 0.68994701
 0.1316355824822924 0.69177581
 0.13395684132171312 0.69360128
 0.13630569899234565 0.69542451
 0.1386811698216467 0.69724651
 0.1410852251547028 0.69906815
 0.14351687931897072 0.70089043
 0.14597613231445041 0.70271474
 0.1484639698136852 0.70454299
 0.15098137748921836 0.70637725
 0.15352736966850655 0.70821916
 0.1561039176966364 0.71006956
 0.15871003590106458 0.71192809
 0.16134572428179114 0.71379317
 0.16401196851135932 0.71566256
 0.1667097542623124 0.71753453
 0.1694390815346504 0.71940848
 0.17219896465583006 0.72128483
 0.17499236064348117 0.72316427
 0.17781631247997387 0.72504713
 0.18067476285548134 0.72693341
 0.18356475475237371 0.7288229
 0.18648924518828086 0.73071513
 0.18944724849065947 0.73260925
 0.19243975033205282 0.73450442
 0.1954667507124609 0.73640053
 0.19852824963188372 0.73829844
 0.20162621843540787 0.74019907
 0.20475868577794675 0.74210268
 0.2079286086771302 0.74400885
 0.2111340157878717 0.74591674
 0.21437786412780104 0.74782521
 0.2176581823518317 0.74973287
 0.22097595613250692 0.75163812
 0.22433315681491328 0.75353983
 0.22772879872650753 0.75543784
 0.2311628818672896 0.7573328
 0.23463737758234612 0.7592254
 0.23815130019913374 0.76111589
 0.24170662106273907 0.76300435
 0.24530235450061885 0.76489068
 0.24893948618531624 0.76677499
 0.25261801611683143 0.7686585
 0.2563399156402508 0.77054279
 0.26010321341048786 0.77242877
 0.2639108664451725 0.77431692
 0.26776287474430465 0.776208
 0.27165825263534104 0.77810327
 0.27559798579082495 0.78000481
 0.279584045555843 0.78191463
 0.2836154462578518 0.78383396
 0.2876931735693947 0.78576384
 0.29181722749047173 0.78770547
 0.2959895793661693 0.78965999
 0.30020924352394434 0.79162852
 0.30447720563633995 0.79361159
 0.3087934657033563 0.79560884
 0.31315999507007974 0.79761914
 0.31757679373651043 0.79964053
 0.32204287603010506 0.80167103
 0.32656119896849344 0.80370954
 0.33113077687913233 0.80575509
 0.33575259543456487 0.80780689
 0.3404276403073345 0.80986446
 0.34515591149744123 0.81192758
 0.34993740900488495 0.81399699
 0.35477410417475224 0.81607392
 0.3596669826795864 0.81815975
 0.3646140731743009 0.82025655
 0.36961833267652555 0.82236696
 0.37467976118626034 0.82449287
 0.37979835870350525 0.82663408
 0.3849751109008036 0.82878817
 0.3902110034506987 0.83095338
 0.39550702202573373 0.83312977
 0.40086218095336556 0.83531758
 0.4062784515786806 0.83751721
 0.4117568195742221 0.83972968
 0.41729728493999024 0.84195551
 0.4228998476759849 0.84419226
 0.428567464799836 0.84643492
 0.4342981649664568 0.84867895
 0.44009391952093396 0.85092126
 0.4459547284632676 0.85316011
 0.45188256313854413 0.85539664
 0.45787742354676363 0.85763513
 0.4639402953604693 0.85988018
 0.47007216425220443 0.86213511
 0.4762720445494259 0.86440299
 0.4825428932697633 0.86668519
 0.4888837247406735 0.86897921
 0.49529651030724303 0.87128119
 0.5017812499694719 0.87358852
 0.5083389293999034 0.87590015
 0.5149705342710807 0.87821654
 0.5216770502555472 0.88053976
 0.5284584773533029 0.88287349
 0.5353167869094343 0.88522203
 0.5422519789239414 0.88758613
 0.5492640533968242 0.88996098
 0.5563559673457126 0.89234108
 0.5635267350980633 0.89472374
 0.5707783279989627 0.89710976
 0.5781107460484111 0.89950436
 0.5855249749189515 0.90191281
 0.5930220002831272 0.90433202
 0.6006028078134817 0.90675229
 0.6082683831825582 0.90916685
 0.6160197120628998 0.91157392
 0.6238577801270501 0.91397354
 0.6317825873750087 0.91636761
 0.639795119479319 0.91875771
 0.6478973477850678 0.92114493
 0.6560902579647983 0.92352902
 0.664372864345967 0.92591075
 0.6727481239462039 0.92829214
 0.6812170224380523 0.93066979
 0.6897785741489688 0.93303688
 0.6984357360965833 0.93538781
 0.7071885082808959 0.93772222
 0.7160378763744497 0.94004663
 0.7249848260497881 0.94236566
 0.7340303429794544 0.94467501
 0.743176398508535 0.94696989
 0.75242299263703 0.94924872
 0.7617711110374829 0.95150072
 0.7712227250549798 0.95371389
 0.7807778346895209 0.95588628
 0.7904374256136497 0.95801628
 0.8002034691724524 0.96010161
 0.8100769510384725 0.9621437
 0.82005787121171 0.96414457
 0.8301482010372515 0.9661053
 0.84034892618764 0.96802878
 0.850661032335419 0.96991708
 0.8610864908256751 0.97176498
 0.871624315985865 0.97356405
 0.8822774648336182 0.97530926
 0.8930469230414785 0.97699921
 0.9039326906094457 0.9786323
 0.9149377245551493 0.98021039
 0.9260610392060467 0.98173576
 0.937305591579767 0.98320503
 0.9486723673488541 0.98461579
 0.9601613665133076 0.98596618
 0.9717745604182141 0.98725137
 0.9835129347361171 0.98846286
 0.9953814178297328 0.98959436
 1.0073671959559986 0.99064721
 1.0194909682383233 0.9916279
 1.0317428779512745 0.99254664
 1.0441327818202843 0.99341199
 1.0566409663944877 0.99422318
 1.0692970018501828 0.99497273
 1.0820811747365044 0.99565841
 1.0950033417788846 0.99628533
 1.108063502977324 0.9968565
 1.1212616583318222 0.99737326
 1.1345978078423797 0.99783961
 1.1480818082344286 0.99826049
 1.1617136595079695 0.99864038
 1.1754736482121366 0.99898031
 1.189391344523228 0.9992807
 1.2034568917158114 0.99954519
 1.2176702897898865 0.99977705
 1.2320216820200207 0.99997816
 1.246540638582512 1.0001513
 1.2611975893010625 1.0002992
 1.2760221043519701 1.0004244
 1.2909944702843698 1.0005295
 1.3061245438236936 1.0006155
 1.3214123249699423 1.0006846
 1.3368578137231155 1.0007402
 1.352470866808646 1.0007861
 1.368241627501101 1.000825
 1.3841799525259135 1.0008586
 1.400285841883083 1.0008886
 1.4165494388471775 1.0009182
 1.432990456869062 1.0009518
 1.4495891824978708 1.0009924
 1.4663751859099027 1.0010417
 1.483318896928859 1.0010998
 1.5004498857310382 1.0011649
 1.5177484388655748 1.0012318
 1.5352244130579015 1.0012923
 1.552887665033451 1.0013398
 1.5707184813413581 1.001371
 1.588736575432488 1.001388
 1.606941947306841 1.001396
 1.6253247402389838 1.0013987
 1.6439046676797826 1.0013962
 1.6626620161783711 1.0013899
 1.6816164991856155 1.0013836
 1.7007582599760828 1.0013813
 1.720087298549773 1.0013867
 1.7396233283575517 1.0014016
 1.7593466359485534 1.0014237
 1.7792670780482107 1.0014482
 1.7993846546565235 1.0014705
 1.819709222498925 1.0014899
 1.8402309248499821 1.0015109
 1.8609596184351275 1.0015374
 1.881895303254362 1.0015682
 1.9030379793076841 1.0016014
 1.9243876465950953 1.0016363
 1.9459443051165947 1.0016675
 1.9677079548721827 1.0016818
 1.989698309312725 1.0016742
 2.011895654987355 1.0016551
 2.0343098486215067 1.0016351
 2.0569408902151802 1.0016192
 2.079788779768374 1.0016086
 2.1028633740065223 1.0016008
 2.126164672929625 1.0015924
 2.1496828198122486 1.0015863
 2.173427671379826 1.001588
 2.1974090843577904 1.0016073
 2.221607345295276 1.001659
 2.2460520243685815 1.0017399
 2.270713551401408 1.0018303
 2.295621496570054 1.0019161
 2.3207561464236543 1.0019916
 2.346127357687642 1.0020547
 2.3717449870874482 1.002104
 2.3975991778976415 1.0021418
 2.4236997868436547 1.0021739
 2.4500369572000546 1.0022065
 2.4766304024177072 1.0022548
 2.503460409045746 1.0023292
 2.5305466905350373 1.0024325
 2.557879390160149 1.0025554
 2.5854585079210794 1.0026689
 2.6132939005432622 1.0027587
 2.6413954247521314 1.0028359
 2.669743367096819 1.0029079
 2.698347584302759 1.0029631
 2.727208076369952 1.0030075
 2.75633470002383 1.0030535
 2.785727455264393 1.0030947
 2.8153764853662086 1.0031278
 2.8453015037801416 1.0031559
 2.875482797055328 1.0031623
 2.9059400786426317 1.0031351
 2.9366634918166205 1.003102
 2.9676530365772944 1.0030768
 2.99892842637552 1.0030503
 3.0304699477604297 1.0030384
 3.0622874574574576 1.003036
 3.0943809554666037 1.0030211
 3.1267504417878675 1.002983
 3.1594057731466826 1.0029314
 3.192337092817615 1.0029124
 3.2255542575260984 1.0029373
 3.2590572672721327 1.0029482
 3.2928362653302847 1.002892
 3.326910965151421 1.0027928
 3.361271510010107 1.0026941
 3.395917899906344 1.0026008
 3.430859991565565 1.0025059
 3.4660879282623362 1.0023996
 3.5016017099966587 1.002294
 3.537421050219397 1.0022316
 3.573536092205119 1.0022368
 3.6099369792283915 1.0022354
 3.646643424740081 1.0021549
 3.683645572014754 1.0020804
 3.7209434210524094 1.0020655
 3.758546828578482 1.0020547
 3.796445937867538 1.002006
 3.834650605645011 1.0019444
 3.8731509751854664 1.0018938
 3.911966759939771 1.0018671
 3.95107824645706 1.0018659
 3.990505148188198 1.0018689
 4.030237608407751 1.0018865
 4.070265770390289 1.0019156
 4.110609347586676 1.0019664
 4.1512683399969114 1.0020675
 4.192232890895563 1.0022255
 4.2335030002826314 1.0024444
 4.275088524883549 1.0027031
 4.316989464698315 1.0029649
 4.359195963001498 1.0032295
 4.40171787651853 1.0035011
 4.444555205249411 1.0037785
 4.487698092468708 1.0040935
 4.531166251627288 1.0043975
 4.574939969274283 1.0046675
 4.6190389588605604 1.0049565
 4.663443506935255 1.0052446
 4.708163470223797 1.005478
 4.753208705451621 1.0056676
 4.798559499167863 1.0058431
 4.844235564823386 1.0059875
 4.8902270456927574 1.0060857
 4.936533941775979 1.0061521
 4.983156253073049 1.0062028
 5.0300939795839685 1.0062309
 5.077347121308737 1.0062123
 5.124925534972787 1.0061548
 5.172809507125254 1.0060689
 5.221018751217002 1.0059604
 5.269533553797167 1.0058326
 5.318373628316614 1.005679
 5.367519261324476 1.0055186
 5.4169901662716215 1.005374
 5.466766629707183 1.005249
 5.5168683650820264 1.0051511
 5.567275658945285 1.0050771
 5.617998368022394 1.0050208
 5.669026635587919 1.0049895
 5.720380175092726 1.0049809
 5.772029416360516 1.0049823
 5.824003929567588 1.0049915
 5.876274144537643 1.0050093
 5.928859774721549 1.0050322
 5.981760820119303 1.0050583
 6.03495756728004 1.0050881
 6.088459872929194 1.0051209
 6.1422677370667635 1.0051558
 6.19638115969275 1.0051918
 6.2508001408071525 1.0052285
 6.305514823684539 1.0052658
 6.360535065050341 1.0053037
 6.415841151453694 1.0053419
 6.471452796345464 1.0053806
 6.527360143000218 1.0054196
 6.583563191417954 1.005459
 6.640052084873241 1.0054987
 6.696836680091512 1.0055387
 6.753907120347335 1.005579
 6.811263405640706 1.0056196
 6.86890553597163 1.0056605
 6.926833511340104 1.0057017
 6.985047331746128 1.0057432
 7.043537140464271 1.0057849
 7.1022930807690984 1.005827
 7.161334866111478 1.0058693
 7.220652639765974 1.0059119
 7.280236545007155 1.0059549
 7.340086581835021 1.0059981
 7.400202750249575 1.0060417
 7.460594906976245 1.0060856
 7.521233481838734 1.0061298
 7.582138188287908 1.0061744
 7.643299169598336 1.0062193
 7.704706569044583 1.0062646
 7.766370243352082 1.0063102
 7.828280335795401 1.0063563
 7.890446703099972 1.0064027
 7.9528397750894974 1.0064495
 8.015479265214843 1.0064968
 8.078355316750574 1.0065444
 8.141467929696692 1.0065925
 8.204807247327764 1.0066411
 8.268373269643792 1.0066901
 8.332165996644772 1.0067397
 8.396175571605275 1.0067897
 8.460401994525299 1.0068402
 8.524845265404842 1.0068913
 8.589505384243907 1.0069429
 8.654362637591628 1.0069951
 8.719436738898871 1.0070479
 8.784698117989336 1.0071013
 8.85016648831389 1.0071553
 8.915822136421667 1.00721
 8.981665062312667 1.0072654
 9.04769526598689 1.0073215
 9.113902890718903 1.0073783
 9.18029779323414 1.0074359
 9.246860260081732 1.0074942
 9.313600147987115 1.0075534
 9.380497743499422 1.0076135
 9.447562903344089 1.0076744
 9.514785770795678 1.0077363
 9.582156489128758 1.0077992
 9.649684915068764 1.007863
 9.71735133516483 1.007928
 9.785165606142385 1.007994
 9.853117871276002 1.0080612
 9.921188417114811 1.0081297
 9.98939695710968 1.0081994
 10.057704064358875 1.0082705
 10.126208306116727 1.0083429
 10.194811115128907 1.0084169
 10.263413924141087 1.0084925
 10.33221386766192 1.0085697
 10.401112378437082 1.0086487
 10.470109456466574 1.0087296
 10.539205101750392 1.0088125
 10.60830074703421 1.0088975
 10.677593526826687 1.0089848
 10.74688630661916 1.0090746
 10.81637622092029 1.009167
 10.885767567967093 1.0092622
 10.95535604952255 1.0093604
 11.024944531078008 1.009462
 11.094631579887794 1.0095672
 11.164318628697579 1.0096764
 11.234005677507364 1.00979
 11.30379129357148 1.0099085
 11.37367547688992 1.0100325
 11.443559660208361 1.0101627
 11.513345276272474 1.0103
 11.583328026845246 1.0104456
 11.653212210163687 1.0106011
 11.723194960736455 1.0107674
 11.793079144054897 1.0109297
