 0.0E+0 0.0E+0
 2.2663126709774796E-3 0.1248120503056314
 6.825581957574668E-3 0.3757803936279465
 0.011438493471630447 0.6282387347734653
 0.01610569873817468 0.8793166179297666
 0.020827712119073044 1.125171681687861
 0.025605333732783265 1.361832653331661
 0.03043913509248944 1.5859102834420508
 0.03532974486269405 1.7949569835265986
 0.040277848859218014 1.9875219120806426
 0.04528413289788224 2.1630359806427184
 0.050349339945826035 2.3216279559980952
 0.05547398436491509 2.463928105877384
 0.060658694819651894 2.590890960939864
 0.06590461433640463 2.703652582934532
 0.07121225727703896 2.8034251639144436
 0.076582195154739 2.8914281676569464
 0.08201499948268882 2.9688503334464795
 0.08751238480044071 3.036828711376524
 0.09307377959481057 3.096434492198997
 0.09870032689216655 3.1486596488742213
 0.10439316971887687 3.194409007034214
 0.11015287958812559 3.2344982730456823
 0.1159805995262809 3.269653521291917
 0.1218763295333428 3.300512854840156
 0.12784121263567946 3.3276286445155327
 0.13387639185965907 3.3514782778591643
 0.13998243871846571 3.3724789447532712
 0.14615992472528346 3.391001637966237
 0.15240999290648055 3.4073721580922136
 0.1587337862884251 3.4218641572537764
 0.16513130487111712 3.4346970324961807
 0.1716042631941089 3.4460429628274562
 0.1781526612574004 3.456035586874562
 0.18477878511372802 3.464772833310495
 0.19148206324990765 3.4723150390038735
 0.19826363869230745 3.478685534523844
 0.20512522598047974 3.483883797945214
 0.21206739662760853 3.4878992477999264
 0.219090722146878 3.490708834143566
 0.22619691707784034 3.492280701329248
 0.23338598142049563 3.4925782913310823
 0.24065905820121194 3.491549923116935
 0.24801786195954167 3.489133197459644
 0.25546296420866876 3.4852778250786267
 0.2629949364617774 3.479949660211276
 0.2706154932584198 3.4731177308761926
 0.2783252061117802 3.4647487866657362
 0.28612521804822654 3.4548123858111847
 0.29401667209412712 3.443282239869893
 0.30200071127585015 3.430113109058486
 0.31007790710657973 3.415230154375988
 0.31824997412586802 3.3985664406704283
 0.32651748384689915 3.380094261480351
 0.33488215080922545 3.3598054066542286
 0.34334454652603096 3.3376920292280094
 0.35190581402368387 3.3137446793969007
 0.36056709632855232 3.287943968005175
 0.3693301079801886 3.2602595455250775
 0.37819599200496095 3.230665689215161
 0.38716531991605335 3.1991648343168184
 0.3962392347398341 3.165778220230083
 0.40541945101585535 3.1305016980128352
 0.41470711177048535 3.0932853426174924
 0.4241033600300922 3.0540875013538575
 0.4336093388210442 3.0129236044311924
 0.4432267626828935 2.9698700330711185
 0.4529562031288243 2.925051375434153
 0.4627993746983888 2.8786022634275774
 0.47275799193113915 2.8306484701902596
 0.48283262634025975 2.781279357740529
 0.4930249924653025 2.73052808162847
 0.5033362333326359 2.678432389828762
 0.513768063481812 2.62512041363843
 0.5243216259391991 2.570804666198742
 0.5349986352443494 2.5157559372449722
 0.545799662910447 2.4602582033203543
 0.5567269949902283 2.404538271964153
 0.5677823460232454 2.3487052455348806
 0.5789657160094985 2.2927720438007295
 0.5902816770544603 2.2367597248806454
 0.6017290861317626 2.180759176232
 0.6133079432414053 2.124963105229386
 0.6250239635152293 2.069578388538624
 0.6368714318213938 2.014767361461512
 0.6488617784235806 1.9606311858531204
 0.6609892881899487 1.9072150451422318
 0.6732596762523392 1.8545406663217405
 0.6856729426107516 1.8025712531001241
 0.6982348023970275 1.7512376378311667
 0.7109395404793255 1.7006149214019616
 0.7237871568576456 1.6508726806541074
 0.7367890817956699 1.6020973742850916
 0.7499453152933981 1.5542984586120176
 0.7632501422189896 1.5074109171532268
 0.7767092777042851 1.4612723000952156
 0.7903284368811254 1.4158240256755245
 0.8041019046176697 1.371087091506535
 0.8180411111775999 1.3270460258834193
 0.8321403414290751 1.2835965979611305
 0.8463995953720951 1.2406617247720097
 0.8608245881385008 1.1982715497201803
 0.8754210348601335 1.156333964070793
 0.8901832204051517 1.114709625508149
 0.9051225750372375 1.0736441530966003
 0.9202333836245502 1.033645122255769
 0.9355156461670895 0.9950626526285652
 0.9509750777966963 0.9580724701220664
 0.9666173936452116 0.9227428241939293
 0.9824425937126354 0.8889289747849957
 0.9984449628671269 0.8563797390772984
 1.0146416465042085 0.8248704392399245
 1.0310154992283577 0.7942400710601714
 1.047589381566938 0.764311274523238
 1.064346148124427 0.7350023116927128
 1.0813029442963468 0.7065838654641656
 1.0984540549508572 0.6789993379636844
 1.1158051952197987 0.6516061499396932
 1.133356365103171 0.6244097257975392
 1.1511075646009747 0.5976996161154916
 1.1690702239768913 0.5713140055385924
 1.187232912967239 0.5452225758886992
 1.2056127769675404 0.5193604726819497
 1.224198385714114 0.49357448738373116
 1.2430068846024824 0.46793776877919235
 1.2620268433689636 0.4425537706100184
 1.2812639771453986 0.41746425391032204
 1.3007297161954691 0.3928223678337156
 1.3204183453873346 0.3687550845814597
 1.3403298647209944 0.34546717069272125
 1.360475704460131 0.3232721658458165
 1.380850149472903 0.302279297315901
 1.4014646300229924 0.28224050257323263
 1.4223134309785585 0.262983371282743
 1.4434022674714417 0.2447245001778788
 1.4647311395016424 0.22762545026901742
 1.4863114773328423 0.2115446856335749
 1.5081318507013594 0.19632260952486643
 1.5302094050027166 0.18192276846208774
 1.552544140236914 0.1682557533724833
 1.5751303412721104 0.15490365899939737
 1.5979737232401467 0.14122899742801262
 1.621085716404705 0.12758515201760806
 1.6444606056339443 0.11542376985105275
 1.6681041060597054 0.10486409381457916
 1.6920162176819883 0.0951744263450975
 1.7162083707644746 0.08607614364377511
 1.7406748501753237 0.07763529556707346
 1.7654213710463766 0.06984230300357945
 1.790447933377633 0.06260463354213883
 1.8157659674327746 0.05601690827413655
 1.8413754732118017 0.05016262582175668
 1.8672707355828732 0.04544382936319637
 1.8934688999415123 0.04150881057716453
 1.9199642511558774 0.03745627730087066
 1.9467625043578093 0.0336736892024769
 1.9738693746791498 0.031053098331658434
 2.001284862119898 0.029281858088731672
 2.0290089666800543 0.027696472296679812
 2.0570531186233003 0.026004850479908286
 2.0854230330814775 0.02429475364719042
 2.114107279790903 0.02262505447816927
 2.1431230041471005 0.020778825228825521
 2.1724702061500695 0.018617100058904257
 2.20214888579981 0.016286182265147462
 2.2321647582281634 0.014043638188673924
 2.26252353856697 0.012196624193296653
 2.2932309419480705 0.010999931265239878
 2.324281253239625 0.010372894707975448
 2.3556859027053143 0.010032054276716988
 2.3874506054769795 9.716181474037643E-3
 2.4195753615546213 9.126331711828091E-3
 2.4520601709382385 7.960870703652154E-3
 2.4849221790233553 6.254000109019437E-3
 2.518149955546288 4.536110853165913E-3
 2.55175493077072 3.371705094029821E-3
 2.5857371046966504 2.798660309137876E-3
 2.620107907587762 2.505075361073711E-3
 2.6548673394440536 2.2931480231619086E-3
 2.690021115397367 2.10931124100077E-3
 2.7255749505795416 1.9416301895928771E-3
 2.761523129858739 1.7825294469740523E-3
 2.7978827986304795 1.6272133499768462E-3
 2.834648241762923 1.4759504905557151E-3
 2.871830889519752 1.3308045415876287E-3
 2.9094307419009663 1.1949616270325582E-3
 2.947453514038406 1.0767922611926916E-3
 2.985904921063913 9.81583222514877E-4
 3.0247906781093263 8.968218031874928E-4
 3.0641107851746482 8.016951125014881E-4
 3.103876672523559 6.891232539573402E-4
 3.1440883401560597 5.70079187767487E-4
 3.1847457880721496 4.612173814269624E-4
 3.225866161667352 3.7339341104317776E-4
 3.267443745809825 3.088327621828306E-4
 3.3094899707632512 2.6400840397706174E-4
 3.3520048365276302 2.3372947235341054E-4
 3.3949940582348032 2.1364077073875715E-4
 3.438463351016611 2.0071548459318306E-4
 3.4824184300048943 1.9295862303579913E-4
 3.5268650103314942 1.8900740403736781E-4
 3.571808807128251 1.8720795810155195E-4
 3.617255535527007 1.8458757322188906E-4
 3.6632051955277606 1.7743529825518935E-4
 3.7096635022623534 1.6350950355037663E-4
 3.7566418859944676 1.4331852728736752E-4
 3.8041460618559437 1.1947387321830256E-4
 3.8521703147149404 9.536962037287642E-5
 3.9007317899669806 7.378818066818769E-5
 3.949836202743906 5.585651625781694E-5
 3.9994778379138744 4.128512553082108E-5
 4.049673840872409 2.950246007772567E-5
 4.100424211619511 2.0239956203088707E-5
 4.1517346652870195 1.3366540088375583E-5
 4.203610917006776 8.658717982609475E-6
 4.256058681910621 5.730438709663384E-6
 4.309089390262238 4.056883043906519E-6
 4.362703042061625 3.1069541766157966E-6
 4.416905352440623 2.5144751336420176E-6
 4.471707751662915 2.1006936052486215E-6
 4.527110239728501 1.7875398313482806E-6
 4.583118531769221 1.5351536148819671E-6
 4.639744058048757 1.320090064100859E-6
 4.69699253369895 1.1288916596954864E-6
 4.7548639587198 9.54829841863382E-7
 4.813369763374989 7.953587736114695E-7
 4.872515662796356 6.503092041397605E-7
 4.932307372115745 5.20663389916069E-7
 4.992756321596837 4.076488098600402E-7
 5.05385679610779 3.1200638045209112E-7
 5.115625941044127 2.3358775826140994E-7
 5.178069471537688 1.7133247805350185E-7
 5.241187387588475 1.2343716951128541E-7
 5.304996834592009 8.765060881522295E-8
 5.36949209741645 6.160854019636092E-8
 5.434690321457321 4.307508965041145E-8
 5.500597221846462 3.010349491464644E-8
 5.567212798583874 2.112126305884205E-8
 5.634548481933237 1.4925000429543747E-8
 5.702609987026394 1.0635480822029962E-8
 5.771425889522548 7.638078654896186E-9
 5.840921892707767 5.515061564744229E-9
 5.911218014350711 3.98930213368723E-9
 5.982257103132971 2.8790357598810987E-9
 6.054096310372956 2.0635378945597785E-9
 6.126621333433848 1.4624641546324964E-9
 6.200003626270872 1.0204095397031348E-9
 6.274128886247213 6.97257135444921E-10
 6.3490542646812775 4.6433042362778705E-10
 6.424779761573068 2.9991809482928184E-10
 6.5013053769225814 1.8671615224020767E-10
 6.5786311107298205 1.1148617187445636E-10
 6.6568141143131924 6.361989628925336E-11
 6.735854387672698 3.4522064747515245E-11
 6.81563762817152 1.776176633039822E-11
 6.896335289764883 8.675041822536828E-12
 6.9778902211343805 4.023036116844659E-12
 7.060302422280011 1.770937907607691E-12
 7.143514741883367 7.436803429563546E-13
 7.2276986338996724 3.0012492174223922E-13
 7.312682644373704 1.1600649054185297E-13
 7.398638227260686 4.2282926760315734E-14
 7.485451079923803 1.4411032495407193E-14
 7.57317835368146 4.6306439780906275E-15
 7.66182004853366 1.4077619508475222E-15
 7.751376164480404 3.972491201391285E-16
 7.8419038528400974 1.0083668891928549E-16
 7.933345962294334 2.2432442613613907E-17
 8.025759644161521 4.29512028249709E-18
 8.119144898441661 6.968196411260538E-19
 8.213444573816343 9.472995252922329E-20
 8.308772972922386 1.0870305126527328E-20
 8.405015793122969 1.1168910817542326E-21
 8.502344488373321 1.1607149092454391E-22
 8.600587604718218 1.310172210683663E-23
 8.699916596112882 1.5088678044627362E-24
 8.800217159920496 1.57093443858035E-25
 8.901546447459472 1.2987706952756723E-26
 9.003961610048217 7.697724466095428E-28
 9.107348345049914 3.210015271428568E-29
 9.211820955101379 1.1028780335050411E-30
 9.317379440202613 5.998977704175561E-32
 9.423966649035208 5.235030488901626E-33
 9.53169688423598 4.361960136458556E-34
 9.640455843168112 3.2918010451950156E-35
 9.750357828468424 2.3126579671212467E-36
 9.861345688818503 1.5364630760407373E-37
 9.973419424218351 9.65118464526938E-39
 10.086693337304787 5.915299539785748E-40
 10.201053125440993 6.040724620586471E-41
 10.316555939945374 1.5041718962743673E-41
 10.433201780817933 4.027166643650378E-42
 10.551047799377082 1.0033571770311512E-42
 10.670036844304407 2.2726882053823415E-43
 10.790226066918319 4.616253007073662E-44
 10.91161546721882 8.486086333817877E-45
 11.034205045205903 1.4407591907551582E-45
 11.157994800879576 2.296089925071223E-46
 11.282984734239836 3.3921113975462973E-47
 11.409174845286683 4.491110250379684E-48
 11.536679436656934 5.2964303423563753E-49
 11.66538420571377 5.859332177279609E-50
 11.795346303775604 6.624374823297299E-51
 11.926565730842436 7.977946636074725E-52
 12.05904248691426 1.0513076200288982E-52
 12.192833723309489 1.4955360656725107E-53
 12.327939440028125 2.2450879567894622E-54
 12.464302485751755 3.7572882731166615E-55
 12.601980011798789 6.899918058599914E-56
 12.741029169487637 1.2881788117951688E-56
 12.881335656181482 2.3712563249795864E-57
 13.023070925835547 4.324208999694585E-58
 13.16606352449461 7.83587484441881E-59
 13.310484906113896 1.4265269021887722E-59
 13.456220768056584 2.620455174297343E-60
 13.603328261641089 5.2204723749599135E-61
 13.751864538185814 1.9302133365265372E-61
 13.901772446372352 1.162188281925701E-61
 14.053109137519114 7.385886026592365E-62
 14.205817460307689 4.703117981672908E-62
 14.360011717374896 3.1320859807942895E-62
 14.515577606083916 2.0347442519507156E-62
 14.672629429071566 1.1880265969832925E-62
 14.83111003501944 5.917991413350579E-63
 14.991019423927535 2.4069386640948718E-63
 15.152414747114262 7.348941760714845E-64
 15.315353155898032 1.904042512083511E-64
 15.479720347642022 5.067710005580614E-65
 15.645573473664642 1.1266461229646808E-65
 15.812912533965896 1.8629846477534044E-66
 15.981794679864189 2.856591559646439E-67
 16.15221991135952 6.467877550053972E-68
 16.324131077133486 2.5921625359986934E-68
 16.4976424798229 1.1222736830058188E-68
 16.672639816790944 4.100667910608597E-69
 16.849237390674442 1.1967243691187064E-69
 17.027378050154975 2.907717800261787E-70
 17.207061795232547 5.9668470317975414E-71
 17.388402928543982 9.584064722340452E-72
 17.571287147452455 1.2058330924752942E-72
 17.75577160327638 1.2223882650315918E-73
 17.94185629601575 1.0722299547392282E-74
 18.129541225670568 1.6534615025176762E-75
 18.31888354355925 4.5668860384949836E-76
 18.509826098363376 1.0885417345881083E-76
 18.70242604140136 2.0795162938489132E-77
 18.896683372673205 3.3232344243577474E-78
 19.092540940860494 4.470538674785804E-79
 19.29011304860006 4.770670962661946E-80
 19.489342544573474 4.0239734313538E-81
 19.69022942878075 3.0856533692216246E-82
 19.892830852540296 2.262985501627415E-83
 20.097089664533694 1.4730450445336497E-84
 20.303005864760955 7.868208451084193E-86
 20.510693755858888 3.5493929358147246E-87
 20.72009618650909 2.0964329338415404E-88
 20.93115600539315 2.2258009633592766E-89
 21.143987515147884 2.1995759284814926E-90
 21.358533564454887 1.4405281330394458E-91
 21.574794153314154 6.125784584101331E-93
 21.7928264330441 1.9141041120406597E-94
 22.012573252326312 1.8635917512576513E-95
 22.234091762479202 2.9274520168563956E-96
 22.457324812184356 4.76610637300766E-97
 22.682386704078595 8.588996694810287E-98
 22.909163135525105 1.9448789330857542E-98
 23.137768409160695 5.271094887015814E-99
 23.368145373666962 1.4147257155640642E-99
 23.600236877725496 3.158411501514144E-100
 23.834157223973114 5.304014509375181E-101
 24.069906412409817 6.713197514620014E-102
 24.307427291717196 7.505596822735342E-103
 24.54671986189525 9.035381090628927E-104
 24.787841274262394 1.0442755444963327E-104
 25.030791528818618 9.853111490197722E-106
 25.275513474245517 6.402775190318078E-107
 25.522064261861505 2.646641882045774E-108
 25.770443891666573 1.476311189117919E-109
 26.020595212342318 1.4615313587200501E-110
 26.27263252652556 2.0257933218523607E-111
 26.526441531579475 2.997622514738571E-112
 26.782136530140881 4.135713594191219E-113
 27.039603219572967 4.861216257471627E-114
 27.298898751194133 4.362404242636112E-115
 27.5600802763228 2.8761061315764835E-116
 27.82303349232214 1.4413834717166474E-117
 28.08787270182897 6.182702083119401E-119
 28.354540753524887 4.4433341570554705E-120
 28.623037647409887 3.8530783371496952E-121
 28.893363383483976 2.602545107428364E-122
 29.16551796174715 1.3519364082411976E-123
 29.439501382199406 5.605949214082382E-125
 29.715370796159156 1.9136809943509883E-126
 29.993011900989582 5.50622433105612E-128
 30.2725389993275 1.3612078282284084E-129
 30.553837788536096 2.9390375697005862E-131
 30.837022571252187 5.624829943648812E-133
 31.121979044838948 9.679613376940194E-135
 31.408821511933204 1.521048881864713E-136
 31.69743566989814 2.2226135016205686E-138
 31.98793582137057 3.0857663330736953E-140
