 4.574037526336682E-3 1.000169307636052
 0.013775887331366095 1.0005033754867094
 0.02308600179225434 1.0008236023031327
 0.03250569586433573 1.0011361435068655
 0.04203600767024263 1.001415779183769
 0.05167855206740314 1.0016453861578697
 0.061434482525408784 1.0018305297843062
 0.07130506786081019 1.0019455164569648
 0.0812916922371172 1.001968047091039
 0.09139573981783959 1.0018742946602086
 0.10161871011344634 1.0016611151973677
 0.1119616412465698 1.0013153595495891
 0.12242580203376065 1.0007493132285953
 0.13301349941420184 0.9999445597127075
 0.1437257715105258 0.9989220453672636
 0.154563771792324 0.9976386929433012
 0.16552865372918793 0.9959539163262058
 0.17662387772989213 0.9939316435448998
 0.18784829032484515 0.9915808176804711
 0.1992041984532299 0.9887089002564792
 0.21069390905422943 0.9853242060878525
 0.2223185755974353 0.9813853970876222
 0.23408050502203048 0.9768939759015162
 0.24597969732801497 0.9718036331791168
 0.25801845945457174 0.9659809996745607
 0.2701990983408839 0.9594292154562679
 0.28252276745654286 0.9521488401623572
 0.29499062027114025 0.9440566407108674
 0.307604963723859 0.9350749213325185
 0.32036810475388205 0.9252481578080511
 0.33328004336120953 0.9145045150394246
 0.34634423995461594 0.9028142343054618
 0.3595606945341012 0.8901201551168364
 0.3729340209780314 0.8764385673840028
 0.38646306581681505 0.8618237765310676
 0.4001501359896351 0.8461331292061736
 0.4139986919052661 0.8294031563409641
 0.4280098870332996 0.8117038266774343
 0.4421848748433271 0.7929871051333006
 0.45652711574412296 0.7733035254725771
 0.4710366097356875 0.7527085612951152
 0.48571566375720343 0.7311586740873319
 0.5005677382174454 0.7087297065801285
 0.515593986586005 0.6855248160025211
 0.5307955623324734 0.6615587245821654
 0.5461759258656256 0.6369044976986175
 0.5617362306550527 0.6116644195746934
 0.5774787836399379 0.5859062704670193
 0.5934058917594642 0.5597273136380476
 0.6095198619528147 0.5331966255668265
 0.6258218476895808 0.5065573444435194
 0.642315309378537 0.4797676336848242
 0.6590014004892748 0.45299387986012873
 0.6758835814305687 0.42635109148259114
 0.6929630056720104 0.3999670744158238
 0.7102419801527828 0.37394275673468713
 0.7277228118120689 0.34837996788227504
 0.7454089610586431 0.3233883547579053
 0.7633027348316886 0.2990875818613974
 0.7814052866007968 0.275569850305672
 0.7997189233051507 0.252905790522012
 0.818247105353525 0.23117209176060787
 0.8369921396851026 0.21043896051099025
 0.8559563332390663 0.19075853796946051
 0.8751419929545995 0.17216691386951993
 0.8945525792404764 0.15469798296560383
 0.9141892455662888 0.138369202290747
 0.934055452340811 0.1231806755048988
 0.9541546599728175 0.10913293477671489
 0.9744880219319 0.09620904891682952
 0.9950589986268327 0.0843825303485818
 1.015869896996799 0.07362270361238199
 1.0369241774505733 0.06389306434234997
 1.0582241469273383 0.05515345399939801
 1.0797732658358691 0.04736103486624297
 1.1015726876457567 0.040469710316077864
 1.1236270262353673 0.034433478921491116
 1.1459397420134753 0.02920850577911826
 1.168510834980081 0.024744817546930624
 1.1913495328919163 0.02099354379071816
 1.2144535288097981 0.017904236909827595
 1.2378228227337266 0.015422855889034012
 1.2614689493596167 0.01360458055247009
 1.2853803739915534 0.012087706735321092
 1.3095801660213666 0.011140217230050778
 1.3340567907531417 0.010613562474312279
 1.3588217828827933 0.010466667427545798
 1.3838751424103217 0.010661338211138082
 1.409228404031642 0.011158584353209166
 1.4348700330508388 0.011921737606788585
 1.4608000294679122 0.01291864882867231
 1.4870414626746928 0.014117064654361987
 1.51359433267118 0.015483620971586155
 1.540447104761459 0.016989447364643674
 1.5676113136414451 0.018608692377399083
 1.5950984940070527 0.020312940677019865
 1.6228971111623673 0.022077254117256223
 1.651030234499219 0.02387764086008539
 1.6794863293216926 0.025689577186595195
 1.7082653956297881 0.027461139174889237
 1.7373789681194204 0.029268071199315508
 1.766838581486505 0.030993417563602826
 1.7966327010351266 0.03265221597527598
 1.8267843961571148 0.03422865107287033
 1.8572821321565557 0.035708080044921826
 1.8881259090334485 0.03708001102702283
 1.9193272614837082 0.038334225415553653
 1.9508977242032501 0.03946159315790655
 1.9828372971920742 0.040454447516973406
 2.0151344457542657 0.041307495675751676
 2.0478237739775693 0.0420153153400806
 2.0808706777742402 0.042574498212803485
 2.114321295927938 0.042982557648749114
 2.1481410243509184 0.043238056942419923
 2.182364467130926 0.0433411331180204
 2.216980089572046 0.04329265647083375
 2.251999426370194 0.043095012612784415
 2.2874224775253684 0.04275169568683539
 2.3232492430375706 0.04226729116696876
 2.3595027922986302 0.04164777939797862
 2.3961600559167175 0.04090003789010685
 2.433255637979577 0.04003183403263414
 2.4707664690953792 0.03905179927178852
 2.508727153351869 0.03796929344068585
 2.5471146213572164 0.036794511712124125
 2.5859404078073366 0.03553744966635966
 2.6252275820940593 0.034208896194649694
 2.6649646095214696 0.03281988314168141
 2.7051514900895674 0.031380959833257116
 2.7458112931901834 0.029902971280138947
 2.786932484127402 0.028396270498064757
 2.8285381322930533 0.026871165113050932
 2.8706167029912226 0.02533797647343226
 2.913179730917825 0.023806242566860875
 2.9562272160728597 0.022285156012245923
 2.999782227848158 0.020783666379108046
 3.0438216968518885 0.019309854574215752
 3.0883802271717972 0.017870919483750625
 3.1334578188078845 0.01647344159421559
 3.1790429370642345 0.015122304779846767
 3.2251471166367626 0.013821466528402963
 3.271793426917299 0.012574263562820214
 3.3189703332099282 0.01138301489692303
 3.3666893702105662 0.010249418971232074
 3.414950537919212 9.174661205394265E-3
 3.463776905727696 8.160118735610162E-3
 3.5131569389401033 7.2067557169511395E-3
 3.5631021722523494 6.31529458343349E-3
 3.6136126056644335 5.486159140728722E-3
 3.664711308568186 4.314264254642291E-3
 3.7163982809636073 4.013834444010029E-3
 3.768661988154782 3.368414385143254E-3
 3.8215370342294554 2.7809453788180697E-3
 3.875011884491712 2.2488454651771096E-3
 3.929098073637467 1.7690159270850737E-3
 3.9838071363626363 1.3383103168025725E-3
 4.039139072667219 9.537050931536831E-4
 4.0950938825512155 6.120172881542605E-4
 4.1516946354064554 3.098267903449109E-4
 4.208952865928855 4.391548653041809E-5
 4.266845504726583 -1.8922821528161797E-4
 4.325407155887385 -3.930879616951226E-4
 4.38463781941126 -5.705449146923367E-4
 4.44453749529821 -7.24551446856954E-4
 4.505117718244149 -8.581838468912699E-4
 4.566390022944992 -9.749283698453184E-4
 4.628365944096654 -1.079129808399929E-3
 4.69103394700322 -1.1754634716727955E-3
 4.754417101056521 -1.2685830199546076E-3
 4.81852694095247 -1.3624922249984967E-3
 4.883363466691069 -1.4598980582481285E-3
 4.948926678272318 -1.5623924559653216E-3
 5.015251179783961 -1.6700153726197433E-3
 5.082313901834167 -1.7814571425744643E-3
 5.150137913814769 -1.894253694914281E-3
 5.218723215725765 -2.005100649372784E-3
 5.288092876958986 -2.1118993926748505E-3
 5.358246897514433 -2.215269827269093E-3
 5.429196812088017 -2.3193831727522425E-3
 5.500954155375657 -2.431069579492903E-3
 5.573507392681437 -2.5577331433315857E-3
 5.646891128093102 -2.7068342953570742E-3
 5.721093826914736 -2.886061517294099E-3
 5.79613855853817 -3.1034354877274563E-3
 5.872025322963405 -3.3669637439143022E-3
 5.948765654886355 -3.682500366277145E-3
 6.026371089002935 -4.051068416616445E-3
 6.10485316000906 -4.46769109314565E-3
 6.18421186790473 -4.923376227049192E-3
 6.264470282081774 -5.4070961087045454E-3
 6.3456284025401954 -5.906173925411093E-3
 6.427686229279991 -6.4073795616664975E-3
 6.510678366388908 -6.899623180234399E-3
 6.59459327917103 -7.376892489899447E-3
 6.679454037018187 -7.840114937698107E-3
 6.765260639930381 -8.296230820879307E-3
 6.852024622603525 -8.754196771244586E-3
 6.939757519733535 -9.22163947024653E-3
 7.028470866016325 -6.842219272633139E-3
 7.118176196147812 -4.441325937539009E-3
 7.208885044823909 -0.01073170054653886
 7.300608946740533 -0.011275233447775439
 7.393347901897681 -0.011827225099761718
 7.487113444991271 -0.012375444805751343
 7.581928645413133 -0.012910786219189969
 7.677805037859181 -0.013430105848074567
 7.7747310876335005 -0.013936919492771288
 7.872741398823836 -0.01444081619204532
 7.971847506126103 -0.014955689521900318
 8.072037874844385 -0.015494885850326125
 8.17334710906643 -0.016062754918660996
 8.275775208792238 -0.016649227630989905
 8.379333708717722 -0.0172334610966325
 8.484034143538796 -0.017795711697670975
 8.589888047951378 -0.018331445300112093
 8.696918491347297 -0.018855614342872275
 8.805125473726553 -0.019388144771463385
 8.914520529785062 -0.019931983558942687
 9.025126728914651 -0.020463288891282054
 9.136944071115323 -0.020939699623859373
 9.249984091082993 -0.021319162880128257
 9.364269858209491 -0.02157948063097914
 9.479812907190729 -0.02172653405940841
 9.59661323802671 -0.02174881491958376
 9.714693920109266 -0.021727578362779966
 9.834066488134306 -0.021700687901767944
 9.954742476797751 -0.021588272708332915
 10.07674495549143 -0.02142154030898058
 10.200062389519426 -0.021175599642121824
 10.324729382969483 -0.02082556350300744
 10.45075747053752 -0.020365721455563264
 10.578146652223536 -0.01981940967933551
 10.706931532115272 -0.01923358714295764
 10.837100575516818 -0.01865375588088765
 10.968688386515918 -0.018086747199234125
 11.101706499808486 -0.01749613651141568
 11.236154915394524 -0.016827020025070506
 11.372056702665857 -0.01602202327574127
 11.509423396318406 -0.015043214940190048
 11.648312669831745 -0.013903213019291668
 11.788574572158975 -0.012658992880271088
 11.930451331914314 -0.011381825572563252
 12.073827602138614 -0.010141584007706575
 12.218818729791023 -8.989645150335849E-3
 12.36519402095324 -7.93264743743389E-3
 12.513299516502716 -6.9371628849483994E-3
 12.662904522521153 -5.965298747809989E-3
 12.814124385967698 -5.001529687139665E-3
 12.966959106842355 -4.041593867525343E-3
 13.121408685145118 -2.658156147372018E-4
 13.277473120875994 -7.62101296265742E-4
 13.435267760994128 -5.921651564232372E-4
 13.594792605499523 -4.372683389032402E-4
 13.755816960473876 3.7630809839163804E-4
 13.91868686679464 1.1729268740757372E-3
 14.083286977502665 1.942571009435095E-3
 14.24961729259795 2.6476586672035725E-3
 14.417562465121346 3.2248450252508947E-3
 14.587468535950302 3.670402328612709E-3
 14.75898946420737 4.077748861945187E-3
 14.932471290769994 4.5610849414661194E-3
 15.107683321719884 5.173906649166729E-3
 15.28474090401618 5.828527455367155E-3
 15.46364403765889 6.332849008538811E-3
 15.644392722648012 6.561219062139492E-3
 15.827102305942695 6.573193485790182E-3
 16.011657440583785 6.5155420315611E-3
 16.198173473530442 6.488400079657466E-3
 16.386650404782656 6.5220422792512484E-3
 16.576972887381288 6.5508072247609464E-3
 16.769371615244626 6.78849010186477E-3
 16.963615894454378 7.229746718391938E-3
 17.160051765887992 7.79183374863606E-3
 17.358333188668016 8.31760586726449E-3
 17.558806203671903 8.734202895896844E-3
 17.76124011698135 8.987801258601878E-3
 17.96575027555551 8.999742072487278E-3
 18.172452026353536 8.67718569751053E-3
 18.381114675457123 8.050773470085806E-3
 18.59196891678457 7.360624944431219E-3
 18.805014750335882 6.84298116980255E-3
 19.02013682915191 6.511301272833869E-3
 19.237565847150946 6.190067264055767E-3
 19.457071110414695 5.728354897405728E-3
 19.67888331286146 5.182484176507768E-3
 19.902887107532087 4.7519423334552975E-3
 20.129082494426576 4.733475149726113E-3
 20.357700167463232 4.857724860082654E-3
 20.588509432723746 4.984924443273237E-3
 20.821625637167276 5.140433933938322E-3
 21.05704878079382 5.029012950667131E-3
 21.294894210562532 4.776371695609374E-3
 21.535046579514254 4.803601959788487E-3
 21.77762123460814 5.080612034041438E-3
 22.022618175844193 5.366511563994991E-3
 22.270037403222406 5.931642777913984E-3
 22.519878916742786 6.448460999040202E-3
 22.77214271640533 6.889736765452611E-3
 23.02682880221004 7.316700024879181E-3
 23.284167868075215 7.967256260651041E-3
 23.54392922008255 8.6047932791884E-3
 23.806228205191203 8.955624649609419E-3
 24.071064823401176 8.593562997950235E-3
 24.338439074712457 7.7436271463006455E-3
 24.608466306084206 6.791728640360789E-3
 24.881146517516423 5.9863193972979E-3
 25.156364362049952 5.271755135656154E-3
 25.43423518664395 4.150402666067818E-3
 25.71487433825756 2.3316100407289393E-3
 25.998051122972487 2.445180990937986E-4
 26.28411158166618 -1.637172991710267E-3
 26.57270967346119 -3.3488438416411632E-3
 26.86419143923497 -4.982022890379467E-3
 27.15832618506921 -6.947922325293022E-3
 27.45522925792307 -9.538219686891109E-3
 27.755016004755695 -0.012734839400205769
 28.057571078607935 -0.01585119516443989
 28.363009826438943 -0.018042491508259064
 28.671216901289572 -0.018037407886528262
 28.982422997078113 -0.01802240177182223
 29.296397419886275 -0.01606376837724393
 29.61337086363235 -0.01357975293854382
 29.9332279813572 -0.010926618285632106
 30.255968773060804 -8.574798440133181E-3
 30.581708585702333 -7.022940301514436E-3
 30.910562766240936 -6.485257671072902E-3
 31.2423006207583 -6.647037395734473E-3
 31.577037496213577 -6.709577615774446E-3
 31.914773392606782 -6.766466053838536E-3
 32.25562365689705 -7.514192519241806E-3
 32.59958828908439 -7.637745179058615E-3
 32.946551942209644 -6.7349836090560295E-3
 33.29674531019111 -5.805914231590945E-3
 33.64993769911051 -2.960145803014211E-3
 34.006359802886123 5.64194832636261E-4
 34.3658962745588 4.443013062546167E-3
 34.728547114128545 7.850810957388894E-3
 35.09454301551367 9.97293029316813E-3
 35.46365328479585 0.011225217299673847
 35.83599326893426 0.011894903855122325
 36.211562967928884 0.010752566221455897
 36.59036238177973 7.740334205426315E-3
 36.97250685744594 3.924413334375178E-3
 37.35788104796837 1.603264497828249E-4
 37.74660030030617 -2.6656948202760737E-3
 38.13866461445935 -3.198235931442971E-3
 38.533958643468736 -2.788352419100709E-3
 38.93271308125265 -2.393502730852271E-3
 39.33481258085193 -6.282453379762977E-4
 39.740257142266585 -2.5243250995023603E-4
 40.149162112455755 1.1852479304256986E-3
 40.5614121444603 -4.01982738957303E-4
 40.97700723828021 -2.1630299693152516E-3
 41.39617808783379 -3.471639841315222E-3
 41.81880934616189 -4.76155500668691E-3
 42.24478566630537 -6.135731879754956E-3
 42.67433774218251 -8.320867084701606E-3
 43.10735022683418 -0.011665564834913475
 43.543823120260356 -0.015499495708816253
 43.98387176942022 -0.016485587244061378
 44.42738082735459 -0.01631060847134773
 44.874465641022645 -0.01619444507770596
 45.32501086346521 -0.014983808003140083
 45.7792471886006 -0.015405990306926605
 46.23694392251051 -0.01723090257837001
 46.698331759113244 -0.018620060363408807
 47.163295351449654 -0.019450546475278381
 47.63171935256057 -0.020577606183635938
 48.103834456364324 -0.02216753439708279
 48.57964066286089 -0.02417225071795791
 49.05902262509113 -0.029368286891824732
 49.54198034305504 -0.03708188843626192
 50.02862916371178 -0.05075026545173411
 50.51896908706132 -0.06710352303998299
 51.01288476614455 -0.09640095679443883
 51.5104915479206 -0.10872135887580876
 52.01178943238946 -0.11995265783899858
 52.51666307259201 -0.1146904502795226
 53.02534316244652 -0.10834628664126938
 53.537599008034703 -0.09877173203750562
 54.05366130327486 -0.09532104340500751
 54.57329935424869 -0.06004108428428121
 55.096628507915333 -0.03598316314860014
 55.62376411123396 -0.021992237621129395
 56.15447547028626 -0.014520675198299015
 56.688993278990515 -0.01018029946540347
 57.22720219038761 -7.412068286254918E-3
 57.76910220447751 -5.529094034092941E-3
 58.31469332126025 -4.19584381602762E-3
 58.86397554073581 -3.225956865116566E-3
 59.41694886290418 -2.5061631409407482E-3
 59.97372863472453 -1.9635348398083464E-3
 60.53408416227855 -1.5492189691924528E-3
 61.09824613948454 -1.229487234943002E-3
 61.6659838724242 -9.805266370025514E-4
 62.237528055015843 -7.851769754697489E-4
 62.81264799334114 -6.308702628908001E-4
 63.39157438131842 -5.082855549023082E-4
 63.97407652502937 -4.1041259055959615E-4
 64.5603851183923 -2.413114873474617E-4
 65.15026946748888 -2.2952350779641836E-4
 65.7438449192783 -2.1771885652343962E-4
 66.34099612680139 -1.7638353584481392E-4
 66.94195378397644 -1.428139213985786E-4
 67.54637184992603 -1.1549460859314932E-4
 68.15459636552758 -9.321191044966984E-5
 68.76628128990365 -7.500408779960706E-5
 69.38165731697255 -6.0113264444050524E-5
 70.00072444673427 -4.791592650612698E-5
 70.62325198527051 -3.790734601716657E-5
 71.24935527954041 -2.9692559941165997E-5
 71.879034329544 -2.294523474744325E-5
 72.51228913528125 -1.7391166470102876E-5
 73.14911969675217 -1.2823227144885336E-5
 73.78941066699761 -9.056794898204718E-6
 74.43327739297672 -5.942469438872603E-6
 75.08048918077121 -3.390523280199228E-6
 75.73127672429936 -1.3093049699654651E-6
 76.38552467660203 4.457896642823735E-7
 77.04323303767923 1.9396650887818425E-6
 77.7042864605718 3.1352288980690777E-6
 78.36880029223887 4.0772494259851625E-6
 79.03665918572135 4.936395491612192E-6
 79.70786314101916 5.653235222226298E-6
 80.38241215813235 6.208002760428009E-6
 81.06030623706093 6.709516084205643E-6
 81.74154537780485 7.1312821344336745E-6
 82.42601423340501 7.531134529978027E-6
 83.11359745690224 7.832147652048461E-6
 83.80452574221484 8.086540326691405E-6
 84.49868374238365 8.390262410599697E-6
 85.19595611044952 8.620573755706586E-6
 85.89634284641247 8.782465862619162E-6
 86.59984395027249 9.006216632408311E-6
 87.30657476898872 9.213510027783128E-6
 88.01618926168372 9.364344604889819E-6
 88.7289181222758 9.543550363646189E-6
 89.44464600380579 9.754874916533799E-6
 90.16325755931454 9.957056395261814E-6
 90.88486813576121 1.011024436553204E-5
 91.60936238618666 1.0297784617420241E-5
 92.33685565755 1.0521978136264889E-5
 93.06700190897384 1.0741807764228045E-5
 93.80003183437643 1.0956224517594476E-5
 94.53583008679864 1.1167495696504334E-5
 95.27439666624046 1.141611007290828E-5
 96.01561622574276 1.1662363285766688E-5
 96.75948876530552 1.1905397282501996E-5
 97.50601428492872 1.2186270818848704E-5
 98.25507743765327 1.2476349334241298E-5
 99.00667822347913 1.2786209318452517E-5
 99.76081664240628 1.3096431826040786E-5
 100.51749269443476 1.3446512832119308E-5
 101.27647568564626 1.37946200895108E-5
 102.03799630995908 1.418077277768947E-5
 102.80170852649574 1.4565736308962991E-5
 103.5678430291746 1.4947790863145254E-5
 104.33616912407729 1.5445441677247922E-5
 105.10668681120384 1.590176840329531E-5
 105.87939609055428 1.635649779272168E-5
 106.6541816151694 1.684688688203241E-5
 107.43115873200843 1.7411883268646164E-5
 108.21009674715299 1.7975323109591962E-5
 108.99111100756227 1.857483329507997E-5
 109.77397081931795 1.924855374699376E-5
 110.55879152937919 1.988118982220562E-5
 111.34545779078685 2.0588938601241556E-5
 112.13385425658177 2.1368678241702095E-5
 112.9240962737231 2.214647633345301E-5
 113.71595314829254 2.295989387547065E-5
 114.50954022724925 2.384448468053418E-5
 115.30474216363406 2.4805236295787136E-5
 116.10132826352867 2.579965613170262E-5
 116.8995292208514 2.683136585290162E-5
 117.69888364776563 2.795842516846943E-5
 118.50054501386288 2.911713325631217E-5
 119.30335984955164 3.0388277649908118E-5
 120.1061746852404 3.178328281947256E-5
 120.91129646011217 3.3186976768896584E-5
 121.71757170457542 3.4719102692478094E-5
 122.52500041863023 3.635691707444413E-5
 123.33358260227651 3.8127491724668344E-5
 124.14216478592279 4.0014077087116224E-5
 124.95305390875211 4.2004559567022715E-5
 125.76394303158139 4.417130780648632E-5
 126.57713909359371 4.6547079139891756E-5
 127.38918168601454 4.906609673881356E-5
 128.20353121761834 5.1799347316522706E-5
 129.01788074922217 5.485391601376511E-5
 129.8333837504175 5.819499286576152E-5
 130.64888675161284 6.190344009237456E-5
 131.46438975280815 6.5930156466376E-5
 132.281046223595 7.040791374510031E-5
 133.09885616397335 7.553919313236936E-5
 133.9166661043517 8.15408464735111E-5
 134.73332257513851 8.837271301636755E-5
 135.5522859851084 9.646005715379057E-5
 136.37009592548673 1.0634701597391858E-4
