 2.4756914971001483E-4 2.5022558449626997
 7.456180001782157E-4 2.499459350398177
 1.2495266601998558E-3 2.4982337396169786
 1.7593663015508882E-3 2.4986494695575474
 2.2751931124754863E-3 2.5007319777653784
 2.7970944969090295E-3 2.504476143632874
 3.325132886233934E-3 2.5098474095187923
 3.8593769549708544E-3 2.5167856135159794
 4.39990162077869E-3 2.5252092382732662
 4.946781801316337E-3 2.535021092716752
 5.5000986573809345E-3 2.546112249252513
 6.059908377216656E-3 2.5583650091673195
 6.626279635344158E-3 2.571655018693787
 7.19933729452827E-3 2.5858530297161173
 7.779137543013162E-3 2.6008269332501505
 8.365742812181255E-3 2.616444388138836
 8.959215533414958E-3 2.632574734388914
 9.559743000861516E-3 2.6490908395859773
 0.010167262783138517 2.665869763892976
 0.010781899743010788 2.6827937484695736
 0.01140377874324316 2.699750281961952
 0.012032962215218044 2.716632043190441
 0.012669575021700274 2.7333365293171292
 0.013313617162689848 2.7497653222404072
 0.013965213500951593 2.7658250924714042
 0.014624488899250342 2.7814286752291526
 0.015291505788968509 2.7964982810137453
 0.015966326601488504 2.8109667492804386
 0.016649076199575164 2.824778313147007
 0.017339879445993314 2.8378868139491206
 0.018038736340742954 2.850253341803531
 0.018745834177971328 2.8618454533688053
 0.019461172957678435 2.8726372702260447
 0.020185002405393937 2.8826121076143236
 0.020917260089735417 2.8917655917749836
 0.021658070873467705 2.9001065232187337
 0.022407622050738044 2.907654269882775
 0.023165976052928846 2.9144347231682314
 0.023933195311422534 2.920475582824465
 0.024709467120366344 2.9258043786381926
 0.025494791479760282 2.930446514991203
 0.026289293252369172 2.9344252243816302
 0.02709315973234026 2.9377610698308802
 0.027906453351055963 2.940471251780479
 0.02872923653989869 2.9425696012927642
 0.029561696593015687 2.9440664987057463
 0.030403895941789375 2.9449684665009474
 0.03125595944898457 2.945279011067978
 0.03211801197736612 2.9450024762230024
 0.03299017838969884 2.944149217365489
 0.03387252111736515 2.9427397845928586
 0.03476522745451229 2.9408050397874494
 0.03566835983252268 2.9383837758249433
 0.03658210554554356 2.9355187652648853
 0.03750652702495734 2.932252985821192
 0.038441749133528865 2.9286244266979974
 0.03938789673402295 2.924663003141827
 0.04034515712058684 2.920389399120392
 0.041313655155985375 2.9158189080917873
 0.04229345327160096 2.910968099864568
 0.043284676330198425 2.905857591704652
 0.044287511625925014 2.9005090957347565
 0.04530208402154556 2.894938335484832
 0.046328518379824885 2.889151600650621
 0.04736693956352783 2.8831490060904814
 0.048417534866801635 2.8769282980655344
 0.04948036672102871 2.8704845046834286
 0.05055562242035631 2.8638063403811186
 0.05164348925893165 2.8568763852545182
 0.05274402966813718 2.8496786784504704
 0.053857430942120115 2.8422072702767704
 0.05498381794364531 2.8344692229457555
 0.05612337796686 2.8264797362815077
 0.057276235874529 2.81825398074922
 0.058442578960799573 2.8098028194896205
 0.059622469657054123 2.8011353365087106
 0.06081615768882231 2.792263267493226
 0.06202383035025138 2.783204581941034
 0.06324548764134133 2.7739852000400553
 0.06448162901315149 2.7646396084599516
 0.06573212960291702 2.7552090688445285
 0.0669969894106379 2.745737830497437
 0.06827683275013832 2.7362674300612983
 0.0695710353075941 2.726825696490676
 0.07088084571065355 2.7174219382915212
 0.07220563964549252 2.708059907140159
 0.07354604142593514 2.6987560507872103
 0.07490205105198143 2.6895454544851977
 0.07627429283745553 2.680469974824965
 0.0776621424685333 2.671566882661606
 0.07906559994521471 2.662868345850083
 0.0804859138951481 2.654398386355502
 0.08192308431833345 2.6461679607521673
 0.0833764869009466 2.638175514399424
 0.08484674595681171 2.630407139645914
 0.08633448579975292 2.6228342073234585
 0.08783908211594608 2.615417992642419
 0.0893617835330395 2.608110976334971
 0.09090196573720902 2.6008603797807943
 0.09245962872845465 2.593626128580006
 0.09403539682060051 2.5863867025960782
 0.0956298943274708 2.579126236987649
 0.09724249693524131 2.5718282546933757
 0.09887445327156036 2.5644786212251533
 0.10052513902260382 2.5570669538716295
 0.10219455418837169 2.5495866007873115
 0.10388332308268809 2.5420321399652316
 0.10559207001937716 2.5343952975527925
 0.10732079499843894 2.526671949790816
 0.10906887370604927 2.5188682963284043
 0.11083817908368057 2.510994742286275
 0.11262683818986041 2.5030615208228557
 0.11443734827988537 2.4950962366812294
 0.11626783641228304 2.487150560781652
 0.11812017552852583 2.479269718619102
 0.11999374131478961 2.4714644618859007
 0.12188915808489852 2.4637117193353135
 0.12380642583885254 2.455971735780978
 0.1257455445766517 2.4482062218152682
 0.1277077629259443 2.4403925128329482
 0.129691832259082 2.4325186307729884
 0.13169962551753727 2.4245683070686165
 0.13372989407366184 2.416519910200058
 0.1357845108689281 2.4083620600408446
 0.1378622272756878 2.400112032955444
 0.13996366760776504 2.39181873824556
 0.1420900804928082 2.3835470905760023
 0.14424084161699302 2.375364078890779
 0.14641595098031956 2.367326721016451
 0.14861665721043615 2.359478562044856
 0.15084233599351856 2.3518498086918677
 0.15309423595721513 2.344458821074877
 0.15537173278770172 2.337310870272755
 0.15767545079880246 2.330394901024158
 0.16000538999051736 2.323676586580663
 0.16236279899049471 2.317099932649471
 0.1647464291710862 2.3106085139738303
 0.16715815347376428 2.3041608708894507
 0.169597971898529 2.297738483038092
 0.17206526013155612 2.2913487670860037
 0.17456064248666985 2.2850152934511243
 0.17708536759151846 2.2787588797604683
 0.17963881113227783 2.2725821212262182
 0.18222159742277208 2.2664470426049763
 0.18483372646300122 2.2602898137390092
 0.18747644688061351 2.2540607173820434
 0.19014913436178487 2.2477344833692485
 0.1928524132203394 2.2413114477297293
 0.19558628345627712 2.2348253847482064
 0.1983519936972463 2.2283456631754994
 0.20114954394324693 2.2219630775061043
 0.20397830988045492 2.2157695435524993
 0.2068401644503427 2.2098363163659233
 0.2097344833390861 2.204190742563866
 0.21266189086050918 2.1988060202465256
 0.21562301132843625 2.193601208832439
 0.21861784474286721 2.1884390241895212
 0.2216463911038021 2.183179677840516
 0.2247098990388892 2.1777448775826222
 0.2278089928619526 2.1721155452781086
 0.23094242394534411 2.16631781951517
 0.2341120652305361 2.1604192854368213
 0.2373179167175286 2.154508734843471
 0.2405599784063216 2.1486504665164276
 0.24383887461073922 2.1428721745080645
 0.24715522964460567 2.1371772846841334
 0.25050966782174505 2.131524262877833
 0.2539015648283332 2.1258295977580967
 0.25733216929201846 2.1200067784912812
 0.2608021055266249 2.113965517068213
 0.26431137353215267 2.1075757151837475
 0.26785997330860156 2.100687188193067
 0.2714497777974442 2.093226962208062
 0.2750795383710322 2.0852796283584296
 0.27875050365701387 2.077051779239674
 0.28246267365538924 2.068709170966274
 0.28621729699380654 2.060296232650823
 0.29001437367226584 2.051883963682975
 0.2938545280045912 2.043646363549136
 0.2977383843046068 2.0356848687529995
 0.3016653182584886 2.027958373240226
 0.3056372028077089 2.0203897058853335
 0.30965341363844356 2.012925914464965
 0.31371519937834096 2.005524148181756
 0.3178225600274011 1.9981588271526051
 0.3219761198994481 1.9908250454000495
 0.326176503308306 1.983507349610283
 0.33042433456779907 1.9761747581659516
 0.3347196136779273 1.968845851815634
 0.3390635892663389 1.96160633980172
 0.343456261333034 1.9545259219101602
 0.3478976298780125 1.9475301447129496
 0.3523895678427469 1.9405069486407531
 0.356931450913413 1.9334422208118158
 0.3615245277176591 1.9263320380015935
 0.3661687982554852 1.9191397012510416
 0.3708648868407155 1.9116945300575276
 0.3756134177871741 1.9037669278409583
 0.38041501540868516 1.8953283430546186
 0.3852703040190728 1.8866206351948444
 0.39017990793216122 1.8779696091321955
 0.39514445146177457 1.869550709150463
 0.4001639346079128 1.8613667361859078
 0.4052389816843999 1.8533945528493458
 0.41037084131888457 1.8457064049181144
 0.41556013782519063 1.838468735638932
 0.42080624688949402 1.8317183161152654
 0.42611104145326716 1.825221822680599
 0.4314751458303343 1.8184928001398976
 0.43689793570687113 1.8111082153205468
 0.44238128402435022 1.8028544088534572
 0.44792519078277154 1.793794472122376
 0.4535302802959592 1.784336787241447
 0.45919717687773736 1.7749468646726496
 0.46492650484193015 1.7657002640286192
 0.47071951281618595 1.756365447855247
 0.47657620080050466 1.746858694731023
 0.4824971931087105 1.737198695846421
 0.48848373836845165 1.727145543318814
 0.4945358365797282 1.7163321065553498
 0.5006541120563643 1.7047536990312486
 0.5068398134260084 1.6928751043890961
 0.5130935650024843 1.681194848241791
 0.5194153667857921 1.670068490854223
 0.5258064674035803 1.6595878000073407
 0.5322674911696728 1.6495114265264094
 0.5387990623978939 1.6394955098503436
 0.5454024297158919 1.6292662722429647
 0.5520769688098427 1.6183628821513365
 0.5588245526212184 1.6061603851376706
 0.5656458054638436 1.5923962160949207
 0.572540727337718 1.5773888790962455
 0.5795111911843142 1.5618730069648283
 0.5865565726898079 1.5466467925276994
 0.5936787447956716 1.531991462814484
 0.6008783318157296 1.5176236646825553
 0.6081553337499817 1.5031238295921298
 0.6155109992260762 1.4881859054654302
 0.6229459525578375 1.4727946732923435
 0.6304633153143859 1.457406013617464
 0.6380549714160079 1.442476332276803
 0.6457340314530103 1.4283906159921044
 0.6534942522871519 1.4149880741193301
 0.6613418770566739 1.4016856316809114
 0.6692644194850935 1.3882911343009125
 0.6772806089871352 1.374886384482858
 0.6853779592863158 1.3613851133157324
 0.693562713520877 1.3475587781893874
 0.7018348716908187 1.3333328614158475
 0.7101944337961408 1.3185413217074717
 0.7186413998368436 1.3028478512050456
 0.7271820129511682 1.2860553937629921
 0.735816273139115 1.268453637944521
 0.7445316941242007 1.2499743867868262
 0.7533470053211498 1.2304018399818144
 0.762255963591721 1.2102436736129493
 0.7712585689359142 1.1898933979168191
 0.7803485782154879 1.1691868599912702
 0.7895447208451664 1.148224972007915
 0.7988282674102255 1.1271641562963308
 0.8082179473253894 1.1058311978156614
 0.8177012743141755 1.0840587259318528
 0.8272844915148249 1.0617278715640738
 0.8369675989273376 1.0382102243062343
 0.846750596551714 1.0131334373144673
 0.8566397275261953 0.9872680798983257
 0.8666287487125399 0.9619211853823769
 0.8767239032489895 0.9374696648237795
 0.886925191135544 0.9134763850189208
 0.897226369233962 0.8896384936595358
 0.9076399238207264 0.8663085405361013
 0.9181533686193541 0.844300571357911
 0.9287854330445698 0.823556838664243
 0.9395173876816489 0.8036918374584318
 0.9503679619453157 0.7841493282642777
 0.9613246695590876 0.7640192459296223
 0.9723937536612057 0.7430285991467707
 0.9835814573899118 0.7214191112502284
 0.9948752944687227 0.6990127073368767
 1.0062877511741215 0.6761496755869018
 1.0178188275061081 0.6539049963245328
 1.0294622803264412 0.6324679625117221
 1.0412305959116034 0.6112404836856737
 1.053111287985112 0.5902319367299814
 1.0651168428234503 0.5694861139168635
 1.0772410172883761 0.5482927624914009
 1.0894838113798896 0.5256722472731801
 1.1018577113744743 0.5013948196823759
 1.1143502309956465 0.47666369903967753
 1.1269676133816481 0.4526723793821234
 1.1397098585324791 0.4298102540305629
 1.1525832095863808 0.40782820139709002
 1.1655814234051118 0.3863660758461753
 1.1787107431269137 0.3650349615675945
 1.1919711687517862 0.3437347733163748
 1.2053627002797295 0.3229720743333324
 1.2188853377107435 0.30338479625238906
 1.2325390810448284 0.28540330798409185
 1.2463239302819841 0.2692580372081281
 1.2602523716986935 0.2547158270855559
 1.2743119190184735 0.24119655532264214
 1.288508815379566 0.22786205052131927
 1.3028430607819707 0.21413472976222494
 1.3173146552256875 0.2003323403962785
 1.331929841848958 0.1868541183688332
 1.3466886206517825 0.17419856946487732
 1.361584748495919 0.16287442027902568
 1.3766244685196091 0.15262796218180946
 1.3918140238610943 0.1431289145046053
 1.407140928243892 0.1343230052567141
 1.4226239110827263 0.12593464600027506
 1.4382442429628727 0.11765980588540456
 1.4540206532990558 0.10965102409356459
 1.4699406558147927 0.10229413122571841
 1.486010493648325 0.0957724066028842
 1.5022364099378933 0.08993094070509187
 1.5186121615452572 0.08459635555248485
 1.5351439916086575 0.07981090420764622
 1.5518256569898534 0.075581676646248
 1.5686696439653271 0.07183818493103218
 1.585663466258596 0.06855302323262362
 1.6028196101461427 0.06570110679866766
 1.6201318324897264 0.06318869220154559
 1.6376001332893466 0.06091055072639832
 1.6552307556832448 0.05878479120583456
 1.673029942809663 0.056764512497729326
 1.6909852083921177 0.05485595215705022
 1.70910279556885 0.0530752739814371
 1.727382704339861 0.05140811415926858
 1.7458311778433912 0.04985966854489353
 1.7644482160794412 0.04841459022908694
 1.783227575909769 0.04705328168440565
 1.802181743610858 0.04578679866090993
 1.8212982329062252 0.04465052256077195
 1.8405895300723538 0.04366609336702924
 1.8600493919710012 0.042786717074759103
 1.8796778186021685 0.04193438567803096
 1.8994872962423385 0.04109985669909511
 1.9194653386150277 0.04033841173743992
 1.9396181888584782 0.03971565471324042
 1.9599458469726895 0.039265318756484264
 1.980448312957662 0.038920756386554886
 2.001131829951637 0.0386218631576177
 2.021990154816373 0.03837491024796838
 2.043029530690111 0.03815865579912883
 2.0642499575728523 0.03794908205774547
 2.0856451923263543 0.03769318251003144
 2.1072277212271006 0.037339468152738725
 2.128991301136849 0.03696254857863192
 2.1509359320556 0.03669096528543919
 2.1730678571215946 0.036536188070956016
 2.1953808331965922 0.036432198607375274
 2.217874860280592 0.03629573819357534
 2.2405624246500774 0.03602566567291265
 2.2634372831668065 0.03561772912721449
 2.2864931926925384 0.03519213520229775
 2.3097426395037556 0.03481673815588827
 2.333179380462217 0.034501541294344524
 2.356803415567922 0.034301888999855416
 2.3806209879591126 0.034231622598340956
 2.404625854497547 0.034174228022339533
 2.4288242583214674 0.03405362898968329
 2.453209956292631 0.033873402433642986
 2.477795434687522 0.033627489289988224
 2.502568207229657 0.03328030655362147
 2.5275407601955186 0.03282962900515016
 2.552706850446866 0.032342149574847385
 2.5780602348454566 0.03185546428706431
 2.603613399667775 0.03135541767734551
 2.62936634491382 0.030846516973096847
 2.65531282744535 0.030356657928579975
 2.6814528472623657 0.029945858146042083
 2.7077926475031084 0.02961246288455302
 2.734332228167578 0.02927775263857417
 2.7610653461175327 0.028891533981967525
 2.787998244491215 0.028413115874794465
 2.8151309232886232 0.027874667330440656
 2.8424571393715174 0.027379764353904965
 2.86998937901638 0.0269613668447105
 2.8977151559467282 0.026630009627629902
 2.9256469564390443 0.02642850970328554
 2.9537722942168462 0.026331818455063504
 2.9820974124183745 0.026168526080383277
 3.0106285541818715 0.025816546101050531
 3.0393532332308543 0.0253230355792966
 3.068283935841805 0.024797779362599962
 3.0974144188764825 0.024391460434058303
 3.126744682334887 0.024084477752991963
 3.1562747262170183 0.02367916459947411
 3.186004550522877 0.02308272370161849
 3.2159341552524622 0.022398674175361916
 3.2460697835440157 0.02177102773188563
 3.276398949121055 0.021145496051946831
 3.3069341382600625 0.020414413790497264
 3.337662864684555 0.019681708408996474
 3.3685976146710165 0.019040679043304573
 3.3997259019429626 0.018378410089685014
 3.4310602127768774 0.0176639694277438
 3.462588060896278 0.01691253811909106
 3.4943219325776473 0.016066704910084307
 3.526249341544501 0.01517292374029499
 3.558376530935082 0.014297709539936814
 3.5906972576111484 0.01341795136129591
 3.6232240078491835 0.012484063785911251
 3.6559380522344624 0.01155631465067205
 3.6888581201817096 0.010693251620980488
 3.7219654822762002 9.94811138159828E-3
 3.755272624794419 9.368073270400533E-3
 3.788779547736364 8.823805188698314E-3
 3.8224737648255526 8.249360990495004E-3
 3.856361519200227 7.665227005338492E-3
 3.8904428108603865 7.149430663999432E-3
 3.924717639806032 6.68952876845778E-3
 3.9591860060371626 6.269786994996336E-3
 3.9938416664155367 5.888061144759247E-3
 4.028690864079397 5.473071793077662E-3
 4.063721112752259 4.883335222220012E-3
 4.098944898710608 4.01474431781592E-3
 4.1343559788162 3.0841872835532576E-3
 4.169954353069035 2.3831213991993976E-3
 4.205733778330873 1.9351474189083326E-3
 4.241700497739956 1.6718963067600361E-3
 4.277848268158041 1.5346541271329696E-3
 4.314177089585128 1.457024777045615E-3
 4.350686962021218 1.3829435681450507E-3
 4.38737788546631 1.2863672946317337E-3
 4.424249859920405 1.1753546212848666E-3
 4.4612966422452604 1.0639234679670447E-3
 4.498511989302636 9.59397654698711E-4
 4.535908387369014 8.641693153278554E-4
 4.573479593306153 7.784529555890806E-4
 4.6112193639758114 7.016484038846281E-4
 4.649127699377989 6.329058252072215E-4
 4.687204599512687 5.71350641348449E-4
 4.7254563075181454 5.16168161085957E-4
 4.763864093979641 4.66629630305231E-4
 4.802440445173656 4.2209445847592625E-4
 4.841179117961949 3.8200329157042596E-4
 4.880073869206278 3.4586836882406502E-4
 4.9191309420448865 3.132637409181075E-4
 4.95834409333953 2.838164440293595E-4
 4.997719566228453 2.571987849389898E-4
 5.037238631296929 2.3312185204274555E-4
 5.076913774821442 2.1133004356557603E-4
 5.11673875366375 1.9159649456549095E-4
 5.156713567823853 1.7371925139414995E-4
 5.196831974163509 1.5751803122339078E-4
 5.237093972682721 1.4283151575494084E-4
 5.277499563381484 1.2951503791226934E-4
 5.318042503121561 1.1743862086582132E-4
 5.35872279190295 1.0648528549822663E-4
 5.399540429725651 9.654959890253725E-5
 5.4404954165896635 8.753641254909943E-5
 5.481575266218506 7.935976227535217E-5
 5.522792464888661 7.194191736187481E-5
 5.564128283185403 6.521251584113477E-5
 5.6055952073852175 5.910784583675167E-5
 5.647180751211618 5.357016375879908E-5
 5.688884914664607 4.854711860434042E-5
 5.730707697744184 4.399122771609107E-5
 5.772642857312107 3.9859408406911925E-5
 5.814696636506619 3.6112560693546946E-5
 5.856856549051234 3.271519176012659E-5
 5.899128838084197 2.9635076178510815E-5
 5.941501017329022 2.6842955875139117E-5
 5.983979329923954 2.431226012875285E-5
 6.026557532730747 2.2018861571976456E-5
 6.069229382611164 1.994085157087536E-5
 6.112001122703443 1.805833508417547E-5
 6.154860266731103 1.635324840081285E-5
 6.197813057832385 1.4809192221790334E-5
 6.240853252869049 1.3411280321141697E-5
 6.283968365564609 1.2146002478698662E-5
 6.327170882195549 1.1001100149698959E-5
 6.370435830208904 9.965453034836935E-6
 6.413825640987088 9.02897737162555E-6
 6.457277883147689 8.182531572425477E-6
 6.500730125308288 7.417832780215182E-6
 6.544307230233717 6.7273799814675E-6
 6.58794676654156 6.1043831561089384E-6
 6.631648734231818 5.542702574992838E-6
 6.675413133304491 5.036788888747751E-6
 6.719177532377163 4.5816332800504644E-6
 6.763066794214665 4.172719648975554E-6
 6.806956056052166 3.805982533282724E-6
 6.850970180654498 3.4777689238718637E-6
 6.894921873874416 3.1848037421168293E-6
 6.9389984298591604 2.924159035528053E-6
 6.983074985843906 2.693226434594697E-6
 7.027213973211068 2.4896920293317144E-6
 7.071352960578228 2.3115150928665112E-6
 7.1154919479453875 2.1569081436814715E-6
 7.159693366694964 2.0243203794477184E-6
 7.203957216826953 1.912422576942813E-6
 7.248221066958943 1.8200948513068345E-6
 7.292422485708518 1.7464158761788714E-6
 7.3367487672229234 1.6906544306805607E-6
 7.381012617354913 1.6522632163267118E-6
