 5.424204548902323E-4 8.5368033E-8
 1.633638340256627E-3 1.3407773E-6
 2.7376949842780073E-3 6.0469045E-6
 3.854746323294311E-3 1.6754959E-5
 4.984915464942334E-3 3.5852075E-5
 6.12839390999042E-3 6.5170585E-5
 7.285318444701676E-3 1.0571131E-4
 8.455839533965516E-3 1.5755182E-4
 9.640121321297664E-3 2.1992641E-4
 0.010838327950213849 2.9141751E-4
 0.012050637242856101 3.7019146E-4
 0.013277172306861219 4.5422768E-4
 0.014518083607118617 5.4151071E-4
 0.015773644716154503 6.3017193E-4
 0.01704397874160567 7.1857936E-4
 0.018329222469735225 8.0538199E-4
 0.01962951268680627 8.8951924E-4
 0.02094525975160812 9.7020662E-4
 0.022276326877877672 1.046906E-3
 0.023622987638141131 1.1192879E-3
 0.024985515604924707 1.1871913E-3
 0.026364047564491507 1.2505855E-3
 0.027758857089367736 1.3095352E-3
 0.029169944179553403 1.3641696E-3
 0.030597582407574704 1.4146596E-3
 0.03204204534595786 1.4612041E-3
 0.03350346978096596 1.5040214E-3
 0.03498199249886212 1.5433424E-3
 0.03647788707217256 1.5794006E-3
 0.03799142707342346 1.6124212E-3
 0.039522612502614844 1.6426119E-3
 0.04107185371853602 1.670162E-3
 0.04263915072118698 1.69525E-3
 0.04422505065562015 1.7180528E-3
 0.04582941673557242 1.7387498E-3
 0.047452522533570004 1.7575235E-3
 0.04909477840840221 1.7745597E-3
 0.05075632114633215 1.7900419E-3
 0.05243728753362292 1.8041402E-3
 0.054138087929063834 1.8169985E-3
 0.05585872233265491 1.8287278E-3
 0.05759946431692233 1.839413E-3
 0.05936072424065543 1.8491311E-3
 0.0611426388901173 1.8579667E-3
 0.06294534505157104 1.866014E-3
 0.06476925308380597 1.8733674E-3
 0.06661449977308521 1.8801103E-3
 0.06848135869193495 1.8863076E-3
 0.0703701034128814 1.8919978E-3
 0.07228100750845079 1.896907556823115E-3
 0.0742142077649062 1.9018746E-3
 0.07617011454103693 1.9060213E-3
 0.07814886462310612 1.9096085E-3
 0.08015086836990308 1.9126415E-3
 0.0821762625676909 1.9151625E-3
 0.08422532078899579 1.9172312E-3
 0.08629831660634396 1.9188917E-3
 0.08839566037852471 1.9201584E-3
 0.09051762567806429 1.9210393E-3
 0.09266434929122576 1.9215645E-3
 0.09483610479053535 1.9217819E-3
 0.09703330253478237 1.9217372E-3
 0.09925621609649304 1.9214669E-3
 0.10150511904819355 1.9210003E-3
 0.10378028496241012 1.9203641E-3
 0.10608212419793206 1.9195757E-3
 0.10841077354102248 1.9186331E-3
 0.11076664335047069 1.9175255E-3
 0.11315014398506598 1.9162494E-3
 0.1155614122310715 1.9148051E-3
 0.11800085844727652 1.9131874E-3
 0.12046875620620728 1.9113911E-3
 0.1229655158666531 1.9094227E-3
 0.12549141100114014 1.9073043E-3
 0.12804685196845777 1.9050664E-3
 0.13063197555486905 1.9027379E-3
 0.13324732890542642 1.9003387E-3
 0.13589332237891918 1.897862E-3
 0.13856995597534735 1.8952714E-3
 0.14127832398481576 1.8925294E-3
 0.1440181528347982 1.8896239E-3
 0.14678944252529466 1.886569E-3
 0.14959356091893621 1.8833865E-3
 0.15242914015309177 1.8800759E-3
 0.15529891595302344 1.8766037E-3
 0.15820152045610022 1.8729385E-3
 0.16113832152495308 1.8690702E-3
 0.16410931915958204 1.8649758E-3
 0.1671158812226182 1.8606116E-3
 0.17015663985143045 1.8559454E-3
 0.17323159504601881 1.8509726E-3
 0.17634348253164541 1.8457022E-3
 0.1794923023083102 1.8401531E-3
 0.18267668651338214 1.8343845E-3
 0.18589800300949232 1.8285104E-3
 0.1891576196592717 1.8226467E-3
 0.19245416860008932 1.8168768E-3
 0.1957903855572072 1.8112408E-3
 0.1991649026679944 1.8057158E-3
 0.20257771993245077 1.8002504624825661E-3
 0.20603020521320747 1.7947216E-3
 0.20952372637289554 1.7891742E-3
 0.21305691554888386 1.7835987E-3
 0.21663250846643455 1.7779936E-3
 0.22024913726291664 1.7723481E-3
 0.22390680193833004 1.7666927E-3
 0.22760687035530582 1.7610772E-3
 0.231350710376475 1.7555509E-3
 0.23513832200183765 1.7501814E-3
 0.23896833736876271 1.7450014E-3
 0.24284486006514324 1.7399547E-3
 0.24676378650308616 1.7349306E-3
 0.2507305881331156 1.7298014E-3
 0.25474116136733854 1.7244058E-3
 0.258799609793648 1.7185967E-3
 0.26290456554941304 1.7123176E-3
 0.2670573964972646 1.7055951E-3
 0.27125810263720273 1.6985168E-3
 0.27550668396922745 1.6911951E-3
 0.27980587621860075 1.6836688E-3
 0.28415294366006066 1.6759034E-3
 0.28855198988150027 1.6679253E-3
 0.2930002791576575 1.6598491E-3
 0.29750191507642537 1.6517435E-3
 0.30205416191254202 1.6435653E-3
 0.3066583875286383 1.6352037E-3
 0.3113173276499764 1.626567E-3
 0.31602961441392524 1.6176541E-3
 0.3207952478204848 1.6085244E-3
 0.3256169635949172 1.5992039E-3
 0.33049339387459136 1.5896781E-3
 0.3354272743847694 1.5799013E-3
 0.3404172372628203 1.5697873E-3
 0.345464650371375 1.5593259E-3
 0.3505695137104337 1.548603E-3
 0.35573456300525835 1.5376098E-3
 0.3609570625305868 1.5262815E-3
 0.36624111587431223 1.5145966E-3
 0.37158672303643475 1.5025196E-3
 0.3769925161543233 1.4900859E-3
 0.3824598630906087 1.4775148E-3
 0.3879914995705533 1.465024E-3
 0.3935860577315259 1.4526987E-3
 0.39924490543615764 1.4404739E-3
 0.40496804268444847 1.428204E-3
 0.41075820520166045 1.4158865E-3
 0.4166140251251626 1.4035691E-3
 0.42253687031758596 1.3911141E-3
 0.4285267407789305 1.3784587E-3
 0.4345863722344583 1.3657575603972617E-3
 0.44071576468416934 1.3529102E-3
 0.44691355026543266 1.3399463E-3
 0.4531838325661414 1.3267489E-3
 0.45952524372366443 1.3134121E-3
 0.4659391516006327 1.3000719E-3
 0.47242692405967756 1.2867215E-3
 0.47898856110079873 1.2732115E-3
 0.4856240627239964 1.2595222E-3
 0.49233616465453244 1.2456855E-3
 0.4991262347550381 1.2316105E-3
 0.5059915373002511 1.2172377E-3
 0.5129361758780648 1.2026221E-3
 0.5199601504884792 1.1877195E-3
 0.527063461131494 1.1724033E-3
 0.5342474756697405 1.1567106E-3
 0.5415135619658498 1.1408E-3
 0.5488630878824526 1.1247082E-3
 0.5562946855569183 1.1083465E-3
 0.5638110907145086 1.0916892E-3
 0.5714136712178547 1.074927E-3
 0.5791024270669568 1.0581445E-3
 0.5868773582618145 1.0408206E-3
 0.5947425683903214 1.0225978E-3
 0.6026953217272148 1.0038083E-3
 0.6107383539977574 9.8483929E-4
 0.6188716652019489 9.6583489E-4
 0.6270979910650515 9.4673403E-4
 0.6354173315870651 9.2758018E-4
 0.6438310546306207 9.0845923E-4
 0.6523405280583494 8.8925118E-4
 0.6609443840076203 8.6977446E-4
 0.6696467260663264 8.4988536E-4
 0.6784461863718366 8.2952452E-4
 0.6873455006494131 8.0867326E-4
 0.696344668899056 7.8734618E-4
 0.705445058983396 7.6564565E-4
 0.7146480387650644 7.437527E-4
 0.7239549761066922 7.2164902E-4
 0.7333658710082794 6.9954423E-4
 0.742883459195088 6.7771504E-4
 0.7525077406671182 6.5626743E-4
 0.7622387154243699 6.3509474E-4
 0.7720804870547362 6.1399297E-4
 0.7820316876955861 5.9305064E-4
 0.7920950530721815 5.7214794E-4
 0.8022705831845227 5.5087081E-4
 0.8125596458952405 5.2939079E-4
 0.8229636090669662 5.080904E-4
 0.8334838405623306 4.8700646E-4
 0.8441217082439648 4.665520202007545E-4
 0.8548785799745 4.4586876E-4
 0.8657558236165671 4.2615716E-4
 0.8767534391701661 4.0698381E-4
 0.887872794497928 3.8795864E-4
 0.899116625325115 3.6899091E-4
 0.9104862995143582 3.5029716E-4
 0.9219804492030265 3.31917E-4
 0.9336031779790128 3.1404403E-4
 0.9453558537049485 2.9671117E-4
 0.9572371085182023 2.7967295E-4
 0.9692510460066674 2.6328288E-4
 0.981397666170344 2.4798486E-4
 0.9936783368718629 2.3338306E-4
 1.0060944259738551 2.1900807E-4
 1.0186473013389518 2.0508615E-4
 1.0313396986924152 1.9171646E-4
 1.044171618034245 1.7875962E-4
 1.0571444272270726 1.6626826E-4
 1.0702608619961597 1.5434223E-4
 1.0835209223415065 1.4306172E-4
 1.0969259761257441 1.3242306E-4
 1.1104787590741347 1.224436E-4
 1.1241806390493087 1.1314144E-4
 1.1380316160512671 1.0426226E-4
 1.1520344258052712 9.5728982E-5
 1.1661904361739521 8.7675234E-5
 1.1805010150199413 8.002849E-5
 1.1949688980685007 7.2801242E-5
 1.2095927174569991 6.6136947E-5
 1.2243765767733294 6.000827E-5
 1.2393218438801234 5.4238623E-5
 1.2544285187773807 4.8748532E-5
 1.269700705052994 4.3672715E-5
 1.285137034844333 3.9092135E-5
 1.3007416117392902 3.5025511E-5
 1.3165158036004973 3.1488785E-5
 1.3324596104279538 2.8416235E-5
 1.3485757679469216 2.5705429E-5
 1.3648656440200326 2.3245671E-5
 1.3813360779604413 2.0984857E-5
 1.3979692875539442 1.8936659E-5
 1.4147939979157932 1.7095626E-5
 1.4317965304196784 1.5431369E-5
 1.4489905636919095 1.3872206E-5
 1.4663487404798662 1.2390503E-5
 1.4839120966624796 1.1012452E-5
 1.5016532749871287 9.7348988E-6
 1.5195859540801242 8.5795031E-6
 1.5377101339414658 7.5874245E-6
 1.5560258145711536 6.782079269242202E-6
 1.5745329959691878 5.9683137E-6
 1.5932453567618785 5.2929428E-6
 1.6121628969492263 4.6836521E-6
 1.6312582592786095 4.1005626E-6
 1.65057247962896 3.5602907E-6
 1.6700918793739671 3.1161667E-6
 1.689816458513631 2.7667659E-6
 1.7097325384216413 2.4699054E-6
 1.7298811549769288 2.192716E-6
 1.750221272300563 1.9150975E-6
 1.7707939262714742 1.6324322E-6
 1.7915717596370428 1.361272E-6
 1.812568451023578 1.127986E-6
 1.8337840004310803 9.4181149E-7
 1.8552184078595501 7.9003024E-7
 1.8768853519352974 6.6337226E-7
 1.8987711540320117 5.6165273E-7
 1.920889492776004 4.8269627E-7
 1.9432403681672736 4.208143E-7
 1.9658101015795104 3.6983371E-7
 1.9886260502653352 3.2581407E-7
 2.011660856972127 2.8694928E-7
 2.034955557578818 2.5158688E-7
 2.058469116206475 2.173108E-7
 2.082242568734031 1.8348901E-7
 2.106248557908865 1.5222389E-7
 2.1305007623572862 1.25046E-7
 2.1550128607056064 1.0212589E-7
 2.179757495701204 8.2733587E-8
 2.2047620245967003 6.6041488E-8
 2.2300264473920954 5.1339962E-8
 2.255537085461078 3.8220631E-8
 2.28132129605627 2.7072331E-8
 2.3073517219250492 1.8608887E-8
 2.333655720320038 1.2869292E-8
 2.3602196126149252 9.1088187E-9
 2.387043398809711 6.6376078E-9
 2.4141544361570157 4.9813954E-9
 2.4415253674042194 3.712515E-9
 2.4691698711776317 2.5960321E-9
 2.4970879474772527 1.641208E-9
 2.5252932749293934 9.3267921E-10
 2.5537721749077433 5.1570796E-10
 2.582538326038612 3.062699E-10
 2.6115917283220007 1.4072658E-10
 2.6409323817579082 -3.2820684E-11
 2.6705602863463355 -2.006295E-10
 2.700475442087282 -3.5637513E-10
 2.730677848980748 -2.3498840253885996E-10
 2.7611948642793544 -1.1233723E-10
 2.7919991307304794 -3.714509070481649E-10
 2.823104326960435 -4.400858463419223E-10
 2.8545104529692206 -4.175587790161628E-10
 2.886217508756835 -3.9481586E-10
 2.918239172949591 -3.5925042E-10
 2.950575445547486 -2.8816692E-10
 2.9832126479242115 -1.3632368E-10
 3.0161644587060774 1.8491392E-11
 3.0494445565193935 1.2800188E-10
 3.08302558411154 2.2874667E-10
 3.116948577361447 2.9194184E-10
 3.1511725003901842 2.2737702E-10
 3.1857383890766826 5.1142983E-11
 3.2206188861683213 -1.7634492E-10
 3.255827670291411 -4.0646635E-10
 3.2913784200722613 -4.597455812409039E-10
 3.327257456884562 -4.280579690658156E-10
 3.3634784593546247 -3.9606834E-10
 3.400027748856138 -2.7622172E-10
 3.436932682641723 -1.4430155E-10
 3.474165903458758 -6.5124763E-12
 3.511754768559865 1.3226316E-10
 3.5496855993187335 2.3376277E-10
 3.5879583957353622 3.31712E-10
 3.626586836436063 4.2102558E-10
 3.6655846000471465 4.4060432E-10
 3.7049243293159905 3.3141497E-10
 3.744619702868906 3.9818088E-11
 3.784670720705894 -3.7680282E-10
 3.8250910614532633 -7.4639394E-10
 3.8658807251110145 -7.479836845242071E-10
 3.907026033052838 -5.957544907967386E-10
 3.948554342531353 -4.4210827E-10
 3.9904382962939406 -1.9993368E-10
 4.032705251593221 -1.4184929E-10
 4.075341529802882 -2.3681447E-10
 4.118347130922926 -4.5616649E-10
 4.161749412205973 -7.4382683E-10
 4.205521016399402 -1.0650873E-9
 4.249675622129523 -1.1371194927205431E-9
 4.294213229396337 -1.0750497310847501E-9
 4.339133838199843 -1.0124462E-9
 4.384451127166352 -8.5440008E-10
 4.4301514176695544 -7.5934829E-10
 4.476248388335759 -8.7375786E-10
 4.522742039164967 -1.2767894E-9
 4.5696186915308665 -1.790937E-9
 4.616905702686081 -2.153219E-9
 4.664589394004297 -2.173208204999286E-9
 4.712669765485517 -2.1933637E-9
 4.76116049575605 -2.318621312796742E-9
 4.8100479061895855 -2.3225482744052752E-9
 4.859331996786124 -2.306410411812736E-9
 4.909040124798286 -2.2901337E-9
 4.959158611599762 -2.2142729E-9
 5.009673778564242 -2.2038874E-9
 5.0606129829443444 -2.3511653E-9
 5.111962546113761 -2.5665623E-9
 5.16372246807249 -2.8218181E-9
 5.215906427446844 -3.1471935E-9
 5.268500745610511 -3.4100565E-9
 5.321519101189802 -3.6695465E-9
 5.374947815558405 -3.9491423E-9
 5.428814245968944 -4.1967527E-9
 5.483091035168796 -4.8107636E-9
 5.537805540410582 -5.68959E-9
 5.592944083067992 -6.1429679E-9
 5.648492984514715 -6.065420330929605E-9
 5.704479602003373 -5.9872617E-9
 5.760903935533965 -5.5929237E-9
 5.81775230648018 -4.8447389E-9
 5.87502471484202 -4.0566466E-9
 5.932734839245794 -3.6040819E-9
 5.990882679691501 -3.2644304E-9
 6.049454557552833 -2.7848067E-9
 6.1084641514561 -2.4620069E-9
 6.1679114614013 -2.5244433E-9
 6.227782808762125 -2.8136339E-9
 6.288105550791194 -3.1035612E-9
 6.348852330235887 -3.077823176522714E-9
 6.410050504348824 -3.0518939E-9
 6.471672715877387 -2.7000074E-9
 6.533732643447881 -2.5042747E-9
 6.5962439656866225 -2.4237382E-9
 6.659179325340987 -2.3265405E-9
 6.722566079663596 -2.1955861E-9
 6.786390550028139 -2.0198828E-9
 6.850652736434617 -1.8310384E-9
 6.915352638883029 -1.6389082E-9
 6.980490257373376 -1.4580787E-9
 7.046065591905656 -1.3169298E-9
 7.112092321106181 -1.2197869E-9
 7.178543087722331 -1.1198894E-9
 7.245445249006725 -9.6354711E-10
 7.3127714477067424 -7.7966842E-10
 7.380549041075006 -6.2426243E-10
 7.448750671858891 -5.4658936E-10
 7.517403697311022 -5.4494627E-10
 7.586480760178777 -4.861339590358239E-10
 7.656009217714777 -4.2693733E-10
 7.7259617126664 -4.668555342553606E-10
 7.796351923659958 -4.754465057076433E-10
 7.867166172069139 -4.618300010240515E-10
 7.938431815146566 -4.481267E-10
 8.010107817013306 -4.08502E-10
 8.08223521354829 -3.7265112E-10
 8.154772968872587 -3.4202002E-10
 8.227748440238821 -3.1541526E-10
 8.301161627646987 -2.9157923E-10
 8.374985173844466 -2.6975621E-10
 8.44923275745757 -2.4955685E-10
 8.523904378486298 -2.3077911E-10
 8.599000036930649 -2.1330442E-10
 8.674519732790625 -1.9704854E-10
 8.750449787439912 -1.8194041E-10
 8.826803879504824 -1.6791375E-10
 8.90355465173274 -1.5490427E-10
 8.98072946137628 -1.4284902E-10
 9.058314629809132 -1.3168666E-10
 9.136310157031298 -1.2135784E-10
 9.214702364416468 -1.1180568E-10
 9.293504930590949 -1.0297599E-10
 9.372704176928435 -9.4817471E-11
 9.452300103428923 -8.7281839E-11
 9.532292710092415 -8.0323783E-11
 9.612681996918909 -7.3900926E-11
 9.693467963908406 -6.7973731E-11
 9.774636932434596 -6.2505378E-11
 9.856175223871167 -5.7461625E-11
 9.938110195470742 -5.2810664E-11
 10.02042816860701 -4.8522969E-11
 10.103115464653659 -4.4571156E-11
 10.186172083610689 -4.0929831E-11
 10.269598025478103 -3.7575462E-11
 10.353406968882208 -3.4486244E-11
 10.437557877944075 -3.1641977E-11
 10.522078109916324 -2.9023953E-11
 10.606953986172645 -2.6614846E-11
 10.692171828086726 -2.4398614E-11
 10.77774531428488 -2.2360404E-11
 10.863660766140795 -2.0486467E-11
 10.94993186228078 -1.8764076E-11
 11.036517566825907 -1.7181456E-11
 11.123445237028795 -1.5727707E-11
 11.210701194263134 -1.4392749E-11
 11.298285438528922 -1.3167257E-11
 11.386184291199852 -1.2042607E-11
 11.474397752275921 -1.1010826E-11
 11.56292582175713 -1.0064545E-11
 11.651754821017171 8.3433823E-13
 11.740884750056042 -3.412239515264334E-12
 11.83031560887374 -5.20598727777782E-12
 11.920047397470269 -5.799417369846122E-12
 12.010052758593007 -5.817300189631626E-12
 12.100359049494575 -5.570662096646071E-12
 12.19092523429604 -5.3233142E-12
 12.281778670250027 -4.854984E-12
 12.37289200010391 -4.4266695E-12
 12.464265223857693 -4.0350692E-12
 12.555898341511375 -3.6771418E-12
 12.647777674438643 -3.3500869E-12
 12.739916901265811 -3.0513268E-12
 12.832288664740258 -2.7784895E-12
 12.92490664348829 -2.5293931E-12
 13.017743480257291 -2.3020315E-12
 13.11081285367357 -2.0945606E-12
 13.204101085110814 -1.9052858E-12
 13.297594495942716 -1.7326506E-12
 13.391306764795585 -1.5752259E-12
 13.4852105344168 -1.4316996E-12
 13.579319483432672 -1.3008676E-12
 13.67361993321689 -1.1816254E-12
 13.768084526516834 -1.0729599E-12
 13.862740620585125 -9.7394183E-13
 13.957533500916517 -8.8371964E-13
 14.05259995377412 -8.0151252E-13
 14.14780319289483 -7.2660488E-13
 14.24300643201554 -6.583409E-13
 14.338483243662456 -5.9611949E-13
 14.434096841572474 -5.3938973E-13
 14.5298472257456 -4.8764654E-13
 14.62573439618183 -4.4042679E-13
 14.72162156661806 -3.9730555E-13
 14.817782309580501 -3.5789278E-13
 14.913943052542937 -3.2183016E-13
 15.010377368031586 -2.8878817E-13
 15.10667489725713 -2.5846338E-13
 15.203245999008882 -2.3057598E-13
 15.299817100760635 -2.0486741E-13
 15.396524988775493 -1.810982E-13
 15.49323287679035 -1.5904592E-13
 15.589940764805204 -1.3850328E-13
 15.686785439083168 -1.1927637E-13
 15.783766899624231 -1.0118291E-13
 15.880748360165297 -8.4050714E-14
 15.97759303444326 -6.7716115E-14
 16.07471128124743 -5.2022542E-14
 16.171692741788497 -3.6819096E-14
