 0.0E+0 0.0E+0
 0.01079278636918206 2.481366525980105E-4
 0.02171253265764565 9.271602101214963E-4
 0.032760723705808153 1.982991327836318E-3
 0.043938861514731114 3.3654671961351524E-3
 0.05524846543968658 5.028484464522848E-3
 0.06669107238556495 6.929807300439915E-3
 0.07826823700456169 9.030869465845982E-3
 0.08998153189579666 0.011296586082719417
 0.10183254780726722 0.013695189606529433
 0.11382289383971535 0.01619809449975599
 0.12595419765282883 0.01877980638313399
 0.13822810567350227 0.02141787182272865
 0.15064628330639565 0.024092863579361484
 0.16321041514669848 0.02678838946351275
 0.17592220519502763 0.029491091343848634
 0.1887833770747494 0.03219061514730698
 0.20179567425145347 0.03487949993668046
 0.21496086025479643 0.037552966787327994
 0.2282807189026431 0.0402085768835396
 0.24175705452757745 0.042845751614328575
 0.25539169220567464 0.04546517800600253
 0.2691864779878799 0.04806813184641444
 0.28314327913352083 0.05065578006544819
 0.2972639843464265 0.05322852062959463
 0.31155050401345324 0.05578543366947615
 0.32600477044538123 0.058323871824719465
 0.340628738120526 0.060839237115665155
 0.3554243839305945 0.0633249319346899
 0.3703937074292377 0.06577248249576123
 0.3855387310830656 0.06817181970507113
 0.40086150052537783 0.07051170866060244
 0.4163640848122839 0.07278031467461747
 0.432048576681557 0.0749658863721821
 0.447917092814223 0.07705751221556549
 0.46397177409850143 0.07904588772801566
 0.48021478589679122 0.08092398070559786
 0.4966483183150992 0.0826875228555349
 0.5132745864752764 0.08433530852796063
 0.530095830790044 0.08586939061361584
 0.5471143172406993 0.08729527937026971
 0.564332337657629 0.08862223253947764
 0.5817522100037035 0.08986354466668016
 0.5993762786604061 0.09103671545645373
 0.6172069147168785 0.09216332694406815
 0.6352465162617931 0.09326867896798784
 0.6534975086781054 0.094381248154352
 0.6719623449408699 0.09553215558191648
 0.6906435059177166 0.09675474841504816
 0.7095435006726105 0.09808426123990883
 0.7286648667723095 0.09955721767540585
 0.7480101705959744 0.10121036018133893
 0.7675820076478087 0.10307917441123614
 0.787383002872648 0.10519650558835508
 0.8074158109746338 0.10759164312235671
 0.8276831167391312 0.11028970091811267
 0.8481876353574912 0.11331101371478383
 0.8689321127551299 0.1166706146362102
 0.8899193259226722 0.12037821251749928
 0.911152083250359 0.12443848186952362
 0.9326332248654422 0.12885135380605533
 0.9543656229730291 0.13361226762786265
 0.9763521822000039 0.1387123949203865
 0.9985958399422166 0.14413876492294586
 1.0210995667149684 0.14987454447271078
 1.0438663665067817 0.15589964983267898
 1.0668992771364864 0.162191677635323
 1.0902013706135693 0.1687270697552487
 1.1137757535019368 0.1754822577862346
 1.1376255672870241 0.18243429412988795
 1.1617539887462706 0.18956073873790721
 1.1861642303230286 0.1968393293834755
 1.210859540503819 0.2042478421578252
 1.2358432041991165 0.21176427285386842
 1.2611185431275124 0.21936710740782605
 1.2866889162034116 0.22703556998895893
 1.3125577199281404 0.2347498001931195
 1.3387283887846261 0.24249096495029162
 1.3652043956355632 0.2502413401678949
 1.3919892521251444 0.25798437613711844
 1.419086509084303 0.2657047500162918
 1.446499756939502 0.2733883857297226
 1.4742326261252454 0.2810225077053615
 1.5022887874999457 0.2885956540875466
 1.5306719527656356 0.29609768505251354
 1.559385874891163 0.3035197855151519
 1.5884343485390706 0.3108544581738119
 1.617821210496064 0.31809550973214834
 1.6475503401072191 0.3252379803622936
 1.677625659713836 0.33227813759012564
 1.7080511350949196 0.33921337598697787
 1.7388307759124188 0.3460421240918957
 1.7699686361601272 0.3527638148083098
 1.8014688146162485 0.35937876947779873
 1.8333354552998306 0.3658880802239462
 1.8655727479307326 0.37229359910102183
 1.8981849283934772 0.3785977617067397
 1.9311762792046935 0.38480355387877396
 1.9645511299845002 0.3909143797386398
 1.9983138579313861 0.3969339520376956
 2.032468888301087 0.40286620174059645
 2.0670206948889946 0.4087151877613789
 2.101973800516546 0.4144849737240878
 2.1373327775211454 0.42017952277206116
 2.1731022482500064 0.4258026480073424
 2.209286885557682 0.4313579034002763
 2.245891413307357 0.4368485287026946
 2.2829206068758765 0.44227739755552686
 2.3203792936626035 0.4476469608794878
 2.358272353601866 0.45295927549400832
 2.396604719679328 0.45821593385422526
 2.435381378451926 0.46341813641537565
 2.4746073705716664 0.4685666572775194
 2.5142877913130332 0.4736619256237749
 2.5544277911041315 0.47870400234726634
 2.5950325760615742 0.4836926694576553
 2.636107408529008 0.48862742346104914
 2.677657607619215 0.49350755779154725
 2.7196885497600846 0.4983321720950233
 2.7622056692440044 0.5031002546082421
 2.805214458780943 0.5078107329674998
 2.8487204700551687 0.5124624956374351
 2.8927293142854977 0.5170544971301698
 2.937246662789108 0.5215857603593541
 2.9822782475488196 0.5260554432761656
 3.0278298617840246 0.5304628321320313
 3.073907360524856 0.5348073922224027
 3.120516661190062 0.5390887222956175
 3.1676637441681076 0.543306579885612
 3.215354653401682 0.5474608501051046
 3.2635954969756015 0.5515515406352556
 3.312392447708027 0.5555787345278823
 3.361751743744837 0.5595426298667857
 3.411679689157356 0.563443487846173
 3.4621826545431626 0.5672816427835132
 3.513267077630125 0.5710575118381059
 3.564939463883483 0.5747715750408993
 3.617206387115917 0.5784244146976807
 3.6700744901006814 0.5820166836779448
 3.7235504851876757 0.5855491327799712
 3.777641154922318 0.5890226257415687
 3.83235335266732 0.5924381310277341
 3.8876940032271467 0.5957967367618351
 3.943670103475202 0.5990996257696725
 4.000288722983627 0.6023480796603994
 4.057557004655743 0.6055434102563472
 4.11548216536075 0.608686948829763
 4.174071496571129 0.61177997484906
 4.233332365002136 0.6148237183681938
 4.293272213253637 0.6178192855973998
 4.353898560454138 0.6207676519093709
 4.415219002906833 0.6236696548795273
 4.477241214737679 0.6265259603572451
 4.539972948545294 0.6293371045416635
 4.603422036052833 0.6321034758889394
 4.667596388761254 0.6348253772784538
 4.732503998604474 0.6375030174684576
 4.798152938605904 0.6401365819446408
 4.864551363536232 0.6427262387959358
 4.931707510572686 0.6452721444269054
 4.999629699959272 0.64777439167205
 5.068326335668144 0.650232969480655
 5.137805906061686 0.6526477337997899
 5.208076984555659 0.6550183428322685
 5.279148230282641 0.657344281025425
 5.351028388756212 0.6596248567169019
 5.423726292535339 0.6618592712055745
 5.497250861889049 0.6640466404166763
 5.571611105461087 0.6661860718870983
 5.646816120934511 0.6682767402026692
 5.722875095696013 0.6703179156144262
 5.799797307499746 0.6723090425292197
 5.877592125130711 0.6742497464990587
 5.95626900906714 0.6761398713034964
 6.035837512142108 0.6779794806999939
 6.116307280203926 0.6797688404828294
 6.197688052775227 0.681508490412385
 6.279989663710505 0.6831992905383669
 6.36322204185188 0.6848424177486404
 6.447395211683124 0.6864392641250142
 6.5325192939812275 0.6879913320601542
 6.61860450646592 0.6895002192516921
 6.705661164446443 0.6909676382318417
 6.793699681465461 0.6923954210475011
 6.882730569940088 0.6937854069139556
 6.9727644417995 0.6951392436324242
 7.063812009119031 0.6964582155091961
 7.155884084750573 0.6977431602660045
 7.24899158294876 0.6989944543096706
 7.343145519993041 0.7002120364736163
 7.438357014804965 0.7013953974217098
 7.534637289560754 0.7025436555145682
 7.631997670298738 0.7036556316199156
 7.73044958752111 0.7047299997498903
 7.830004576790345 0.7057653546298895
 7.930674279319114 0.7067601971787474
 8.032470442554258 0.7077129200110646
 8.135404920753759 0.7086218454515788
 8.239489675556872 0.7094855015492981
 8.34473677654688 0.7103030056247519
 8.451158401806156 0.7110742980077265
 8.558766838463148 0.711800246585986
 8.667574483230979 0.7124824049267715
 8.777593842937346 0.7131225638203508
 8.888837535045203 0.7137222582650313
 9.001318288163954 0.7142824853283456
 9.115048942550736 0.714803830017038
 9.230042450601312 0.7152868030132343
 9.346311877330434 0.7157322382587749
 9.463870400840808 0.716141745803258
 9.582731312780783 0.7165180407102524
 9.70290801878976 0.7168652526546736
 9.824414038931373 0.7171889711348808
 9.947263008113746 0.7174959280252609
 10.071468676496286 0.7177933322922515
 10.197044909882813 0.7180877867115643
 10.324005690100295 0.718384055918401
 10.452365115362872 0.7186838463936769
 10.582137400620486 0.7189857092222874
 10.7133368778919 0.7192863024712622
 10.845977996581265 0.719582755214762
 10.980075323777985 0.7198745509303834
 11.115643544539058 0.7201641333120332
 11.252697462153725 0.7204560034733881
 11.3912519983895 0.7207549415316662
 11.531322193719262 0.7210655881643608
 11.672923207528743 0.7213928288419005
 11.816070318303773 0.7217427438523908
 11.960778923796884 0.7221209033025562
 12.107064541172416 0.722528578537648
 12.254942807129714 0.7229592340218991
 12.404429478003687 0.7233981491720934
 12.555540429842146 0.7238255157372735
 12.708291658459183 0.7242196845791303
 12.86269927946418 0.7245608900490068
 13.018779528265359 0.7248363953955328
 13.176548760047735 0.7250444977959211
 13.33602344972429 0.7251948791607583
 13.497220191859986 0.7253056589207985
 13.660155700567826 0.7253983689795362
 13.824846809376178 0.7254940375534921
 13.991310471066841 0.7256105202684816
 14.159563757482726 0.725760789011889
 14.329623859304942 0.7259541476920047
 14.501508085798056 0.7261956490267567
 14.675233864522994 0.726485952819471
 14.850818741016864 0.7268221799599357
 15.028280378438694 0.7271987586734205
 15.207636557180443 0.7276068248580889
 15.38890517444259 0.7280342858872321
 15.572104243773147 0.7284672360990049
 15.757251894569618 0.7288935473996422
 15.944366371542975 0.7293072336694975
 16.133466034142557 0.7297064665706406
 16.32456935594156 0.730090074323645
 16.517694923981647 0.730455543560908
 16.712861438076377 0.7307961938033428
 16.910087710072112 0.731095781043246
 17.109392663065936 0.7313299826539724
 17.31079533057923 0.7314720234553891
 17.51431485568648 0.7314967340450751
 17.71997049009808 0.7313830528691647
 17.927781593196293 0.7311230585342434
 18.137767631023628 0.7307357477319547
 18.34994817522225 0.7302729568831106
 18.564342901924195 0.7298035080464981
 18.780971590590702 0.7293841664139308
 18.999854122800147 0.7290238910704516
 19.22101048098373 0.7286814512718893
 19.444460747107427 0.7283101402302818
 19.67022510129983 0.7279026635278901
 19.898323820424582 0.7274946516798041
 20.128777276596473 0.7271319187546478
 20.361605935640312 0.7268406488571778
 20.596830355491487 0.7266182694550178
 20.83447118453738 0.7264474271397616
 21.07454915989846 0.7263159410676957
 21.31708510564819 0.7262329210075913
 21.562099930970862 0.7262347004743923
 21.809614628256124 0.7263483257739769
 22.059650271129417 0.7265608515485479
 22.312228012417232 0.7268425757765778
 22.567369082046223 0.7271703244285842
 22.82509478487536 0.7275212132323841
 23.085426498459757 0.7278690558837405
 23.348385670745642 0.7282170204108215
 23.613993817695163 0.7286161170725806
 23.88227252084026 0.7291093540920622
 24.15324342476456 0.729670767562907
 24.426928234512324 0.7302403524442341
 24.70334871292358 0.7307939116001332
 24.98252667789437 0.7313499659639817
 25.264483999561356 0.7319309732646763
 25.54924259740969 0.7325420603577517
 25.83682443730332 0.7331358694416354
 26.12725152843687 0.7336187863530526
 26.420545920208134 0.7339238129901752
 26.71672969901031 0.7340152225212796
 27.01582498494321 0.7338967317907298
 27.317853928442453 0.7336252468923136
 27.622838706825938 0.7332779479682343
 27.93080152075673 0.7329265149398618
 28.241764590621663 0.7326386985404556
 28.555750152824632 0.7324922608794574
 28.872780455994178 0.732500629534434
 29.192877757104284 0.732637668822455
 29.516064317508106 0.7329326723284594
 29.84236239888337 0.7333796833263132
 30.17179425908947 0.7339376689587198
 30.504382147934915 0.7345559891481921
 30.840148302855261 0.735113109521472
 31.17911494450033 0.7356214665386607
 31.521304272230576 0.7361086032633867
 31.866738459521872 0.7365660648980166
 32.215439649278444 0.7369519824900875
 32.56742994905332 0.7371420338936601
 32.92273142617603 0.7370667508313098
 33.28136610278709 0.7366218900341365
 33.64335595077906 0.7357889465384538
 34.00872288664387 0.7346364108331015
 34.377488766226043 0.7333335528673431
 34.74967537938188 0.7321102260359812
 35.125304444544134 0.7311779991139178
 35.50439760319244 0.7306628697037825
 35.886976414229025 0.7306257681479316
 36.27306234826025 0.7309575918417539
 36.66267678178336 0.7314680691285772
 37.05584099127925 0.7316906713958345
 37.45257614721069 0.7313884369240696
 37.85290330792702 0.7307702003369825
 38.25684341347485 0.7300288237003657
 38.66441727931548 0.7293125449149873
 39.07564558994957 0.7287689644773921
 39.49054889244911 0.7285098854208208
 39.90914758989758 0.7285534702251566
 40.33146193473862 0.7287852348049424
 40.75751202203423 0.7289801673253423
 41.187317782632845 0.7290375199802516
 41.6208989762482 0.7292624321224732
 42.05827518445015 0.730087567495525
 42.49946580356791 0.7317865112917229
 42.944490037507215 0.7342695716718713
 43.393366890482134 0.737015512828775
 43.84611515966292 0.7395034362102681
 44.30275342774128 0.7413682905800497
 44.763300055413935 0.7425920693271083
 45.227773173786616 0.7432799081740937
 45.696190676699224 0.7435268293041168
 46.16857021297461 0.7435458887882196
 46.64492917859165 0.7433436076592678
 47.125284708785706 0.7427429516044822
 47.60965367007679 0.741620560375261
 48.09805265222893 0.740139581391112
 48.59049796014166 0.7386005113158585
 49.08700560567623 0.7370391379241124
 49.58759129941907 0.7351932816014819
 50.09227044238409 0.732958847576249
 50.601058117657196 0.7308412670136695
 51.1139690819846 0.7293345919685519
 51.631017757308534 0.7281162363539819
 52.15221822225203 0.7269919430284232
 52.677584203556875 0.7264817897416141
 53.207129067476245 0.7265179108654023
 53.74086581112656 0.7265319360130311
 54.27880705380022 0.7262049660366866
 54.820965028243826 0.7258889641623972
 55.36735157190405 0.7254839653171109
 55.91797811814578 0.724437439308217
 56.472855687444663 0.7218200329020953
 57.03199487855922 0.7166152677594707
 57.595405859685286 0.708959062553426
 58.16309835959677 0.699395062135175
 58.73508165877718 0.6882024157893989
 59.311364580545244 0.6746288730863733
 59.89195548217961 0.6575630677044367
 60.476862246046 0.6365587207834684
 61.066092270732106 0.6115250708442461
 61.65965246219374 0.5844077332846183
 62.25754922491782 0.5477146925559822
 62.85978845310558 0.45826051761564745
 63.46637552188229 0.3584550794266004
 64.07731527853662 0.2831073878818259
 64.69261203379634 0.23035745026552606
 65.31226955314358 0.1926686764056811
 65.93629104817653 0.164353935025628
 66.56467916802109 0.14215811341339601
 67.19743599079902 0.124226638058421
 67.83456301515763 0.10942038328266941
 68.47606115186544 0.09698972007068583
 69.12193071548126 0.08641534608101827
 69.77217141610018 0.07732337153780494
 70.42678235118373 0.06943633713193055
 71.08576199747877 0.0625432212546994
 71.74910820303194 0.05648022731743212
 72.41681817930427 0.051118007307820255
 73.08888849339336 0.0463528997368831
 73.7653150603671 0.0421007600188236
 74.44609313571735 0.03829250918169546
 75.13121730793691 0.03487087246422765
 75.82068149122843 0.031787925461591315
 76.51447891834914 0.029003247963271312
 77.21260213359959 0.026482483445370602
 77.91504298596027 0.024196237022598803
 78.62179262238452 0.022119193443881392
 79.33284148125264 0.020229421876623007
 80.04817928599316 0.01850781974118558
 80.76779503887886 0.016937661616919997
 81.491677015002 0.015504233364148677
 82.21981275643654 0.014194532825767221
 82.95218906659211 0.012997022821802926
 83.68879200476734 0.011901426643240577
 84.4296068809072 0.010898558573184492
 85.17461825057174 9.980181493743405E-3
 85.92380991012138 9.138885500123907E-3
 86.67716489212556 8.367988184993272E-3
 87.4346654609997 7.661448463304153E-3
 88.19629310887781 7.013791332226616E-3
 88.96202855172491 6.420046145193792E-3
 89.73185172569686 5.875691471033555E-3
 90.5057417837517 5.376607986300206E-3
 91.28367709251894 4.919037407566569E-3
 92.06563522943279 4.499546384099378E-3
 92.85159298013335 4.114994992834555E-3
 93.64152633614285 3.762508908550579E-3
 94.43541049282038 3.4394546488212547E-3
 95.23321984760209 3.143417800668097E-3
 96.03492799853007 2.872183369044609E-3
 96.84050774307596 2.623717916303872E-3
 97.64993107726393 2.3961546214541925E-3
 98.46316919509651 2.187778388030082E-3
 99.28019248828946 1.9970133514241403E-3
 100.10097054631811 1.8224112407615076E-3
 100.92547215678096 1.6626408012778905E-3
 101.75366530608265 1.5164782706625617E-3
 102.58551718044238 1.3827986346068537E-3
 103.42099416722851 1.2605676521005647E-3
 104.26006185662558 1.148834507282271E-3
 105.10268504363447 1.0467252141065734E-3
 105.94882773041063 9.534364374840614E-4
 106.79845312894146 8.682299032073526E-4
 107.65152366406697 7.904272574681788E-4
 108.50800097684443 7.194051916646286E-4
 109.36784592826086 6.54591228310684E-4
 110.23101860329335 5.954596049736915E-4
 111.09747831532034 5.415276067336269E-4
 111.96718361088485 4.92352127102001E-4
 112.84009227480966 4.4752654158839924E-4
 113.71616133566762 4.0667778969213073E-4
 114.59534707160495 3.6946370393343063E-4
 115.47760501652064 3.3557053982116155E-4
 116.36288996659931 3.0471069806951324E-4
 117.25115598720032 2.7662065502112603E-4
 118.14235642009949 2.510589545531971E-4
 119.03644389108574 2.2780449977204627E-4
 119.9333703179092 2.0665485980019785E-4
 120.8330869185814 1.8742476370482133E-4
 121.73554422002428 1.699447044260274E-4
 122.64069206706807 1.5405963909735298E-4
 123.54847963179378 1.3962781177746056E-4
 124.4588554232201 1.2651964568020443E-4
 125.37176729732995 1.1461674612472054E-4
 126.28716246743527 1.0381096253579126E-4
 127.20498751487605 9.400353823881773E-5
 128.12518840004977 8.510432550906876E-5
 129.04771047376863 7.703105122355333E-5
 129.97249848893844 6.970866505660636E-5
 130.8994966125571 6.30687183207319E-5
 131.82864843802568 5.70488051226138E-5
 132.75989699776934 5.15920438260588E-5
 133.69318477616062 4.664660385103298E-5
 134.62845372274168 4.2165269432514534E-5
 135.56564526573765 3.810503848403777E-5
 136.50470032585735 3.442675769572948E-5
 137.44555933037213 3.109478414643713E-5
 138.38816222746956 2.807667720090578E-5
 139.33244850087194 2.5342915435763165E-5
 140.27835718471513 2.286663598911544E-5
 141.22582687867847 2.0623398719356853E-5
 142.17479576335932 1.8590966942521874E-5
 143.12520161588432 1.674910747886259E-5
 144.07698182574816 1.5079408722329252E-5
 145.0300734108741 1.3565111541668034E-5
 145.98441303388403 1.219095733295245E-5
 146.93993701857377 1.0943044647521007E-5
 147.89658136658076 9.808703081458542E-6
 148.85428177423787 8.776371249727668E-6
 149.81297364960286 7.835489960284713E-6
 150.77259212965344 6.976401802228033E-6
 151.73307209764075 6.1902576750677225E-6
 152.69434820058816 5.468932513269863E-6
 153.65635486692863 4.804946007604241E-6
 154.6190263242684 4.191389513601013E-6
 155.5822966172685 3.621857630860903E-6
 156.54609962563196 3.0903848435046705E-6
 157.5103690821889 2.59138461384184E-6
 158.47503859106586 2.1195924527959697E-6
 159.440041645932 1.6700105203001291E-6
 160.40531164830932 1.2378531596089813E-6
 161.3707819259369 8.184910944857137E-7
 162.3363857511787 4.0739236563228235E-7
 163.30205635946424 3.90527809500777E-16
