 6.926868825783945E-4 0.9999563369617338
 2.086204233212229E-3 1.0001994687003235
 3.4961170564517152E-3 1.0009176735084732
 4.9226244875916584E-3 1.0021401965712213
 6.3658837387069065E-3 1.0038013878634428
 7.826139361913885E-3 1.005790344997448
 9.30356603729576E-3 1.0079914802390741
 0.010798355912944004 1.0102579323562357
 0.01231071860495842 1.0124642784221817
 0.013840863729438798 1.0145091492954836
 0.015389018370493251 1.016336104548639
 0.016955339740196626 1.0179055057527497
 0.018540019986640406 1.0191474567101903
 0.02014340846999091 1.0200713123091795
 0.021765662402322982 1.020723341829783
 0.023406956463719794 1.02111252246997
 0.0250674653342645 1.0212034270094327
 0.026747713054206593 1.0210828160989713
 0.028447524943462913 1.0207926841907832
 0.030167250362199776 1.0202786050669456
 0.03190723867058352 1.0195890808682681
 0.033667664548697295 1.0187439445142598
 0.03544887735670744 1.0177777620227652
 0.037250877094613936 1.0167044053932063
 0.03907401312258313 1.015510794174513
 0.04091863480078133 1.0142334477716157
 0.04278491680929171 1.0129010960725053
 0.04467303382819742 1.0115123962393233
 0.046583335217664806 1.0100681558899158
 0.04851617033786018 1.0085981352447086
 0.05047153918878354 1.0070964711143437
 0.052449965810684374 1.0055667035740696
 0.05445145020356269 1.004002610170414
 0.056476691087751135 1.002411722279755
 0.05852551378316655 1.0008068523774356
 0.060598267649975244 0.9991614023512685
 0.06269547672842672 0.9974852011099594
 0.06481731569860415 0.9957889597327401
 0.06696395924059068 0.9940589735987554
 0.06913593139463578 0.9922985649879126
 0.0713332321607395 0.9905118481149731
 0.07355621089906814 0.9886887572833848
 0.07580539164987117 0.9868399639783278
 0.07808094909323178 0.984977640042687
 0.08038305790923311 0.9830975172398495
 0.08271224213812467 0.9812022772590328
 0.08506867645998961 0.9792955269947077
 0.08745271023499425 0.9773726876593501
 0.08986469282330492 0.9754310576734657
 0.09230497358508798 0.9733475217915435
 0.09477372720042654 0.9714952067211726
 0.0972714777095701 0.9695049788148197
 0.09979839979260184 0.9675035710755927
 0.10235501748977124 0.9654900226432293
 0.10494150548116148 0.9634634375870476
 0.10755821312693885 0.9614188363836716
 0.11020548978726971 0.959352645729237
 0.11288385950240351 0.9572610408090984
 0.11559367163250661 0.9551392645346111
 0.11833510085766216 0.9529739703504847
 0.12110849653803649 0.9507457053797138
 0.12391438271387907 0.9484366867212002
 0.12675310874535625 0.9460280552008755
 0.12962502399263434 0.9434986463140039
 0.13253047781587967 0.940831365538538
 0.13546999425534173 0.9380221381893825
 0.13844374799110367 0.9350727013227668
 0.14145226306341501 0.931987538395415
 0.1444960635125252 0.9287835076681186
 0.14757532401851744 0.9254820359890721
 0.15069056862164117 0.9221067499047406
 0.15384214668206278 0.9186825519566573
 0.1570305822400317 0.9152319202476241
 0.16025622465571426 0.9117736704231899
 0.16351959796936 0.908325422071535
 0.16682087686105204 0.9049004469368142
 0.17016076005112301 0.9015080491640224
 0.17353977157982244 0.8981575490335335
 0.1769579114471503 0.8948405561838302
 0.18041657709377195 0.8915497602361947
 0.18391541915952103 0.8882791499010901
 0.18745443764439748 0.8850058332978857
 0.191035379349233 0.8817276100754848
 0.19465649747319596 0.8784261364599325
 0.1983212856179496 0.8750845979686419
 0.20202799698266227 0.8716869578125265
 0.20577837836816564 0.8682084041580378
 0.20957242977445963 0.8646445361345735
 0.213411898002376 0.8610043211639768
 0.217295036251083 0.8572990081133534
 0.2212218445205807 0.8535090933053084
 0.2251958164125323 0.8496329259752543
 0.22921695192693786 0.8456876289232838
 0.2332835042629657 0.8416697741124511
 0.23739722022144751 0.8375777050044483
 0.24155984660321483 0.8334299541813092
 0.24576963660743611 0.8292168047252418
 0.2500300838357746 0.8249250733438673
 0.2543394414873986 0.8205481531015851
 0.2586977095623082 0.8160234210075296
 0.26310663486133495 0.811452877149724
 0.26756796418531053 0.8067229791597612
 0.2720799507334033 0.8018574661715707
 0.2766460881072765 0.7968522891959443
 0.28126462950609854 0.791726269594194
 0.2859355749298694 0.7864889805784399
 0.2906606711794206 0.7811550223367932
 0.29544166505558394 0.7757465474503915
 0.30027855655835933 0.7702904813243633
 0.30516959888691524 0.7647823035476721
 0.31012003244374636 0.7592317690126593
 0.31512461682635795 0.753637369669324
 0.3201903392380765 0.7479993105889269
 0.3253119592764071 0.7423063478230608
 0.33049471734384466 0.7365214586145697
 0.3357368666395576 0.7306329313664196
 0.3410401539643774 0.724621467446717
 0.3464045793183042 0.7184717295841764
 0.35183014270133794 0.7121623608814962
 0.3573203377151419 0.7056969687138989
 0.36287167075805276 0.6990801106487325
 0.36848938223256544 0.692322396590418
 0.3741699785370167 0.6854247158829054
 0.37991870007390143 0.6783892827069046
 0.3857320532415564 0.6712387971807281
 0.39161178484081315 0.6639739576332573
 0.397561388473335 0.6566052977164122
 0.4035791173382903 0.6491347123496876
 0.4096649714356791 0.6415483802896986
 0.4158224443671646 0.6338444589125188
 0.42204978933191517 0.6260014066251919
 0.428350499931594 0.6179981049690804
 0.43472282936536965 0.6098257789816313
 0.4411685244340736 0.6014729874722996
 0.4476875851377059 0.5929322780289532
 0.4542835050779298 0.5842178738065075
 0.460952790653082 0.5753648205503885
 0.4677006822656574 0.5664326807909706
 0.47452717991565607 0.5574958335673786
 0.48143053680224634 0.5485894550138619
 0.4884124997262598 0.5396963871946939
 0.4954765622893597 0.5307824741939979
 0.5026209776907145 0.5218174737403908
 0.5098474927311558 0.5127725284759551
 0.5171561074106835 0.5036114721027222
 0.524550315330961 0.49431357648119195
 0.5320283696911565 0.4848810337771329
 0.5395920172921018 0.4753104063413795
 0.5472412581337968 0.4655904055016342
 0.5549795858179047 0.45571000688120266
 0.5628070003444258 0.44572789596214246
 0.5707217549125281 0.435579971502506
 0.5787290899247067 0.4252612939652062
 0.5868272585801299 0.4147807023579188
 0.5950180076796292 0.40416809093754785
 0.6033030840240365 0.39346042506681033
 0.6116824876133516 0.38268352288674983
 0.6201562184475747 0.3718483977333568
 0.6287277701283688 0.3609603082549348
 0.6373988894565656 0.3500475171447119
 0.6461660828305019 0.3391362411261836
 0.6550345906526727 0.32822538940320783
 0.6640044129230778 0.31730799268609832
 0.6730755496417172 0.30638088198166085
 0.6822497476094226 0.29545943364186905
 0.6915287536270257 0.28456372375891225
 0.700914314495358 0.2737055164720032
 0.7104046834135881 0.26288162690368066
 0.7200033539833789 0.25209184584490973
 0.7297120730055622 0.24135866623740748
 0.7395308404801381 0.23073142866818438
 0.7494596564071063 0.22024716096094634
 0.7595037611889622 0.20993507905867814
 0.7696596612240421 0.1998510619073821
 0.7799308501140093 0.19001700577928154
 0.7903173278588639 0.180387022756229
 0.8008225880602693 0.17093628713527145
 0.8114466307182252 0.1616656189050438
 0.8221912026335635 0.1525726807496991
 0.8330580506071155 0.1436592464989802
 0.8440454278380499 0.13491491905545163
 0.8551585747288614 0.12633348513635886
 0.8663957444787184 0.11792770469766026
 0.8777604306892842 0.10972716301911523
 0.8892526333605589 0.10178303064279491
 0.9008740992933739 0.0941491939653271
 0.912626575288561 0.08685202284676546
 0.9245118081469517 0.07991525324210626
 0.936529797868546 0.0733584880333494
 0.9486840380550072 0.06716271566433724
 0.9609745287063354 0.06131201891397783
 0.9734012698225305 0.05580702371189888
 0.9859695018060874 0.05061495422434861
 0.9986774778561744 0.04569309890962694
 1.011528691574455 0.04104509368309546
 1.0245231429609287 0.036711721572172464
 1.0376625788164277 0.032736813677391125
 1.0509487459417834 0.029135691267543221
 1.0643833911378273 0.025874324382745304
 1.0779682612053911 0.023068593227110786
 1.0917051029453066 0.020242469776519552
 1.1055956631584051 0.017884058435555013
 1.119639941844687 0.01578238410239984
 1.1338396858049832 0.013882310826254846
 1.1481983886409581 0.012169835126687956
 1.1627177971534425 0.010635417514731882
 1.177396164541605 9.269776828922167E-3
 1.19223873120794 8.078513384440404E-3
 1.2072472439532802 7.069088571646001E-3
 1.222419955976793 6.235082669355475E-3
 1.2377621076809737 5.562076599706029E-3
 1.2532736990658221 5.034632295188813E-3
 1.2689564769321701 4.632627000495655E-3
 1.2848121880808491 4.325361398585933E-3
 1.300842579312691 4.081189604775558E-3
 1.3170511442293588 3.8740647492995377E-3
 1.3334378828308524 3.686499032459509E-3
 1.3500045419180037 3.5259211369773166E-3
 1.3667546150924758 3.403869743924166E-3
 1.3836881023542688 3.321450284395338E-3
 1.4008067505042143 3.271307119559917E-3
 1.4181140531439755 3.2281668082394226E-3
 1.435611757074384 3.1720154421171907E-3
 1.4532998622954398 3.1029210302144045E-3
 1.4711818624088064 3.022993571451048E-3
 1.489259504215315 2.9340232634048023E-3
 1.5075345345157975 2.8467632002687134E-3
 1.5260104469119173 2.774726340835347E-3
 1.5446854946028425 2.7292560739708452E-3
 1.563564917991068 2.732177004756687E-3
 1.5826504638774254 2.7320346669338245E-3
 1.6019421322619151 2.7643825729777825E-3
 1.6214451635470314 2.8012293228598583E-3
 1.6411578109319431 2.8342881470885326E-3
 1.661085314819145 2.8556039248906974E-3
 1.6812294220094685 2.853756661585139E-3
 1.701590132502914 2.809787654555909E-3
 1.7221709399011442 2.707694435369686E-3
 1.7429735910049912 2.5491707693098947E-3
 1.764006819818613 2.3435659813345046E-3
 1.7852479179311981 2.1006030603568622E-3
 1.8067335681602114 1.8300907881549774E-3
 1.828446302497336 1.5454125227455331E-3
 1.8504035889508885 1.2767463630362272E-3
 1.8725704915042364 1.0672179238517022E-3
 1.894999414182328 9.350576769442328E-4
 1.9176554209685314 9.073364450644876E-4
 1.9405559798711624 9.138513753974911E-4
 1.9637010908902214 9.16481349259661E-4
 1.9870907540257081 9.763915145624846E-4
 2.010724969277623 1.0274500729656776E-3
 2.034621204654281 1.045434410030714E-3
 2.0587794601556836 1.0579481198236858E-3
 2.0831647997651976 1.104336804739609E-3
 2.107829627507772 1.2079474808397736E-3
 2.132756475375091 1.3542187159450694E-3
 2.157945343367153 1.5162358652799456E-3
 2.183378763475644 1.671142039749805E-3
 2.2091091397255104 1.8117156031990271E-3
 2.2350840680918055 1.9582973491667973E-3
 2.2613559525994766 2.126364551086053E-3
 2.2878898572318924 2.281935467934252E-3
 2.314703249997368 2.373590549959909E-3
 2.341796130895904 2.411438710795392E-3
 2.3691684999275004 2.4493952298253662E-3
 2.396837825100474 2.5065985070274144E-3
 2.424786638406507 2.546911960004344E-3
 2.453032407853917 2.533696879216822E-3
 2.4815751334427034 2.539485842548018E-3
 2.5103973471645506 2.6503544250251085E-3
 2.5395339850360905 2.759248938565373E-3
 2.5689501110406904 3.121766248157061E-3
 2.5986981292033 3.556449342799369E-3
 2.6287256354989696 3.956621637290265E-3
 2.659085033952648 4.220493213304377E-3
 2.6897413885477035 4.325003407859149E-3
 2.7207121672924516 4.326980744496161E-3
 2.7520148381952087 4.290535571688798E-3
 2.783614465239343 4.366556972761808E-3
 2.8155459844414862 4.466558415588286E-3
 2.847809395801639 4.8459489844461054E-3
 2.880387231311484 5.268793960583539E-3
 2.9133144269876543 5.663692500202647E-3
 2.9465560468135176 5.993411516356176E-3
 2.9801470268057066 6.295272438097069E-3
 3.0140698989559044 6.580157044406869E-3
 3.0483246632641116 6.763033018537693E-3
 3.0829462557469606 6.8826374233546E-3
 3.1178997403878185 7.040914054574363E-3
 3.153202585195002 7.194566909871495E-3
 3.1888547901685106 7.334368503312292E-3
 3.224873823316661 7.576691392743211E-3
 3.2612422166311372 7.992175021412999E-3
 3.2979774381202546 8.534037259249293E-3
 3.3350794877840144 9.084484678848837E-3
 3.372548365622415 9.534654959722414E-3
 3.4103840716354576 9.868038138544626E-3
 3.448586605823142 0.010054396665484576
 3.4871559681854682 0.010067766423747227
 3.526127094739069 0.010092197808659553
 3.5654650494673103 0.010115058756404808
 3.6051873003785104 9.727846866541436E-3
 3.6452938474726686 8.872796663866318E-3
 3.685784690749784 7.828837791541999E-3
 3.7266772982181746 6.974511568244715E-3
 3.7679716698778387 6.416960373011057E-3
 3.809650337720461 6.512582355804691E-3
 3.8517307697543574 6.629434298002809E-3
 3.894230433987844 7.056511108426691E-3
 3.9371143944042894 7.518856356479276E-3
 3.980435055028641 7.877180556330297E-3
 4.024140011835951 8.186243485893663E-3
 4.068281668851167 8.441723101215201E-3
 4.112825090057658 8.392378690035769E-3
 4.157787743463739 8.16448697424104E-3
 4.203187097077727 7.926567560586477E-3
 4.249005682891306 7.562880716104984E-3
 4.295260968912791 6.902524371504097E-3
 4.341935487133867 6.2052177992683935E-3
 4.389064173571166 5.726793737319634E-3
 4.436612092208055 5.307302510946601E-3
 4.484614179061166 4.833316480520683E-3
 4.533052966122186 4.303593379094147E-3
 4.581928453391112 3.9172211295119734E-3
 4.631258108876261 3.6897991038120883E-3
 4.68105940058595 3.573464875813813E-3
 4.731297392503544 3.409890624734695E-3
 4.781989552637362 3.016263698242123E-3
 4.833135880987403 2.899767371607456E-3
 4.884753845561984 3.0526667602826266E-3
 4.936843446361103 3.20619864040578E-3
 4.989387215376446 3.5038921330678815E-3
 5.042420088624644 3.457608919683106E-3
 5.095907130089065 3.190553142641237E-3
 5.149883275786343 2.6350360387994123E-3
 5.204331057708159 1.912110349018245E-3
 5.259250475854515 1.2128686919167437E-3
 5.314676466242043 4.661991260706361E-4
 5.370574092854109 -1.8281662413771832E-4
 5.426960823699031 -3.665575709702606E-4
 5.483836658776809 -4.5682238768439815E-4
 5.541201598087443 -5.777109545121118E-4
 5.5990731096392485 -5.938306302676594E-4
 5.657433725423909 -6.093390166150958E-4
 5.716300913449741 -1.0303362995899196E-3
 5.775674673716747 -1.4249677288233834E-3
 5.835537538216606 -1.813536673639249E-3
 5.895924442965955 -2.5377459470841494E-3
 5.9568179199564754 -1.8022944091118618E-3
 6.018217969188167 -1.075544526494212E-3
 6.080142058669348 -1.9450124689917613E-3
 6.1425727203916995 -2.740170964265684E-3
 6.2055099543552234 -2.7267868565422513E-3
 6.268988696576551 -2.71574859836737E-3
 6.332991479047368 -2.7480798559066923E-3
 6.397500833759357 -2.970443567556797E-3
 6.462551696729149 -3.3245994009067796E-3
 6.528126599948431 -3.7358753795742E-3
 6.594225543417198 -4.92471234412406E-3
 6.660865995143772 -6.679542102591885E-3
 6.728030487119834 -7.209486672257572E-3
 6.7957364873537 -7.635731956873525E-3
 6.863966527837054 -8.694003087485162E-3
 6.932755544586528 -9.121228545350253E-3
 7.002068601585491 -9.003779274937725E-3
 7.0719406348505744 -8.859677154393588E-3
 7.142354176373463 -8.811267141424092E-3
 7.2132917581458384 -8.479698408873287E-3
 7.284788316184335 -7.857796377191825E-3
 7.356843850488953 -6.4873617704621364E-3
 7.429440893051374 -4.4752241910386474E-3
 7.5025794438716 -2.6730429778155737E-3
 7.576276970957947 -1.2446913322489948E-3
 7.650533474310413 4.086967982808946E-4
 7.725331485920686 1.869504025367404E-3
 7.800688473797079 2.548558028255393E-3
 7.876604437939592 3.1066604159497466E-3
 7.953061910339909 3.59031734744013E-3
 8.030095827014664 3.640510811350487E-3
 8.107671251947222 2.791675963094029E-3
 8.185823121154218 1.463100787821985E-3
 8.264516498619018 2.733269856165575E-4
 8.343768852349939 -5.229928949459942E-4
 8.423597650355298 -1.5431203274568481E-3
 8.50396795661846 -2.9547793690852695E-3
 8.58491470715606 -4.5175247147703654E-3
 8.666420433959779 -5.870820562835945E-3
 8.748485137029618 -6.581317545117108E-3
 8.83110881636558 -6.338559197477577E-3
 8.914291471967662 -6.069177069817212E-3
 8.998033103835864 -4.99692169880389E-3
 9.082351179978504 -3.825439784750854E-3
 9.167210764378948 -2.994356928987348E-3
 9.25264679305383 -2.3677820009409887E-3
 9.338624329986514 -1.676896708063924E-3
 9.425178311193637 -1.0607865731391845E-3
 9.512273800658562 -6.520085476656522E-4
 9.599945734397926 -4.1190073945836155E-4
 9.688159176395093 -2.762920958467463E-4
 9.776949062666699 -1.4782114265118073E-4
 9.866280457196108 -1.3247715875353244E-4
 9.956170827991638 -1.1845567382102135E-4
 10.046602707044972 -9.232664151355884E-5
 10.137611030372744 -7.15713815253487E-5
 10.229143393950004 -5.4829910735590986E-5
 10.321252201801698 -4.128768214631322E-5
 10.413885049902882 -3.025184695314056E-5
 10.507076874270188 -2.123258937067306E-5
 10.600827674903615 -1.382855206913074E-5
 10.695102515786528 -7.777171598529806E-6
 10.789918864927246 -2.821250683000754E-6
 10.885276722325768 1.2845307481711102E-6
 10.981176087982096 4.665247729355455E-6
 11.077616961896227 7.44732459825469E-6
 11.174581876059847 9.730490242467317E-6
 11.27208829848127 1.165297911321619E-5
 11.370101293143867 1.3228071807994073E-5
 11.468655796064267 1.448363326933011E-5
 11.567734339234155 1.5548630273490317E-5
 11.667336922653531 1.646068132804427E-5
 11.767446078314078 1.722295986347357E-5
 11.868079274224115 1.783562840327406E-5
 11.969219042375325 1.8322088553479882E-5
 12.070865382767703 1.8774918752554585E-5
 12.173018295401256 1.913235567302163E-5
 12.27567778027598 1.9431399645727953E-5
 12.378843837391877 1.9709546508625304E-5
 12.482498998740628 1.9926009151989077E-5
 12.586625796313918 2.0132704142813792E-5
 12.691259166128381 2.0285432673523304E-5
 12.7963816401757 2.0443504851237404E-5
 12.901975750447555 2.0609052486913333E-5
 13.008041496943951 2.070980996912427E-5
 13.114578879664888 2.082012601508896E-5
 13.22160536661868 2.0971496354207074E-5
 13.329068553780377 2.1067046669533492E-5
 13.437003377166617 2.1153097088568693E-5
 13.545392368769077 2.128416902191986E-5
 13.654218060579444 2.1385823664689065E-5
 13.763497920606035 2.1482749995554737E-5
 13.873214480840533 2.159941128119867E-5
 13.983385209291251 2.1715979754693402E-5
 14.093957701933247 2.183126397815102E-5
 14.204966894783148 2.1965478899356616E-5
 14.31639531983264 2.2099035989380993E-5
 14.428242977081721 2.2208931319465887E-5
 14.54049239852208 2.234182171885607E-5
 14.65314358415371 2.2496000446721841E-5
 14.766196533976615 2.265016750736861E-5
 14.879633779982477 2.281567748102429E-5
 14.993455322171299 2.296272651469554E-5
 15.107661160543078 2.313394668422443E-5
 15.222251295097815 2.333134392951717E-5
 15.337190789818877 2.3504989047888924E-5
 15.452514580722896 2.3702610642396952E-5
 15.568170263784927 2.392316969758493E-5
 15.684192775021598 2.41421837897186E-5
 15.800547178416277 2.4363502789182928E-5
 15.917233473968967 2.4605588385554761E-5
 16.034251661679665 2.4870327011456617E-5
 16.151584273540056 2.5133490192817206E-5
 16.269248777558455 2.5419084803292296E-5
 16.387210237718235 2.5705021844077655E-5
 16.505486122027704 2.599135923625232E-5
 16.624041494470233 2.6321852944303315E-5
 16.742893823054142 2.6672607038742492E-5
 16.862025639771108 2.702555411222142E-5
 16.98141947661282 2.739863587982395E-5
 17.10109280158759 2.779367346973214E-5
 17.22101067867879 2.8210678021679683E-5
 17.341190575894735 2.8669003352294566E-5
 17.461615025227107 2.913182659489978E-5
 17.58224909065927 2.959285944760114E-5
 17.703127708207865 3.014236407495986E-5
 17.824181005839623 3.067668817877179E-5
 17.945583663637705 3.122974240982776E-5
 18.06716100151895 3.189027301648149E-5
 18.1887383394002 3.254822626991928E-5
 18.31066503744777 3.322286058173919E-5
 18.4327664155785 3.396109973482487E-5
 18.555042473792397 3.4760810288415743E-5
 18.677493212089455 3.564740389178364E-5
 18.799943950386513 3.654927370725059E-5
 18.9227440488499 3.751177598653519E-5
 19.04554414731328 3.8534569914857515E-5
 19.16869360594299 3.968787176134651E-5
 19.29166838448954 4.0966430059740403E-5
 19.41499252320241 4.229718845593775E-5
 19.53831666191528 4.3759928278369034E-5
 19.66181548071132 4.538868111452407E-5
 19.785314299507355 4.7238226809017724E-5
 19.90881311830339 4.9221775824522716E-5
 20.032486617182588 5.1417161042096E-5
 20.156334796144946 5.3936110440562334E-5
 20.280182975107305 5.690958410837694E-5
 20.403856473986504 6.028616599700435E-5
 20.52787933303203 6.428483441782648E-5
 20.65172751199439 6.914200480779322E-5
