 0.0E+0 0.0E+0
 1.0848399209442013E-3 3.5365250997037786E-3
 2.1824412534539772E-3 0.01273304407470725
 3.2929532466764816E-3 0.02647695925324827
 4.416526874665784E-3 0.0438108492220818
 5.553314855839244E-3 0.06392240405476164
 6.703471672618989E-3 0.08613412046075096
 7.867153591302445E-3 0.10989434072814157
 9.04451868212713E-3 0.13476443534053048
 0.01023572683957003 0.160401811740039
 0.01144093980283935 0.1865417036331213
 0.012660321176600898 0.2129802584936405
 0.013894036451911482 0.23955981251774755
 0.01514225302738328 0.266156674799006
 0.016405140230569867 0.29267162249322914
 0.017682869339566746 0.3190230516052864
 0.01897561360485554 0.34514196229096316
 0.020283548271364453 0.3709683579291288
 0.021606850600766964 0.3964488963232947
 0.02294569989401143 0.42153576426572225
 0.024300277514088912 0.4461863879282519
 0.025670766909028242 0.470363544798598
 0.027057353635153155 0.4940355434150659
 0.02846022538055383 0.5171762838874068
 0.029879571988820467 0.5397651376117631
 0.031315585483018784 0.5617866418490249
 0.032768460089903785 0.5832300034465199
 0.03423839226440646 0.6040883409535787
 0.03572558071434606 0.62435774477105
 0.037230226425413445 0.6440364689748046
 0.03875253268640189 0.6631244436344269
 0.04029270511471097 0.681622915792826
 0.04185095168209045 0.6995340842502182
 0.04342748274065913 0.7168608303411499
 0.045022511049198493 0.7336073430560159
 0.04663625179968283 0.7497797705818082
 0.048268922644115364 0.7653868726967881
 0.04992074372160995 0.780439783150636
 0.051591937685754964 0.7949508863576461
 0.05328272973225765 0.8089328330734605
 0.054993347626857744 0.8223979556270667
 0.056724021733523435 0.8353584582064745
 0.05847498504293671 0.8478266992069593
 0.06024647320125383 0.8598146076446833
 0.062038724539158734 0.871332675983129
 0.06385198010120069 0.882389214498712
 0.06568648367542144 0.8929907240519738
 0.0675424818232902 0.9031428124563775
 0.06942022390990617 0.91285143383725
 0.071319962134531 0.9221243595143239
 0.07324195156139246 0.9309721277691395
 0.07518645015080508 0.9394067260559844
 0.07715371879059506 0.9474403573472944
 0.07914402132782197 0.9550852055112734
 0.08115762460081029 0.9623538111151713
 0.08319479847150701 0.969259355053559
 0.08525581585812525 0.9758155366519871
 0.08734095276812125 0.9820356741017662
 0.0894504883314793 0.9879322031991609
 0.09158470483432488 0.9935170853406894
 0.0937438877528379 0.9988023654527178
 0.09592832578751283 1.0038001344298048
 0.09813831089772808 1.008522515408359
 0.1003741383366437 1.0129817441553212
 0.10263610668643067 1.017190009612607
 0.10492451789383003 1.0211586138426036
 0.1072396773060456 1.0248969140012282
 0.10958189370696458 1.0284112349781762
 0.11195147935372124 1.031704238740684
 0.11434875001359708 1.0347768058958324
 0.11677402500125916 1.0376298280652895
 0.11922762721634367 1.0402655279288073
 0.12170988318137593 1.0426879532991912
 0.12422112308004514 1.0449027091249167
 0.12676168079581848 1.0469165140534977
 0.12933189395091077 1.0487372246666415
 0.13193210394559654 1.050373083373183
 0.1345626559978817 1.0518321808852075
 0.1372238991835249 1.0531225855229708
 0.13991618647641801 1.0542528130210515
 0.142639874789319 1.055233615473373
 0.14539532501494148 1.056078121705719
 0.1481829020674184 1.056799407826895
 0.1510029749241032 1.0574067591691904
 0.15385591666775697 1.057903192078665
 0.15674210452908643 1.0582862936430237
 0.15966191992965142 1.0585518229737096
 0.16261574852513385 1.0586967551090658
 0.16560398024898198 1.058719912412187
 0.1686270093564215 1.0586223937885272
 0.17168523446883107 1.058407984859161
 0.17477905861849571 1.058082913272234
 0.17790888929372805 1.0576550388725742
 0.18107513848435821 1.0571322936888123
 0.1842782227276123 1.0565203211513183
 0.18751856315434617 1.055822088018092
 0.19079658553566966 1.0550410945576216
 0.19411272032993176 1.0541821322752258
 0.19746740273010177 1.053251886251631
 0.20086107271150216 1.052258398797081
 0.20429417507994282 1.0512089977772172
 0.20776715952021074 1.050109541333117
 0.21128048064495946 1.0489650557547693
 0.21483459804395363 1.0477822592948462
 0.21842997633370797 1.0465690452911293
 0.22206708520749623 1.0453314071809898
 0.22574639948573918 1.0440700185644291
 0.22946839916676728 1.0427805940421075
 0.233233569477969 1.0414587325330175
 0.23704240092729925 1.0401012800685762
 0.2408953893551828 1.038703719276538
 0.2447930359867758 1.0372605531037883
 0.24873584748461535 1.0357661786044856
 0.2527243360016321 1.0342141391362651
 0.2567590192345381 1.0325974642549726
 0.2608404204775914 1.0309117190128374
 0.2649690686767259 1.029154296325402
 0.269145498484041 1.0273195823030272
 0.2733702503126799 1.0253985978315582
 0.27764387039205212 1.0233829577849034
 0.2819669108234263 1.0212692982385556
 0.28633992963588944 1.0190589688848612
 0.29076349084265995 1.0167530903516044
 0.29523816449776 1.0143505840685533
 0.29976452675303555 1.011854661315972
 0.30434315991554344 1.009272972592838
 0.3089746525052646 1.0066078935223303
 0.31365959931318876 1.0038561714796863
 0.31839860145972426 1.0010132703278
 0.32319226645344995 0.9980758797951699
 0.32804120825020843 0.9950473703103546
 0.33294604731253246 0.9919344264524594
 0.33790741066938845 0.9887427234862499
 0.34292593197625725 0.9854759884065363
 0.3480022515755248 0.9821319046732127
 0.35313701655719653 0.978703509053381
 0.3583308808199189 0.9751820913285605
 0.36358450513229995 0.971557576432552
 0.3688985571945394 0.9678221685736523
 0.37427371170035256 0.9639717083479671
 0.37971065039917673 0.960006415344503
 0.3852100621586694 0.9559329901033171
 0.39077264302747544 0.9517613440663317
 0.3963990962982694 0.9474954362369351
 0.4020901325710595 0.943137610009284
 0.40784646981675792 0.9386974271478689
 0.4136688334409776 0.9341891147116589
 0.4195579563481011 0.9296249068081637
 0.4255145790055596 0.9250089700073916
 0.43153944950834655 0.9203374934797137
 0.4376333236437532 0.9156070519545556
 0.44379696495630566 0.9108204512863451
 0.4500311448129074 0.9059857508907045
 0.4563366424681624 0.9011092254076525
 0.46271424512989983 0.8961941385243043
 0.46916474802483715 0.891239069378285
 0.47568895446443265 0.8862300990345243
 0.48228767591087773 0.8811382935586168
 0.4889617320432142 0.8759302642084495
 0.49571195082359986 0.8705734425589604
 0.5025391685636733 0.865039532144238
 0.5094442299910303 0.8593106364296532
 0.5164279883157752 0.853384069026726
 0.5234913052971751 0.8472859810743543
 0.5306350513103474 0.841061130726375
 0.5378601054130198 0.8347384743965426
 0.5451673554123112 0.828318125150737
 0.5525576979315415 0.8217887759590915
 0.56003203847704 0.815132872446734
 0.5675912915049474 0.8083378829910097
 0.5752363804879899 0.8014058537997281
 0.5829682379822042 0.7943463727849926
 0.5907878056936181 0.7871751750997118
 0.59869603454483 0.7799009019631141
 0.6066938847415109 0.7725158765091341
 0.6147823258387839 0.7650046572260113
 0.622962336807473 0.7573531331669465
 0.6312349061001953 0.7495510051713877
 0.6396010317172754 0.7415820348551827
 0.6480617212724853 0.7334290400408877
 0.6566179920585363 0.7250833244980427
 0.6652708711123665 0.7165407061452896
 0.6740213952801505 0.7077980666529295
 0.6828706112820229 0.6988668686044387
 0.691819575776511 0.6897748186863525
 0.7008693554246249 0.6805486850388299
 0.7100210269535934 0.67121766569572
 0.7192756772202288 0.6618318233319458
 0.7286344032738686 0.652457029794403
 0.738098312418903 0.6431424961147817
 0.7476685222768207 0.6339039352987985
 0.7573461608477834 0.6247254695400862
 0.7671323665716808 0.6155538451983721
 0.7770282883886173 0.6063183467588351
 0.7870350857988603 0.5969725086256881
 0.7971539289221365 0.5875132560558696
 0.8073859985563292 0.5779634614263975
 0.8177324862354735 0.5683607752295748
 0.8281945942870631 0.5587787391568811
 0.8387735358886153 0.5492879165472613
 0.8494705351234642 0.5399010634368494
 0.8602868270357396 0.5305784485818597
 0.8712236576845058 0.5212692646976086
 0.8822822841970247 0.5119388990521212
 0.8934639748210905 0.5025852911055723
 0.9047700089764148 0.4932387478194975
 0.9162016773050115 0.4839419589553786
 0.9277602817205398 0.4747455291205569
 0.9394471354565882 0.4657377515247169
 0.9512635631138122 0.4570148872274111
 0.9632109007059385 0.44866470696142135
 0.975290495704537 0.4407439503052234
 0.9875037070825605 0.433274347504071
 0.9998519053565881 0.42625072808342756
 1.0123364726277133 0.41964749821721014
 1.0249588026210598 0.4134354877582882
 1.0377203007238513 0.407559671034301
 1.0506223840219985 0.4019619511942262
 1.0636664813351457 0.39663184060816286
 1.076854033250141 0.3915825960222979
 1.0901864921528576 0.3868080739510119
 1.1036653222583352 0.38228563379390434
 1.1172919996391581 0.3780100532189698
 1.1310680122520582 0.37399760875703935
 1.1449948599626433 0.37025706970066513
 1.1590740545682247 0.3667829862417568
 1.1733071198186713 0.36356944385352862
 1.1876955914352311 0.3606126127417922
 1.20224101712728 0.3579059888272944
 1.2169449566069021 0.35543591524233414
 1.231808981601278 0.3531882336269102
 1.246834675862789 0.3511620278241302
 1.2620236351767923 0.34937065497736397
 1.2773774673669864 0.3478221705624919
 1.2928977922983266 0.34650781181008905
 1.3085862418773812 0.3454128519138167
 1.3244444600501172 0.3445117911317578
 1.3404741027969908 0.3437603067792824
 1.3566768381253104 0.343121364531366
 1.3730543460587887 0.34258465241500196
 1.3896083186242074 0.34215967332839997
 1.40634045983514 0.34185103166044433
 1.42325248567262 0.3416502259736868
 1.4403461240627366 0.3415501275495856
 1.457623114851027 0.34155690406514827
 1.4750852097736206 0.34168333679827023
 1.4927341724250553 0.34193813068706335
 1.5105717782226688 0.34232178628921516
 1.5285998143674996 0.3428229088729732
 1.5468200798016273 0.3434112867211979
 1.5652343851618357 0.34403921474423693
 1.5838445527295526 0.34465600942284013
 1.6026524163769708 0.3452199793879187
 1.621659821509243 0.34570248091477734
 1.6408686250027113 0.346091758762505
 1.6602806951390343 0.34638925246145824
 1.679897911535168 0.346598329060637
 1.699722165069076 0.3467252549933453
 1.7197553578011204 0.34679672754373874
 1.739999402890992 0.34686695764611003
 1.7604562245101418 0.3470042828627139
 1.7811277577495903 0.34726676384499055
 1.8020159485230242 0.3476705254306629
 1.823122753465116 0.34818763080913073
 1.844450139824916 0.3487756572685143
 1.8660000853543037 0.34939099046129573
 1.8877745781913217 0.34998721751458466
 1.9097756167383448 0.35052869090616495
 1.9320052095349977 0.3510206950497404
 1.9544653751256717 0.35149194151861357
 1.9771581419215982 0.35194793480580977
 2.0000855480573616 0.3523706746579346
 2.023249641241741 0.3527589438226875
 2.046652478602804 0.35312056891830195
 2.070296126527138 0.3534430385654566
 2.0941826604931392 0.3537176582378568
 2.118314164898233 0.3539619950920005
 2.142692732879951 0.35419681670156255
 2.1673204661307625 0.35442479624526945
 2.192199474706545 0.3546770576429242
 2.2173318768286165 0.35506309611058456
 2.2427197986792095 0.35565580129365076
 2.2683653741903007 0.3564475544708472
 2.2942707448257095 0.3573951221966341
 2.3204380593563285 0.3583987072032079
 2.346869473628433 0.35932333276932743
 2.373567150324937 0.3600309481697743
 2.4005332587195193 0.3604096900024545
 2.4277699744235192 0.3604063187825807
 2.4552794791254912 0.36004013004715684
 2.4830639603233484 0.3594915128607312
 2.5111256110489734 0.3590533490366027
 2.5394666295852306 0.35892936825045695
 2.5680892191752606 0.35913962576470476
 2.5969955877239816 0.35954639552024036
 2.626187947491708 0.3599445375042951
 2.655668514779786 0.3602652934329334
 2.6854395096081633 0.36055448250558896
 2.7155031553848214 0.36082975758432134
 2.7458616785669502 0.3610505835439592
 2.7765173083138217 0.36115539659776024
 2.8074722761312522 0.3610905374893947
 2.8387288155075993 0.3608645155691785
 2.870289161541179 0.3604988923728159
 2.9021555505590717 0.3599421244716428
 2.9343302197272023 0.35916606676871304
 2.9668154066516683 0.35837278023876245
 2.9996133489711933 0.35776013787887817
 3.0327262839406983 0.3572654276566265
 3.066156448005869 0.35678803007911324
 3.0999060763687187 0.3563332205778172
 3.1339774025440396 0.3560362577153505
 3.168372657906716 0.3560694497607103
 3.2030940712298363 0.3563742840063939
 3.2381438682135725 0.3568090284538006
 3.2735242710047605 0.3572093256702942
 3.3092374977071594 0.3575296216389983
 3.3452857618823426 0.3579202533711246
 3.3816712720411965 0.35839239011204115
 3.4183962311259974 0.3587546876946038
 3.4554628359830306 0.3589579561912604
 3.4928732768257564 0.35911099198802792
 3.5306297366884793 0.35943413844094573
 3.5687343908705373 0.3599167231465001
 3.60718940637098 0.36050028056211474
 3.6459969413137693 0.3609671497679888
 3.685159144363469 0.36120249959431754
 3.7246781541314653 0.36136351334516014
 3.7645560985727093 0.3615328273622491
 3.804795094373034 0.3616426433701251
 3.845397246327044 0.3619188524670752
 3.886364646706616 0.3626245944242748
 3.9276993746200825 0.36353903455299096
 3.969403495362092 0.3642762943131954
 4.011479059754252 0.36432304003950255
 4.0539281034765615 0.36381790405823416
 4.096752646389762 0.36320710665381855
 4.139954691848621 0.3625499111937639
 4.183536226006257 0.3620551402517053
 4.227499217109605 0.3616117526718545
 4.271845614786084 0.36134999728898553
 4.316577349321617 0.36144232918180146
 4.361696330930061 0.3614479273217143
 4.407204449014208 0.36136144934958314
 4.4531035714184774 0.36159706153236342
 4.499395543673404 0.362440721906617
 4.546082188232117 0.36347658658866927
 4.593165303698907 0.3646142699095263
 4.640646664050107 0.36573007390547573
 4.688528017847367 0.36579229501318633
 4.73681108744363 0.3647182435390423
 4.785497568181845 0.3631039791568534
 4.83458912758675 0.3614179319949432
 4.884087404549855 0.35991727129928346
 4.933994008507841 0.35875699470520294
 4.9843105186146674 0.3579530489103322
 5.03503848290753 0.35723795023355825
 5.086179417466998 0.35645809083987622
 5.137734805571519 0.35576472627478344
 5.1897060968466215 0.3554162505584409
 5.242094706409013 0.3542620482422602
 5.2949020140059595 0.35230576218058123
 5.348129363150111 0.35064388137606405
 5.401778060250238 0.3489691776169506
 5.455849373738021 0.3472886704499023
 5.510344533191385 0.3457992413584161
 5.565264728454571 0.34394898234372006
 5.620611108755429 0.342294240937295
 5.676384781820128 0.34042427498597332
 5.732586812985829 0.3385493743642161
 5.78921822431156 0.3369779248047328
 5.846279993687736 0.33545849634933555
 5.903773053944732 0.33333580009200536
 5.961698291960886 0.33037376327554146
 6.02005654777038 0.32650387729383456
 6.078848613671395 0.3219448407357615
 6.138075233335032 0.3160379735615504
 6.197737100915356 0.3095134279689746
 6.257834860161149 0.3021970060268029
 6.318369103529688 0.2939492510451639
 6.37934037130318 0.28512905417282963
 6.440749150708195 0.27593866507431263
 6.502595875038732 0.26578221407819774
 6.564880922783273 0.2549976105958656
 6.6276046167565034 0.243926943543583
 6.6907672232360484 0.23240581389846542
 6.7543689511048965 0.220334021731307
 6.818409950999993 0.20709824564649725
 6.882890314467494 0.1931257222757622
 6.947810073125366 0.17895551796629002
 7.013169197833732 0.16459855086323485
 7.078967597873691 0.1499192718836592
 7.145205120135028 0.13582783668133482
 7.211881548313552 0.12334227385375002
 7.2789966021184975 0.11176741756570555
 7.346549936490722 0.10022827091576439
 7.414541140832144 0.08871993899037388
 7.482969738247203 0.07767879411239272
 7.551835184796754 0.06739510266280996
 7.621136868765183 0.05806342921702053
 7.6908741099412054 0.049467716274252185
 7.761046158913116 0.04158075022060761
 7.831652196378924 0.034958696441139434
 7.902691332472187 0.029840645205556636
 7.9741626061040404 0.025944947223756897
 8.046064984322049 0.022893311362099003
 8.118397361686606 0.02040338190479256
 8.19115855966535 0.018302324355973734
 8.264347326046387 0.01648988591152364
 8.337962334370765 0.014903951527652221
 8.412002183385015 0.013502493773161954
 8.48646539651417 0.012255123593524495
 8.56135042135606 0.011138822305948575
 8.63665562919735 0.010135552247053606
 8.712379314552042 9.230810073636233E-3
 8.78851969472292 8.41269216237883E-3
 8.865074909386696 7.671265971162878E-3
 8.942043020203235 6.998128599361545E-3
 9.019422010449663 6.386087020160639E-3
 9.097209784679771 5.828924520669018E-3
 9.17540416840931 5.321220809327577E-3
 9.254002907827848 4.858216182204728E-3
 9.33300366953755 4.435704166353266E-3
 9.412404040319602 4.049946852437824E-3
 9.492201526928632 3.6976069758544584E-3
 9.572393555915816 3.37569227624684E-3
 9.65297747348102 3.0815108092591414E-3
 9.73395054535455 2.8126329190373052E-3
 9.815309956708987 2.56685990484365E-3
 9.897052812101498 2.3421978243566986E-3
 9.979176135447162 2.1368345345470795E-3
 10.061676870023643 1.9491204898705353E-3
 10.144551878507727 1.7775521742964092E-3
 10.227797943043985 1.6207574150141003E-3
 10.31141176534612 1.4774827036350187E-3
 10.395389966831123 1.3465820293908257E-3
 10.479729088786831 1.2270069035296106E-3
 10.564425592572976 1.1177976022159182E-3
 10.649475859856208 1.0180752437319864E-3
 10.73487619287922 9.270347174108446E-4
 10.820622814764363 8.439383570605449E-4
 10.906711869851852 7.68110118654083E-4
 10.993139424072918 6.989304174444524E-4
 11.079901465357944 6.358313670798227E-4
 11.16699390407986 5.782925152084356E-4
 11.254412573532912 5.258368349261073E-4
 11.342153230446838 4.78027195849515E-4
 11.430211555536694 4.3446305097475686E-4
 11.518583154088201 3.9477744171218176E-4
 11.607263556578857 3.586342330846104E-4
 11.6962482193346 3.2572558388100345E-4
 11.78553252522226 2.9576961864183863E-4
 11.875111784377468 2.6850832537476547E-4
 11.964981234968237 2.4370555580950712E-4
 12.055136043993857 2.211452231025731E-4
 12.145571308119205 2.006297019982714E-4
 12.236282054544088 1.819782383251716E-4
 12.327263241907682 1.6502558648676785E-4
 12.418509761227584 1.4962071606174054E-4
 12.510016436873505 1.356256225911839E-4
 12.601778027575074 1.2291424047626916E-4
 12.693789227463672 1.1137144734819317E-4
 12.786044667147848 1.0089214106081592E-4
 12.878538914821936 9.138039665727534E-5
 12.971266477407639 8.274868054231297E-5
 13.064221801727934 7.491715332747103E-5
 13.157399275713095 6.781300128843684E-5
 13.250793229638163 6.136984502763279E-5
 13.344397937391523 5.552717807326347E-5
 13.438207617773893 5.0229866274551925E-5
 13.532216435827378 4.542768092537093E-5
 13.62641850419375 4.107487372436361E-5
 13.720807884501637 3.712978381007959E-5
 13.815378588781666 3.355448024634449E-5
 13.910124580909226 3.0314435986791765E-5
 14.005039778073845 2.7378220689052482E-5
 14.10011805227475 2.4717231769966165E-5
 14.195353231841647 2.2305436874286527E-5
 14.290739102980105 2.0119144177925893E-5
 14.38626941134071 1.8136788962173076E-5
 14.481937863611133 1.6338740876306046E-5
 14.577738129130422 1.4707124695069615E-5
 14.67366384152442 1.32256570679116E-5
 14.769708600361765 1.187949694266267E-5
 14.865865972829269 1.0655108054360885E-5
 14.962129495425954 9.540132747078338E-6
 15.058492675674803 8.523275767386824E-6
 15.154948993851105 7.594197216151955E-6
 15.251491904726752 6.743413729870576E-6
 15.348114839329138 5.962207538286103E-6
 15.444811206713984 5.242541052558505E-6
 15.541574395750853 4.576977659594616E-6
 15.638397776920524 3.958607208857906E-6
 15.73527470412297 3.380974987293154E-6
 15.832198516495195 2.8380138865501525E-6
 15.929162540237536 2.323977388472116E-6
 16.026160090447664 1.8333721706993114E-6
 16.12318447296105 1.3608864779045315E-6
 16.220228986196872 9.013089733268639E-7
 16.317286923008246 4.4942576331231613E-7
 16.414351572535817 7.530271421320432E-17
