 4.725067488989427E-4 0.9102406628363475
 1.423075280572764E-3 0.9098512588748191
 2.3848277564678496E-3 0.9134208639776047
 3.357900013963405E-3 0.9168509864602905
 4.342399293095646E-3 0.9198194536840323
 5.338492411698683E-3 0.9222704026689342
 6.3462985253683124E-3 0.9241877256462471
 7.365948705259907E-3 0.9255744389497161
 8.39758593808842E-3 0.926448549250176
 9.441353210568805E-3 0.9268377454671708
 0.010497405424975596 0.9267747497285604
 0.011565849821345005 0.9262949693152416
 0.012646817470832409 0.9254349790496348
 0.013740546684629396 0.9242310071158368
 0.014847144702772177 0.9227171918401706
 0.015966730680856553 0.9209246465436169
 0.017099423774478313 0.9188813431927991
 0.018245581450424843 0.9166121840839004
 0.01940508455310035 0.9141389982574639
 0.020578171393696421 0.9114814258634201
 0.021765080283404642 0.908656633304976
 0.022965930377820811 0.9056806329248338
 0.02418095998813652 0.9025688895276135
 0.02541016911435176 0.8993365144223797
 0.026653796067658126 0.8959979828043391
 0.02791207915924721 0.8925663112102115
 0.029185137544714797 0.8890528312116052
 0.030473090379656685 0.8854678870287264
 0.03177617597526447 0.881820374501756
 0.03309463264272973 0.8781177767323864
 0.034428460382052473 0.8743657802646139
 0.03577801666002008 0.8705689125188157
 0.03714330147663255 0.8667314068347399
 0.038524791454273066 0.8628570079467954
 0.03992236743734582 0.8589502052350225
 0.041336267737042416 0.855016705765274
 0.04276684982015023 0.8510632459575665
 0.044214232842265055 0.8470956406632462
 0.045678535958982684 0.8431171655669059
 0.04716011663709051 0.8391286540631788
 0.04865897487658853 0.8351307784654615
 0.05017534898866832 0.831125230148255
 0.051709596440117286 0.8271136673878267
 0.0532618363865312 0.8230979931681515
 0.054832187983505864 0.8190820093335308
 0.05642100869782867 0.8150714668675678
 0.0580284176850954 0.8110724699082069
 0.05965465325649765 0.8070901824242223
 0.061299953723227 0.8031295140995801
 0.06296455739647507 0.7995562307491855
 0.06464858343183762 0.7952971318522902
 0.06635238929610203 0.7914364115608027
 0.06807609414486411 0.787617195530761
 0.06982005544491125 0.7838393294662809
 0.07158439235183923 0.7800979794875571
 0.07336934317683966 0.7763827931690278
 0.0751751462311041 0.7726819569002765
 0.07700215898141995 0.7689883023243111
 0.07885061973897879 0.7653014404874382
 0.08072064765937642 0.7616241249716423
 0.08261248105380443 0.7579581469174986
 0.08452647738905023 0.7543051706011081
 0.08646287497630535 0.7506677206169636
 0.08842191212676141 0.7470492141769586
 0.09040382715161001 0.7434551187058192
 0.09240897751763852 0.739893142368859
 0.09443748238044274 0.7363692139144956
 0.09648969920681004 0.7328845927539893
 0.09856598546352781 0.7294390042842681
 0.10066646030619186 0.7260338653763425
 0.10279148120158955 0.7226716083766724
 0.10494128646091248 0.7193519932151254
 0.10711623355094806 0.7160678282652296
 0.10931656078288782 0.7128115836126706
 0.11154262562351919 0.709583873226042
 0.11379454722843795 0.7063956051184439
 0.11607280222002725 0.7032629329408441
 0.11837774806507452 0.7001970594637149
 0.12070938476357973 0.6971979627631875
 0.12306866556030926 0.6942581075252794
 0.12545535214407152 0.6913702775612849
 0.12786944451486645 0.6885292578824587
 0.1303121342286521 0.6857309273310875
 0.13278222972947043 0.6829774166351092
 0.13528211412923735 0.6802759783905197
 0.13781059587199498 0.6776297176644247
 0.14036886651370117 0.675031957505269
 0.14295692605435597 0.672466841193201
 0.14557596604991734 0.6699216128842976
 0.14822479494442733 0.6674000137625244
 0.15090341273788587 0.6649198548477269
 0.15361420254220894 0.6624929822561596
 0.15635716435739652 0.6601212657691069
 0.15913110662749063 0.6578033093375296
 0.16193722090844925 0.6555447951785909
 0.16477669875623027 0.6533643512172903
 0.1676483486148758 0.6512779528107397
 0.17055455359630172 0.6492802331790343
 0.17349412214455006 0.6473397604502198
 0.17646705425962086 0.6454954880707947
 0.17947454149747205 0.6434776456447938
 0.18251777541406155 0.6415251844511886
 0.18559556445343142 0.6395670831401145
 0.18871029172749756 0.6376127826719218
 0.19186076568030205 0.6356710543573761
 0.19504698631184486 0.6337472283411213
 0.19827014517808394 0.6318432843036059
 0.2015314338349772 0.6299595024201301
 0.2048308522825247 0.6280878285643895
 0.2081672089647685 0.6262117047147714
 0.2115440785495824 0.6243234659237902
 0.21495788636909252 0.6224406205921936
 0.2184133986471307 0.6206040091144858
 0.22190704071582312 0.6188553432566893
 0.22544238724304357 0.6172024475515226
 0.22901824667283415 0.6156235761407931
 0.23263581056115276 0.6140974254920682
 0.2362950789079994 0.6126263326357744
 0.2399960517133741 0.6112280549163912
 0.24374111208919274 0.60991122848741
 0.24752787692353941 0.6086787067141562
 0.251359920884288 0.6075316545073337
 0.2552348608595225 0.606466365860484
 0.2591562715171169 0.605482333955178
 0.2631217697451552 0.604547706912129
 0.26713254709959544 0.6035977573884309
 0.27119098669235336 0.6026235136442093
 0.2752958969674712 0.6016878316741501
 0.2794472779249488 0.6008474806436426
 0.28364751267670212 0.6001057925883336
 0.2878954096667732 0.5994182948792164
 0.2921933520070779 0.5987168334861063
 0.2965401481416584 0.5979517913854153
 0.30093698962647252 0.5971146535537063
 0.30538387646152026 0.596202496323951
 0.30988319175871764 0.5952319440276832
 0.3144325524061486 0.5943010532669272
 0.319035533071687 0.5935022867367608
 0.323692133755333 0.5928127891818652
 0.32840116290112852 0.5921592781933369
 0.3331638120650315 0.5915078855785644
 0.33798246435895784 0.5908738142951347
 0.34285592822694965 0.5902689912655455
 0.3477853952249649 0.5896723938329714
 0.3527708653530034 0.5890791177547021
 0.3578147217229812 0.5885173207249555
 0.3629157727789403 0.588016219399765
 0.36807521007683874 0.5875646095820627
 0.37329303361667642 0.587142702089744
 0.37857162651036924 0.5868199103290062
 0.38391098875791723 0.5865430614820751
 0.3893099288033624 0.5863366886556428
 0.39477202131457866 0.5860434598428631
 0.400296074735608 0.5856390504738709
 0.40588328062240836 0.585152053944228
 0.41153483053093775 0.5846359892946142
 0.4172507244611961 0.5841760430654033
 0.4230309624131835 0.5837892417920381
 0.42887792749881564 0.583435571049266
 0.4347928112740507 0.5831562578319952
 0.44077323062697265 0.5829868075209464
 0.44682276022545536 0.582801760664209
 0.4529414000694989 0.5823955502712175
 0.45912915015910316 0.5816815371384931
 0.46538720205022604 0.5808027737217106
 0.4717167472988257 0.5800693400556057
 0.4781189774608599 0.5796055211723217
 0.48459270098037077 0.5793084295860372
 0.4911403009692742 0.579037363266856
 0.49776296898352806 0.5786804356510107
 0.5044607050231324 0.5782093059400093
 0.5112335090880873 0.5776476834335561
 0.5180849558462666 0.5770701681816459
 0.525012662185754 0.5765437566355314
 0.532019011218466 0.5760222486064729
 0.5391040029444022 0.5754069694325338
 0.5462700204754787 0.5747465683102004
 0.5535170638116954 0.5741947215171859
 0.5608463245090102 0.5737661884568983
 0.568258994123381 0.5734250279569943
 0.5757538810988502 0.5731598004017283
 0.5833345601032911 0.5730828666500881
 0.5909998395807462 0.5732886628575016
 0.5987521026431312 0.5737683558209272
 0.6065913492904462 0.5742581248337079
 0.6145187710786489 0.5745551203238213
 0.6225355595636975 0.5747533681550429
 0.63064290630155 0.5748926937401075
 0.638840811292206 0.5751292460526722
 0.6471316576475818 0.5756848476080467
 0.6555154453676773 0.5764166523639029
 0.6639921744524924 0.5769249974037415
 0.6725654195699009 0.5770435206226532
 0.6812339891639451 0.5769389717591631
 0.6900002663465405 0.5767303992013295
 0.6988642511176875 0.5763322039968761
 0.7078271350333437 0.5755947847787272
 0.7168901096494674 0.5744457769249295
 0.7260543665220163 0.5730364018334881
 0.7353210972069484 0.5716610406078566
 0.7446914932602215 0.570071591686187
 0.7541667462377939 0.5682747159194305
 0.7637468561396653 0.5659617132655952
 0.7734330145217937 0.5631086083385747
 0.7832276044960951 0.5596030029967871
 0.7931318176185274 0.5555611614132899
 0.8031444623331325 0.5514675270778341
 0.8132691133077844 0.5476318016509603
 0.8235069620984411 0.5437521285187528
 0.8338568171491444 0.539455639104204
 0.8443222531277683 0.5346965347829722
 0.8549032700343129 0.5296607963592279
 0.865601059424736 0.5242812642476993
 0.8764168128549955 0.5183993806330425
 0.8873517218810494 0.5117726674803941
 0.8984081696148137 0.5039467288763352
 0.9095861560562883 0.49519306213777475
 0.9208868727614312 0.48610531986928123
 0.9323127028421582 0.4761281307439423
 0.9438636462984692 0.46493909366683794
 0.9555408946863225 0.4529125949612545
 0.9673468311176338 0.43968184782401814
 0.9792826471483608 0.42527794590487633
 0.9913483427785038 0.41063464034561975
 1.0035463011199785 0.39624202654328993
 1.0158777137287431 0.3818086284922548
 1.0283437721607553 0.3664910504718585
 1.0409468595279314 0.34994386274923516
 1.0536857842743128 0.3323397927653454
 1.0665641210677736 0.3136239974313333
 1.079583061464272 0.2941636595180323
 1.092742605463808 0.2756294943491372
 1.106046327734255 0.25906088067520116
 1.1194930367196553 0.2439591484868264
 1.1330863070878827 0.2293380685022936
 1.1468273303948954 0.2146254759246505
 1.1607161066406932 0.20021408264490697
 1.1747550189371915 0.18577723863267142
 1.1889452588403492 0.17087580040010907
 1.2032927841299554 0.15568833133034573
 1.2177821045785568 0.1404139070711094
 1.2324382428612705 0.12505351057545327
 1.2472492834185171 0.10969070015122023
 1.2622271418098758 0.09469995182573034
 1.277347986916188 0.08082218282476783
 1.2926475654161913 0.06756490426376313
 1.3081020461907277 0.05422458700472377
 1.3237233447993761 0.04274726005924566
 1.339511461242137 0.03406316600821066
 1.3554663955190098 0.028611685748875383
 1.371588147629995 0.021733970779049444
 1.3878886331346715 0.018603033259822113
 1.40436785203304 0.016117240958706174
 1.4210019732059411 0.013842904463794848
 1.4378267433321132 0.012156726986479608
 1.454830246851977 0.011298220390442273
 1.4720124837655323 0.011298547668935599
 1.4893615385132001 0.011763754443810368
 1.5069131577737182 0.011724958062069137
 1.5246315948683486 9.249344171715218E-3
 1.5425525964758293 4.660130576998457E-3
 1.560652331477002 2.566147752188344E-4
 1.5789427154314452 -2.746910829024186E-3
 1.59742374833916 -3.3651548320784187E-3
 1.6160954302001457 -3.141895321753747E-3
 1.634969676573982 -2.815681715910373E-3
 1.6540345719010891 -1.0207585671372001E-3
 1.673302031741047 8.177944137637996E-4
 1.6927720560938552 1.8300141178192257E-3
 1.7124327293999348 1.2465584332772574E-3
 1.7323078827784441 -2.703964872478373E-4
 1.7523736851102245 -4.470033374092701E-4
 1.7726658830740145 1.3027210419359623E-4
 1.7931487299910753 8.39471967896193E-4
 1.8138579725401455 3.103306592416012E-3
 1.8347697796020663 5.9148501813826035E-3
 1.855896066736417 8.826230460840712E-3
 1.8772487495027772 0.011463693532250739
 1.8988039967819878 0.013356604636329433
 1.920585639693208 0.013970706155553018
 1.9425936782364374 0.0135850809680462
 1.964816196852097 0.01301003383032615
 1.9872770266593451 0.012258929939584468
 2.0099523365390234 0.010851976884439372
 2.0328659576102903 8.792696463222406E-3
 2.056005974313567 6.302524874357625E-3
 2.0793723866488527 3.46695148674965E-3
 2.1029890257353067 9.454273030940225E-4
 2.1268320604537707 9.006791012240632E-4
 2.1509134063638226 1.1669937175093421E-3
 2.175233063465464 1.564721046162418E-3
 2.1998029473182736 6.26559840667163E-4
 2.2246111423626717 -1.492905543738852E-3
 2.2496695641582382 -1.5359346589463578E-3
 2.2749782127049735 -1.5603022324251457E-3
 2.3005370880028763 -1.9671102613062012E-3
 2.326346190051948 -4.108533996545021E-3
 2.3524055188521875 -7.775530125403457E-3
 2.378715074403596 -0.014741531864939213
 2.405298687825331 -0.02584893402475056
 2.4321325279982346 -0.04518230943532101
 2.4592285104818856 -0.06430828587910863
 2.486586635276285 -0.08639001485882929
 2.5142069023814315 -0.10585528679433363
 2.5421012273569054 -0.12823832491919
 2.5702696102027062 -0.16549552620068025
