 0.0E+0 0.0E+0
 6.926868825783945E-4 0.1185523160853511
 2.086204233212229E-3 0.3570548069101103
 3.4961170564517152E-3 0.5975504903996175
 4.9226244875916584E-3 0.8379801112411014
 6.3658837387069065E-3 1.075277450191596
 7.826139361913885E-3 1.3058234047438808
 9.30356603729576E-3 1.5259770544508104
 0.010798355912944004 1.7325328590440531
 0.01231071860495842 1.9230154086490631
 0.013840863729438798 2.095800006182262
 0.015389018370493251 2.2500943421426
 0.016955339740196626 2.3858325714542742
 0.018540019986640406 2.503528296166753
 0.02014340846999091 2.6041185529607595
 0.021765662402322982 2.688819200192939
 0.023406956463719794 2.759002147263136
 0.0250674653342645 2.8160991864158395
 0.026747713054206593 2.861531862136987
 0.028447524943462913 2.896663954479822
 0.030167250362199776 2.9227701942233474
 0.03190723867058352 2.94101739810631
 0.033667664548697295 2.952454795215452
 0.03544887735670744 2.958013818829404
 0.037250877094613936 2.9585142964903372
 0.03907401312258313 2.954675282537313
 0.04091863480078133 2.947127250425607
 0.04278491680929171 2.93642367153674
 0.04467303382819742 2.923049881353735
 0.046583335217664806 2.9074280971235677
 0.04851617033786018 2.889920654584338
 0.05047153918878354 2.8708350583335793
 0.052449965810684374 2.8504324733851253
 0.05445145020356269 2.828939566976328
 0.056476691087751135 2.80655937200765
 0.05852551378316655 2.783478560692967
 0.060598267649975244 2.7598733397673465
 0.06269547672842672 2.735911163630231
 0.06481731569860415 2.711747083474833
 0.06696395924059068 2.6875158805368597
 0.06913593139463578 2.6633272824431712
 0.0713332321607395 2.639263333468222
 0.07355621089906814 2.615378011325761
 0.07580539164987117 2.591706010857554
 0.07808094909323178 2.568277218694112
 0.08038305790923311 2.545127621963639
 0.08271224213812467 2.522298774391973
 0.08506867645998961 2.4998262931508063
 0.08745271023499425 2.477730543617756
 0.08986469282330492 2.4560189361938706
 0.09230497358508798 2.434695376886988
 0.09477372720042654 2.413766167554643
 0.0972714777095701 2.3932350816431346
 0.09979839979260184 2.373095145183122
 0.10235501748977124 2.3533334709742725
 0.10494150548116148 2.3339395425144795
 0.10755821312693885 2.314899292265191
 0.11020548978726971 2.2961846982466043
 0.11288385950240351 2.2777539131161774
 0.11559367163250661 2.2595614788691884
 0.11833510085766216 2.2415762613266236
 0.12110849653803649 2.223793955340462
 0.12391438271387907 2.2062321422552657
 0.12675310874535625 2.1889126970343495
 0.12962502399263434 2.1718601277175126
 0.13253047781587967 2.155103983664884
 0.13546999425534173 2.1386667592367336
 0.13844374799110367 2.122551952464221
 0.14145226306341501 2.1067471556588843
 0.1444960635125252 2.0912373550727383
 0.14757532401851744 2.0760099362729826
 0.15069056862164117 2.0610490789007647
 0.15384214668206278 2.046342074732288
 0.1570305822400317 2.0318974250113552
 0.16025622465571426 2.0177419749607103
 0.16351959796936 2.003896004258464
 0.16682087686105204 1.9903599895626564
 0.17016076005112301 1.9771136562294244
 0.17353977157982244 1.964120187196587
 0.1769579114471503 1.951339470691233
 0.18041657709377195 1.9387310801502732
 0.18391541915952103 1.9262658951316133
 0.18745443764439748 1.9139511538603595
 0.191035379349233 1.901845170286245
 0.19465649747319596 1.8900186060038353
 0.1983212856179496 1.878490450223126
 0.20202799698266227 1.867216037153622
 0.20577837836816564 1.8561366221715798
 0.20957242977445963 1.8452139007123304
 0.213411898002376 1.8344186479526607
 0.217295036251083 1.8237391240264584
 0.2212218445205807 1.8131837235533667
 0.2251958164125323 1.8027565051801053
 0.22921695192693786 1.7924709554652415
 0.2332835042629657 1.782374890883645
 0.23739722022144751 1.7725025477665727
 0.24155984660321483 1.7628134917484006
 0.24576963660743611 1.753231662270066
 0.2500300838357746 1.7437287458442534
 0.2543394414873986 1.7343299985021081
 0.2586977095623082 1.7250597541097898
 0.26310663486133495 1.7159041933846872
 0.26756796418531053 1.7068028666587793
 0.2720799507334033 1.6977066277614998
 0.2766460881072765 1.6886255078911376
 0.28126462950609854 1.6795937661515571
 0.2859355749298694 1.6706296741897721
 0.2906606711794206 1.6617494061980007
 0.29544166505558394 1.6529780105625473
 0.30027855655835933 1.6443077432553212
 0.30516959888691524 1.635691997235354
 0.31012003244374636 1.627093641262058
 0.31512461682635795 1.6185276786912035
 0.3201903392380765 1.6100313177308818
 0.3253119592764071 1.6016113404858682
 0.33049471734384466 1.5932544096500438
 0.3357368666395576 1.5849349473139877
 0.3410401539643774 1.5766476299438836
 0.3464045793183042 1.5683681866786698
 0.35183014270133794 1.560045097592255
 0.3573203377151419 1.5516847563222753
 0.36287167075805276 1.5433750151598677
 0.36848938223256544 1.5352232129542615
 0.3741699785370167 1.5272708013975748
 0.37991870007390143 1.519519358275803
 0.3857320532415564 1.5119772484208433
 0.39161178484081315 1.504575427410474
 0.397561388473335 1.4971889745059627
 0.4035791173382903 1.4897135606758524
 0.4096649714356791 1.4821375514206727
 0.4158224443671646 1.4745237139835958
 0.42204978933191517 1.466831365902124
 0.428350499931594 1.45900849081612
 0.43472282936536965 1.451099604392804
 0.4411685244340736 1.4431274838215177
 0.4476875851377059 1.4350668398122272
 0.4542835050779298 1.4269148248468277
 0.460952790653082 1.4186760697387712
 0.4677006822656574 1.4103324797432155
 0.47452717991565607 1.4019333280345147
 0.48143053680224634 1.3935334216486254
 0.4884124997262598 1.3851081735231842
 0.4954765622893597 1.3765302373040768
 0.5026209776907145 1.3677017348379367
 0.5098474927311558 1.3586223482030301
 0.5171561074106835 1.3492195908300135
 0.524550315330961 1.3394062926036118
 0.5320283696911565 1.329318763952637
 0.5395920172921018 1.3191345563347076
 0.5472412581337968 1.308898231618423
 0.5549795858179047 1.2985810008387315
 0.5628070003444258 1.2881844136372984
 0.5707217549125281 1.27771390221439
 0.5787290899247067 1.267127032031832
 0.5868272585801299 1.2563482474194784
 0.5950180076796292 1.245328287908723
 0.6033030840240365 1.2340378200316748
 0.6116824876133516 1.22238544203162
 0.6201562184475747 1.210380447597158
 0.6287277701283688 1.1981239795955436
 0.6373988894565656 1.1855654888144648
 0.6461660828305019 1.1725579281199276
 0.6550345906526727 1.1591472075390154
 0.6640044129230778 1.1454419805548274
 0.6730755496417172 1.13137973823036
 0.6822497476094226 1.1168623016491228
 0.6915287536270257 1.1018120185361166
 0.700914314495358 1.0861885579566037
 0.7104046834135881 1.0700135885908297
 0.7200033539833789 1.0532999909292322
 0.7297120730055622 1.0361368679966744
 0.7395308404801381 1.0186226143309351
 0.7494596564071063 1.0007251720276197
 0.7595037611889622 0.9825453637648259
 0.7696596612240421 0.9643403991696142
 0.7799308501140093 0.9461471332946825
 0.7903173278588639 0.9277123375184865
 0.8008225880602693 0.9090398467488835
 0.8114466307182252 0.8902032511695535
 0.8221912026335635 0.870993426619219
 0.8330580506071155 0.8512999398638588
 0.8440454278380499 0.8311554900913949
 0.8551585747288614 0.8103752570143807
 0.8663957444787184 0.7887990561023265
 0.8777604306892842 0.766816235558839
 0.8892526333605589 0.7448627489595323
 0.9008740992933739 0.7230551855807963
 0.912626575288561 0.701306949788069
 0.9245118081469517 0.6795981812420678
 0.936529797868546 0.6580463443844161
 0.9486840380550072 0.6366635948895413
 0.9609745287063354 0.6152692582485302
 0.9734012698225305 0.5939082117056026
 0.9859695018060874 0.5726467051148189
 0.9986774778561744 0.5512495196186947
 1.011528691574455 0.5295844470118498
 1.0245231429609287 0.5077654568606145
 1.0376625788164277 0.486030061222433
 1.0509487459417834 0.4646572044654789
 1.0643833911378273 0.4437194716525235
 1.0779682612053911 0.42293940338843255
 1.0917051029453066 0.4020704746700102
 1.1055956631584051 0.381370870704994
 1.119639941844687 0.3613291451123085
 1.1338396858049832 0.34209609942440083
 1.1481983886409581 0.323826202762741
 1.1627177971534425 0.3064807148600433
 1.177396164541605 0.2898652472170417
 1.19223873120794 0.2737193674654594
 1.2072472439532802 0.2575273587927192
 1.222419955976793 0.24134880191734903
 1.2377621076809737 0.22591112677404134
 1.2532736990658221 0.21155346828551677
 1.2689564769321701 0.19814999839447114
 1.2848121880808491 0.1857209706870868
 1.300842579312691 0.17420848098384553
 1.3170511442293588 0.16353696271555925
 1.3334378828308524 0.15379204790313097
 1.3500045419180037 0.144659439896439
 1.3667546150924758 0.13555468360230263
 1.3836881023542688 0.12670162878565466
 1.4008067505042143 0.11829513849710936
 1.4181140531439755 0.11011003241011462
 1.435611757074384 0.10194978636075853
 1.4532998622954398 0.09375603821593037
 1.4711818624088064 0.08596528550655379
 1.489259504215315 0.07877887220183473
 1.5075345345157975 0.07209692019531456
 1.5260104469119173 0.06625583441351325
 1.5446854946028425 0.06066754228838818
 1.563564917991068 0.054964416424911045
 1.5826504638774254 0.04984027642627757
 1.6019421322619151 0.04526582107568351
 1.6214451635470314 0.04110035933889124
 1.6411578109319431 0.037355275344156405
 1.661085314819145 0.034068877255035
 1.6812294220094685 0.030973631645115073
 1.701590132502914 0.027925287518644502
 1.7221709399011442 0.025012785973258525
 1.7429735910049912 0.022275979057956325
 1.764006819818613 0.01965572039015608
 1.7852479179311981 0.017225508102881686
 1.8067335681602114 0.015179797882489939
 1.828446302497336 0.013455441248707768
 1.8504035889508885 0.011856862543240265
 1.8725704915042364 0.010289947603730455
 1.894999414182328 8.762618800697206E-3
 1.9176554209685314 7.375218328038873E-3
 1.9405559798711624 6.230634053764034E-3
 1.9637010908902214 5.30982410376474E-3
 1.9870907540257081 4.520905191280048E-3
 2.010724969277623 3.8004222112403207E-3
 2.034621204654281 3.1364511256241167E-3
 2.0587794601556836 2.5365937339611294E-3
 2.0831647997651976 2.0054795583694293E-3
 2.107829627507772 1.546485095791953E-3
 2.132756475375091 1.1702757226127397E-3
 2.157945343367153 8.994663390037517E-4
 2.183378763475644 7.455598248260619E-4
 2.2091091397255104 6.805478287329366E-4
 2.2350840680918055 6.535175510835938E-4
 2.2613559525994766 6.370376918452597E-4
 2.2878898572318924 6.195553589967611E-4
 2.314703249997368 5.809888324632258E-4
 2.341796130895904 5.090687243270202E-4
 2.3691684999275004 4.116143079746951E-4
 2.396837825100474 3.0396249814525834E-4
 2.424786638406507 2.0578861124352285E-4
 2.453032407853917 1.3487242502331907E-4
 2.4815751334427034 9.291491448957003E-5
 2.5103973471645506 6.937943899413626E-5
 2.5395339850360905 5.5718936712337576E-5
 2.5689501110406904 4.729818116182878E-5
 2.5986981292033 4.0952426702507404E-5
 2.6287256354989696 3.4992315119144895E-5
 2.659085033952648 2.949889540818336E-5
 2.6897413885477035 2.4810317918315403E-5
 2.7207121672924516 2.08619117402979E-5
 2.7520148381952087 1.7741036814091382E-5
 2.783614465239343 1.5551385179321252E-5
 2.8155459844414862 1.411846349561254E-5
 2.847809395801639 1.2929738526693464E-5
 2.880387231311484 1.1476199330020087E-5
 2.9133144269876543 9.881339741831826E-6
 2.9465560468135176 8.552044632753274E-6
 2.9801470268057066 7.619276331066876E-6
 3.0140698989559044 7.039554776278263E-6
 3.0483246632641116 6.651000816150032E-6
 3.0829462557469606 6.421861421017017E-6
 3.1178997403878185 6.459816191653461E-6
 3.153202585195002 6.328877819156074E-6
 3.1888547901685106 5.6029683667793E-6
 3.224873823316661 4.566731499482645E-6
 3.2612422166311372 3.5984891621041856E-6
 3.2979774381202546 2.7872554485534963E-6
 3.3350794877840144 2.1911233766702916E-6
 3.372548365622415 1.9076133587074966E-6
 3.4103840716354576 1.6606983324306892E-6
 3.448586605823142 1.294250354498346E-6
 3.4871559681854682 1.173545563854143E-6
 3.526127094739069 1.2364480976795872E-6
 3.5654650494673103 1.1602812508833527E-6
 3.6051873003785104 9.1107994620615E-7
 3.6452938474726686 5.465409462042574E-7
 3.685784690749784 2.3002593921590897E-7
 3.7266772982181746 7.161240070301877E-8
 3.7679716698778387 2.496407606685382E-8
 3.809650337720461 1.1937402879851054E-8
 3.8517307697543574 5.605157097061543E-9
 3.894230433987844 2.270726944070013E-9
 3.9371143944042894 7.684505053143866E-10
 3.980435055028641 2.1384020705873096E-10
 4.024140011835951 4.92917762145861E-11
 4.068281668851167 9.726287555442027E-12
 4.112825090057658 1.7909461014537413E-12
 4.157787743463739 3.3629989165918385E-13
 4.203187097077727 6.918921062431507E-14
 4.249005682891306 1.658796518987317E-14
 4.295260968912791 4.576133018671145E-15
 4.341935487133867 1.290685693218128E-15
 4.389064173571166 3.576800169602245E-16
 4.436612092208055 1.00054786852718E-16
 4.484614179061166 2.807677105758603E-17
 4.533052966122186 7.546861641981869E-18
 4.581928453391112 1.9501365472008E-18
 4.631258108876261 5.426632914863256E-19
 4.68105940058595 1.6850672548299993E-19
 4.731297392503544 4.976877430384289E-20
 4.781989552637362 1.0848694843646268E-20
 4.833135880987403 1.5247903870698515E-21
 4.884753845561984 1.4360475318781862E-22
 4.936843446361103 1.5866886974759542E-23
 4.989387215376446 3.892000448663998E-24
 5.042420088624644 8.495438553412819E-25
 5.095907130089065 1.379131793741524E-25
 5.149883275786343 1.6339469882914858E-26
 5.204331057708159 1.5740252092455513E-27
 5.259250475854515 1.5530037768538426E-28
 5.314676466242043 1.4890483994789733E-29
 5.370574092854109 1.876767600883353E-30
 5.426960823699031 3.5625969573460887E-31
 5.483836658776809 6.069415784635605E-32
 5.541201598087443 7.522075656374353E-33
 5.5990731096392485 8.320046018949587E-34
 5.657433725423909 1.0159294665485835E-34
 5.716300913449741 1.0363777746331519E-35
 5.775674673716747 5.224714425681457E-37
 5.835537538216606 1.698558411997166E-38
 5.895924442965955 9.454788319351253E-40
 5.9568179199564754 7.693668651238068E-41
 6.018217969188167 6.510283941124802E-42
 6.080142058669348 4.828852536581403E-43
 6.1425727203916995 2.935375801870421E-44
 6.2055099543552234 1.7466017730673467E-45
 6.268988696576551 1.1381583608767565E-46
 6.332991479047368 7.457564466075586E-48
 6.397500833759357 4.7836265252495364E-49
 6.462551696729149 3.0634901411281936E-50
 6.528126599948431 2.1243501344017585E-51
 6.594225543417198 1.7038983382626034E-52
 6.660865995143772 1.5958843563322221E-53
 6.728030487119834 1.6266019054346552E-54
 6.7957364873537 1.6946805987774057E-55
 6.863966527837054 1.7990249473422351E-56
 6.932755544586528 1.8880694222112035E-57
 7.002068601585491 1.8705099158802097E-58
 7.0719406348505744 1.7352207505679541E-59
 7.142354176373463 1.4781738559069098E-60
 7.2132917581458384 1.1299185751118042E-61
 7.284788316184335 8.018624583692206E-63
 7.356843850488953 5.675465037946997E-64
 7.429440893051374 4.246305758093072E-65
 7.5025794438716 3.6657363319604903E-66
 7.576276970957947 2.97553625019907E-67
 7.650533474310413 1.988524666994784E-68
 7.725331485920686 1.0905400789748015E-69
 7.800688473797079 5.67487498529847E-71
 7.876604437939592 3.256407246195302E-72
 7.953061910339909 1.7445254503547368E-73
 8.030095827014664 8.894755539503978E-75
 8.107671251947222 5.1423543091811165E-76
 8.185823121154218 3.5037928620392605E-77
 8.264516498619018 2.605124062728504E-78
 8.343768852349939 2.0312640650458103E-79
 8.423597650355298 1.5869661259655987E-80
 8.50396795661846 1.1017956802282625E-81
 8.58491470715606 6.064011598245578E-83
 8.666420433959779 2.9345900635212856E-84
 8.748485137029618 1.427705035264115E-85
 8.83110881636558 6.73538091819731E-87
 8.914291471967662 2.687208427012014E-88
 8.998033103835864 7.450335163346454E-90
 9.082351179978504 1.4559059106227224E-91
 9.167210764378948 3.037117529501415E-93
 9.25264679305383 7.415427636939214E-95
 9.338624329986514 1.5747782672162095E-96
 9.425178311193637 2.5144929168218268E-98
 9.512273800658562 3.1476133657007324E-100
 9.599945734397926 4.130390728275364E-102
 9.688159176395093 7.612391743647523E-104
 9.776949062666699 1.503558283205809E-105
