 2.2663126709774796E-3 9.838296089423196E-5
 6.825581957574668E-3 1.211787064360244E-3
 0.011438493471630447 4.544853180364463E-3
 0.01610569873817468 0.011034249774224634
 0.020827712119073044 0.021129458886530647
 0.025605333732783265 0.034793689306414153
 0.03043913509248944 0.05164698039325821
 0.03532974486269405 0.07113126312037471
 0.040277848859218014 0.09263861859395688
 0.04528413289788224 0.1155929321861869
 0.050349339945826035 0.13949230091546488
 0.05547398436491509 0.1639232613462143
 0.060658694819651894 0.18855879225806013
 0.06590461433640463 0.21314980024355964
 0.07121225727703896 0.2375134939953936
 0.076582195154739 0.2615194015401183
 0.08201499948268882 0.28507575009552393
 0.08751238480044071 0.3081194721640526
 0.09307377959481057 0.33061014971857816
 0.09870032689216655 0.3525263662089293
 0.10439316971887687 0.3738627620582092
 0.11015287958812559 0.39462655347617753
 0.1159805995262809 0.4148316724617773
 0.1218763295333428 0.43449137653404446
 0.12784121263567946 0.45361378120928153
 0.13387639185965907 0.47220265777299103
 0.13998243871846571 0.4902604430558053
 0.14615992472528346 0.5077890734677806
 0.15240999290648055 0.524788860865218
 0.1587337862884251 0.5412560702249757
 0.16513130487111712 0.5571831299661599
 0.1716042631941089 0.5725635708836396
 0.1781526612574004 0.587392352509291
 0.18477878511372802 0.6016601119016068
 0.19148206324990765 0.6153525907003988
 0.19826363869230745 0.6284539640115003
 0.20512522598047974 0.6409493497621208
 0.21206739662760853 0.6528310458268683
 0.219090722146878 0.664103759060149
 0.22619691707784034 0.6747780345564257
 0.23338598142049563 0.6848541261522227
 0.24065905820121194 0.6943161436811245
 0.24801786195954167 0.7031437439588336
 0.25546296420866876 0.7113201230074475
 0.2629949364617774 0.7188285276163681
 0.2706154932584198 0.7256476935373393
 0.2783252061117802 0.7317563782795202
 0.28612521804822654 0.7371374950185958
 0.29401667209412712 0.7417768289092104
 0.30200071127585015 0.7452429076595015
 0.31007790710657973 0.7487494281303578
 0.31824997412586802 0.751033086551588
 0.32651748384689915 0.7524913411208104
 0.33488215080922545 0.7531132406051235
 0.34334454652603096 0.7529080681688411
 0.35190581402368387 0.751901134939663
 0.36056709632855232 0.7501020141807879
 0.3693301079801886 0.7475042511920289
 0.37819599200496095 0.7441093689925313
 0.38716531991605335 0.7399221542138942
 0.3962392347398341 0.7349534855642982
 0.40541945101585535 0.7292363617918904
 0.41470711177048535 0.7228099970134253
 0.4241033600300922 0.7156897664697976
 0.4336093388210442 0.707881965306808
 0.4432267626828935 0.6993910392898661
 0.4529562031288243 0.6902215067091026
 0.4627993746983888 0.6803981420092807
 0.47275799193113915 0.6699610005939204
 0.48283262634025975 0.6589601607830121
 0.4930249924653025 0.6474228556093676
 0.5033362333326359 0.6353627704878779
 0.513768063481812 0.6228082335746445
 0.5243216259391991 0.6097863183480926
 0.5349986352443494 0.5963304949670571
 0.545799662910447 0.5824778888363218
 0.5567269949902283 0.5682450646022092
 0.5677823460232454 0.5536566661649841
 0.5789657160094985 0.5387600231577034
 0.5902816770544603 0.5235943787070099
 0.6017290861317626 0.5081850511930751
 0.6133079432414053 0.49256988401542306
 0.6250239635152293 0.4767952494807905
 0.6368714318213938 0.4608822812929359
 0.6488617784235806 0.44485660243586017
 0.6609892881899487 0.42879306567431674
 0.6732596762523392 0.41276687189172056
 0.6856729426107516 0.3968256988397902
 0.6982348023970275 0.38102935765610163
 0.7109395404793255 0.3654255913646226
 0.7237871568576456 0.35003630968362836
 0.7367890817956699 0.33487613359691342
 0.7499453152933981 0.3199423796897933
 0.7632501422189896 0.3052137909664834
 0.7767092777042851 0.2906689073619799
 0.7903284368811254 0.27631869461412866
 0.8041019046176697 0.2622229638605056
 0.8180411111775999 0.24843512955827631
 0.8321403414290751 0.2349671510339673
 0.8463995953720951 0.22211998642937866
 0.8608245881385008 0.209123496063855
 0.8754210348601335 0.19682330334787948
 0.8901832204051517 0.18497108132982872
 0.9051225750372375 0.17361646592889382
 0.9202333836245502 0.16279190470534088
 0.9355156461670895 0.15247268848665612
 0.9509750777966963 0.14261377942097272
 0.9666173936452116 0.13320545919564943
 0.9824425937126354 0.12426172508187848
 0.9984449628671269 0.11578383900980872
 1.0146416465042085 0.10775321289339593
 1.0310154992283577 0.1001369640240468
 1.047589381566938 0.09291738911731576
 1.064346148124427 0.08607323842989041
 1.0813029442963468 0.07958223236741731
 1.0984540549508572 0.07345724406790993
 1.1158051952197987 0.06769047132186128
 1.133356365103171 0.062261396160395894
 1.1511075646009747 0.05718138755880953
 1.1690702239768913 0.052445337600987865
 1.187232912967239 0.04804670383183122
 1.2056127769675404 0.04398153002779797
 1.224198385714114 0.04020702442763691
 1.2430068846024824 0.036706589023653583
 1.2620268433689636 0.0334925196570807
 1.2812639771453986 0.030574252519393944
 1.3007297161954691 0.02797376477685936
 1.3204183453873346 0.02571333167234714
 1.3403298647209944 0.02380003669537715
 1.360475704460131 0.022225176154157855
 1.380850149472903 0.02096503519010319
 1.4014646300229924 0.019979329946821125
 1.4223134309785585 0.019214906330895002
 1.4434022674714417 0.018615776708050767
 1.4647311395016424 0.01815057196062662
 1.4863114773328423 0.01780627027493063
 1.5081318507013594 0.017575511842255132
 1.5302094050027166 0.017525335229755484
 1.552544140236914 0.017548817279365334
 1.5751303412721104 0.017572563712338243
 1.5979737232401467 0.01774151222612154
 1.621085716404705 0.017978579584294454
 1.6444606056339443 0.018282889688224862
 1.6681041060597054 0.018632909222940478
 1.6920162176819883 0.018999836445910071
 1.7162083707644746 0.019363535593538937
 1.7406748501753237 0.019711018938754095
 1.7654213710463766 0.020034178942972293
 1.790447933377633 0.020330801426455217
 1.8157659674327746 0.02058507048399992
 1.8413754732118017 0.020842266792545707
 1.8672707355828732 0.02104649640745247
 1.8934688999415123 0.02120505285393463
 1.9199642511558774 0.021314850205105012
 1.9467625043578093 0.02137929494711851
 1.9738693746791498 0.021402095268970206
 2.001284862119898 0.021383991648063593
 2.0290089666800543 0.02132485136415886
 2.0570531186233003 0.021225987839956998
 2.0854230330814775 0.02108944119586543
 2.114107279790903 0.020915809760834076
 2.1431230041471005 0.020704238468399967
 2.1724702061500695 0.02045447783352216
 2.20214888579981 0.020167937011533618
 2.2321647582281634 0.019846629288694937
 2.26252353856697 0.0194915489789338
 2.2932309419480705 0.019102036832534474
 2.324281253239625 0.0186768229416287
 2.3556859027053143 0.01821622714023699
 2.3874506054769795 0.01772352899625212
 2.4195753615546213 0.017204081559346062
 2.4520601709382385 0.01666283681748254
 2.4849221790233553 0.01610249994276241
 2.518149955546288 0.01552399417488658
 2.55175493077072 0.014928108582821743
 2.5857371046966504 0.014315685178581054
 2.620107907587762 0.013686246749499005
 2.6548673394440536 0.01303798235328716
 2.690021115397367 0.012369519822220369
 2.7255749505795416 0.011680746017733553
 2.761523129858739 0.010972359352891897
 2.7978827986304795 0.010245316428768062
 2.834648241762923 9.500586900884525E-3
 2.871830889519752 8.740514768230562E-3
 2.9094307419009663 7.970669204147324E-3
 2.947453514038406 7.198336187176277E-3
 2.985904921063913 6.428925046173044E-3
 3.0247906781093263 5.665679449293413E-3
 3.0641107851746482 4.912336522896242E-3
 3.103876672523559 4.172865835071834E-3
 3.1440883401560597 3.4465138539668954E-3
 3.1847457880721496 2.7233032811608513E-3
 3.225866161667352 1.985797360558546E-3
 3.267443745809825 1.2171759412444886E-3
 3.3094899707632512 4.080842262376037E-4
 3.3520048365276302 -4.429388674954582E-4
 3.3949940582348032 -1.330560147551392E-3
 3.438463351016611 -2.243599536523309E-3
 3.4824184300048943 -3.1683998969090597E-3
 3.5268650103314942 -3.925462761306161E-3
 3.571808807128251 -4.996970841847582E-3
 3.617255535527007 -5.8684214371188675E-3
 3.6632051955277606 -6.695346930302189E-3
 3.7096635022623534 -7.483810025466483E-3
 3.7566418859944676 -8.252704790454752E-3
 3.8041460618559437 -9.02034270202458E-3
 3.8521703147149404 -9.792484398781096E-3
 3.9007317899669806 -0.010560791713527624
 3.949836202743906 -0.011313140688620714
 3.9994778379138744 -0.012039705674831825
 4.049673840872409 -0.012729246790868965
 4.100424211619511 -0.013368383950917448
 4.1517346652870195 -0.013946495184309935
 4.203610917006776 -0.014453047725786154
 4.256058681910621 -0.014866378441122863
 4.309089390262238 -0.015161699831107411
 4.362703042061625 -0.015341025907247598
 4.416905352440623 -0.015444381612680755
 4.471707751662915 -0.01552525320404666
 4.527110239728501 -0.015617994191284595
 4.583118531769221 -0.0157294211729404
 4.639744058048757 -0.01585193065724319
 4.69699253369895 -0.015968746225684355
 4.7548639587198 -0.016067106428321074
 4.813369763374989 -0.01615614792953046
 4.872515662796356 -0.01625484827310962
 4.932307372115745 -0.016351139345450425
 4.992756321596837 -0.0163544583217381
 5.05385679610779 -0.016293210424593997
 5.115625941044127 -0.016231292243662983
 5.178069471537688 -0.016030981864690017
 5.241187387588475 -0.015798262363553201
 5.304996834592009 -0.015580197932829816
 5.36949209741645 -0.015374778187248113
 5.434690321457321 -0.015111195791003498
 5.500597221846462 -0.014739597975988448
 5.567212798583874 -0.014264132431008549
 5.634548481933237 -0.013683302245818174
 5.702609987026394 -0.012995342168703254
 5.771425889522548 -0.012212846842747843
 5.840921892707767 -0.011348806170766558
 5.911218014350711 -0.01039989707003389
 5.982257103132971 -9.37479059621683E-3
 6.054096310372956 -8.351804020000526E-3
 6.126621333433848 -7.422966861107914E-3
 6.200003626270872 -6.616122737978405E-3
 6.274128886247213 -5.902868794047392E-3
 6.3490542646812775 -5.22861538156673E-3
 6.424779761573068 -4.556885901908643E-3
 6.5013053769225814 -1.445984474265727E-3
 6.5786311107298205 -1.954631738388763E-3
 6.6568141143131924 -1.8774051994760656E-3
 6.735854387672698 -1.7993318783384474E-3
 6.81563762817152 -1.1269999358213295E-3
 6.896335289764883 -4.426465493541787E-4
 6.9778902211343805 2.548172324993915E-4
 7.060302422280011 9.139203467603663E-4
 7.143514741883367 1.4880942130387573E-3
 7.2276986338996724 2.094807745979158E-3
 7.312682644373704 2.7881086886128872E-3
 7.398638227260686 3.454737722202953E-3
 7.485451079923803 3.98088238196375E-3
 7.57317835368146 4.3377082167147945E-3
 7.66182004853366 4.58954965836863E-3
 7.751376164480404 4.739616506036245E-3
 7.8419038528400974 4.714529552249746E-3
 7.933345962294334 4.509222219985911E-3
 8.025759644161521 4.185245297308084E-3
 8.119144898441661 3.842874727363554E-3
 8.213444573816343 3.5495590085438655E-3
 8.308772972922386 3.3175316833462097E-3
 8.405015793122969 3.0818507077438046E-3
 8.502344488373321 2.7103685696590737E-3
 8.600587604718218 2.095512251120921E-3
 8.699916596112882 1.1131229831416863E-3
 8.800217159920496 -2.1742019362494405E-4
 8.901546447459472 -1.6002256998363267E-3
 9.003961610048217 -2.6099445310310905E-3
 9.107348345049914 -2.7046230035136E-3
 9.211820955101379 -2.4138493981845257E-3
 9.317379440202613 -2.1200535289050913E-3
 9.423966649035208 -1.1993722825847685E-3
 9.53169688423598 -4.376210648379925E-5
 9.640455843168112 1.2955738594196105E-3
 9.750357828468424 2.7751640412243044E-3
 9.861345688818503 4.589555387821605E-3
 9.973419424218351 6.695490384200728E-3
 10.086693337304787 8.961751430259355E-3
 10.201053125440993 0.01128905087722603
 10.316555939945374 0.013369167943153648
 10.433201780817933 0.015016012171155457
 10.551047799377082 0.016278895294918792
 10.670036844304407 0.017195597617459774
 10.790226066918319 0.01775195723646915
 10.91161546721882 0.017832578617546904
 11.034205045205903 0.017624118635652386
 11.157994800879576 0.01731622726098899
 11.282984734239836 0.016635608136154202
 11.409174845286683 0.015519542607499161
 11.536679436656934 0.013690863676809852
 11.66538420571377 0.011844971721672128
 11.795346303775604 9.848345840040252E-3
 11.926565730842436 8.066477987092133E-3
 12.05904248691426 6.56050084587338E-3
 12.192833723309489 5.527185443912832E-3
 12.327939440028125 4.488079450637297E-3
 12.464302485751755 3.3222301974093252E-3
 12.601980011798789 2.2140900977625907E-3
 12.741029169487637 1.5140627773361971E-3
 12.881335656181482 1.7079275280315565E-3
 13.023070925835547 1.9037664615242182E-3
 13.16606352449461 2.890018178580544E-3
 13.310484906113896 4.019618488280596E-3
 13.456220768056584 4.8350546876557085E-3
 13.603328261641089 5.1086590575491605E-3
 13.751864538185814 5.115016792183952E-3
 13.901772446372352 4.929607705052892E-3
 14.053109137519114 4.636482291101639E-3
 14.205817460307689 4.446629831876654E-3
 14.360011717374896 3.8066101910205745E-3
 14.515577606083916 2.654163288696695E-3
 14.672629429071566 1.7494935426504525E-3
 14.83111003501944 1.0143228455461524E-3
 14.991019423927535 4.332545689485423E-6
 15.152414747114262 -1.2243808371476482E-3
 15.315353155898032 -2.2847459294246044E-3
 15.479720347642022 -2.1721597512346542E-3
 15.645573473664642 -2.0585557564129467E-3
 15.812912533965896 -1.8997985615024982E-3
 15.981794679864189 -1.8266188695426307E-3
 16.15221991135952 -7.03534282330038E-4
 16.324131077133486 5.618394781563687E-4
 16.4976424798229 1.344702613235358E-3
 16.672639816790944 1.2530608831966927E-3
 16.849237390674442 3.073763693656657E-4
 17.027378050154975 -8.49502221319553E-4
 17.207061795232547 -7.712279275878864E-4
 17.388402928543982 -6.922316381443169E-4
 17.571287147452455 4.3985896741261583E-4
 17.75577160327638 1.2066520965249305E-3
 17.94185629601575 2.6554228980545433E-4
 18.129541225670568 2.8481568908352353E-4
 18.31888354355925 3.042592858582627E-4
 18.509826098363376 2.185334190855168E-3
 18.70242604140136 4.38264707233722E-3
 18.896683372673205 5.535593815039629E-3
 19.092540940860494 5.7434274734418375E-3
 19.29011304860006 6.212218060656406E-3
 19.489342544573474 6.0430687984448245E-3
 19.69022942878075 5.536490442841904E-3
 19.892830852540296 5.025588516636393E-3
 20.097089664533694 4.550636084059001E-3
 20.303005864760955 4.292468093400492E-3
 20.510693755858888 3.897436235519874E-3
 20.72009618650909 2.4357962123117285E-3
 20.93115600539315 1.534457671759768E-3
 21.143987515147884 5.908886895412791E-4
 21.358533564454887 -1.6061760631121222E-3
 21.574794153314154 -5.225458888125826E-3
 21.7928264330441 -7.967396163479447E-3
 22.012573252326312 -7.909032552553309E-3
 22.234091762479202 -7.850198389757543E-3
 22.457324812184356 -8.074553614798051E-3
 22.682386704078595 -9.169536206999474E-3
 22.909163135525105 -0.010997703841963389
 23.137768409160695 -0.013098686995428235
 23.368145373666962 -0.016843125296673082
 23.600236877725496 -0.023309388100013463
 23.834157223973114 -0.030646123067611382
 24.069906412409817 -0.03681733789916615
 24.307427291717196 -0.045039077534656205
 24.54671986189525 -0.051060350406113265
 24.787841274262394 -0.05418542018631313
 25.030791528818618 -0.05733419279490032
 25.275513474245517 -0.05455256500419918
 25.522064261861505 -0.051750149710157886
 25.770443891666573 -0.044229824938060276
 26.020595212342318 -0.03712954521998832
 26.27263252652556 -0.031088036500821283
 26.526441531579475 -0.035456423835000354
 26.782136530140881 -0.04106292637540483
 27.039603219572967 -0.042385507498178945
 27.298898751194133 -0.03915313202266537
 27.5600802763228 -0.035897245771156154
 27.82303349232214 -0.026041231167095932
 28.08787270182897 -0.016821470865416385
 28.354540753524887 -0.01041835751256882
 28.623037647409887 -6.687207335792169E-3
 28.893363383483976 -4.6057104870436665E-3
 29.16551796174715 -3.3649416737941747E-3
 29.439501382199406 -2.551026100248519E-3
 29.715370796159156 -1.9758368878732904E-3
 29.993011900989582 -1.5506493234413161E-3
 30.2725389993275 -1.2281212996436766E-3
 30.553837788536096 -9.794327977194067E-4
 30.837022571252187 -7.854280806314042E-4
 31.121979044838948 -6.327144650209128E-4
 31.408821511933204 -5.116288803269126E-4
 31.69743566989814 -4.150435099199383E-4
 31.98793582137057 -8.315047040800582E-7
 32.28020766371367 -1.1250955067685767E-4
 32.57430834824586 -1.481689964026445E-4
 32.87018072364872 -1.4950083956461263E-4
 33.16793909255908 -1.3668042101867676E-4
 33.46741200102171 -1.2378618048495247E-4
 33.768770902991825 -1.0169446867423507E-4
 34.071844344514204 -8.362303423889039E-5
 34.37674662822568 -6.881715519494761E-5
 34.68347775412624 -5.6670331957393835E-5
 34.99192341957906 -4.669336787578389E-5
 35.30214077590256 -3.849041431882697E-5
 35.614129823096725 -3.174023463791116E-5
 35.927890561161575 -2.618147729721605E-5
 36.2434229900971 -2.160103493071245E-5
 36.56066995858489 -1.7824790912984157E-5
 36.87968861794336 -1.4710237793103964E-5
 37.20036466553569 -1.2140559277383491E-5
 37.52281240399869 -1.001986898142624E-5
 37.84697468201396 -8.269368070398282E-6
 38.17285149958149 -6.824232933142559E-6
 38.50038570538288 -5.631090234010216E-6
 38.82963445073654 -4.645960982063945E-6
 39.16054058432407 -3.832583396900171E-6
 39.49310410614544 -3.1610426265666533E-6
 39.827325016200674 -2.6066486450760342E-6
 40.16320331448977 -2.1490160587432202E-6
 40.50073900101272 -1.771309123837663E-6
 40.83987492445112 -1.4596199196237651E-6
 41.18055393348656 -1.2024578468483368E-6
 41.52289033075586 -9.903281865856862E-7
 41.86682696494061 -8.153850694466643E-7
 42.21230668472239 -6.711449739200263E-7
 42.55932949010121 -5.522503610535592E-7
 42.90789538107709 -4.5427447416696584E-7
 43.2580615089684 -3.735599350848273E-7
 43.60965641981994 -3.0708544369903322E-7
 43.96279441626852 -2.523555548974972E-7
 44.31741834699574 -2.0730950773713341E-7
 44.67347106068316 -1.7024589401594323E-7
 45.03100970864923 -1.3976027250783668E-7
 45.38997713957552 -1.1469366190563419E-7
 45.75043050478043 -9.408986002263897E-8
 46.11219835030876 -7.716019677813242E-8
 46.475394978797304 -6.325436838074246E-8
 46.839963238927666 -5.18363286606214E-8
 47.20590313069984 -4.246434912259839E-8
 47.57315750279542 -3.4774542780016645E-8
 47.9417263552144 -2.8467248363574852E-8
 48.31160968795678 -2.3295776660338144E-8
 48.682750349704164 -1.7721504106036142E-8
 49.05514834045655 -1.558427092117256E-8
 49.428803660213915 -1.2739897046177578E-8
 49.80371630897629 -1.041110068896528E-8
 50.179771984106835 -8.505109676667611E-9
 50.55708498824238 -6.9457163376897735E-9
 50.93548386742769 -5.670344964608383E-9
 51.315082924299595 -4.6276311565519E-9
 51.69576785622126 -3.7754297826833465E-9
 52.0775386631927 -3.0791730950370015E-9
 52.460395345213903 -2.5105190127646254E-9
 52.84428075096647 -2.0462388104863735E-9
 53.22925203176881 -1.6673017112597762E-9
 53.6151948849841 -1.3581220799736547E-9
 54.00216646193074 -1.1059403523279361E-9
 54.39005245997193 -9.003147815874636E-10
 54.778910030426075 -7.327034060889848E-10
 55.16868202197475 -5.961209057752536E-10
 55.55931128329957 -4.848570684797926E-10
 55.950854965718924 -3.9424574067008645E-10
 56.34319876659601 -3.2047521881646943E-10
 56.73639983724923 -2.604329377016694E-10
 57.130401026360175 -2.1157807349554353E-10
 57.52508803129202 -1.7183726045846104E-10
 57.92057515468159 -1.3951913506230988E-10
 58.31663379125525 -1.132444294117294E-10
 58.71383545419709 -9.188874198660959E-11
 59.111608630323026 -7.453572293455447E-11
 59.50938180644896 -6.043880857748132E-11
 59.90829800894306 -4.898996325678219E-11
 60.30778572462125 -3.96940984136614E-11
 60.707844953483544 -3.214821085308148E-11
 61.10847569552991 -2.6024338709033401E-11
 61.509106437576285 -2.1055652653504307E-11
 61.91088020599084 -1.702510360186765E-11
 62.312653974405385 -1.3756166382716088E-11
 62.71557076918812 -1.1105285562901029E-11
 63.11791605078677 -8.955721724938563E-12
 63.52140435875358 -7.212530072887576E-12
 63.924892666720396 -5.798464018522036E-12
 64.32895248787132 -4.650638101334307E-12
 64.73301230902221 -3.717799971147104E-12
 65.13707213017312 -2.958101993529826E-12
 65.54170346450813 -2.3372751498433824E-12
 65.9469063120272 -1.827126397541607E-12
 66.35210915954629 -1.4042945811037385E-12
 66.75674049388128 -1.049208977037953E-12
 67.16251485458446 -7.451963695139171E-13
 67.56771770210355 -4.777354744714063E-13
