 0.0E+0 0.0E+0
 5.3963981034266745E-3 0.023933416265964006
 0.016252637159175676 0.07094068734368665
 0.02723660564000717 0.11765323001369632
 0.038349854915456574 0.16430957328061707
 0.049593609750946586 0.21112099580309906
 0.06096977533713473 0.258263697957134
 0.07247971252449066 0.3058724768797877
 0.08412491824853102 0.3540352778745207
 0.0959070255298194 0.4027898290177565
 0.10782766738891938 0.4521231169637336
 0.11988861293144155 0.5019740891957107
 0.13209108692280857 0.5522390589889
 0.14443658629853711 0.6027789760703017
 0.15692783275956648 0.6534274695935518
 0.16956605107131933 0.7039985192856979
 0.18235260208426537 0.7542930217830133
 0.19528884664887427 0.8041038049596816
 0.20837886731655497 0.8532190438668954
 0.22162130323683787 0.9014244182566287
 0.23501887611066224 0.9485039928983429
 0.24857430763896742 0.9942404383073148
 0.2622889586722231 1.038415094368167
 0.2761655509113686 1.080807283980085
 0.2902040843564039 1.1211941328706183
 0.3044072807082683 1.159350654877131
 0.3187778616679011 1.1950501961000756
 0.33331718808577204 1.2280655458840545
 0.3480266208123508 1.258170880100915
 0.36290888154857664 1.285144461121777
 0.3779666919953889 1.3087721260708524
 0.3932000521527876 1.3288516657865523
 0.40861304457218167 1.3451983469542061
 0.4242056692535712 1.3576510624147137
 0.4399833695988348 1.3660791383532453
 0.4559447847575027 1.3703891636252862
 0.4720926364305144 1.3705313750269276
 0.48843100716927884 1.3665054646025585
 0.5049612578242656 1.358365276320348
 0.5216847492459443 1.346223045493065
 0.5386055639857241 1.3302525755676932
 0.5557237020436051 1.310690684828175
 0.5730418851205262 1.287836319317968
 0.5905641957678968 1.2620465596782897
 0.6082919948361862 1.2337314380416033
 0.6262266431758644 1.2033474876018654
 0.6443722233383402 1.1713907090003956
 0.6627300961740833 1.1383875155266847
 0.681302983384033 1.1048832224045304
 0.7000936066691287 1.0714275351271063
 0.7191046877303097 1.0385569317690228
 0.7383375874180456 1.0067753551703235
 0.7577963882837454 0.9765351134353707
 0.7774824511778787 0.9482205423604536
 0.7973998586518547 0.9221348762493344
 0.817549971556143 0.8984914766285922
 0.8379355115916828 0.8774107491373101
 0.8585592004594135 0.8589216701482234
 0.879425120710744 0.842967102419668
 0.9005359940466138 0.8294126153196666
 0.9218931813174923 0.818061849859529
 0.9434994042243191 0.8086767351273354
 0.9653587453185031 0.8009981313051452
 0.9874739263009835 0.7947641424069023
 1.0098476688726996 0.7897239118074837
 1.032482694734591 0.7856467640057904
 1.0553830864380666 0.7823280967140986
 1.078550204833596 0.77959182656087
 1.1019881324725881 0.7772893413311613
 1.1257009519064518 0.7752989516093193
 1.1496900239856573 0.7735277390589154
 1.1739594312616128 0.7719121198040778
 1.1985118954352584 0.7704141416756181
 1.2233514990580025 0.7690153077021084
 1.2484809638307847 0.7677105502218208
 1.273904372305014 0.7665034656320041
 1.29962308533116 0.7654025647372086
 1.3256425463111012 0.7644183923169519
 1.3519668377962468 0.7635611691989106
 1.3785959597865968 0.7628390709207652
 1.4055407990859083 0.7622569551670749
 1.4327986339932423 0.761815578017341
 1.4603694645085985 0.7615112214967009
 1.4882668991366736 0.7613356472882512
 1.5164773293727711 0.7612763329154814
 1.545027972226284 0.7613169131909342
 1.5739052191925162 0.7614377791149837
 1.6031226787761636 0.7616167988924762
 1.6326803509772265 0.7618300546187109
 1.6625918443004017 0.7620526665554677
 1.6928435502409926 0.762259551478126
 1.7234354687989987 0.7624261673347176
 1.7543948169838137 0.7625291912550407
 1.7857215947954376 0.7625470748251884
 1.8174021937291737 0.7624605279360731
 1.849450222289719 0.7622528898144
 1.8818792889817688 0.7619103903165682
 1.914675785300628 0.7614223042646274
 1.947866928255689 0.7607810276819753
 1.9814391093422556 0.7599820863794762
 2.0153923285603276 0.759024099993648
 2.0497401944146016 0.7579086927743754
 2.0844963154097744 0.7566404176061815
 2.1196470830411486 0.7552265718854986
 2.1552197143181186 0.7536770778244446
 2.1912006007359874 0.7520041926043521
 2.227589742294755 0.7502222558425987
 2.2644007474991174 0.7483473099989629
 2.3016472248537716 0.7463966753914675
 2.339329174358718 0.7443884722183334
 2.37743298750926 0.7423411778403145
 2.4159994898194865 0.7402731363801195
 2.4549878557753084 0.7382021977050417
 2.4944525193955122 0.7361453779344237
 2.5343526551660082 0.7341186022381724
 2.574729088600886 0.7321365184817076
 2.6155682111954483 0.7302123516761001
 2.656883631454393 0.7283578196951805
 2.698675349377719 0.7265830752190828
 2.740943364965427 0.724896642690372
 2.78371489522691 0.7233053885286999
 2.826962723152775 0.7218145118605962
 2.870727674257111 0.7204275331974853
 2.914982531530526 0.7191463849776498
 2.9597681204871086 0.7179714970876817
 3.005057224117467 0.7169019810002628
 3.050863450926297 0.7159358139984148
 3.0972140179229912 0.7150700370632881
 3.1440953166028542 0.7143009563952688
 3.1915073469658854 0.7136242815158803
 3.239477326021478 0.7130352937793638
 3.2879916452649355 0.7125289499942793
 3.337077521705651 0.7121000011193385
 3.3867213468389283 0.711743082981308
 3.4369367291694632 0.7114527310668907
 3.4877236686972565 0.7112233951046881
 3.5391093824317017 0.7110493724996182
 3.5910666533634043 0.710924784195114
 3.6436363070064552 0.710843564503988
 3.696818343360854 0.7107995315287909
 3.7505991539219043 0.7107865428982979
 3.8049923471943025 0.7107986938668535
 3.860025140187442 0.7108305386042278
 3.915683924396626 0.7108772727302188
 3.9719823083265515 0.7109349009099019
 4.028920291977218 0.7110003039482429
 4.086525092358019 0.7110712245908868
 4.144783100964258 0.7111461436673225
 4.203707926300631 0.7112240752986729
 4.263299568367139 0.711304271793301
 4.323585244173175 0.7113858859036964
 4.384564953718738 0.7114676808507853
 4.446225088499132 0.7115478546437732
 4.508606474028448 0.7116241307041647
 4.571695501801988 0.7116942048623088
 4.635505780324447 0.7117564201404604
 4.700050918100526 0.7118104696751516
 4.765330915130222 0.7118578665797725
 4.8313457714135354 0.7119020241770007
 4.898122703959859 0.7119478374027959
 4.965675321273891 0.7120010694190696
 5.0339764063462375 0.7120676572916363
 5.103066784690987 0.7121531125026322
 5.172946456308141 0.7122622634372936
 5.243615421197699 0.7123992068868942
 5.315087287864357 0.7125676394841872
 5.387375664812814 0.7127712884719862
 5.460494160547764 0.7130142705166905
 5.534429166564512 0.7133009467074382
 5.60920789987245 0.7136355071699447
 5.684843968976274 0.714021466503689
 5.761337373875987 0.7144612367840586
 5.838688114571586 0.7149551067191263
 5.9169370165771635 0.7154994843540701
 5.996056862883323 0.7160855901749256
 6.076074870499461 0.7166998125597344
 6.156991039425575 0.7173255777007739
 6.2388325866710605 0.7179461183619364
 6.321599512235916 0.7185472814813637
 6.405305424624838 0.7191193212112904
 6.489963932342523 0.7196568070116829
 6.575561426884276 0.7201565185416188
 6.662138733764185 0.7206148256498498
 6.749682244477554 0.7210266837187693
 6.838219176033777 0.7213872388766465
 6.927749528432853 0.7216948429851952
 7.01828691017948 0.7219523940260151
 7.109844929778354 0.7221646863196379
 7.202437195734169 0.7223335535312565
 7.296063708046929 0.7224554579390734
 7.390751683726024 0.7225223746245704
 7.486501122771457 0.7225234562162692
 7.583312025183226 0.7224465467967197
 7.681225216475422 0.7222804507070799
 7.780227088143347 0.7220185561177912
 7.880344857196395 0.7216628166766605
 7.981578523634566 0.7212264666313625
 8.083941695962556 0.7207338712027085
 8.187447982685065 0.7202162695432834
 8.292110992306783 0.7197052900749537
 8.397944333332413 0.7192282239760053
 8.50496161426665 0.7188058191140797
 8.613176443614188 0.7184496331193267
 8.722588821375028 0.7181611023462429
 8.833212356053869 0.717937438688403
 8.945074264660102 0.7177815306766133
 9.058188155698424 0.7177064746468554
 9.17254042066414 0.7177312915161914
 9.288171885071335 0.7178733132885377
 9.405096157424712 0.7181416423751223
 9.52329962921957 0.7185355063735905
 9.642823125970002 0.7190447953279593
 9.763666647676006 0.7196513069814737
 9.88584380284228 0.7203252741657878
 10.009368199973517 0.7210261300706514
 10.134253447574416 0.7217108274816165
 10.260526762654372 0.7223469386861995
 10.388188145213384 0.7229159577339583
 10.517251203756148 0.7234070065038923
 10.647743155292055 0.7238121999899132
 10.779663999821109 0.7241281504158311
 10.913027345848006 0.7243634325559192
 11.047860410382137 0.7245365172217496
 11.184176801928198 0.7246724156239885
 11.321976520486194 0.7247882088901639
 11.461286783065514 0.7248926898297874
 11.602121198170853 0.7249962224646564
 11.744493374306913 0.7251174646222315
 11.888430528483084 0.7252697712847674
 12.03391905219467 0.7254388623657766
 12.180999770955761 0.7255861920237604
 12.329686293271052 0.7256600461005838
 12.479978619140548 0.725610175258831
 12.631917574078331 0.7254011438489603
 12.785489549579712 0.7250422394817069
 12.940735371158775 0.724625067905704
 13.097668647320221 0.7242980451495955
 13.256289378064048 0.7241718868207613
 13.416624780399646 0.7242462027527338
 13.57868846283172 0.7244241161290068
 13.742548467883745 0.7245779225266711
 13.908027884994668 0.7246017477139025
 14.07541249276312 0.724449141835526
 14.244566206142132 0.7241545551497447
 14.415625110178668 0.7237956636313061
 14.588317034778804 0.7234102098944442
 14.76305023508343 0.7229803985901211
 14.939552540998617 0.7224604777249388
 15.117960037571331 0.7218616268275618
 15.298272724801574 0.7212561905520347
 15.480490602689342 0.7207287595954449
 15.664613671234639 0.7202891618711336
 15.850778015484426 0.7198861960501615
 16.03898363543871 0.7194281348289973
 16.228958361003552 0.7188527265501017
 16.421110447319854 0.7181467676861578
 16.615303809340652 0.7174145610243573
 16.811538447065942 0.7168335391425601
 17.00967827544876 0.7165352738140303
 17.21013154963 0.7165313267616491
 17.412490014468772 0.7167575625848052
 17.617161925105964 0.7171166647291696
 17.823875111447655 0.7176159906823076
 18.0327656585408 0.7183201729019144
 18.24383356638541 0.7191826111020796
 18.457078834981476 0.7200306870123437
 18.67263754937597 0.7207585462845386
 18.89037362452192 0.7213934431726885
 19.1104231454663 0.7220735007199132
 19.332786112209102 0.7230036774958514
 19.557326439703366 0.7243170548112988
 19.784316298043023 0.7258459744091749
 20.013483517134137 0.7271709292261239
 20.24523635211761 0.7279983654704867
 20.479166547852543 0.7283092530328699
 20.715682359479831 0.7282580770995914
 20.95451161690555 0.7281803377995139
 21.19579040517666 0.7284603443583983
 21.439654809340122 0.7291831389772145
 21.685832659302015 0.7300883691254163
 21.934596125156264 0.7310185656500089
 22.185945206902875 0.7320098624624816
 22.43974381949488 0.7329036481429342
 22.6962641330262 0.7334678305635193
 22.95523397740292 0.7337975991622704
 23.21692552271896 0.7341675587361158
 23.48120268392736 0.7346202332561861
 23.748065461028115 0.7350640227009193
 24.017786024115167 0.7355160075060353
 24.290092203094573 0.7360608099902045
 24.565120083013304 0.7367464720725306
 24.842869663871358 0.7377123483301937
 25.123477030715704 0.7390953105063504
 25.406806098499373 0.7407658547160664
 25.692992952269335 0.7425683612186679
 25.982037592025587 0.7444699175258264
 26.27394001776813 0.7462571897189325
 26.56870022949696 0.747593597662304
 26.866318227212083 0.7485065370748956
 27.1667940109135 0.7493336284403276
 27.47039975069514 0.7503459819484792
 27.776863276463064 0.7515281246575343
 28.086320673264246 0.7524653793029864
 28.398771941098694 0.7525915730793312
 28.71421707996639 0.7517823446779218
 29.032792174914312 0.7500582557433536
 29.354497225942456 0.7477424798945818
 29.679196148003857 0.7455714351429827
 30.00702502614548 0.7443195125876537
 30.338119945414295 0.7440271733354153
 30.672208735716367 0.7437398773535031
 31.00969965219259 0.7430508207158139
 31.350184439702072 0.7419116363901057
 31.694071353385712 0.7396223323028139
 32.04108822314957 0.7367967048790534
 32.391371134040625 0.7341765580082038
 32.74505617110583 0.7332304777102959
 33.102007249298225 0.7331883752161157
 33.46236045366478 0.7329748356648492
 33.825979699158516 0.7325957954761017
 34.19313715587338 0.7328095932067841
 34.563560653715434 0.7336967655495322
 34.9375223627786 0.7354360960074972
 35.314886198015933 0.7373597070691015
 35.69565215942742 0.7399054660949859
 36.07995633206002 0.7422273162264381
 36.46793480096072 0.744267255721217
 36.85931539603557 0.7461418717895034
 37.25423420233153 0.7473555615954874
 37.652691219848634 0.7477715931676523
 38.05482253363381 0.7467611995480392
 38.460628143687074 0.7446899189167855
 38.869971964961465 0.7435140620429493
 39.28312616755091 0.743903687815307
 39.69981858136148 0.7453527151753533
 40.120321376487105 0.7477157634539421
 40.54449846788081 0.7501183850080546
 40.9723498555426 0.751933735861179
 41.40414770956642 0.7537784835252662
 41.839619859858323 0.7561253157280756
 42.27890239146529 0.7574416330873716
 42.7219953043873 0.7563429466662518
 43.16889859862437 0.7537045883811828
 43.61974835922345 0.7503710538382268
 44.07440850113759 0.7460378636333067
 44.53301510941375 0.7401657851512295
 44.99556818405194 0.7350690070081981
 45.46193164000517 0.7323848315567
 45.9323776473674 0.7317253934256445
 46.40677012109164 0.7324606558746993
 46.88510906117791 0.7343817879605711
 47.36753055267316 0.7370254366544766
 47.85389851053043 0.7389942704465781
 48.34421293474972 0.7388182538946122
 48.83874599542496 0.7374844351156171
 49.33736160750919 0.7374167796040149
 49.83992368595544 0.7389961702534681
 50.34670440085765 0.7405689492451334
 50.857567667168844 0.7400947362087995
 51.37251348488901 0.7368134453259234
 51.89167793906515 0.7327195014941855
 52.41492494465026 0.7288777900432228
 52.94239058669133 0.7257795459458997
 53.47393878014139 0.7245854768252722
 54.00984169509436 0.725103472767687
 54.54982716145633 0.7259220902622839
 55.094167349321203 0.7274545192032
 55.64272617364204 0.7296020397370314
 56.19536754937186 0.7316577602332438
 56.7523636466046 0.7332702017922996
 57.313714465340254 0.7331545022929589
 57.87928392053187 0.7321540493347234
 58.44907201217943 0.7351490780564787
 59.023214825329915 0.7423596798992919
 59.60171235998331 0.7491857171693537
 60.18442853109267 0.7509957681649493
 60.771499423704945 0.7482908044037729
 61.36292503782013 0.7310448048052506
 61.95856928839128 0.7343630849010123
 62.55870434551231 0.6112744271618229
 63.1630580390893 0.4332097058445961
 63.771902539216164 0.3350092745775341
 64.384965675799 0.2320658518525677
 65.00238353388472 0.16926606789695955
 65.62429219852035 0.13136295977165476
 66.25041949961194 0.10633220705365222
 66.88103760725339 0.08823511470088381
 67.51601043639778 0.07442208273467739
 68.15533798704509 0.06351817045663768
 68.7990202591953 0.054707793625327273
 69.44705725284845 0.04746353983903622
 70.09944896800451 0.04142456205771391
 70.75633148971045 0.03633381859160103
 71.41743264787236 0.032002469086557384
 72.08302461258414 0.02828831253767804
 72.75283521375187 0.02508206352546754
 73.4271366214695 0.022298279741423416
 74.10565666564305 0.019869165600290086
 74.78866751636652 0.017740232748243083
 75.47589700354592 0.015867191500798582
 76.16761729727523 0.014213678449362114
 76.86355622746048 0.01274956910297374
 77.56384987914865 0.011449705894954133
 78.26836216729276 0.010292925089524273
 78.97736526198678 9.26130425613551E-3
 79.69045090808977 8.339573657465496E-3
 80.40802736074265 7.514651504632615E-3
 81.12968636480451 6.775273504209185E-3
 81.85570009036931 6.111694591670193E-3
 82.58606853743701 5.5154478747793875E-3
 83.3205195359137 4.979147526452089E-3
 84.05918917084634 4.4963270662418E-3
 84.80207744223493 4.061305705108838E-3
 85.54918435007949 3.6690774340301132E-3
 86.30050989437999 3.315217870788572E-3
 87.05591799008947 2.995806344660467E-3
 87.81554472225491 2.707360052167637E-3
 88.57911792078238 2.4467782651888944E-3
 89.3469097557658 2.2112947228533023E-3
 90.11878414215819 1.998436747163824E-3
 90.89474107995957 1.8059905147732203E-3
 91.67464448412298 1.6319706869871635E-3
 92.45863043969537 1.4745944408470544E-3
 93.2465628616298 1.3322586874935124E-3
 94.03844174992622 1.2035204001302468E-3
 94.83426710458468 1.0870792218073484E-3
 95.63403892560517 9.817622931476237E-4
 96.43775721298766 8.865109834506268E-4
 97.2452858816852 8.003690192329786E-4
 98.05648884665085 7.224720483858105E-4
 98.87163827797852 6.520384436838878E-4
 99.69059809062122 5.883610193067869E-4
 100.51323219953201 5.307997231191198E-4
 101.3395406047109 4.787750488307534E-4
 102.16952330615788 4.317622086752009E-4
 103.00331638891991 3.892858448571777E-4
 103.84051159785609 3.509153022152331E-4
 104.68138110306037 3.162604098160675E-4
 105.52578881948578 2.849676415533305E-4
 106.37359866208533 2.5671665716615595E-4
 107.224946715906 2.3121717870937691E-4
 108.07969689590082 2.0820621346774083E-4
 108.93798528711677 1.8744547668367116E-4
 109.79940363441295 1.6871910563669243E-4
 110.66422410788329 1.518315586018181E-4
 111.53231062248081 1.3660573950709622E-4
 112.4036631782055 1.2288127635920313E-4
 113.27814569001043 1.1051296447642269E-4
 114.1557581578956 9.936935913343431E-5
 115.03650058186096 8.933149912535825E-5
 115.9202368768596 8.029173637762968E-5
 116.8069670428915 7.21526862487388E-5
 117.69669107995664 6.482626793712743E-5
 118.58940898805504 5.8232835115038734E-5
 119.48484859709278 5.230038525421823E-5
 120.38328207716376 4.6963841804332686E-5
 121.2843011731271 4.2164403719364455E-5
 122.18817805507675 3.784895447538158E-5
 123.09464055291872 3.39695242920441E-5
 124.00368866665308 3.048280274213553E-5
 124.91532239627979 2.734969739681576E-5
 125.82940565675189 2.453493260106287E-5
 126.74607453311636 2.2006684780996822E-5
 127.66505685527925 1.9736252940235582E-5
 128.5864887082875 1.7697758893739408E-5
 129.51009792204723 1.586787673561764E-5
 130.43602058160541 1.4225586849072755E-5
 131.36412060191503 1.2751952455546806E-5
 132.29426189792914 1.142991881945855E-5
 133.22658055469472 1.024413031342312E-5
 134.1608044021178 9.180765422517588E-6
 135.09706952524541 8.227386257797754E-6
 136.03523983903053 7.372804542531349E-6
 136.97504317337924 6.606958412955359E-6
 137.9167516983855 5.920802432069213E-6
 138.85982107386138 5.306207401532574E-6
 139.80561215027663 4.755870399911775E-6
 140.75276407716151 4.2632332391616E-6
 141.69991600404642 3.8224091752136555E-6
 142.64978963187064 3.4281164316269503E-6
 143.6010241101645 3.0756187860502176E-6
 144.55361943892805 2.7606719331465903E-6
 145.50757561816126 2.479474613277302E-6
 146.46153179739445 2.228625603417018E-6
 147.418209677567 2.0050844763428836E-6
 148.3748875577395 1.8061365259462584E-6
 149.33428713885135 1.6293614825572382E-6
 150.29232586949356 1.472605339589636E-6
 151.25308630107505 1.3339553846922281E-6
 152.21384673265657 1.2117179007495438E-6
 153.1759680147078 1.1043983915421853E-6
 154.13808929675894 1.0106842285285857E-6
 155.1002105788101 9.294293853913862E-7
 156.063692711331 8.596413572410769E-7
 157.02853569432144 8.004696870616491E-7
 157.99337867731196 7.511969930112083E-7
 158.9568608098328 7.112314575020368E-7
 159.92306464329297 6.801019690396216E-7
 160.88790762628346 6.574572313622553E-7
 161.85411145974362 6.430489278723727E-7
 162.81895444273413 6.368695021609416E-7
