 1.5994672351471923E-3 2.760712930151349
 4.817205870028425E-3 2.757129366713886
 8.07280291091827E-3 2.756600874234554
 0.01136671817651319 2.759178312157079
 0.014699314681573549 2.7647736582172024
 0.01807115711572658 2.7732238612848543
 0.021482648828706017 2.7843106349070092
 0.02493423350521897 2.7977731201088484
 0.028426395164945932 2.8133218117350957
 0.031959617827567385 2.830655815330121
 0.03553442584773719 2.8494790198539403
 0.039151182240215694 2.869511276500405
 0.04281033068971004 2.8904940299177863
 0.04651267789568767 2.9121940889417903
 0.05025858687290897 2.9344072356077677
 0.05404846097110767 2.9569592620855313
 0.05788270354001751 2.9797035107461282
 0.061762524628839694 3.002513998221374
 0.06568752088784051 3.0252775035774375
 0.0696584990164874 3.0478862178122083
 0.07367626571424786 3.0702335252790393
 0.07774122433085562 3.092212963933335
 0.08185418156577816 3.113719234509337
 0.08601513741901547 3.134650146844149
 0.09022489859003503 3.1549107246108576
 0.09448427177830432 3.1744205877709332
 0.09879366033355708 3.1931166452314596
 0.10315346760552704 3.210945442848263
 0.10756450029368168 3.227855906143764
 0.11202756509748847 3.243799771074259
 0.11654266201694742 3.258734198708101
 0.12111100110125973 3.2726231157209975
 0.12573258235042542 3.285438301837223
 0.1304090191633794 3.297160675605908
 0.135139908190388 3.307788410308332
 0.1399260561309186 3.3173441402586103
 0.1447686730341725 3.325873735491347
 0.14966816224988338 3.333440012463232
 0.15462492712778505 3.340112288970152
 0.15964017771707864 3.3459605685704834
 0.1647139140177642 3.3510589836011925
 0.16984694272930916 3.3554868319726445
 0.17504047390091481 3.3593255844340546
 0.18029491088231483 3.3626619511436226
 0.18561065702324294 3.3655919559666647
 0.1909889223729004 3.368210879875077
 0.19643011028102094 3.37059074651365
 0.201935027447072 3.372763567346647
 0.20750448057052106 3.3747163756263374
 0.21313927635083568 3.3764131426491825
 0.2188398181377495 3.3778258527914872
 0.22460731598046376 3.378934978409577
 0.2304421732287122 3.3797252157250805
 0.23634559993169604 3.3801962245171353
 0.242317999439149 3.3803547634454385
 0.24836017845053862 3.3801916195408714
 0.2544729436653323 3.379666564120422
 0.2606575051327312 3.378704871009016
 0.266914669552203 3.3772118242468645
 0.2732448402734812 3.375097116657065
 0.27964882399603346 3.372287658258871
 0.2861278307690609 3.3687300354391105
 0.292682667292031 3.3643883084553776
 0.2993141402644112 3.3592311620400034
 0.3060230563856691 3.353221961069389
 0.3128106257050058 3.3463345662843635
 0.3196772515721551 3.338561639576374
 0.3266241440363182 3.3298828606739516
 0.33365251314669625 3.320261754030275
 0.3407627622530231 3.3096774322281956
 0.3479561014044998 3.2981111345230167
 0.35523333730059403 3.2855274967522722
 0.36259567999050684 3.271903955539613
 0.37004393617370573 3.257262230731588
 0.37757931589939203 3.2416605038244257
 0.38520222251729935 3.2251621632615585
 0.3929142694263627 3.2078201703321127
 0.4007166666757832 3.1896926704068926
 0.408609414265561 3.1708497955508616
 0.41659573899356594 3.1513409602227304
 0.4246748341603306 3.131170912911686
 0.43284669976585476 3.110324134570122
 0.441115369307476 3.0887886714619563
 0.44947680928785693 3.06657295970623
 0.45793908670167227 3.043717941462176
 0.46649816805158467 3.020225984621969
 0.4751580868349314 2.99601615678528
 0.4839188430517125 2.971015791353742
 0.4927844701992655 2.9452317216569197
 0.5017509347802529 2.918721596193061
 0.5108182367946745 2.8915508076851117
 0.5199944432372054 2.863730002597283
 0.5292795541078456 2.8351970774679666
 0.5386695359092574 2.8059128167237905
 0.5481684221387785 2.775897843717456
 0.5577802462937459 2.745195364865056
 0.5675009748768226 2.7138600048404106
 0.5773386748826832 2.6819685429018544
 0.5872893128139904 2.649591718629563
 0.5973528886707441 2.6167706973932
 0.6075334359502816 2.5835366270096322
 0.6178349881499406 2.549911478679234
 0.6282535117723834 2.5159271103201144
 0.6387970738122848 2.481623679758581
 0.6494616407723075 2.4470361260006456
 0.6602472126524516 2.4121681620579384
 0.6711578229500543 2.376975507468096
 0.6821975051624529 2.3413832148157034
 0.6933662592896477 2.3053702940232017
 0.7046600518343012 2.268995259578732
 0.7160909832884255 2.23230665309269
 0.7276469531600083 2.195316608361304
 0.7393440954383993 2.1580874942492425
 0.7511703096315864 2.120733297084497
 0.7631376962315817 2.0833367961763027
 0.7752422217410477 2.04589691390707
 0.787487919657322 2.008362112238601
 0.7998747899804043 1.9706614415368648
 0.8124028327102949 1.9327148493029844
 0.8250801148416684 1.8944858438725307
 0.8378985693798501 1.8559927462066334
 0.8508702968168519 1.8172997965672237
 0.8639872301579994 1.778511866440804
 0.8772614698953045 1.7396784246950425
 0.8906849490340927 1.7006773081745287
 0.904261701071701 1.661353336449082
 0.9179997930028044 1.6216707702563755
 0.9318951913300656 1.5816237176472693
 0.9459478960534843 1.5412154871988326
 0.9601659741677355 1.5005538109841971
 0.9745453921754817 1.4599195140381142
 0.9890942170713978 1.4197110609239482
 1.0038084153581463 1.380265892682346
 1.0186920205330645 1.3417568833009498
 1.0337450325961525 1.304224905464821
 1.0489755185420852 1.2676392499580402
 1.0643754113761876 1.2319272566070986
 1.0799568115904718 1.1969781826499801
 1.0957197191849381 1.1626517766725312
 1.111660100662249 1.1288748771150396
 1.1277819895197418 1.0957490100448772
 1.1440934527520913 1.0634818155582805
 1.16059045686196 1.0321990696975962
 1.1772770353466857 1.001862386170599
 1.1941531882062677 0.9723668661014379
 1.2112269824353811 0.9436563459058507
 1.228494384536689 0.9157878344326551
 1.245959428007528 0.8889377062069121
 1.2636221128478983 0.8633183670002601
 1.281490506052475 0.8391187395064882
 1.299564607621258 0.8164612008564145
 1.3178403840569095 0.7953587784217392
 1.3363299358514422 0.7757039661319082
 1.3550292295075185 0.757357920793874
 1.3739422985224754 0.7402064742811403
 1.393073176393651 0.724150227428173
 1.4124218631210447 0.7091038299156796
 1.431988358704657 0.6950048462595892
 1.4517807301391618 0.6818081521226721
 1.4718030109218975 0.6694591806347832
 1.4920471340581886 0.6578828811306981
 1.5125252000400477 0.6470022582335838
 1.5332372088674748 0.6367429481180189
 1.5541831605404694 0.6270287578289162
 1.5753670885563693 0.6177957550549331
 1.5967930264125118 0.608985184230282
 1.6184650076062343 0.6005351049707388
 1.6403789986401995 0.5924309688023
 1.662543066509082 0.5847126144938879
 1.6849612447102186 0.5774079193846083
 1.7076335332436105 0.5704894244496266
 1.7305599321092568 0.5638890715047432
 1.7537525417991703 0.5575375556671582
 1.7772032953186756 0.5513825069164832
 1.8009202596624478 0.5453873158608902
 1.824903434830487 0.5395310314498067
 1.8491608878174674 0.5338006789623986
 1.8736926186233897 0.5281896848375831
 1.898502660745591 0.5227139776803116
 1.9235950476814083 0.5174021174957386
 1.9489657459335048 0.5122547425731937
 1.9746268559938922 0.5072489047768587
 2.0005743443652335 0.5023629853116667
 2.026816278042203 0.49757930854754706
 2.0533526570248015 0.4928839945210027
 2.0801875148103654 0.4882702986345494
 2.107324884896233 0.4837410224528563
 2.1347688007797405 0.4793069267048644
 2.162519262460889 0.47498106700354464
 2.1905843369343527 0.47077386994697473
 2.218964024200132 0.46669083867804184
 2.2476583242582264 0.4627315837883083
 2.2766793376006484 0.4588909813124206
 2.3060230307300604 0.45516206152282356
 2.3356974706411373 0.4515381571356827
 2.365702657333879 0.44801403462975675
 2.3960426243056227 0.4445861577407788
 2.4267214050537067 0.44125071857780623
 2.457743033075467 0.4380003062168105
 2.489111541868242 0.4348225851959082
 2.5208309649293685 0.4317027074287506
 2.5529053357561846 0.42862775102013495
 2.5853346543486894 0.4255933938901022
 2.61812295420422 0.4226105606443052
 2.651278302317453 0.41970359070177404
 2.6848047321857242 0.4168983408327635
 2.718698210311697 0.41421029152407284
 2.7529708371873824 0.4116426455226421
 2.787626646310119 0.4091943156573011
 2.822661604182569 0.4068673309703363
 2.8580878112967442 0.40466489954395595
 2.893905267652645 0.4025898467225604
 2.930118006747609 0.40064861169737736
 2.9667300620789727 0.3988468679220127
 3.0037454671440744 0.39717569634079713
 3.0411722889375885 0.3956065804206377
 3.079010527459515 0.394106016111224
 3.117264216207191 0.3926433226090111
 3.1559414221752914 0.391185050873306
 3.1950421453638164 0.3896905833774863
 3.2345704192701036 0.38811429129980407
 3.2745343108888276 0.3864154110236459
 3.314937853717325 0.3845702305245402
 3.3557810477555967 0.38257628423326633
 3.3970719599983172 0.38044582467884613
 3.4388146239428234 0.37820043351737026
 3.4810130730864532 0.3758760079517377
 3.523675374423882 0.37352529718246496
 3.5667974944577713 0.3712041760108672
 3.6103915336801333 0.36896178247152044
 3.6544615255883057 0.3668460645097336
 3.699007470182289 0.3649025079980876
 3.7440414679540943 0.3631678745687071
 3.7895594854063854 0.3616675908953219
 3.835573623031173 0.36041367976054755
 3.882087914325796 0.35942101854484276
 3.9291023592902534 0.35872684541078964
 3.97662502491922 0.35834657818553433
 4.0246599447100335 0.3582073203444499
 4.073227286149381 0.3581668477480807
 4.122274613771875 0.3580824822487978
 4.171886631021603 0.3578428089750622
 4.222023002925189 0.3573650424933405
 4.272724064456009 0.35661953080672587
 4.323909145667313 0.3556606456528914
 4.375699251479223 0.354594578445904
 4.428013711944994 0.3535247393781538
 4.4808928620379955 0.35254444391027905
 4.534336701758231 0.35176071770480116
 4.588345231105698 0.35131367157540116
 4.642918450080399 0.35130644219931655
 4.698096693655705 0.3516554661988732
 4.753879961831618 0.352169552189553
 4.81018758466139 0.3527335820613515
 4.867140567065142 0.3532035514921039
 4.9246985740695015 0.3533679351526362
 4.982861605674466 0.3531829818525508
 5.0415893269066645 0.3527702475934259
 5.101002742686216 0.3522668678134965
 5.1609808480930015 0.3518465132635075
 5.221644648047139 0.3516805603382572
 5.2829134726018844 0.35180146225551056
 5.344827656730608 0.35204632231045884
 5.4073872004333134 0.3521481238077928
 5.47059210371 0.35194087640646792
 5.534482701534039 0.3515424345586531
 5.599018658932058 0.3512171726889648
 5.664240310877432 0.35115074619041836
 5.73014765737016 0.35146118798462067
 5.796700363436868 0.3521336134685369
 5.863979099024303 0.3530090274053718
 5.931903194185718 0.3539127232743553
 6.000593653841236 0.3546909421252543
 6.069929473070733 0.3551842503073552
 6.140031656794331 0.3552402918415515
 6.210819535065284 0.3548257473263491
 6.282333442856965 0.3539789994116193
 6.354613715142746 0.35281100161272715
 6.427579681975883 0.3516111315528155
 6.50131201330312 0.3507667259802847
 6.575810709124459 0.350598418096699
 6.651035434466526 0.3511621309933253
 6.727066859276068 0.351956820764043
 6.803824313606337 0.3521792624118916
 6.881388467404082 0.3517371917182426
 6.959718985695928 0.35096225755018284
 7.038815868481875 0.35002734020356846
 7.118759785708673 0.3489264195937405
 7.199470067429571 0.3478882957516145
 7.280987048617945 0.3473838497186251
 7.363310729273793 0.34747075341801003
 7.446481444370491 0.34812861732382166
 7.530458858934664 0.3494074013748219
 7.615283307939686 0.35091797111192196
 7.700954791385557 0.3522465906816037
 7.7874733092722765 0.35342030533585166
 7.874838861599845 0.3543166494576655
 7.9630514483682635 0.3548292299398262
 8.052111069577531 0.3550771149590608
 8.142098395174395 0.35511726431154683
 8.232932755212106 0.35505572785032785
 8.324654484664041 0.35486270246870643
 8.4172635835302 0.35423325917800896
 8.510760051810582 0.35316844657072415
 8.60518422447856 0.3518908498499437
 8.700536101534134 0.35036688540890265
 8.79677534800393 0.34916780528806806
 8.893942298861322 0.3491275813793771
 8.992077289079686 0.34997191622336865
 9.091099648712273 0.3507993410095158
 9.191130382679203 0.351419373473485
 9.292048486060356 0.3520245164428743
 9.393974963775854 0.3524249866981729
 9.496829145878946 0.3526233013383196
 9.600651367343012 0.35298513464410624
 9.70548196314142 0.35335017552968273
 9.811280598300797 0.3530613473545153
 9.91808760779452 0.35178201165576367
 10.025862656649213 0.3499515061158309
 10.134686414811624 0.3489443861577126
 10.244478212335004 0.34864808141162384
 10.355318719166101 0.34859716312696814
 10.467167600331546 0.34847917871307204
 10.580024855831331 0.3486864246777414
 10.693930820638835 0.3497264894023435
 10.808925829727434 0.35073295312066993
 10.924929213150374 0.3511982550577382
 11.04198130588103 0.3513091051950562
 11.160082107919408 0.3515753661554659
 11.279271954238874 0.35273548679968785
 11.399550844839434 0.3547116571656937
 11.52087844474771 0.35655029308621916
 11.643335423910452 0.3577298275640485
 11.766841112380911 0.3583105409010115
 11.891476180105839 0.3591058607397895
 12.017200292111855 0.36062821849764176
 12.144013448398963 0.3619086328444737
 12.271996318913912 0.3621326371664698
 12.40106823370995 0.3611765501836536
 12.531269527760456 0.3592210711843369
 12.662600201065423 0.3565547923429252
 12.79506025362486 0.35438254527828233
 12.928690020412134 0.3527640116150745
 13.063449166453873 0.3515872793235912
 13.199378026723451 0.3505183665073483
 13.336476601220872 0.3491466021064668
 13.474704554972753 0.3480079683872149
 13.61414255792585 0.3473555872740505
 13.754750275106785 0.3473542566282471
 13.89652770651556 0.3483662791327755
 14.039515187125547 0.34929913533830125
 14.183672381963373 0.3486816917879432
 14.328999291029039 0.3467490251223713
 14.47557658426929 0.3439794660000864
 14.623363926710754 0.3409822087705723
 14.772320983380059 0.3392924043252189
 14.922528424223948 0.3380451978808247
 15.073945914269054 0.33711304079780723
 15.226573453515368 0.33767320735045475
 15.380451376936271 0.33788531851328396
 15.535539349558388 0.3360821094961457
 15.691877706355092 0.3320670837143788
 15.849426112353004 0.3288403013355648
 16.008265237498882 0.32890364708511615
 16.16831441184597 0.3302014184550955
 16.32965430534102 0.3292183355506327
 16.492244583010656 0.32482104604399714
 16.656044909881504 0.31953547735856613
 16.821135955900313 0.3154323748649474
 16.987517721067082 0.3111458475270013
 17.155149870408436 0.3050369213868726
 17.32403240392438 0.29862400388793475
 17.494205656588285 0.29156225323571716
 17.665669628400145 0.2816631845175155
 17.838383984386595 0.2700821314106521
 18.012389059521005 0.258800230644795
 18.187684853803375 0.24822202531962136
 18.364231032260335 0.23863816449796282
 18.542108264838624 0.22797698386408976
 18.721235881591503 0.21612148192277144
 18.901694552465716 0.20057169919397446
 19.083403607514515 0.17910922491967337
 19.266403381711274 0.15436129760803593
 19.450734210029366 0.12990337954171737
 19.63631542252205 0.1063159209756842
 19.82322768913606 0.084406964748779
 20.011430674898036 0.06656583069190018
 20.200924379807972 0.05328457639412188
 20.391708803865867 0.043623377326207364
 20.583783947071722 0.0366023991761334
 20.777149809425537 0.03134370940809596
 20.97184672590069 0.027211866370207112
 21.16779402655043 0.023819392612069684
 21.3650723813215 0.020972920083911578
 21.563601120267154 0.01856049655297713
 21.76346091333415 0.016499431929031103
 21.964571090575724 0.01472488798300917
 22.16701232193864 0.013186009067685835
 22.370703937476136 0.011842836813277345
 22.575726607134974 0.010663740541844597
 22.781999660968391 9.623428425508061E-3
 22.989563433949772 8.701459695898727E-3
 23.19837759110574 7.88114188276897E-3
 23.40852280238304 7.14871093201817E-3
 23.619878062861555 6.492716558116787E-3
 23.832564377461402 5.903555238928397E-3
 24.04646074126246 5.373113042081107E-3
 24.261647824211486 4.894487779518706E-3
 24.47812562630847 4.461771574157254E-3
 24.695813477606662 4.069878436572789E-3
 24.914751713079443 3.714406542748738E-3
 25.134940332726813 3.391527363328914E-3
 25.356379336548766 3.097895522154568E-3
 25.57906872454531 2.830575012874089E-3
 25.802968161743063 2.586978829862504E-3
 26.0281179831154 2.364818667115939E-3
 26.254437518715583 2.162063274447713E-3
 26.48200743849035 1.976903637886592E-3
 26.71078740746633 1.8077234722439455E-3
 26.94077742564352 1.6530747360645207E-3
 27.17193715804855 1.5116566465849122E-3
 27.404306939654794 1.3822976996760291E-3
 27.637846435488881 1.2639405184169752E-3
 27.8725556455508 1.155628746369698E-3
 28.108434569840564 1.0564957664770022E-3
 28.345483208358167 9.657549271065913E-4
 28.583701561103605 8.826910559381735E-4
 28.823049293103512 8.066531263467523E-4
 29.063486069384506 7.37047655341529E-4
 29.305092559893346 6.733331483591785E-4
 29.547828429656643 6.150149249476676E-4
 29.791653343701035 5.616408574939597E-4
 30.03656730202652 5.127972572333903E-4
 30.282570304633097 4.681054370651213E-4
 30.52970268649414 4.2721854565531513E-4
 30.777843442689523 3.8981874513551855E-4
 31.027073243166 3.556146709047522E-4
 31.277351752950195 3.243391570199881E-4
 31.528638637068734 2.9574713926381105E-4
 31.78097423049499 2.696138198027105E-4
 32.03431819825559 2.45732936989771E-4
 32.28871087532391 2.2391522522562852E-4
 32.544031256779824 2.0398702153302336E-4
 32.80036001257008 1.8578896599388098E-4
 33.057656807721315 1.6917483445365457E-4
 33.31592164223351 1.5401045598836815E-4
 33.57511418113331 1.4017274284739694E-4
 33.835234424420704 1.2754878210035375E-4
 34.09628237209569 1.1603501174190298E-4
 34.358217689184904 1.0553645723826541E-4
 34.62104037568834 9.596604234847238E-5
 34.884750431605993 8.724394264355435E-5
 35.14934785693788 7.929700045018757E-5
 35.41475198173723 7.205818397742721E-5
 35.68104347595081 6.546608344710361E-5
 35.94810133465849 5.94644599106815E-5
 36.21600622780702 5.4001821922533363E-5
 36.484677485449644 4.903103583947518E-5
 36.75411510758638 4.450897050877947E-5
 37.02431909421721 4.039616735142197E-5
 37.29524911036877 3.665653917604494E-5
 37.56694549101444 3.32570920850315E-5
 37.83932756620746 3.0167668396796807E-5
 38.1124356709212 2.73607125439495E-5
 38.38618913520892 2.48110544938876E-5
 38.660628294044 2.2495709627220033E-5
 38.93571281245306 2.0393697177502522E-5
 39.211402355462723 1.8485871216602343E-5
 39.487737258046365 1.675476547294729E-5
 39.76463685025725 1.5184454359424946E-5
 40.04214146706873 1.3760419731899043E-5
 40.32021077350745 1.2469432622498096E-5
 40.59876409962665 1.1299443873798719E-5
 40.87788211537309 1.0239483068151384E-5
 41.157403480853254 9.279566893223335E-6
 41.4377315458009 8.410614278557834E-6
 41.71846296048229 7.624369617804095E-6
 41.99919437516368 6.913332200749047E-6
 42.28073248931254 6.2706908377595764E-6
 42.56267395319513 5.690265849714184E-6
 42.84501876681147 5.1664543056904954E-6
 43.12776693016154 4.694181590604155E-6
 43.41051509351161 4.268856378815582E-6
 43.694069956329165 3.886330063758045E-6
 43.97762481914671 3.542859766702424E-6
 44.26198638143173 3.2350748974899632E-6
 44.54594459398302 2.959947059943704E-6
 44.83070950600178 2.714762632113741E-6
 45.11547441802055 2.4970985094377425E-6
 45.40064267977305 2.3048000293828787E-6
 45.685810941525545 2.135961465254366E-6
 45.97097920327804 1.988908773303915E-6
 46.25655081476429 1.8621846622104648E-6
 46.54252577598425 1.7545346164890777E-6
 46.82850073720423 1.6648958098939806E-6
 47.11407234869046 1.5923868688096112E-6
 47.40045065964418 1.5362995753537097E-6
 47.686425620864156 1.4960919881873095E-6
