 6.926868825783945E-4 0.25054900461487583
 2.086204233212229E-3 0.29182284856434725
 3.4961170564517152E-3 0.3243088125884675
 4.9226244875916584E-3 0.35288221287264015
 6.3658837387069065E-3 0.37777542208932674
 7.826139361913885E-3 0.3990794574657124
 9.30356603729576E-3 0.4170197926860545
 0.010798355912944004 0.4318894863945579
 0.01231071860495842 0.4439906810029525
 0.013840863729438798 0.4536151164784847
 0.015389018370493251 0.4610413389763243
 0.016955339740196626 0.4665351747952188
 0.018540019986640406 0.47035075471443665
 0.02014340846999091 0.4727308166644966
 0.021765662402322982 0.4739056780075575
 0.023406956463719794 0.47409022921436255
 0.0250674653342645 0.47348047994644193
 0.026747713054206593 0.47225106773036196
 0.028447524943462913 0.4705533146138532
 0.030167250362199776 0.4685153159096173
 0.03190723867058352 0.46624285714353574
 0.033667664548697295 0.46382286159195246
 0.03544887735670744 0.4613274001341185
 0.037250877094613936 0.45881757133946055
 0.03907401312258313 0.4563460188321079
 0.04091863480078133 0.45395763131589883
 0.04278491680929171 0.45168869354380553
 0.04467303382819742 0.4495663662902054
 0.046583335217664806 0.447608849595523
 0.04851617033786018 0.44582637278661246
 0.05047153918878354 0.4442225096393063
 0.052449965810684374 0.4427957972473311
 0.05445145020356269 0.44154165781205845
 0.056476691087751135 0.44045406197596304
 0.05852551378316655 0.4395266975981851
 0.060598267649975244 0.4387531243258421
 0.06269547672842672 0.4381265865994386
 0.06481731569860415 0.4376399090414396
 0.06696395924059068 0.4372853246073716
 0.06913593139463578 0.4370543110637049
 0.0713332321607395 0.4369387254921129
 0.07355621089906814 0.4369318569110541
 0.07580539164987117 0.43702825001739764
 0.07808094909323178 0.43722259768389504
 0.08038305790923311 0.4375085979681902
 0.08271224213812467 0.4378780831273347
 0.08506867645998961 0.4383212521913769
 0.08745271023499425 0.43882783638550815
 0.08986469282330492 0.4393884363633504
 0.09230497358508798 0.43993555865867006
 0.09477372720042654 0.44064911881538015
 0.0972714777095701 0.4413470367557652
 0.09979839979260184 0.4420903432369182
 0.10235501748977124 0.4428770392821037
 0.10494150548116148 0.4437047102508541
 0.10755821312693885 0.44457314782180606
 0.11020548978726971 0.44548371046551826
 0.11288385950240351 0.4464371259210599
 0.11559367163250661 0.44743131421791076
 0.11833510085766216 0.4484585232680834
 0.12110849653803649 0.4495053786543321
 0.12391438271387907 0.4505556270801966
 0.12675310874535625 0.4515910568983193
 0.12962502399263434 0.45259323279072544
 0.13253047781587967 0.453546535398551
 0.13546999425534173 0.4544410415497393
 0.13844374799110367 0.4552727090192879
 0.14145226306341501 0.4560431029113255
 0.1444960635125252 0.4567582572321385
 0.14757532401851744 0.45742774654154305
 0.15069056862164117 0.45806238708097563
 0.15384214668206278 0.45867080888862216
 0.1570305822400317 0.4592587051417632
 0.16025622465571426 0.4598321436405959
 0.16351959796936 0.46040033318908024
 0.16682087686105204 0.4609728825779341
 0.17016076005112301 0.461557622976516
 0.17353977157982244 0.46215943175544993
 0.1769579114471503 0.4627789720244483
 0.18041657709377195 0.4634149090100911
 0.18391541915952103 0.46406496529005286
 0.18745443764439748 0.4647272002888601
 0.191035379349233 0.46539907821020043
 0.19465649747319596 0.46607310585509403
 0.1983212856179496 0.46673390771392875
 0.20202799698266227 0.46736436457715346
 0.20577837836816564 0.4679549302986569
 0.20957242977445963 0.4685063801039579
 0.213411898002376 0.4690255333562775
 0.217295036251083 0.46951825794872464
 0.2212218445205807 0.46998486469378386
 0.2251958164125323 0.47042291530627766
 0.22921695192693786 0.47083346961730415
 0.2332835042629657 0.47122410441943146
 0.23739722022144751 0.47160807132176424
 0.24155984660321483 0.47199897202470864
 0.24576963660743611 0.4724021893136353
 0.2500300838357746 0.472804191211546
 0.2543394414873986 0.47318223562482825
 0.2586977095623082 0.47349797871485865
 0.26310663486133495 0.47381025373724094
 0.26756796418531053 0.4740387546669389
 0.2720799507334033 0.4741974640723634
 0.2766460881072765 0.47428341546535324
 0.28126462950609854 0.4743055082179925
 0.2859355749298694 0.474280022871293
 0.2906606711794206 0.47422238282673273
 0.29544166505558394 0.47414009081739383
 0.30027855655835933 0.47403537859749256
 0.30516959888691524 0.47390866626397715
 0.31012003244374636 0.4737552591564134
 0.31512461682635795 0.4735682174673624
 0.3201903392380765 0.4733453382469801
 0.3253119592764071 0.47308687677777205
 0.33049471734384466 0.47279487656385132
 0.3357368666395576 0.47247877585754305
 0.3410401539643774 0.47214598003728336
 0.3464045793183042 0.47179679240657695
 0.35183014270133794 0.47142633184864196
 0.3573203377151419 0.4710190359829429
 0.36287167075805276 0.47055270152230727
 0.36848938223256544 0.47000823036351047
 0.3741699785370167 0.46937392477145445
 0.37991870007390143 0.46865251644039684
 0.3857320532415564 0.4678582207545634
 0.39161178484081315 0.46700331506734477
 0.397561388473335 0.4660984479094824
 0.4035791173382903 0.4651564959524701
 0.4096649714356791 0.46419129133594216
 0.4158224443671646 0.46320806916731044
 0.42204978933191517 0.4622014064259113
 0.428350499931594 0.46116877850760096
 0.43472282936536965 0.460107931900505
 0.4411685244340736 0.459011520185118
 0.4476875851377059 0.4578719657564833
 0.4542835050779298 0.45669345241034
 0.460952790653082 0.4554969627895444
 0.4677006822656574 0.4543155502221473
 0.47452717991565607 0.4531820467507589
 0.48143053680224634 0.4521104556111314
 0.4884124997262598 0.4510862657573269
 0.4954765622893597 0.45008131572894105
 0.5026209776907145 0.4490704880046139
 0.5098474927311558 0.44802610827624883
 0.5171561074106835 0.44691822460992797
 0.524550315330961 0.4457356365640424
 0.5320283696911565 0.44447097064457835
 0.5395920172921018 0.4431081007671611
 0.5472412581337968 0.44163749153072756
 0.5549795858179047 0.44004606986528865
 0.5628070003444258 0.4383749931331209
 0.5707217549125281 0.4365517321045181
 0.5787290899247067 0.43455984716137335
 0.5868272585801299 0.43239455345566374
 0.5950180076796292 0.43008467511124903
 0.6033030840240365 0.42767919853219316
 0.6116824876133516 0.4252276968957062
 0.6201562184475747 0.4227544400710085
 0.6287277701283688 0.42025105986527833
 0.6373988894565656 0.41771566219782685
 0.6461660828305019 0.4151540227320055
 0.6550345906526727 0.4125546362286496
 0.6640044129230778 0.4098893934038701
 0.6730755496417172 0.40712029437003116
 0.6822497476094226 0.40423249972074476
 0.6915287536270257 0.40120803020578066
 0.700914314495358 0.39800303192099295
 0.7104046834135881 0.39457007048401476
 0.7200033539833789 0.39086601639232904
 0.7297120730055622 0.3868695824829559
 0.7395308404801381 0.38259010461283576
 0.7494596564071063 0.37803318681207076
 0.7595037611889622 0.3732335325944664
 0.7696596612240421 0.3682759353842577
 0.7799308501140093 0.36316173219528635
 0.7903173278588639 0.35777232166070777
 0.8008225880602693 0.35202591408170824
 0.8114466307182252 0.34588001556125497
 0.8221912026335635 0.3393050242186659
 0.8330580506071155 0.3322704335435465
 0.8440454278380499 0.32470755022076674
 0.8551585747288614 0.31653512384615917
 0.8663957444787184 0.30771525041302744
 0.8777604306892842 0.29829680132612856
 0.8892526333605589 0.2884200707923773
 0.9008740992933739 0.2781988253745268
 0.912626575288561 0.26761465710432463
 0.9245118081469517 0.2566583106375902
 0.936529797868546 0.24538439535693495
 0.9486840380550072 0.23380112714676137
 0.9609745287063354 0.22196128927647165
 0.9734012698225305 0.20995969835929195
 0.9859695018060874 0.1977469795974846
 0.9986774778561744 0.18519927714763834
 1.011528691574455 0.1723656381831078
 1.0245231429609287 0.15950320266292297
 1.0376625788164277 0.1469499700706525
 1.0509487459417834 0.13491934327370885
 1.0643833911378273 0.12339018532574414
 1.0779682612053911 0.11315153946899685
 1.0917051029453066 0.10187502465841698
 1.1055956631584051 0.0922637473996215
 1.119639941844687 0.0833476977960317
 1.1338396858049832 0.07493372499505198
 1.1481983886409581 0.06701355691825661
 1.1627177971534425 0.059609340392889335
 1.177396164541605 0.052764640899902473
 1.19223873120794 0.04660137218845025
 1.2072472439532802 0.0412323241834085
 1.222419955976793 0.036686240609171825
 1.2377621076809737 0.03294809470386714
 1.2532736990658221 0.029981748065154037
 1.2689564769321701 0.027697331404603182
 1.2848121880808491 0.025927088717279948
 1.300842579312691 0.024497804014472927
 1.3170511442293588 0.02326963495140608
 1.3334378828308524 0.02216114019419338
 1.3500045419180037 0.02124480032248609
 1.3667546150924758 0.02059338826699427
 1.3836881023542688 0.020198578255057147
 1.4008067505042143 0.0199981126696816
 1.4181140531439755 0.01982023011902323
 1.435611757074384 0.019538619385202866
 1.4532998622954398 0.019157678662209395
 1.4711818624088064 0.018685779076857894
 1.489259504215315 0.018123685773420872
 1.5075345345157975 0.017535614513870666
 1.5260104469119173 0.017019118311124285
 1.5446854946028425 0.016669311071992091
 1.563564917991068 0.016643350076380594
 1.5826504638774254 0.016618904650487955
 1.6019421322619151 0.01682284832912382
 1.6214451635470314 0.017081789932533501
 1.6411578109319431 0.01734591796677306
 1.661085314819145 0.017560736924730296
 1.6812294220094685 0.01764963109643148
 1.701590132502914 0.017489125332456445
 1.7221709399011442 0.01696710147840412
 1.7429735910049912 0.016064174644838755
 1.764006819818613 0.014800078145839607
 1.7852479179311981 0.013225161865408376
 1.8067335681602114 0.011418210046612394
 1.828446302497336 9.473050012148166E-3
 1.8504035889508885 7.598458627687691E-3
 1.8725704915042364 6.131526402588426E-3
 1.894999414182328 5.257790090349158E-3
 1.9176554209685314 5.1554666336829525E-3
 1.9405559798711624 5.332685634714355E-3
 1.9637010908902214 5.513680066176108E-3
 1.9870907540257081 6.091786985315768E-3
 2.010724969277623 6.6462945961818665E-3
 2.034621204654281 6.961212005503525E-3
 2.0587794601556836 7.121545979210991E-3
 2.0831647997651976 7.345964194719486E-3
 2.107829627507772 7.82755842356209E-3
 2.132756475375091 8.54434090524044E-3
 2.157945343367153 9.398416521815401E-3
 2.183378763475644 0.010284033118632461
 2.2091091397255104 0.011131513446872125
 2.2350840680918055 0.012033820520558942
 2.2613559525994766 0.013090944689034103
 2.2878898572318924 0.014104816760895953
 2.314703249997368 0.01476160545813262
 2.341796130895904 0.01511990869328019
 2.3691684999275004 0.015498393178123487
 2.396837825100474 0.015991205072189988
 2.424786638406507 0.016307245848082074
 2.453032407853917 0.016139351713509195
 2.4815751334427034 0.015935957686675775
 2.5103973471645506 0.0163097758393172
 2.5395339850360905 0.01669717811092266
 2.5689501110406904 0.018757391272775474
 2.5986981292033 0.021418281023166264
 2.6287256354989696 0.02398768970109915
 2.659085033952648 0.025759250071329925
 2.6897413885477035 0.02653202726872169
 2.7207121672924516 0.026655021750220036
 2.7520148381952087 0.026571900264859334
 2.783614465239343 0.02719836487152635
 2.8155459844414862 0.027865835408264077
 2.847809395801639 0.030047526573851325
 2.880387231311484 0.032378931329613655
 2.9133144269876543 0.034515619487951655
 2.9465560468135176 0.03625148739911292
 2.9801470268057066 0.03782156891673001
 3.0140698989559044 0.03926915004198648
 3.0483246632641116 0.040035489472802825
 3.0829462557469606 0.04043299739292375
 3.1178997403878185 0.04122443500156305
 3.153202585195002 0.04215488896674527
 3.1888547901685106 0.043066216069085623
 3.224873823316661 0.04461988772477097
 3.2612422166311372 0.047294249038973015
 3.2979774381202546 0.05084292896609092
 3.3350794877840144 0.05447716756295845
 3.372548365622415 0.057430004685630725
 3.4103840716354576 0.05956401832793211
 3.448586605823142 0.06070973636192464
 3.4871559681854682 0.06080615974097286
 3.526127094739069 0.061042305731147335
 3.5654650494673103 0.06118801824548928
 3.6051873003785104 0.05869316223127843
 3.6452938474726686 0.053405513107557013
 3.685784690749784 0.047125597276462503
 3.7266772982181746 0.04199310261826694
 3.7679716698778387 0.038569729992245116
 3.809650337720461 0.03902631357873878
 3.8517307697543574 0.03947263583735632
 3.894230433987844 0.04162136725651447
 3.9371143944042894 0.0441084262947969
 3.980435055028641 0.04610287496273955
 4.024140011835951 0.04769650639671577
 4.068281668851167 0.048921371882248765
 4.112825090057658 0.048462241459001825
 4.157787743463739 0.047166158048209394
 4.203187097077727 0.0458619407621799
 4.249005682891306 0.04375449972524751
 4.295260968912791 0.03983346308774476
 4.341935487133867 0.035597608622683026
 4.389064173571166 0.03271197555614738
 4.436612092208055 0.03035117649801673
 4.484614179061166 0.02776253641405905
 4.533052966122186 0.024835151982102184
 4.581928453391112 0.022783006439390626
 4.631258108876261 0.021645924425718478
 4.68105940058595 0.02106602234606418
 4.731297392503544 0.020100766815948793
 4.781989552637362 0.017710645498669064
 4.833135880987403 0.016844563656614994
 4.884753845561984 0.01752153488090879
 4.936843446361103 0.018222785982457537
 4.989387215376446 0.019730194569506986
 5.042420088624644 0.019306875493800213
 5.095907130089065 0.017675175612736754
 5.149883275786343 0.014474193298863123
 5.204331057708159 0.010406937449837526
 5.259250475854515 6.625098302215533E-3
 5.314676466242043 2.6490503067414716E-3
 5.370574092854109 -8.60395329023034E-4
 5.426960823699031 -1.8627323460972435E-3
 5.483836658776809 -2.5117912214540124E-3
 5.541201598087443 -3.213355799924497E-3
 5.5990731096392485 -2.9485840487268695E-3
 5.657433725423909 -2.696217955200355E-3
 5.716300913449741 -5.15534575472285E-3
 5.775674673716747 -7.555026764679369E-3
 5.835537538216606 -9.755821367556124E-3
 5.895924442965955 -0.014009512424053017
 5.9568179199564754 -9.848653179039829E-3
 6.018217969188167 -5.56078302271525E-3
 6.080142058669348 -0.010961848426650062
 6.1425727203916995 -0.016432260553600655
 6.2055099543552234 -0.01706845133809392
 6.268988696576551 -0.017056504041316061
 6.332991479047368 -0.016972678311105205
 6.397500833759357 -0.01829551672163291
 6.462551696729149 -0.02039519527160036
 6.528126599948431 -0.022477228564401312
 6.594225543417198 -0.02958186338193643
 6.660865995143772 -0.04098012552766011
 6.728030487119834 -0.04485684672023464
 6.7957364873537 -0.04781342785515444
 6.863966527837054 -0.05458330202888591
 6.932755544586528 -0.05744798422358758
 7.002068601585491 -0.05715503688812806
 7.0719406348505744 -0.0568056220990299
 7.142354176373463 -0.056845664061111834
 7.2132917581458384 -0.05510625185101087
 7.284788316184335 -0.05154728536205908
 7.356843850488953 -0.04333598382253553
 7.429440893051374 -0.031149054494353834
 7.5025794438716 -0.020117999200176952
 7.576276970957947 -0.01085987933507874
 7.650533474310413 8.757631826089403E-4
 7.725331485920686 0.012015651872716726
 7.800688473797079 0.017849515606453612
 7.876604437939592 0.023682479750004613
 7.953061910339909 0.029651268316396757
 8.030095827014664 0.03180172573451589
 8.107671251947222 0.02494540803866948
 8.185823121154218 0.012047779928671273
 8.264516498619018 -7.856283922785722E-4
 8.343768852349939 -0.010940278646456343
 8.423597650355298 -0.02818361912720016
 8.50396795661846 -0.05920500545661312
 8.58491470715606 -0.10447204425413006
 8.666420433959779 -0.1603985766717118
 8.748485137029618 -0.2200241758386241
 8.83110881636558 -0.2658847039401765
 8.914291471967662 -0.323783860060048
 8.998033103835864 -0.3460791448621335
 9.082351179978504 -0.3580003279003167
 9.167210764378948 -0.3919213289850756
 9.25264679305383 -0.42820189979711165
 9.338624329986514 -0.42430021251653965
 9.425178311193637 -0.39327354530951463
 9.512273800658562 -0.3658655898478065
 9.599945734397926 -0.346090617825432
 9.688159176395093 -0.3354824697841354
 9.776949062666699 -0.25577546794600636
 9.866280457196108 -0.3131278422576694
 9.956170827991638 -0.37369419742642773
 10.046602707044972 -0.3901224228409246
 10.137611030372744 -0.4047414358853865
 10.229143393950004 -0.4176564657024305
 10.321252201801698 -0.42907938468645656
 10.413885049902882 -0.4392058381645551
 10.507076874270188 -0.44820189674650945
 10.600827674903615 -0.4562078691324712
 10.695102515786528 -0.46334326099331463
 10.789918864927246 -0.4697106209282602
 10.885276722325768 -0.47539855354936333
 10.981176087982096 -0.48048407524390807
 11.077616961896227 -0.4850344037387578
 11.174581876059847 -0.48910848356027764
 11.27208829848127 -0.4927582037760736
 11.370101293143867 -0.49602941249101706
 11.468655796064267 -0.49896261429661
 11.567734339234155 -0.5015937666066707
 11.667336922653531 -0.5039549424237861
 11.767446078314078 -0.5060746127755599
 11.868079274224115 -0.5079781917493166
 11.969219042375325 -0.5096883504819011
 12.070865382767703 -0.5112253478478616
 12.173018295401256 -0.512607284609852
 12.27567778027598 -0.5138502872536727
 12.378843837391877 -0.5149688036674689
 12.482498998740628 -0.5159757106992539
 12.586625796313918 -0.5168825026419824
 12.691259166128381 -0.5176993754144372
 12.7963816401757 -0.5184354988620877
 12.901975750447555 -0.519098977990377
 13.008041496943951 -0.5196969812134568
 13.114578879664888 -0.52023591803582
 13.22160536661868 -0.5207214491062325
 13.329068553780377 -0.5211585846771632
 13.437003377166617 -0.521551700588785
 13.545392368769077 -0.5219047352990719
 13.654218060579444 -0.522221043418561
 13.763497920606035 -0.5225036397683162
 13.873214480840533 -0.5227551295805878
 13.983385209291251 -0.5229777107241055
 14.093957701933247 -0.5231734237260967
 14.204966894783148 -0.5233438223895256
 14.31639531983264 -0.5234904068380141
 14.428242977081721 -0.5236143426185836
 14.54049239852208 -0.5237166043535499
 14.65314358415371 -0.5237980128037287
 14.766196533976615 -0.5238591642818532
 14.879633779982477 -0.015494671307819197
 14.993455322171299 -0.22318825436670594
 15.107661160543078 -0.3504144307617124
 15.222251295097815 -0.42838171384837525
 15.337190789818877 -0.5238727299090945
 15.452514580722896 -0.5238173631696587
 15.568170263784927 -0.5237421797631809
 15.684192775021598 -0.5236467110317428
 15.800547178416277 -0.523530385896433
 15.917233473968967 -0.5233924876293418
 16.034251661679665 -0.5232321241947371
 16.151584273540056 -0.5230482888952697
 16.269248777558455 -0.5228398005072651
