 0.0E+0 0.0E+0
 2.2663126709774796E-3 0.06517810331205276
 6.825581957574668E-3 0.17663801799898912
 0.011438493471630447 0.27238059217574406
 0.01610569873817468 0.35427226596258354
 0.020827712119073044 0.42414322658876046
 0.025605333732783265 0.48378669706939125
 0.03043913509248944 0.5348716755333763
 0.03532974486269405 0.5788721015808141
 0.040277848859218014 0.6170420316478462
 0.04528413289788224 0.6504210714844458
 0.050349339945826035 0.6798515952705074
 0.05547398436491509 0.7059993084212856
 0.060658694819651894 0.7293793395254581
 0.06590461433640463 0.7503892532426722
 0.07121225727703896 0.7693438965212193
 0.076582195154739 0.7865046225608526
 0.08201499948268882 0.8020977340603163
 0.08751238480044071 0.8163227688413988
 0.09307377959481057 0.829355357269291
 0.09870032689216655 0.8413485445003767
 0.10439316971887687 0.8524332481862468
 0.11015287958812559 0.8627179538689796
 0.1159805995262809 0.8722923307411978
 0.1218763295333428 0.8812349220918293
 0.12784121263567946 0.8896192817227884
 0.13387639185965907 0.8975145505768226
 0.13998243871846571 0.9049818956780972
 0.14615992472528346 0.9120688836251076
 0.15240999290648055 0.9188019579667736
 0.1587337862884251 0.9251826136140534
 0.16513130487111712 0.9311930555968937
 0.1716042631941089 0.9368135463268596
 0.1781526612574004 0.9420421350275666
 0.18477878511372802 0.9469013982100513
 0.19148206324990765 0.9514245134138486
 0.19826363869230745 0.9556351889612799
 0.20512522598047974 0.9595398055236011
 0.21206739662760853 0.9631355719511335
 0.219090722146878 0.9664208326288705
 0.22619691707784034 0.9693947418793993
 0.23338598142049563 0.972054785457501
 0.24065905820121194 0.9744021196825652
 0.24801786195954167 0.9764456102195069
 0.25546296420866876 0.9782026197903875
 0.2629949364617774 0.9797038569208962
 0.2706154932584198 0.9809971465900452
 0.2783252061117802 0.9821327132817329
 0.28612521804822654 0.9831437833855484
 0.29401667209412712 0.9840443016702787
 0.30200071127585015 0.9848430401359932
 0.31007790710657973 0.9855469060110049
 0.31824997412586802 0.9861398125666212
 0.32651748384689915 0.9865784420803042
 0.33488215080922545 0.9868291207199571
 0.34334454652603096 0.9868841652054638
 0.35190581402368387 0.986733759354266
 0.36056709632855232 0.9863710815029482
 0.3693301079801886 0.9858208739657834
 0.37819599200496095 0.985130271374872
 0.38716531991605335 0.9843475700330477
 0.3962392347398341 0.9835022682355445
 0.40541945101585535 0.9826077114548689
 0.41470711177048535 0.9816797228566284
 0.4241033600300922 0.9807253807219681
 0.4336093388210442 0.9797435717020705
 0.4432267626828935 0.9787323976728112
 0.4529562031288243 0.9776723693812661
 0.4627993746983888 0.9765059561461465
 0.47275799193113915 0.9751713475215037
 0.48283262634025975 0.9736333641950454
 0.4930249924653025 0.9718801830655873
 0.5033362333326359 0.9699174416473173
 0.513768063481812 0.9677706937608598
 0.5243216259391991 0.9654588441555966
 0.5349986352443494 0.9629738502576649
 0.545799662910447 0.9603201075815463
 0.5567269949902283 0.9575447259330522
 0.5677823460232454 0.954711254904409
 0.5789657160094985 0.9518390626396578
 0.5902816770544603 0.9489031491642347
 0.6017290861317626 0.9458562264487688
 0.6133079432414053 0.9426292836335006
 0.6250239635152293 0.9391121993298006
 0.6368714318213938 0.9352080643419126
 0.6488617784235806 0.9309159042984501
 0.6609892881899487 0.9262922980143373
 0.6732596762523392 0.9213962504055813
 0.6856729426107516 0.9162893682065698
 0.6982348023970275 0.9110239920825578
 0.7109395404793255 0.9056396413320212
 0.7237871568576456 0.9001525912265311
 0.7367890817956699 0.8945742883645025
 0.7499453152933981 0.8889177822690466
 0.7632501422189896 0.8831436312079927
 0.7767092777042851 0.8771920112740542
 0.7903284368811254 0.8710516663835065
 0.8041019046176697 0.8647429403040233
 0.8180411111775999 0.8582837943905789
 0.8321403414290751 0.8516765542565861
 0.8463995953720951 0.8449336295092122
 0.8608245881385008 0.8380763046172837
 0.8754210348601335 0.8311342877438628
 0.8901832204051517 0.8241518067288467
 0.9051225750372375 0.8171944681653426
 0.9202333836245502 0.8103521807641745
 0.9355156461670895 0.8037199927262814
 0.9509750777966963 0.7973525700282215
 0.9666173936452116 0.7912288892912454
 0.9824425937126354 0.7852776868458553
 0.9984449628671269 0.7794376895546185
 1.0146416465042085 0.7736644195204415
 1.0310154992283577 0.7679281927892754
 1.047589381566938 0.7622135038180646
 1.064346148124427 0.7564971853536626
 1.0813029442963468 0.7508129898395233
 1.0984540549508572 0.7452752589885526
 1.1158051952197987 0.7399605438804216
 1.133356365103171 0.7348442729558377
 1.1511075646009747 0.729833350669751
 1.1690702239768913 0.7248717588292544
 1.187232912967239 0.7199676794874137
 1.2056127769675404 0.7151768504168752
 1.224198385714114 0.7105361958557462
 1.2430068846024824 0.7060079476531689
 1.2620268433689636 0.7015375498311277
 1.2812639771453986 0.6971180006179116
 1.3007297161954691 0.6928182143426361
 1.3204183453873346 0.6887262824567706
 1.3403298647209944 0.6848425260681137
 1.360475704460131 0.6811453092169603
 1.380850149472903 0.677674704426535
 1.4014646300229924 0.6744854266881846
 1.4223134309785585 0.6715853824634597
 1.4434022674714417 0.6689355149144504
 1.4647311395016424 0.6664765722153833
 1.4863114773328423 0.6641847309185857
 1.5081318507013594 0.6620723739440756
 1.5302094050027166 0.6601611420248278
 1.552544140236914 0.6584642799677531
 1.5751303412721104 0.6569783321846079
 1.5979737232401467 0.6556699848681844
 1.621085716404705 0.6545104410623652
 1.6444606056339443 0.6534977183830323
 1.6681041060597054 0.6526309334351528
 1.6920162176819883 0.651902313449152
 1.7162083707644746 0.6513031188372792
 1.7406748501753237 0.6508247421765935
 1.7654213710463766 0.6504593999449938
 1.790447933377633 0.6502060278432187
 1.8157659674327746 0.6500613261527256
 1.8413754732118017 0.6500184332011728
 1.8672707355828732 0.6500674845649959
 1.8934688999415123 0.650192207749172
 1.9199642511558774 0.6503669116097454
 1.9467625043578093 0.6505588427090626
 1.9738693746791498 0.6507391711084237
 2.001284862119898 0.6508866191469885
 2.0290089666800543 0.6509869324725855
 2.0570531186233003 0.6510348414353667
 2.0854230330814775 0.6510339502416397
 2.114107279790903 0.6509914500244655
 2.1431230041471005 0.6509113883437927
 2.1724702061500695 0.6507928988173288
 2.20214888579981 0.6506341936891642
 2.2321647582281634 0.6504370442737707
 2.26252353856697 0.6502092179119804
 2.2932309419480705 0.6499666220604922
 2.324281253239625 0.6497336691592347
 2.3556859027053143 0.6495390992222296
 2.3874506054769795 0.6494085717983694
 2.4195753615546213 0.6493570861492536
 2.4520601709382385 0.6493853870090969
 2.4849221790233553 0.6494838887313744
 2.518149955546288 0.6496428525468844
 2.55175493077072 0.6498621113262735
 2.5857371046966504 0.6501520062252362
 2.620107907587762 0.650525537012988
 2.6548673394440536 0.6509900407298945
 2.690021115397367 0.6515413656564274
 2.7255749505795416 0.6521607481344712
 2.761523129858739 0.6528183883674853
 2.7978827986304795 0.6534804164806762
 2.834648241762923 0.654111478646154
 2.871830889519752 0.654677046763264
 2.9094307419009663 0.6551511327369819
 2.947453514038406 0.6555248021004486
 2.985904921063913 0.6558084725865876
 3.0247906781093263 0.6560271520684722
 3.0641107851746482 0.6562128908224952
 3.103876672523559 0.656395510946057
 3.1440883401560597 0.6565931963665534
 3.1847457880721496 0.6568077167666712
 3.225866161667352 0.6570247501050477
 3.267443745809825 0.6572163535207324
 3.3094899707632512 0.6573555249610321
 3.3520048365276302 0.6574433346688342
 3.3949940582348032 0.657518795643156
 3.438463351016611 0.6576418189444443
 3.4824184300048943 0.6578643042371601
 3.5268650103314942 0.6582041497477054
 3.571808807128251 0.658634119404339
 3.617255535527007 0.659096484722746
 3.6632051955277606 0.6595420482768995
 3.7096635022623534 0.6599521733864403
 3.7566418859944676 0.6603294631868205
 3.8041460618559437 0.6606824703724595
 3.8521703147149404 0.6610206859709709
 3.9007317899669806 0.6613603131955021
 3.949836202743906 0.6617239113487846
 3.9994778379138744 0.6621174051221707
 4.049673840872409 0.6625142174588448
 4.100424211619511 0.662883681540484
 4.1517346652870195 0.6632099486451818
 4.203610917006776 0.6634618635627756
 4.256058681910621 0.6635822003232208
 4.309089390262238 0.6635049750395815
 4.362703042061625 0.6631949669654733
 4.416905352440623 0.6626817877223998
 4.471707751662915 0.662020903642347
 4.527110239728501 0.6612585574077031
 4.583118531769221 0.6604512766238784
 4.639744058048757 0.659657460044612
 4.69699253369895 0.6588851420977391
 4.7548639587198 0.6581273292656421
 4.813369763374989 0.6574681271078144
 4.872515662796356 0.6570134743291485
 4.932307372115745 0.6567870899830527
 4.992756321596837 0.6567208104613974
 5.05385679610779 0.656732621339111
 5.115625941044127 0.6567857483363059
 5.178069471537688 0.6568552950300243
 5.241187387588475 0.6569194026421452
 5.304996834592009 0.6569921419966254
 5.36949209741645 0.6571110257386163
 5.434690321457321 0.6572366192363188
 5.500597221846462 0.6572784453002622
 5.567212798583874 0.6571890134015725
 5.634548481933237 0.657018949424141
 5.702609987026394 0.6569097314217215
 5.771425889522548 0.6569200098487229
 5.840921892707767 0.6569971481197822
 5.911218014350711 0.6570970749423075
 5.982257103132971 0.6572320508148324
 6.054096310372956 0.6574926042427603
 6.126621333433848 0.6580046226867656
 6.200003626270872 0.6587948219359835
 6.274128886247213 0.6598029040988553
 6.3490542646812775 0.6608544723603292
 6.424779761573068 0.6617610536339876
 6.5013053769225814 0.6623484607661616
 6.5786311107298205 0.6623459478207747
 6.6568141143131924 0.6615250841197386
 6.735854387672698 0.6599904538178928
 6.81563762817152 0.6581440406736718
 6.896335289764883 0.6565001802222677
 6.9778902211343805 0.6553251786115507
 7.060302422280011 0.654462947208348
 7.143514741883367 0.6538482191038926
 7.2276986338996724 0.6535372535637781
 7.312682644373704 0.6534492963192382
 7.398638227260686 0.653476415558633
 7.485451079923803 0.6536074954379949
 7.57317835368146 0.6537214975773705
 7.66182004853366 0.6537115627073096
 7.751376164480404 0.653688319735827
 7.8419038528400974 0.6536218147547334
 7.933345962294334 0.6532181128010415
 8.025759644161521 0.65239921535737
 8.119144898441661 0.6515775245301266
 8.213444573816343 0.6512119920950832
 8.308772972922386 0.651300880633041
 8.405015793122969 0.6514533337564467
 8.502344488373321 0.651694324518896
 8.600587604718218 0.6522273576164327
 8.699916596112882 0.6527563723105047
 8.800217159920496 0.6533958980383687
 8.901546447459472 0.6546077395108464
 9.003961610048217 0.6563204015049815
 9.107348345049914 0.658149914084586
 9.211820955101379 0.660079083149127
 9.317379440202613 0.6618650825828786
 9.423966649035208 0.6634940498682013
 9.53169688423598 0.6648898837364994
 9.640455843168112 0.6656876309968408
 9.750357828468424 0.6659165820376497
 9.861345688818503 0.6656800700267983
 9.973419424218351 0.6652604268257876
 10.086693337304787 0.6651327937868327
 10.201053125440993 0.6654106080982652
 10.316555939945374 0.6654616636448699
 10.433201780817933 0.6643275298759761
 10.551047799377082 0.6624604003479898
 10.670036844304407 0.6606158790596035
 10.790226066918319 0.6591208793804533
 10.91161546721882 0.6588598140731154
 11.034205045205903 0.6593440975347414
 11.157994800879576 0.6599661682268088
 11.282984734239836 0.6607282109612893
 11.409174845286683 0.6614657537725361
 11.536679436656934 0.6620970587699283
 11.66538420571377 0.6628636541191812
 11.795346303775604 0.6635638990004477
 11.926565730842436 0.6633817162113315
 12.05904248691426 0.662608244595652
 12.192833723309489 0.6619816998350219
 12.327939440028125 0.661477611496463
 12.464302485751755 0.6602681251518078
 12.601980011798789 0.6584419812966338
 12.741029169487637 0.6575195953220586
 12.881335656181482 0.6577297558286409
 13.023070925835547 0.6574821582763529
 13.16606352449461 0.6567979610854554
 13.310484906113896 0.6580755614295041
 13.456220768056584 0.6609702584517727
 13.603328261641089 0.663511025069601
 13.751864538185814 0.6656026523005913
 13.901772446372352 0.6677418290308862
 14.053109137519114 0.6695898884218384
 14.205817460307689 0.6717358717133334
 14.360011717374896 0.6747778286559308
 14.515577606083916 0.6787684807750778
 14.672629429071566 0.6822236934623668
 14.83111003501944 0.6839583481278763
 14.991019423927535 0.6845693717635984
 15.152414747114262 0.6842589227809842
 15.315353155898032 0.6840712944513425
 15.479720347642022 0.6841726519411742
 15.645573473664642 0.6831149791385325
 15.812912533965896 0.6814016732702298
 15.981794679864189 0.6793582365105096
 16.15221991135952 0.6780159212355111
 16.324131077133486 0.6789644054872144
 16.4976424798229 0.6807076322435294
 16.672639816790944 0.6819650488846993
 16.849237390674442 0.6830843278464345
 17.027378050154975 0.6837134601269943
 17.207061795232547 0.6826933527815721
 17.388402928543982 0.6808527711296511
 17.571287147452455 0.6795078741821212
 17.75577160327638 0.6791788701836216
 17.94185629601575 0.6787413089097373
 18.129541225670568 0.6786160670614897
 18.31888354355925 0.6784624272227746
 18.509826098363376 0.6791495416140277
 18.70242604140136 0.6790299770785522
 18.896683372673205 0.6772831390353915
 19.092540940860494 0.6751641011921384
 19.29011304860006 0.6721170783183232
 19.489342544573474 0.671139028925838
 19.69022942878075 0.6706031455406701
 19.892830852540296 0.6695756127281377
 20.097089664533694 0.6683226013551636
 20.303005864760955 0.6667617017275533
 20.510693755858888 0.6635951568518296
 20.72009618650909 0.6585491500972188
 20.93115600539315 0.6556813611749205
 21.143987515147884 0.6548387868433492
 21.358533564454887 0.6557749690158784
 21.574794153314154 0.657642033990354
 21.7928264330441 0.6579445284529337
 22.012573252326312 0.6595682022771899
 22.234091762479202 0.6579802307330734
 22.457324812184356 0.6537860178609688
 22.682386704078595 0.6496983062743567
 22.909163135525105 0.648186249263941
 23.137768409160695 0.6490342529124222
 23.368145373666962 0.6497507862027676
 23.600236877725496 0.6487952028192141
 23.834157223973114 0.6507544005392379
 24.069906412409817 0.6497599389200537
 24.307427291717196 0.6450004509104533
 24.54671986189525 0.6393139621888275
 24.787841274262394 0.6309774049272928
 25.030791528818618 0.616373664929915
 25.275513474245517 0.5974905481665935
 25.522064261861505 0.5764593407707592
 25.770443891666573 0.5437115651178759
 26.020595212342318 0.5175667679819097
 26.27263252652556 0.46782182128523153
 26.526441531579475 0.4169426885495856
 26.782136530140881 0.35715137317933715
 27.039603219572967 0.3013789746388034
 27.298898751194133 0.24791516557974394
 27.5600802763228 0.20270593473119616
 27.82303349232214 0.16717640915538561
 28.08787270182897 0.14074384579530044
 28.354540753524887 0.12029216775970199
 28.623037647409887 0.10401483707793496
 28.893363383483976 0.09080472060229926
 29.16551796174715 0.07996806786416256
 29.439501382199406 0.07097724211684293
 29.715370796159156 0.0634065288676792
 29.993011900989582 0.05693433009051661
 30.2725389993275 0.051330121951724254
 30.553837788536096 0.046428245840787314
 30.837022571252187 0.04210605794264928
 31.121979044838948 0.038269955985011754
 31.408821511933204 0.0348467041982136
 31.69743566989814 0.03177784660123327
 31.98793582137057 0.029015959855209248
 32.28020766371367 0.02652204327458672
 32.57430834824586 0.024263645667815175
 32.87018072364872 0.02221348767706819
 33.16793909255908 0.020348428549369912
 33.46741200102171 0.018648674865091325
 33.768770902991825 0.01709716942496715
 34.071844344514204 0.015679109208774244
 34.37674662822568 0.014381566399476402
 34.68347775412624 0.013193181908894678
 34.99192341957906 0.01210392164869601
 35.30214077590256 0.011104875099871802
 35.614129823096725 0.010188094274481857
 35.927890561161575 9.346458180784807E-3
 36.2434229900971 8.573562470063774E-3
 36.56066995858489 7.863626871315697E-3
 36.87968861794336 7.211418666230993E-3
 37.20036466553569 6.612186448163916E-3
 37.52281240399869 6.061605658275772E-3
 37.84697468201396 5.555731407095284E-3
 38.17285149958149 5.090958447420644E-3
 38.50038570538288 4.663986149307204E-3
 38.82963445073654 4.271788777158493E-3
 39.16054058432407 3.911588948615131E-3
 39.49310410614544 3.5808346108990494E-3
 39.827325016200674 3.277179140128451E-3
 40.16320331448977 2.9984626059743196E-3
 40.50073900101272 2.7426965698341054E-3
 40.83987492445112 2.508049128741521E-3
 41.18055393348656 2.2928321261917864E-3
 41.52289033075586 2.0954896416486464E-3
 41.86682696494061 1.9145872467890416E-3
 42.21230668472239 1.7488025041689271E-3
 42.55932949010121 1.5969161385621991E-3
 42.90789538107709 1.4578040937310323E-3
 43.2580615089684 1.330430088420721E-3
 43.60965641981994 1.2138389147481321E-3
 43.96279441626852 1.1071503374482807E-3
 44.31741834699574 1.0095531658519975E-3
 44.67347106068316 9.203002062893555E-4
 45.03100970864923 8.387032350226024E-4
 45.38997713957552 7.641285921105142E-4
 45.75043050478043 6.959929834814288E-4
 46.11219835030876 6.33759641715158E-4
 46.475394978797304 5.769347781433737E-4
 46.839963238927666 5.250642695531437E-4
 47.20590313069984 4.7773062613095594E-4
 47.57315750279542 4.3455016081371013E-4
 47.9417263552144 3.9517035976081616E-4
 48.31160968795678 3.5926748234921913E-4
 48.682750349704164 3.265442935946011E-4
 49.05514834045655 2.9672802512640124E-4
 49.428803660213915 2.6956841570413884E-4
 49.80371630897629 2.4483596061418303E-4
 50.179771984106835 2.223202503978302E-4
 50.55708498824238 2.0182846560705728E-4
 50.93548386742769 1.8318396387143135E-4
 51.315082924299595 1.6622498188595784E-4
 51.69576785622126 1.5080344040136703E-4
 52.0775386631927 1.3678382639241754E-4
 52.460395345213903 1.2404218675747178E-4
 52.84428075096647 1.1246516955418913E-4
 53.22925203176881 1.0194916568867254E-4
 53.6151948849841 9.239949931958466E-5
 54.00216646193074 8.372968873125204E-5
 54.39005245997193 7.586077574727708E-5
 54.778910030426075 6.872068684380203E-5
 55.16868202197475 6.224366413708698E-5
 55.55931128329957 5.636973097059893E-5
 55.950854965718924 5.1044205839395015E-5
 56.34319876659601 4.621725480078829E-5
 56.73639983724923 4.184347725851412E-5
 57.130401026360175 3.78815320255354E-5
 57.52508803129202 3.4293787375213055E-5
 57.92057515468159 3.104600131266803E-5
 58.31663379125525 2.810703739163616E-5
 58.71383545419709 2.5448589292048986E-5
 59.111608630323026 2.304494194871092E-5
 59.50938180644896 2.0872745705881602E-5
 59.90829800894306 1.8910812060834456E-5
 60.30778572462125 1.713992768642796E-5
 60.707844953483544 1.554268345322783E-5
 61.10847569552991 1.4103319102371946E-5
 61.509106437576285 1.280758208630362E-5
 61.91088020599084 1.1642598041244693E-5
 62.312653974405385 1.0596754597095945E-5
 62.71557076918812 9.659595731268976E-6
 63.11791605078677 8.821724669579804E-6
 63.52140435875358 8.074717214295338E-6
 63.924892666720396 7.411044744210368E-6
 64.32895248787132 6.8240033582736084E-6
 64.73301230902221 6.307651492360653E-6
 65.13707213017312 5.856754274762746E-6
 65.54170346450813 5.466734797049289E-6
 65.9469063120272 5.133631223326022E-6
 66.35210915954629 4.854060562977121E-6
 66.75674049388128 4.6251878287681255E-6
 67.16251485458446 4.444701500889075E-6
 67.56771770210355 4.310795076894293E-6
 67.97349206280673 4.222149539806054E-6
 68.3786949103258 4.177997434743835E-6
