 4.435598239736023E-3 0.19265253735569876
 6.245438627905555E-3 0.23057478163942837
 8.076532407193016E-3 0.2636536436391072
 9.929189846081878E-3 0.29253010309192906
 0.011803632564917482 0.317450893112363
 0.013700104346079697 0.33861733032147484
 0.015618871133982935 0.35628011579189916
 0.017560198873041596 0.37074288978092057
 0.019524375669704618 0.3823413131673267
 0.021511600982282812 0.39142093423861223
 0.023522118593156046 0.39832055317812237
 0.025556371743014994 0.4033612511505237
 0.027614559890170465 0.40684034028052457
 0.029696904654967794 0.40902877731444864
 0.03180362765775232 0.4101697192375936
 0.033935393759560054 0.4104769118310432
 0.036091981340045674 0.41013403428819183
 0.038273833639899834 0.40929584858205253
 0.04048139389981322 0.4080912825218731
 0.042714883740131173 0.406627531521288
 0.04497474640154437 0.404994146021659
 0.04726098188405281 0.4032656365898144
 0.04957403342834716 0.4015022601464315
 0.0519143442751181 0.39975071333126493
 0.05428213604471098 0.3980457018488727
 0.05667763035747113 0.3964122788197687
 0.05910127045408922 0.3948676875779836
 0.06155349957525594 0.39342267036281114
 0.06403431772097128 0.39208327774845214
 0.06654438975227125 0.39085245587587513
 0.06908371566915586 0.38973129056126376
 0.07165318195300646 0.3887198223697096
 0.07425256698347771 0.38781830991862153
 0.07688231400126029 0.3870274544894685
 0.07954308786739021 0.3863481715800888
 0.08223511020221282 0.3857810194379646
 0.08495860262607344 0.38532678275962556
 0.08771423000000808 0.3849858886981171
 0.09050199232401678 0.3847565910176281
 0.09332233283879017 0.38463341368330083
 0.0961759164053643 0.3846068241852664
 0.09906296464408447 0.38466530104212465
 0.10198369917529605 0.3847986386277918
 0.10493878486003504 0.385000741980056
 0.1079284433186468 0.3852706213173887
 0.11095311779182196 0.385610958033101
 0.11401325152025124 0.38602500659344435
 0.11710928774462531 0.3864660166780669
 0.1202414480852895 0.38707479498568736
 0.12341039740327982 0.3877052410423993
 0.12661635731894158 0.38840395831429896
 0.12985999269331086 0.3891703866414421
 0.13314152514673296 0.39000160252413262
 0.13646139791989858 0.3908907673210445
 0.13982005425349836 0.3918288171258672
 0.14321815900856832 0.3928077799276481
 0.14665615542579918 0.3938221224712857
 0.1501342651255362 0.3948691047824194
 0.15365293134847013 0.3959478908523604
 0.15721281895563696 0.39705659745433186
 0.16081437118772737 0.39819035307789535
 0.16445803128543201 0.3993401249655894
 0.1681442424894416 0.4004964825155782
 0.17187366966079212 0.4016553405570366
 0.17564653441982891 0.4028179779601029
 0.179463501627588 0.4039866921384887
 0.1833252361451054 0.4051632585131543
 0.18723195959272645 0.4063463486247589
 0.19118433683148713 0.4075273702403477
 0.1951828111020782 0.4086936208006484
 0.19922804726553558 0.4098354931711192
 0.20332048856255 0.4109493297485117
 0.2074607998541575 0.4120360963551033
 0.21164920276070334 0.4131006589298634
 0.2158865837635689 0.41415124744058035
 0.2201736077237902 0.41520000522389827
 0.22451027464136727 0.4162583164547409
 0.2288983574790628 0.4173232058988631
 0.2333374129961861 0.41837791290254433
 0.23782744119273716 0.41941040763491777
 0.2423706582721694 0.42042152933408866
 0.24696484803102941 0.4214208972790949
 0.251614442876224 0.4224205401380704
 0.2563172266042997 0.42342734971423923
 0.26107541541870993 0.4244390820919994
 0.2658890093194547 0.4254506788543612
 0.27076022450998743 0.4264530428955019
 0.2756868447868547 0.42742875259462687
 0.2806688701500564 0.4283686979247779
 0.2857107330064995 0.4292839378772712
 0.2908124333561839 0.4301900734136682
 0.2959717549956562 0.43108543087453965
 0.30119091412836984 0.43195014196552256
 0.30647212695777814 0.43276999694258033
 0.31181317728042773 0.43355164773625326
 0.3172184975032254 0.4343127529795863
 0.32268587142271776 0.43505899364434874
 0.3282152990389048 0.4357625156086611
 0.3338089965552399 0.4364576021814566
 0.33946918017517646 0.43708312230873352
 0.34519363369526107 0.4376567425786588
 0.3509867895224005 0.4381896775859359
 0.3568464314531414 0.4386852728150855
 0.36277255948748377 0.4391385569986413
 0.3687673898288809 0.4395445933143226
 0.37483313868078627 0.4398895650895391
 0.38096980604319985 0.440161208817437
 0.3871751757126683 0.44035815877681155
 0.3934558962995517 0.4404828521745421
 0.3998053191934899 0.44054624597126346
 0.4062323092082964 0.4405611778438324
 0.41273021773361123 0.44053174639628284
 0.41930569337979434 0.44045435852217923
 0.4259565199433925 0.44033007505092502
 0.432684913627859 0.44017380202707945
 0.43949087443319373 0.4399874046853878
 0.44637440235939696 0.4397648078435061
 0.4533399298133753 0.4395140575376143
 0.46038302438822192 0.4392545750580124
 0.46751033469429703 0.43900004883883453
 0.47471742832469393 0.43874405537994404
 0.48201095388977266 0.43846101910683593
 0.4893864789826266 0.43814025081430935
 0.49684621980670895 0.4378135605401365
 0.5043946087689266 0.4375137386050288
 0.5120294296658262 0.43723128834579544
 0.5197506824974075 0.4369518991494145
 0.5275627996705776 0.4366790480298197
 0.535463564981883 0.4364160619346442
 0.5434574108382303 0.4361661949053917
 0.5515421210361663 0.4359494218003281
 0.5597199117791443 0.4357695868207251
 0.5679907830671643 0.43556891862175745
 0.5763591673071332 0.43526623241539202
 0.5848206320921441 0.43480459493716483
 0.5933818260325571 0.4341772092526487
 0.6020427491283723 0.4334195160739382
 0.6108011851761364 0.43257269704710116
 0.6196593503793024 0.43163346684246745
 0.6286216771447776 0.43059033841452754
 0.6376859492691082 0.42949122375435394
 0.6468543829557478 0.42839520200881425
 0.6561269782046963 0.42730696335131584
 0.6655081674228606 0.4262149643452132
 0.6749957344067871 0.4251106631914817
 0.6845918953599293 0.4239568612697113
 0.6942966502822873 0.4227253369573063
 0.7041144315807676 0.4216528931907011
 0.7140452392553704 0.42029889160998035
 0.7240868571026423 0.4192120234042196
 0.7342459337329436 0.4181660405182506
 0.7445202529428206 0.41705704318974323
 0.7549120309357267 0.4157889115090228
 0.7654234839151156 0.4143611429361025
 0.776054611880987 0.4127742025910157
 0.7868054148333411 0.4109842274620833
 0.7976803251790844 0.4089221922781463
 0.8086815591216706 0.40657528338712695
 0.8198046842541927 0.40404571966872454
 0.831056349187011 0.40135054728238794
 0.8424365539201254 0.3984401679343694
 0.853945298453536 0.3953550608110182
 0.8655847989906958 0.39212891792637244
 0.8773572717350588 0.3886862937090097
 0.889264932890078 0.3849474759396059
 0.9013055662523002 0.38084959896480585
 0.913483604228632 0.3763828824345618
 0.9258012630225267 0.3716296530977005
 0.9382585426339846 0.3666342026836339
 0.9508554430630054 0.36138781554228394
 0.9635986129199496 0.3559577131968973
 0.97648361979791 0.35052977714473015
 0.9895148961037936 0.3452016212256407
 1.0026924418376004 0.3398456977172647
 1.0160206894062373 0.3343263740696258
 1.0294996388097041 0.32851838209422185
 1.0431315062514543 0.32249160383301472
 1.056918507934941 0.31632381778420393
 1.0708584276567112 0.30994138239997176
 1.0849579140271246 0.3034590515533138
 1.0992147508427283 0.296851696196222
 1.1136333705104288 0.2899367970693213
 1.1282137730302264 0.2826763030592864
 1.142958174605574 0.27505614653175275
 1.1578687914399252 0.2672236676895748
 1.1729478397367334 0.2593056252825098
 1.1881953194959986 0.2514865963282397
 1.2036156631246277 0.24409903613455594
 1.2192088706226205 0.23716578977341254
 1.234974941989977 0.23033371753764453
 1.2509205258370574 0.22327599455974417
 1.2670434059604085 0.21603185164145391
 1.2833480147669367 0.20895375127970847
 1.2998343522566422 0.20190900855490415
 1.3165046346329785 0.19480579657505392
 1.3333610780993987 0.18800552837745126
 1.3504058988593565 0.1817056756403015
 1.367641313116305 0.1763901894587053
 1.3850695370736978 0.16959903657748115
 1.4026927869349881 0.1632298277586025
 1.420511062700176 0.15663417189629585
 1.4385265805727145 0.1500139175935129
 1.4567437729595111 0.14357316763903987
 1.4751648560640191 0.13732493470463186
 1.4937876136827845 0.13099124669200762
 1.5126186944261676 0.12434616002368916
 1.5316603144976221 0.11769384792654705
 1.5509102576936946 0.11157976227489254
 1.5703751726247447 0.10637426224419311
 1.5900550592907733 0.10212036300615032
 1.6099521338952331 0.09886608672867518
 1.6300686126415777 0.09656590573196629
 1.6504067117332603 0.094076394278322
 1.6709708635771882 0.09068611802929419
 1.6917610681733605 0.08682941091976856
 1.7127795417252316 0.08392519871994089
 1.7340307166397075 0.08292515587828238
