 5.3963981034266745E-3 0.6107642055987164
 0.016252637159175676 0.743069692751836
 0.02723660564000717 0.7776550905285274
 0.038349854915456574 0.7976356901563962
 0.049593609750946586 0.8124644134741184
 0.06096977533713473 0.824790161674144
 0.07247971252449066 0.8356500684033017
 0.08412491824853102 0.8455202118962577
 0.0959070255298194 0.8546342920166381
 0.10782766738891938 0.8631091879227317
 0.11988861293144155 0.8710039044626228
 0.13209108692280857 0.8783507931347537
 0.14443658629853711 0.8851726170279998
 0.15692783275956648 0.8914915097782914
 0.16956605107131933 0.8973326887127551
 0.18235260208426537 0.9027253000732001
 0.19528884664887427 0.9077014891840353
 0.20837886731655497 0.9122947024388912
 0.22162130323683787 0.9165380267566002
 0.23501887611066224 0.920462083144593
 0.24857430763896742 0.924094347252515
 0.2622889586722231 0.9274572162793957
 0.2761655509113686 0.9305676731066268
 0.2902040843564039 0.9334367548488982
 0.3044072807082683 0.9360688010589989
 0.3187778616679011 0.9384613315655377
 0.33331718808577204 0.9406050214331598
 0.3480266208123508 0.9424838682412675
 0.36290888154857664 0.9440754266594935
 0.3779666919953889 0.9453512080275256
 0.3932000521527876 0.9462771431014428
 0.40861304457218167 0.9468139251992247
 0.4242056692535712 0.9469170652772367
 0.4399833695988348 0.9465368823286826
 0.4559447847575027 0.9456179564895745
 0.4720926364305144 0.9440986877907422
 0.48843100716927884 0.9419101140608542
 0.5049612578242656 0.9389745706745474
 0.5216847492459443 0.9352038463452428
 0.5386055639857241 0.930497056828275
 0.5557237020436051 0.9247386188385701
 0.5730418851205262 0.917796827811584
 0.5905641957678968 0.9095236500125938
 0.6082919948361862 0.8997546332747489
 0.6262266431758644 0.8883106035623699
 0.6443722233383402 0.8750001261611409
 0.6627300961740833 0.8596257237560803
 0.681302983384033 0.8419926228876244
 0.7000936066691287 0.8219225496812815
 0.7191046877303097 0.8020934776205982
 0.7383375874180456 0.7739479597470034
 0.7577963882837454 0.7459411142154699
 0.7774824511778787 0.7153361108566547
 0.7973998586518547 0.6823328091671891
 0.817549971556143 0.6472524661203206
 0.8379355115916828 0.6105331711980667
 0.8585592004594135 0.5727130665412845
 0.879425120710744 0.5344007810330471
 0.9005359940466138 0.49623469489070703
 0.9218931813174923 0.458836192748833
 0.9434994042243191 0.4227667280419562
 0.9653587453185031 0.38849890851336643
 0.9874739263009835 0.35640573694527094
 1.0098476688726996 0.3267621583371293
 1.032482694734591 0.29975059274553617
 1.0553830864380666 0.27547039848092463
 1.078550204833596 0.25394396648430445
 1.1019881324725881 0.2351082796169185
 1.1257009519064518 0.21880910490207067
 1.1496900239856573 0.20482635938313481
 1.1739594312616128 0.19291775561310417
 1.1985118954352584 0.18284795623952121
 1.2233514990580025 0.17439637724632936
 1.2484809638307847 0.1673558791911115
 1.273904372305014 0.16153134774829655
 1.29962308533116 0.15674011649033733
 1.3256425463111012 0.15281301912997766
 1.3519668377962468 0.1495954463337236
 1.3785959597865968 0.1469478095757149
 1.4055407990859083 0.14474558221571987
 1.4327986339932423 0.14287895730041158
 1.4603694645085985 0.141252221616746
 1.4882668991366736 0.13978295941641882
 1.5164773293727711 0.13840114291277655
 1.545027972226284 0.1370481200672178
 1.5739052191925162 0.13567552992285908
 1.6031226787761636 0.13424412833578483
 1.6326803509772265 0.13272256050616856
 1.6625918443004017 0.1310861026511638
 1.6928435502409926 0.12931540913304373
 1.7234354687989987 0.1273954341313584
 1.7543948169838137 0.12531438669408942
 1.7857215947954376 0.12306301902314419
 1.8174021937291737 0.12063412977525446
 1.849450222289719 0.11802247466101626
 1.8818792889817688 0.1152249861556249
 1.914675785300628 0.11224133233682868
 1.947866928255689 0.10907453966465594
 1.9814391093422556 0.105731588982323
 2.0153923285603276 0.10372765083516985
 2.0497401944146016 0.09856635169476605
 2.0844963154097744 0.09477854961323989
 2.1196470830411486 0.09088219514609629
 2.1552197143181186 0.08690080967394424
 2.1912006007359874 0.08285816170675799
 2.227589742294755 0.07877674371738418
 2.2644007474991174 0.07467618508851723
 2.3016472248537716 0.07057178293365578
 2.339329174358718 0.0664733542058363
 2.37743298750926 0.06238452034114563
 2.4159994898194865 0.058302517528407
 2.4549878557753084 0.05421843453732934
 2.4944525193955122 0.05011778286207753
 2.5343526551660082 0.04598114726838069
 2.574729088600886 0.041784674607785704
 2.6155682111954483 0.037500047884895373
 2.656883631454393 0.03309369695817983
 2.698675349377719 0.028524865374154075
 2.740943364965427 0.023742195509900292
 2.78371489522691 0.018678447852262875
 2.826962723152775 0.013242931958216396
 2.870727674257111 7.311252730550547E-3
 2.914982531530526 7.118850277836876E-4
 2.9597681204871086 -6.791141836731092E-3
 3.005057224117467 -0.01552095300362244
 3.050863450926297 -0.02591888997773976
 3.0972140179229912 -0.03858929257154442
 3.1440953166028542 -0.05436693821346142
 3.1915073469658854 -0.07442147131104523
