 0.0E+0 0.0E+0
 3.908645043468923E-4 0.011352750000000023
 1.177188718437441E-3 0.03418858999999996
 1.9727644550192012E-3 0.05726861000000005
 2.7777040807621064E-3 0.08054971
 3.5920963061950523E-3 0.10396201999999999
 4.416079125474097E-3 0.12741080999999998
 5.249751105853569E-3 0.15078186000000004
 6.093220671313228E-3 0.17394920000000002
 6.946606102558269E-3 0.19678368000000001
 7.8100256802938845E-3 0.21916095000000002
 8.6836075419507E-3 0.24096788000000002
 9.567440398057611E-3 0.26210716
 0.01046163267259438 0.28249988000000003
 0.011366381500069661 0.30208639000000003
 0.012281775591012347 0.32082584000000002
 0.01320791351267677 0.3386947
 0.014144893832317255 0.35568476000000004
 0.015093012251696786 0.37180081
 0.016052170203561037 0.38705824
 0.01702256482241866 0.40148085
 0.018004393242778315 0.41509882
 0.018997754031894326 0.42794701999999995
 0.020002844324275351 0.44006353
 0.021019664119921392 0.45148838999999996
 0.0220484105533411 0.46226257000000003
 0.02308928075904313 0.47242704
 0.024142373304281816 0.48202206999999996
 0.02520778675631148 0.49108664999999995
 0.026285718249640786 0.49965809000000005
 0.02737636491877838 0.50777176
 0.028479726763724264 0.5154609
 0.029596099486241426 0.52275649
 0.030725483086329864 0.52968722
 0.03186827183300689 0.5362794799999999
 0.03302436715901817 0.5425574200000001
 0.03419396619887237 0.5485431599999999
 0.035377364654332464 0.55425693
 0.03657466109265278 0.55971741
 0.037785954081087654 0.5649419
 0.039011539321400064 0.56994642
 0.04025141681359002 0.5747457499999999
 0.04150578369216616 0.57935355
 0.04277493565889148 0.5837825999999999
 0.04405897128102031 0.5880449400000001
 0.04535798912580696 0.5921519399999999
 0.04667228489501443 0.59611416
 0.04800195715589706 0.5999413
 0.049347203042963465 0.60364225
 0.05070821969072233 0.6072252300000001
 0.05208520423368232 0.61069773
 0.05347825523909774 0.61406643
 0.05488766840873158 0.61733702
 0.05631354230983817 0.6205143799999999
 0.05775617264418049 0.62360284
 0.059215657979012875 0.6266066100000001
 0.06069219544884399 0.6295300699999999
 0.06218598218818246 0.63237777
 0.06369731389879128 0.63515437
 0.06522638771517913 0.6378644600000001
 0.06677330220460032 0.64051247
 0.0683382545015635 0.64310267
 0.06992154030783165 0.64563925
 0.07152335675791345 0.64812637
 0.07314390098631753 0.65056799
 0.07478337012755257 0.6529676099999999
 0.07644205988338151 0.65532803
 0.07812006882105874 0.65765136
 0.0798176926423472 0.65993923
 0.08153522704900987 0.66219286
 0.08327277060830111 0.6644132300000001
 0.08503061902198387 0.66660114
 0.08680896942456684 0.66875752
 0.08860811751781299 0.6708836899999999
 0.09042826043623095 0.67298143
 0.09226969388158374 0.67505284
 0.09413251642112566 0.67709999
 0.09601712232387404 0.67912471
 0.09792380729159184 0.68112878
 0.09985257132427909 0.68311411
 0.1018042029599704 0.6850826
 0.10377850506415713 0.68703605
 0.10577547763683924 0.68897591
 0.10779610635056004 0.6909031400000001
 0.10983940553277625 0.69281814
 0.11190734652857441 0.69472084
 0.11399894366541127 0.69661079
 0.11611518261583009 0.6984871699999999
 0.11825606337983084 0.70034885
 0.12042257162995687 0.70219491
 0.12261372169366484 0.7040251200000001
 0.12482951357095476 0.70583996
 0.12707191860691322 0.70764062
 0.12934093680154018 0.7094289899999999
 0.1316355824822924 0.71120747
 0.13395684132171312 0.71297871
 0.13630569899234565 0.7147448599999999
 0.1386811698216467 0.71650658
 0.1410852251547028 0.71826318
 0.14351687931897072 0.7200134
 0.14597613231445041 0.72175581
 0.1484639698136852 0.7234890199999999
 0.15098137748921836 0.72521236
 0.15352736966850655 0.72692652
 0.1561039176966364 0.72863324
 0.15871003590106458 0.73033462
 0.16134572428179114 0.73203202
 0.16401196851135932 0.7337250900000001
 0.1667097542623124 0.73541309
 0.1694390815346504 0.73709665
 0.17219896465583006 0.73877813
 0.17499236064348117 0.74046082
 0.17781631247997387 0.7421475
 0.18067476285548134 0.74383924
 0.18356475475237371 0.74553565
 0.18648924518828086 0.74723601
 0.18944724849065947 0.74893915
 0.19243975033205282 0.75064262
 0.1954667507124609 0.75234407
 0.19852824963188372 0.75404334
 0.20162621843540787 0.75574105
 0.20475868577794675 0.75743728
 0.2079286086771302 0.75913239
 0.2111340157878717 0.76082689
 0.21437786412780104 0.7625206
 0.2176581823518317 0.76421235
 0.22097595613250692 0.7659004899999999
 0.22433315681491328 0.76758343
 0.22772879872650753 0.76926041
 0.2311628818672896 0.770932
 0.23463737758234612 0.77260019
 0.23815130019913374 0.77426721
 0.24170662106273907 0.7759337
 0.24530235450061885 0.77759859
 0.24893948618531624 0.77926158
 0.25261801611683143 0.78092452
 0.2563399156402508 0.78258984
 0.26010321341048786 0.78425808
 0.2639108664451725 0.78592849
 0.26776287474430465 0.78760148
 0.27165825263534104 0.7892793499999999
 0.27559798579082495 0.7909648300000001
 0.279584045555843 0.7926594
 0.2836154462578518 0.79436346
 0.2876931735693947 0.79607743
 0.29181722749047173 0.79780127
 0.2959895793661693 0.79953383
 0.30020924352394434 0.80127454
 0.30447720563633995 0.8030240200000001
 0.3087934657033563 0.80478271
 0.31315999507007974 0.8065509399999999
 0.31757679373651043 0.8083279999999999
 0.32204287603010506 0.81011303
 0.32656119896849344 0.81190563
 0.33113077687913233 0.81370418
 0.33575259543456487 0.81550586
 0.3404276403073345 0.81730921
 0.34515591149744123 0.81911583
 0.34993740900488495 0.82092924
 0.35477410417475224 0.82275318
 0.3596669826795864 0.8245896699999999
 0.3646140731743009 0.8264378
 0.36961833267652555 0.82829647
 0.37467976118626034 0.83016358
 0.37979835870350525 0.83203356
 0.3849751109008036 0.83390197
 0.3902110034506987 0.83577313
 0.39550702202573373 0.83765589
 0.40086218095336556 0.8395517299999999
 0.4062784515786806 0.84145447
 0.4117568195742221 0.8433607599999999
 0.41729728493999024 0.84527253
 0.4228998476759849 0.84718908
 0.428567464799836 0.8491038200000001
 0.4342981649664568 0.85101166
 0.44009391952093396 0.85291304
 0.4459547284632676 0.85481219
 0.45188256313854413 0.85671189
 0.45787742354676363 0.85861241
 0.4639402953604693 0.86051426
 0.47007216425220443 0.8624195299999999
 0.4762720445494259 0.86432911
 0.4825428932697633 0.86624419
 0.4888837247406735 0.86816707
 0.49529651030724303 0.87009903
 0.5017812499694719 0.8720417
 0.5083389293999034 0.8739998
 0.5149705342710807 0.87597685
 0.5216770502555472 0.87796928
 0.5284584773533029 0.87996586
 0.5353167869094343 0.88195841
 0.5422519789239414 0.88395004
 0.5492640533968242 0.88594684
 0.5563559673457126 0.88795143
 0.5635267350980633 0.88996931
 0.5707783279989627 0.8920051
 0.5781107460484111 0.89405128
 0.5855249749189515 0.89610008
 0.5930220002831272 0.89815081
 0.6006028078134817 0.900199962
 0.6082683831825582 0.902243435
 0.6160197120628998 0.904274175
 0.6238577801270501 0.906296167
 0.6317825873750087 0.908324176
 0.639795119479319 0.910366224
 0.6478973477850678 0.912426141
 0.6560902579647983 0.914503714
 0.664372864345967 0.916593036
 0.6727481239462039 0.91869264
 0.6812170224380523 0.920802455
 0.6897785741489688 0.922907083
 0.6984357360965833 0.924991102
 0.7071885082808959 0.92706578
 0.7160378763744497 0.929146361
 0.7249848260497881 0.93123962
 0.7340303429794544 0.9333523459999999
 0.743176398508535 0.935483755
 0.75242299263703 0.937620016
 0.7617711110374829 0.939747673
 0.7712227250549798 0.941863366
 0.7807778346895209 0.943958254
 0.7904374256136497 0.946021195
 0.8002034691724524 0.948058029
 0.8100769510384725 0.950073566
 0.82005787121171 0.952054241
 0.8301482010372515 0.953991759
 0.84034892618764 0.955898919
 0.850661032335419 0.957791944
 0.8610864908256751 0.959670409
 0.871624315985865 0.961525653
 0.8822774648336182 0.963348349
 0.8930469230414785 0.9651333049999999
 0.9039326906094457 0.966887428
 0.9149377245551493 0.968615829
 0.9260610392060467 0.9703104
 0.937305591579767 0.971968136
 0.9486723673488541 0.973591391
 0.9601613665133076 0.975172859
 0.9717745604182141 0.976706181
 0.9835129347361171 0.978196941
 0.9953814178297328 0.979645742
 1.0073671959559986 0.981042312
 1.0194909682383233 0.982376904
 1.0317428779512745 0.983642839
 1.0441327818202843 0.984844041
 1.0566409663944877 0.985992811
 1.0692970018501828 0.987091415
 1.0820811747365044 0.988130995
 1.0950033417788846 0.989111025
 1.108063502977324 0.9900365414
 1.1212616583318222 0.990904114
 1.1345978078423797 0.9917082966
 1.1480818082344286 0.9924513557
 1.1617136595079695 0.9931443712
 1.1754736482121366 0.9937960681
 1.189391344523228 0.9944031976
 1.2034568917158114 0.9949614226
 1.2176702897898865 0.9954746792
 1.2320216820200207 0.995947112
 1.246540638582512 0.996381349
 1.2611975893010625 0.9967830541
 1.2760221043519701 0.9971555525
 1.2909944702843698 0.9974954935
 1.3061245438236936 0.9977968281
 1.3214123249699423 0.9980561701
 1.3368578137231155 0.998277232
 1.352470866808646 0.9984672754
 1.368241627501101 0.9986351953
 1.3841799525259135 0.9987870911
 1.400285841883083 0.9989232395
 1.4165494388471775 0.99904521713
 1.432990456869062 0.99915742971
 1.4495891824978708 0.9992608916
 1.4663751859099027 0.99935343701
 1.483318896928859 0.99943577077
 1.5004498857310382 0.99951046065
 1.5177484388655748 0.99957731788
 1.5352244130579015 0.99963467112
 1.552887665033451 0.99968320581
 1.5707184813413581 0.99972578166
 1.588736575432488 0.9997638523
 1.606941947306841 0.99979720708
 1.6253247402389838 0.99982665936
 1.6439046676797826 0.99985332013
 1.6626620161783711 0.99987707311
 1.6816164991856155 0.99989778361
 1.7007582599760828 0.999915670207
 1.720087298549773 0.999930843239
 1.7396233283575517 0.999943427377
 1.7593466359485534 0.999953724243
 1.7792670780482107 0.99996208029
 1.7993846546565235 0.999968740132
 1.819709222498925 0.999973854702
 1.8402309248499821 0.999977665042
 1.8609596184351275 0.999980631598
 1.881895303254362 0.999983171326
 1.9030379793076841 0.99998550672
 1.9243876465950953 0.999987679877
 1.9459443051165947 0.999989556323
 1.9677079548721827 0.9999910535278
 1.989698309312725 0.9999922454701
 2.011895654987355 0.9999932200237
 2.0343098486215067 0.9999940505093
 2.0569408902151802 0.9999948078159
 2.079788779768374 0.9999955438674
 2.1028633740065223 0.9999962764946
 2.126164672929625 0.9999969655983
 2.1496828198122486 0.999997545992
 2.173427671379826 0.9999979928617
 2.1974090843577904 0.999998312841
 2.221607345295276 0.9999985129706
 2.2460520243685815 0.999998640067
 2.270713551401408 0.9999988005263
 2.295621496570054 0.99999905775306
 2.3207561464236543 0.99999935168232
 2.346127357687642 0.9999995779012
 2.3717449870874482 0.99999970543205
 2.3975991778976415 0.99999977247845
 2.4236997868436547 0.99999981808544
 2.4500369572000546 0.99999985914989
 2.4766304024177072 0.9999998971705
 2.503460409045746 0.999999928255618
 2.5305466905350373 0.999999950777299
 2.557879390160149 0.999999965666786
 2.5854585079210794 0.999999974849871
 2.6132939005432622 0.999999980703147
 2.6413954247521314 0.999999984891465
 2.669743367096819 0.999999987968063
 2.698347584302759 0.9999999900855341
 2.727208076369952 0.9999999917357975
 2.75633470002383 0.9999999933789037
 2.785727455264393 0.9999999951666058
 2.8153764853662086 0.9999999970652678
 2.8453015037801416 0.9999999985980753
 2.875482797055328 0.9999999994547191
 2.9059400786426317 0.9999999998126775
 2.9366634918166205 0.999999999938169
 2.9676530365772944 0.9999999999793401
 2.99892842637552 0.9999999999932376
 3.0304699477604297 0.9999999999979833
 3.0622874574574576 0.9999999999994408
 3.0943809554666037 0.9999999999998168
 3.1267504417878675 0.9999999999998977
 3.1594057731466826 0.9999999999999154
 3.192337092817615 0.9999999999999375
 3.2255542575260984 0.999999999999969
 3.2590572672721327 0.9999999999999902
 3.2928362653302847 0.9999999999999977
 3.326910965151421 0.9999999999999994
 3.361271510010107 0.9999999999999999
 3.395917899906344 1.0
 3.430859991565565 1.0
 3.4660879282623362 1.0
 3.5016017099966587 1.0
 3.537421050219397 1.0
 3.573536092205119 1.0
 3.6099369792283915 1.0
 3.646643424740081 1.0
 3.683645572014754 1.0
 3.7209434210524094 1.0
 3.758546828578482 1.0
 3.796445937867538 1.0
 3.834650605645011 1.0
 3.8731509751854664 1.0
 3.911966759939771 1.0
 3.95107824645706 1.0
 3.990505148188198 1.0
 4.030237608407751 1.0
 4.070265770390289 1.0
 4.110609347586676 1.0
 4.1512683399969114 1.0
 4.192232890895563 1.0
 4.2335030002826314 1.0
 4.275088524883549 1.0
 4.316989464698315 1.0
 4.359195963001498 1.0
 4.40171787651853 1.0
 4.444555205249411 1.0
 4.487698092468708 1.0
 4.531166251627288 1.0
 4.574939969274283 1.0
 4.6190389588605604 1.0
 4.663443506935255 1.0
 4.708163470223797 1.0
 4.753208705451621 1.0
 4.798559499167863 1.0
 4.844235564823386 1.0
 4.8902270456927574 1.0
 4.936533941775979 1.0
 4.983156253073049 1.0
 5.0300939795839685 1.0
 5.077347121308737 1.0
 5.124925534972787 1.0
 5.172809507125254 1.0
 5.221018751217002 1.0
 5.269533553797167 1.0
 5.318373628316614 1.0
 5.367519261324476 1.0
 5.4169901662716215 1.0
 5.466766629707183 1.0
 5.5168683650820264 1.0
