 0.0E+0 0.0E+0
 6.0099814548257874E-3 0.04485525663048955
 0.018100600816799157 0.13433655038537034
 0.0303334727445152 0.22404428223512115
 0.042710325001930303 0.3130488681259709
 0.05523252161322058 0.399904680043798
 0.06790218439377103 0.4830235477656973
 0.0807208289259996 0.560977464901996
 0.0936901223505659 0.6326658306421968
 0.10681188336637143 0.6973718453632912
 0.12008793067231764 0.7547501437952163
 0.1335202345255478 0.8047767196861473
 0.14711015895023793 0.8476811575469323
 0.16085937108704781 0.8838751328871546
 0.17477090210081316 0.913886342791438
 0.18884611601571005 0.9383028660030426
 0.20308652841415644 0.9577305867135824
 0.21749365487857011 0.9727628809205597
 0.2320720421562048 0.9839608970413581
 0.24682017466464262 0.9918413059532715
 0.2617410835687193 0.9968714131263944
 0.2768378000332706 0.9994682554757117
 0.2921118396407144 1.0
 0.3075662335558866 0.9987883485109584
 0.3232009817787871 0.9961123870625365
 0.33901911547425156 0.9922124332646297
 0.3550236658071159 0.9872945019908176
 0.371216148359798 0.9815348251312804
 0.3875980787147157 0.9750844439102073
 0.4041724880367048 0.9680739239309455
 0.420942407490601 0.9606175040693753
 0.4379078370764044 0.9528156650396369
 0.4550733235413686 0.9447552437585757
 0.4724388668854936 0.9365088913001695
 0.4900105294384509 0.9281367650203932
 0.5077867956178227 0.9196887817073972
 0.5257706965884448 0.9112074722147312
 0.5439667790975706 0.902729851816746
 0.5623765587276183 0.8942878619721503
 0.5810015510610056 0.8859068688904763
 0.5998463028449862 0.8776056426457411
 0.6189108140795603 0.8693992932745446
 0.6381981159295632 0.8613016245311313
 0.657712755142249 0.8533269893319874
 0.6774562473000354 0.8454903603573096
 0.6974301079853402 0.8378059471592072
 0.7176388839454173 0.8302857989815112
 0.7380840907626843 0.8229410949856073
 0.7587687596019772 0.8157827112472735
 0.7796959216281316 0.808817167471174
 0.8008686080059835 0.8020443927845939
 0.8222883343179506 0.7954606354326077
 0.8439596473112865 0.7890604059793226
 0.8658840625684091 0.7828382149147519
 0.8880661268365723 0.7767925223262334
 0.9105073556981937 0.7709259710757267
 0.9332107803181093 0.765242964132304
 0.9561794318611548 0.7597477271740908
 0.9794178570745836 0.7544422468246257
 1.002929087123232 0.7493263280437358
 1.026714637589517 0.7443992619564889
 1.0507775396382754 0.7396594074176658
 1.0751223400167604 0.7351044290279742
 1.0997520698898075 0.7307318175719082
 1.1246697604222528 0.7265377026466154
 1.1498784427789321 0.7225146485987736
 1.175382663707099 0.718651538261646
 1.2011839387891711 0.7149359704822427
 1.2272868147724027 0.7113545030421045
 1.2536958384040466 0.7078893717753357
 1.2804125252665214 0.7045216269709991
 1.3074414221070802 0.7012365745159155
 1.3347855600905593 0.6980247082743536
 1.3624494859642122 0.6948780775963315
 1.3904362308928743 0.691787264410658
 1.4187503416237998 0.6887444424334819
 1.4473933337394062 0.6857467302068005
 1.4763712695693651 0.6827915826979003
 1.5056886958609303 0.6798739422803041
 1.5353456126141016 0.6769902323562014
 1.5653541444882224 0.6741397482370499
 1.5957112603184566 0.671323437232852
 1.6264169601048041 0.6685403143821811
 1.6574863996714443 0.6657876171807784
 1.688904423194198 0.6630588634723383
 1.7207013423214227 0.6603408173867241
 1.7528620012289402 0.6576201012009901
 1.7854015557409286 0.6548900986211997
 1.818320005857388 0.6521520790709755
 1.851632507402498 0.6494180556179863
 1.8853239045520788 0.6467057054954654
 1.919394197306131 0.644024833212004
 1.9538736973130121 0.6413715210837304
 1.9887624045727221 0.6387291391866274
 2.024045163261082 0.6360773674265898
 2.0597371292022712 0.6333989802142737
 2.0958534582204677 0.630685185083224
 2.1323789944914937 0.6279426040433026
 2.1693440496637057 0.6251766027188097
 2.206733467912926 0.6223789983884506
 2.2445472492391536 0.6195390495009158
 2.282800549466568 0.6166544901381998
 2.3215085244193485 0.6137251719351868
 2.360656018273315 0.6107420582213489
 2.4002733426768254 0.6076941985900354
 2.4403453418057017 0.6045780443962295
 2.4808720156599437 0.6013944690606261
 2.52186852006373 0.5981428711271031
 2.563350010841239 0.5948131627797151
 2.605316487992471 0.5913899255635681
 2.6477527956932482 0.5878712125511729
 2.690704401416106 0.5842681804213538
 2.7341258376885075 0.5805941803543684
 2.778077727807169 0.5768657309615424
 2.822514604299554 0.5730976082317973
 2.867481934638198 0.5692974196375861
 2.912964562998924 0.5654581245292264
 2.958977645205909 0.561556612628901
 3.0055211812591533 0.5575724738542104
 3.052595171158658 0.5534982570667593
 3.10022992655278 0.5493244548111942
 3.1483951357931614 0.5450378307473505
 3.1971362663523392 0.540633528708242
 3.2464230065819554 0.5361129897544752
 3.296300823954547 0.531479658809738
 3.346739406821756 0.5267305080134941
 3.397753911007761 0.5218513863303478
 3.44937464816092 0.5168298262820289
 3.5015864624570545 0.5116652625570505
 3.5543893538961635 0.5063754889350647
 3.607813634126606 0.5009755385994296
 3.661844147324202 0.49545430948293273
 3.7165112051373094 0.4897985669834186
 3.7717996517417504 0.484008007325353
 3.8277246429617024 0.47809855188013794
 3.8842861787971663 0.4720932241909211
 3.9415145708964995 0.4660003627001885
 3.9993795076113443 0.4598169056668344
 4.057926456414237 0.4535356329757382
 4.117155417305178 0.44713986371015734
 4.177051234459989 0.4406071929616769
 4.2376290637028475 0.4339311695964731
 4.298919216682113 0.42712485971836944
 4.360906537573604 0.42019136776472265
 4.423606182201502 0.41312641929725246
 4.487018150565806 0.4059335643631358
 4.551172754314872 0.39864015057793983
 4.6160548376245245 0.3912833007042438
 4.681679556318939 0.38387672485534674
 4.748046910398119 0.3764041722100109
 4.815187211510419 0.36885166930538693
 4.88310045965584 0.3612134744658439
 4.951771499010205 0.3535124129353197
 5.021245797046048 0.3457929050819126
 5.091508197939191 0.3380905910497207
 5.162573857513813 0.33041079327859973
 5.234457931594093 0.3227352290681634
 5.307160420180031 0.3150622064126428
 5.380681323271627 0.30740254205841333
 5.4550509525172374 0.29978205998149626
 5.530284463741044 0.29223836082805076
 5.606351545294686 0.28481217443895906
 5.683297664650701 0.27755247662168813
 5.76112282180909 0.27048885282132956
 5.839827016769852 0.2636071385741609
 5.919425405357165 0.25687770666295745
 5.999933143395211 0.25029026331973697
 6.081365386708165 0.2438544956112945
 6.1637069794718515 0.23759814149874136
 6.246988233334626 0.23155084645567985
 6.331224304120667 0.2257297764698044
 6.4164151918299765 0.2201553430943462
 6.502560896462553 0.21486145216138116
 6.589706885490934 0.20987866019991813
 6.677822847266762 0.2052139747384841
 6.766939093438392 0.20085118403004606
 6.857055624005827 0.19677068355989751
 6.948202750617424 0.19295843554291522
 7.040380473273183 0.18939682678107302
 7.133603947797282 0.18607305496374504
 7.2278883300139 0.182988585720918
 7.3232184640988604 0.18011819367811682
 7.419639817524696 0.17742350474776222
 7.5171372344672304 0.17490605143414561
 7.61574102657482 0.17258064711617465
 7.715451193847468 0.17047279043975896
 7.816282892109349 0.16862135378220696
 7.918251277184644 0.16703243360207345
 8.021371504897532 0.16566957728703007
 8.125643575248011 0.16449153208338473
 8.231097799884441 0.1634689366726314
 8.337734178806821 0.16259993545225817
 8.445552712015152 0.1618897334925554
 8.55459886698197 0.16131217797356026
 8.664857487883095 0.1608388084328989
 8.776358886366886 0.16044815038712975
 8.889103062433342 0.16011100046609622
 9.003105171906643 0.1597886049317899
 9.118380370610968 0.1594402939549221
 9.234943814370494 0.15904829719021687
 9.352810659009402 0.15862066650535155
 9.471996060351868 0.15817892181665893
 9.592515174222074 0.15775150092028103
 9.714368000620018 0.15735638928361447
 9.83756969536988 0.15700301520306031
 9.962150570120018 0.15670124653379327
 10.08812578069461 0.1564559935167267
 10.215480171269476 0.15627381913670346
 10.344259209317155 0.15616678426166913
 10.474478050661824 0.15614781921871864
 10.606121539479306 0.1562233572200942
 10.739235143242134 0.15638629953328614
 10.873818861950312 0.15662012628126484
 11.009887851428017 0.1569062249525633
 11.147457267499428 0.15722663359151234
 11.286542265988722 0.1575591567367631
 11.427173158544262 0.1578734319184384
 11.569349945166042 0.15814366597723111
 11.713087781678245 0.15836275659858398
 11.858416979729226 0.1585419571352965
 12.005337539318985 0.15870419861692494
 12.153864616271706 0.15887739802638661
 12.30402852223574 0.1590824202871006
 12.455844413035267 0.15932908291364361
 12.60931228867029 0.15961673507268134
 12.764462460789167 0.1599234758259209
 12.921310085216072 0.16020382062084281
 13.079870317775189 0.16040756258170621
 13.240173470114874 0.16049772577972096
 13.402204386410947 0.16045794660335457
 13.566008534135944 0.1602916300358442
 13.731601069114046 0.1600171675224103
 13.898981991345254 0.1596674110194113
 14.0681967683021 0.15928166014123124
 14.23923024416041 0.1589160469642388
 14.412127886392716 0.1586358267256638
 14.586904850823203 0.15846349900523282
 14.763561137451864 0.1583783054752807
 14.94212705792706 0.15835568826728652
 15.122617768072972 0.15837650783728066
 15.305109047010491 0.15842395556660007
 15.489403869025292 0.15849364998932682
 15.675820506425131 0.15857535463978816
 15.864207400968224 0.15864117493842178
 16.05471611089635 0.15865888502130015
 16.247043519725945 0.15862535325980323
 16.441644302182364 0.15855645921053138
 16.638215341782032 0.15845750603574046
 16.83690819676674 0.15835718364898726
 17.037722867136487 0.15828233741425912
 17.240659352891274 0.15822490310182907
 17.4457176540311 0.15815930483858975
 17.65304932879775 0.15808547767957223
 17.86265437719123 0.15804080350976895
 18.07422968272796 0.1580770341813203
 18.288229920133304 0.1582010664871178
 18.504503531165475 0.1583473873603353
 18.723050515824475 0.1584123747180364
 18.943719315868516 0.15837362508051555
 19.166964606022958 0.15826497678445428
 19.392331711562444 0.15811874567260966
 19.620275307212327 0.15799279877601668
 19.850492276489042 0.15797916488937616
 20.08313417763437 0.15815591332714695
 20.318201010648316 0.15846478672116065
 20.55569277553088 0.15873018128414267
 20.795761030523845 0.15881425392719997
 21.038254217385421 0.15876923765425024
 21.28332389435741 0.15870373478477303
 21.5309700614398 0.1586403765563873
 21.781041160390806 0.1585985633584805
 22.033840307694006 0.15869315665634675
 22.289064386865817 0.15893604391197113
 22.547168072631617 0.1591665976284779
 22.807696690266027 0.159300878980308
 23.07110491449442 0.15934861872307592
 23.337089628833215 0.15935487198596748
 23.605802391524203 0.1593618518456585
 23.877394760809174 0.15936791099908095
 24.151563620204552 0.15935918221279968
 24.42861208619391 0.15938064499923568
 24.708540158777246 0.15950065190333037
 24.991196279712777 0.15973397409040854
 25.276883565484077 0.16002805217103485
 25.56529889960757 0.16031883251208337
 25.856745398566832 0.1605026561727686
 26.15107150412008 0.16048943954544586
 26.448277216267303 0.16028267971071852
 26.74866565149209 0.16000387358176224
 27.051933693310854 0.15981789969598036
 27.358232899965386 0.15973659171496393
 27.66756327145569 0.15981177462480544
 27.980076366023553 0.15995875051379451
 28.295620625427186 0.1601747485034813
 28.61434760790838 0.16044527280363463
 28.936257313467127 0.16070760898072553
 29.261349742103433 0.1610892346298121
 29.589624893817298 0.16168410652532222
 29.92108276860872 0.16223729632768965
 30.255723366477706 0.16262602958529737
 30.593849803907826 0.16300059703182806
 30.935158964415496 0.1632830972577464
 31.27980240624252 0.16346722812749392
 31.627780129388892 0.16356480843156101
 31.979092133854603 0.16350532179566185
 32.333889977881455 0.16347804033445961
 32.69217366146945 0.1636382903770847
 33.05379162637678 0.16381445242766454
 33.41889543084525 0.16382120924011828
 33.787636633116633 0.16355732290436958
 34.159712116707375 0.16346297324270958
 34.535576556342824 0.16363941498779277
 34.91477527729762 0.16373209273186847
 35.297762954297134 0.16368015872141913
 35.684236470857776 0.16348800262619006
 36.07434738522135 0.16300577713280492
 36.46824725562963 0.1627724678189606
 36.86578452384083 0.16310066505580678
 37.26711074809675 0.1637537789633998
 37.67207437015559 0.16454416231122362
 38.080978506500933 0.16507681927042633
 38.4935200406492 0.1654329412886546
 38.91000208908396 0.16574885166462266
 39.33027309356344 0.16570935150360333
 39.75433305408763 0.1654651589108993
 40.18233352889832 0.16542851447399778
 40.61442607623731 0.16574941334196624
 41.050307579621 0.16618950991869232
 41.49012959729119 0.16664321526388162
 41.93389212924789 0.1675861864808777
 42.38174673373287 0.16855483869508663
 42.833693410746136 0.16924622608965853
 43.28958060204591 0.16963090615841475
 43.74971142411576 0.16941426148593466
 44.21378276047211 0.1689041180004399
 44.682097727598545 0.168561257778563
 45.15450476725326 0.1684126072479624
 45.631003879436264 0.16822936551640002
 46.111898180631143 0.16745269054663752
 46.596884554354303 0.16674335489496672
 47.08611455884754 0.16678775555916364
 47.57958819411086 0.16699496300656871
 48.07730546014425 0.16704309443048398
 48.57941791518952 0.16652016960673932
 49.08577400100486 0.16547921126205952
 49.59652527583206 0.16450617923644195
 50.11167173967114 0.16382017673791723
 50.63106183428028 0.16271599635908515
 51.15499867614309 0.16121709856091545
 51.68333070701776 0.15980193710324944
 52.21605792690429 0.15942035176996846
 52.753331894044485 0.15943720297775706
 53.29500105019654 0.15906415166152604
 53.84106539536047 0.15887870112494104
 54.391828046019824 0.15878941500335713
 54.947137443932845 0.15868277566006958
 55.50684203085774 0.1584348352237977
 56.071244923278065 0.15787197138238756
 56.64019456295206 0.15759537449458563
 57.21369094987969 0.15736043436329874
 57.79188564230277 0.15734495689967134
 58.37462708197951 0.15730851805011034
 58.9620668271517 0.15702466733067382
 59.55405331957753 0.15679666342173212
 60.15088967574059 0.1570838619212358
 60.75227277915732 0.15771193683213277
 61.35850574631127 0.1582871983229542
 61.96943701896067 0.15888400028229116
 62.58491503886372 0.15913122557534906
 63.205242922504005 0.15825066689710265
 63.83042066988152 0.15671057928490456
 64.46029672275448 0.15568414801270663
 65.09487108112287 0.1541463686347259
 65.7342953032285 0.15056407030499388
 66.37856938907136 0.1467209259470955
 67.02754178040968 0.14248535192102407
 67.68136403548522 0.1382439863051771
 68.34003615429798 0.13290712808448737
 69.0034065786062 0.12661358949690365
 69.67177842489343 0.11979579850440875
 70.34484857667611 0.11216733820962733
 71.0229201504378 0.10467428254137205
 71.70569002969495 0.09789584182550463
 72.3933097726893 0.09045558448101257
 73.08593093766271 0.0820512696126014
 73.78325040813155 0.07397509102994031
 74.4855713005794 0.06574976793203156
 75.19274205676449 0.057677326021014815
 75.9047626766868 0.04967868662612526
 76.62163316034635 0.042103285832260306
 77.34335350774313 0.034570494831287976
 78.06992371887715 0.02823194127048829
 78.80149535199018 0.022960919617604064
 79.53776529059866 0.018281194990420066
 80.27903665118616 0.01449438974726647
 81.02500631726909 0.011689679269135476
 81.77597740533106 9.691254676159772E-3
 82.53164679888845 8.19101445372361E-3
 83.29231761442487 7.006972725862559E-3
 84.05768673545674 6.053595099493584E-3
 84.82805727846763 5.271711920057711E-3
 85.60312612697395 4.6190568295465285E-3
 86.38304483921752 4.066563608912395E-3
 87.16766185695651 3.593811527740741E-3
 87.95728029667454 3.185897908567858E-3
 88.75144548364622 2.831574931799793E-3
 89.55061209259692 2.5221231948081676E-3
 90.35432544880126 2.2506371948593645E-3
 91.16288866874287 2.0115523530643505E-3
 91.97630175242169 1.8003195205011598E-3
 92.79426158335416 1.6131746933147521E-3
 93.61691971978206 1.4469715423695041E-3
 94.44427616170542 1.2990568138353953E-3
 95.27633090912423 1.1671761406974962E-3
 96.11308396203846 1.0494013730544965E-3
 96.95438376220636 9.440738017214985E-4
 97.8003818678697 8.4975924064587E-4
 98.6507751625449 7.652119832858196E-4
 99.50586676271557 6.893457214892544E-4
 100.36550511013988 6.212095494072664E-4
 101.22969020481783 5.59968539418726E-4
 102.09827048850765 5.048873282053613E-4
 102.97139751945113 4.5531654062845702E-4
 103.84891973940648 4.106813357598052E-4
 104.7308371483737 3.704717295800374E-4
 105.61714974635278 3.342343578521029E-4
 106.50785753334372 3.0156545518223684E-4
 107.40296050934654 2.7210482516257944E-4
 108.30230711611942 2.4553066433935413E-4
 109.2057457954206 2.2155506089326304E-4
 110.11357966373366 1.9992010013265094E-4
 111.02565716281677 1.8039449021426751E-4
 111.94182673442818 1.6277059567316182E-4
 112.86208837856788 1.468618510836176E-4
 113.78644209523587 1.3250047943712711E-4
 114.71503944267394 1.1953548940951086E-4
 115.64742574615671 1.0783091469482522E-4
 116.5839041221678 9.726423807058413E-5
 117.52432301246536 8.772500749674593E-5
 118.46853085880764 7.91136103576425E-5
 119.41667921943643 7.134016089211997E-5
 120.36861653610991 6.432353940049512E-5
 121.3244943670699 5.799050129920374E-5
 122.28385803759105 5.227490635908438E-5
 123.24701066415689 4.71170129137668E-5
 124.21380068852567 4.2462850647706436E-5
 125.18422811069733 3.8263657578399083E-5
 126.15814137243017 3.4475373132119885E-5
 127.13554047372413 3.105817996455979E-5
 128.11642541457922 2.7976095440472776E-5
 129.10064463675365 2.519660237909709E-5
 130.08819814024747 2.269031091276393E-5
 131.07908592506058 2.0430664265201345E-5
 132.07330799119307 1.8393661458913512E-5
 133.07056122216133 1.6557615174866848E-5
 134.07114873444893 1.4902928520182507E-5
 135.07461585333052 1.3411895816482523E-5
 136.08126569528965 1.2068520832082298E-5
 137.09079514384276 1.0858354004317298E-5
 138.10320419898988 9.768343102424E-6
 139.11849286073095 8.786700655568107E-6
 140.13650957082421 7.902782132595318E-6
 141.1574058875115 7.10697693654723E-6
 142.18087869430917 6.390608051658957E-6
 143.207079549459 5.745843952391814E-6
 144.23570533647747 5.165616429536695E-6
 145.26690761360634 4.6435475478393904E-6
 146.30053482260385 4.173883226892557E-6
 147.33643540522817 3.7514329591205565E-6
 148.3747609197211 3.371515810561661E-6
 149.41520824959906 3.0299110887013686E-6
 150.45792895310384 2.7228136704714033E-6
 151.5027714719937 2.4467944318567063E-6
 152.549432689785 2.1987634368193937E-6
 153.59821572296135 1.975937107998487E-6
 154.64851433855554 1.7758088733530987E-6
 155.70184411898554 1.5961222155138568E-6
 156.75668948183343 1.4348464656724447E-6
 157.81153484468131 1.2901550442117556E-6
 158.86941137236496 1.1604057910380316E-6
 159.9288034824665 1.0441231018449862E-6
 160.98971117498592 9.39982059413759E-7
 162.05213444992321 8.46794070950265E-7
 163.1145577248605 7.634938363648025E-7
 164.1800121646336 6.891277154116032E-7
 165.24546660440665 6.22843520482517E-7
 166.3139522090155 5.63881015360838E-7
 167.38092223120648 5.115637571405799E-7
 168.45092341823317 4.652917259067758E-7
 169.52092460525992 4.245348965346095E-7
 170.59244137470454 3.8882767527879857E-7
 171.66395814414914 3.577641255591479E-7
 172.73547491359374 3.3099417471977193E-7
 173.80850726545625 3.0822064219731986E-7
 174.88305519973661 2.891975326788967E-7
 175.957603134017 2.7372967689805846E-7
 177.03063548587951 2.6167447870310042E-7
 178.10669900257778 2.529462583399584E-7
 179.18124693685817 2.4753981963257265E-7
 180.2573104535564 2.4539768783064215E-7
