 2.2663126709774796E-3 2.740771202129991
 6.825581957574668E-3 2.737376885464842
 0.011438493471630447 2.7368360294053544
 0.01610569873817468 2.739135442306915
 0.020827712119073044 2.744156528443125
 0.025605333732783265 2.751739027379762
 0.03043913509248944 2.7616910079683614
 0.03532974486269405 2.7737926080457313
 0.040277848859218014 2.7878020774472842
 0.04528413289788224 2.8034645571073864
 0.050349339945826035 2.820525383046872
 0.05547398436491509 2.8387424744005276
 0.060658694819651894 2.8578931186362885
 0.06590461433640463 2.8777720727701634
 0.07121225727703896 2.898187134392048
 0.076582195154739 2.918955784574169
 0.08201499948268882 2.9399059359394454
 0.08751238480044071 2.9608767023828836
 0.09307377959481057 2.9817183277142982
 0.09870032689216655 3.002292999017428
 0.10439316971887687 3.0224794810016266
 0.11015287958812559 3.04218176461984
 0.1159805995262809 3.0613365214594163
 0.1218763295333428 3.0799130657987303
 0.12784121263567946 3.0979047357960736
 0.13387639185965907 3.115320736195963
 0.13998243871846571 3.132177386974382
 0.14615992472528346 3.148492108725452
 0.15240999290648055 3.164278436871357
 0.1587337862884251 3.1795408505281357
 0.16513130487111712 3.1942668528311592
 0.1716042631941089 3.2084196486258815
 0.1781526612574004 3.2219443487688805
 0.18477878511372802 3.234791433362758
 0.19148206324990765 3.246943269799046
 0.19826363869230745 3.258419581934343
 0.20512522598047974 3.26925716779745
 0.21206739662760853 3.279492352013453
 0.219090722146878 3.2891581037486954
 0.22619691707784034 3.298275615753209
 0.23338598142049563 3.306832323917822
 0.24065905820121194 3.31476529192318
 0.24801786195954167 3.321968551409887
 0.25546296420866876 3.328325552264979
 0.2629949364617774 3.333745130406269
 0.2706154932584198 3.338174103994548
 0.2783252061117802 3.341595713190253
 0.28612521804822654 3.344018791334669
 0.29401667209412712 3.345448495361605
 0.30200071127585015 3.3458598456704384
 0.31007790710657973 3.3452140667324865
 0.31824997412586802 3.343505039992641
 0.32651748384689915 3.3407732501063462
 0.33488215080922545 3.337080021129955
 0.34334454652603096 3.33248331819963
 0.35190581402368387 3.3270289593351307
 0.36056709632855232 3.320734893564563
 0.3693301079801886 3.3135882404136864
 0.37819599200496095 3.3055839473786736
 0.38716531991605335 3.2967711301178055
 0.3962392347398341 3.28723105128917
 0.40541945101585535 3.2770198770945735
 0.41470711177048535 3.2661483030995923
 0.4241033600300922 3.254575853528023
 0.4336093388210442 3.2422453011081695
 0.4432267626828935 3.2291518706341877
 0.4529562031288243 3.215369507657922
 0.4627993746983888 3.2010221663362043
 0.47275799193113915 3.1862109220377035
 0.48283262634025975 3.170959546536425
 0.4930249924653025 3.155233401689541
 0.5033362333326359 3.1389512045266045
 0.513768063481812 3.1219601252666966
 0.5243216259391991 3.1040604397780104
 0.5349986352443494 3.085095766373507
 0.545799662910447 3.0650082395934377
 0.5567269949902283 3.0437904898661845
 0.5677823460232454 3.021397729187644
 0.5789657160094985 2.9977136162260245
 0.5902816770544603 2.972608818436028
 0.6017290861317626 2.9460396074931525
 0.6133079432414053 2.918043310711844
 0.6250239635152293 2.8886549112717512
 0.6368714318213938 2.8580013355781463
 0.6488617784235806 2.8264162358115356
 0.6609892881899487 2.7942880976262012
 0.6732596762523392 2.761857367189735
 0.6856729426107516 2.72915112847862
 0.6982348023970275 2.6960852214255184
 0.7109395404793255 2.662568117640547
 0.7237871568576456 2.62846129317366
 0.7367890817956699 2.59356900604798
 0.7499453152933981 2.557731924523198
 0.7632501422189896 2.5209022441729316
 0.7767092777042851 2.4831064417363437
 0.7903284368811254 2.4444306389456884
 0.8041019046176697 2.4050240781862974
 0.8180411111775999 2.3650741924762437
 0.8321403414290751 2.324746537625252
 0.8463995953720951 2.2841145641863445
 0.8608245881385008 2.243223813749526
 0.8754210348601335 2.202183214156564
 0.8901832204051517 2.1611411055509175
 0.9051225750372375 2.1202516347468427
 0.9202333836245502 2.0796705025625832
 0.9355156461670895 2.0394595597108526
 0.9509750777966963 1.9995565568513218
 0.9666173936452116 1.9598845214059803
 0.9824425937126354 1.9204031127012461
 0.9984449628671269 1.881022216711654
 1.0146416465042085 1.8415709215740978
 1.0310154992283577 1.8018627085010683
 1.047589381566938 1.7617539218076772
 1.064346148124427 1.7211813696809308
 1.0813029442963468 1.680126309275198
 1.0984540549508572 1.6386761668640936
 1.1158051952197987 1.5971831050325815
 1.133356365103171 1.5560623524000594
 1.1511075646009747 1.5155810991224087
 1.1690702239768913 1.4758913696437871
 1.187232912967239 1.437063121953478
 1.2056127769675404 1.3990492058926811
 1.224198385714114 1.361707834008488
 1.2430068846024824 1.3249827914888541
 1.2620268433689636 1.288939636947164
 1.2812639771453986 1.253618305761004
 1.3007297161954691 1.219049893358034
 1.3204183453873346 1.1853355989512306
 1.3403298647209944 1.1526098871583758
 1.360475704460131 1.1209746880821447
 1.380850149472903 1.090441923831431
 1.4014646300229924 1.060963053322866
 1.4223134309785585 1.032538559053138
 1.4434022674714417 1.0053032221369893
 1.4647311395016424 0.9794078949392047
 1.4863114773328423 0.9548557530622329
 1.5081318507013594 0.9316515071766337
 1.5302094050027166 0.9098162248243731
 1.552544140236914 0.8892652633948718
 1.5751303412721104 0.869983472598191
 1.5979737232401467 0.8521009401169171
 1.621085716404705 0.8356673077533974
 1.6444606056339443 0.8205891618670955
 1.6681041060597054 0.8067026487206896
 1.6920162176819883 0.7938418631258488
 1.7162083707644746 0.7818785215969627
 1.7406748501753237 0.7707384029015731
 1.7654213710463766 0.7603870295685783
 1.790447933377633 0.7507740783511594
 1.8157659674327746 0.7418165857290094
 1.8413754732118017 0.733423719708443
 1.8672707355828732 0.7255101027566968
 1.8934688999415123 0.7180049555635835
 1.9199642511558774 0.7108537325025742
 1.9467625043578093 0.7040087690915638
 1.9738693746791498 0.6974261521783482
 2.001284862119898 0.6910714876917962
 2.0290089666800543 0.6849238894077576
 2.0570531186233003 0.6789748285814596
 2.0854230330814775 0.6732234157821991
 2.114107279790903 0.6676704849631755
 2.1431230041471005 0.6623140318747263
 2.1724702061500695 0.6571466548965443
 2.20214888579981 0.6521555767510913
 2.2321647582281634 0.6473255897290187
 2.26252353856697 0.6426423198469904
 2.2932309419480705 0.6380929031512951
 2.324281253239625 0.6336649371128351
 2.3556859027053143 0.6293459291158111
 2.3874506054769795 0.6251238800237081
 2.4195753615546213 0.6209884139263248
 2.4520601709382385 0.6169314716385145
 2.4849221790233553 0.6129469707987977
 2.518149955546288 0.6090296659320326
 2.55175493077072 0.6051740261271125
 2.5857371046966504 0.6013737024980766
 2.620107907587762 0.5976217940096448
 2.6548673394440536 0.5939118852734091
 2.690021115397367 0.5902398224622899
 2.7255749505795416 0.586605419649504
 2.761523129858739 0.5830128274820908
 2.7978827986304795 0.5794688008536175
 2.834648241762923 0.575979003169652
 2.871830889519752 0.5725434706218152
 2.9094307419009663 0.5691535239506638
 2.947453514038406 0.5657933701120126
 2.985904921063913 0.5624475285108055
 3.0247906781093263 0.5591101412381383
 3.0641107851746482 0.5557898732690805
 3.103876672523559 0.5525083439998238
 3.1440883401560597 0.549293629960933
 3.1847457880721496 0.5461724705734604
 3.225866161667352 0.5431652362595692
 3.267443745809825 0.5402844945214867
 3.3094899707632512 0.5375349944321018
 3.3520048365276302 0.534913238518495
 3.3949940582348032 0.5324068581880466
 3.438463351016611 0.5299966000296187
 3.4824184300048943 0.5276623550176275
 3.5268650103314942 0.5253899793906467
 3.571808807128251 0.5231741214633229
 3.617255535527007 0.5210155174816782
 3.6632051955277606 0.5189168585073818
 3.7096635022623534 0.5168807318600395
 3.7566418859944676 0.5149091920031562
 3.8041460618559437 0.513004003760099
 3.8521703147149404 0.5111692480919123
 3.9007317899669806 0.5094156086884731
 3.949836202743906 0.5077584598145185
 3.9994778379138744 0.5062077579041593
 4.049673840872409 0.5047579660283358
 4.100424211619511 0.5033865458192791
 4.1517346652870195 0.5020646282893555
 4.203610917006776 0.5007725652832683
 4.256058681910621 0.49950416514390366
 4.309089390262238 0.4982540611572753
 4.362703042061625 0.4970097766484395
 4.416905352440623 0.49576652283055167
 4.471707751662915 0.4945328535506549
 4.527110239728501 0.4933073479836404
 4.583118531769221 0.49207083765815207
 4.639744058048757 0.490814151851093
 4.69699253369895 0.48956047707067856
 4.7548639587198 0.48834856932864845
 4.813369763374989 0.48720075393229472
 4.872515662796356 0.4861198598883744
 4.932307372115745 0.4851060309372133
 4.992756321596837 0.4841626379058935
 5.05385679610779 0.48329083334208655
 5.115625941044127 0.48248620865489894
 5.178069471537688 0.48174310632745975
 5.241187387588475 0.4810527363207023
 5.304996834592009 0.48040074779697655
 5.36949209741645 0.4798067230007364
 5.434690321457321 0.47934064927177566
 5.500597221846462 0.47904929722711564
 5.567212798583874 0.4788912617677248
 5.634548481933237 0.478769369399517
 5.702609987026394 0.4786368525204688
 5.771425889522548 0.4785178686729096
 5.840921892707767 0.47839807461070593
 5.911218014350711 0.4781928643155097
 5.982257103132971 0.4778356078030386
 6.054096310372956 0.47731302123979724
 6.126621333433848 0.476636341157579
 6.200003626270872 0.4758315012193285
 6.274128886247213 0.4749354725507252
 6.3490542646812775 0.47404197769367745
 6.424779761573068 0.47331460586775403
 6.5013053769225814 0.47292740646766184
 6.5786311107298205 0.47303315802766154
 6.6568141143131924 0.47365675544129615
 6.735854387672698 0.47453794640039315
 6.81563762817152 0.4753288209383111
 6.896335289764883 0.47596642363584262
 6.9778902211343805 0.47653546764631554
 7.060302422280011 0.47702542020883115
 7.143514741883367 0.4773173299139454
 7.2276986338996724 0.47725469603726716
 7.312682644373704 0.4769063651956074
 7.398638227260686 0.4765754112540485
 7.485451079923803 0.4764800167486394
 7.57317835368146 0.47667735216498186
 7.66182004853366 0.47718919359999045
 7.751376164480404 0.4779731833106722
 7.8419038528400974 0.4788777685197264
 7.933345962294334 0.47972189390021524
 8.025759644161521 0.48031000064093426
 8.119144898441661 0.48049215104080766
 8.213444573816343 0.48039470946887485
 8.308772972922386 0.48042019255904866
 8.405015793122969 0.48093527431697546
 8.502344488373321 0.4820032419790485
 8.600587604718218 0.48337851817856286
 8.699916596112882 0.4847288202643131
 8.800217159920496 0.4856618645765786
 8.901546447459472 0.48587763086551233
 9.003961610048217 0.48542240305783873
 9.107348345049914 0.4845633509052458
 9.211820955101379 0.4836042871560526
 9.317379440202613 0.48281798604317777
 9.423966649035208 0.4823507218386977
 9.53169688423598 0.48217713865810996
 9.640455843168112 0.4821136305721475
 9.750357828468424 0.4818204565588816
 9.861345688818503 0.4809440837320159
 9.973419424218351 0.4797289439206873
 10.086693337304787 0.4788895099185817
 10.201053125440993 0.47895168291178374
 10.316555939945374 0.47986982393061183
 10.433201780817933 0.4814222896339409
 10.551047799377082 0.4831851496611011
 10.670036844304407 0.4848021409475881
 10.790226066918319 0.4863171178431557
 10.91161546721882 0.48761931445241513
 11.034205045205903 0.48843757531655906
 11.157994800879576 0.48830693896293714
 11.282984734239836 0.4874033533379321
 11.409174845286683 0.48645792802171006
 11.536679436656934 0.4855971983156911
 11.66538420571377 0.4848167006869742
 11.795346303775604 0.4842569263137225
 11.926565730842436 0.4844125163537996
 12.05904248691426 0.4848857124602338
 12.192833723309489 0.48446904070763063
 12.327939440028125 0.48330412175979986
 12.464302485751755 0.48219798982828254
 12.601980011798789 0.4811006194321778
 12.741029169487637 0.47990393871401626
 12.881335656181482 0.47937387455531094
 13.023070925835547 0.48000127171250994
 13.16606352449461 0.48116183443023397
 13.310484906113896 0.48214412291569436
 13.456220768056584 0.48322093525567116
 13.603328261641089 0.48465381716547234
 13.751864538185814 0.48559207490234346
 13.901772446372352 0.48473179345336364
 14.053109137519114 0.48208092143506853
 14.205817460307689 0.4794971873756317
 14.360011717374896 0.4786839059538453
 14.515577606083916 0.4793020444812666
 14.672629429071566 0.4798274140923284
 14.83111003501944 0.4792892761239764
 14.991019423927535 0.47884942432150856
 15.152414747114262 0.47927008179518815
 15.315353155898032 0.47967342357518005
 15.479720347642022 0.48007361071966503
 15.645573473664642 0.4809337595844131
 15.812912533965896 0.48191965083725946
 15.981794679864189 0.48376104390919333
 16.15221991135952 0.4869501999591408
 16.324131077133486 0.4905410020342313
 16.4976424798229 0.49392956449946334
 16.672639816790944 0.49603669441200354
 16.849237390674442 0.4967222496699574
 17.027378050154975 0.4965054278506756
 17.207061795232547 0.49613522501425516
 17.388402928543982 0.49622794338574482
 17.571287147452455 0.495869159123993
 17.75577160327638 0.4939133937920403
 17.94185629601575 0.4910103969773185
 18.129541225670568 0.4882647341052186
 18.31888354355925 0.48584306403198573
 18.509826098363376 0.48291989986205974
 18.70242604140136 0.4804617782783328
 18.896683372673205 0.47998036894689144
 19.092540940860494 0.47993906481632175
 19.29011304860006 0.4797227600824967
 19.489342544573474 0.48033807797271876
 19.69022942878075 0.4817911992160242
 19.892830852540296 0.4820033620159586
 20.097089664533694 0.4804327228459912
 20.303005864760955 0.4779151147677008
 20.510693755858888 0.47538498699623282
 20.72009618650909 0.47377692124856246
 20.93115600539315 0.4721931882101198
 21.143987515147884 0.47000502115832426
 21.358533564454887 0.4676655635715942
 21.574794153314154 0.46604313613508296
 21.7928264330441 0.46454848959177313
 22.012573252326312 0.4614714158294112
 22.234091762479202 0.45978864092612103
 22.457324812184356 0.4591796122455114
 22.682386704078595 0.45838245860984205
 22.909163135525105 0.45816466729340626
 23.137768409160695 0.4579302154762359
 23.368145373666962 0.4550590837943044
 23.600236877725496 0.4486847075795809
 23.834157223973114 0.44273479227419376
 24.069906412409817 0.4366452795649686
 24.307427291717196 0.4273322310946111
 24.54671986189525 0.4175145023538962
 24.787841274262394 0.4071480618754667
 25.030791528818618 0.39160230762263714
 25.275513474245517 0.3737804942935764
 25.522064261861505 0.35710763256593974
 25.770443891666573 0.34161353232306046
 26.020595212342318 0.3263557254282906
 26.27263252652556 0.309668670008674
 26.526441531579475 0.28682506736918272
 26.782136530140881 0.2559233202936693
 27.039603219572967 0.21975138684978437
 27.298898751194133 0.18245599506587814
 27.5600802763228 0.1463785638230245
 27.82303349232214 0.11446920250187811
 28.08787270182897 0.09010782902583665
 28.354540753524887 0.07302963941207079
 28.623037647409887 0.06075485803667162
 28.893363383483976 0.05165497445805388
 29.16551796174715 0.044591875404711316
 29.439501382199406 0.0388367708324168
 29.715370796159156 0.034042817524265994
 29.993011900989582 0.030009338872439814
 30.2725389993275 0.026586376771624432
 30.553837788536096 0.02365699376768312
 30.837022571252187 0.021130366959649884
 31.121979044838948 0.01893577958027709
 31.408821511933204 0.017017703834809567
 31.69743566989814 0.015332062437408952
 31.98793582137057 0.013843473683114024
 32.28020766371367 0.012523229622795763
 32.57430834824586 0.011347803633716635
 32.87018072364872 0.010297737891378684
 33.16793909255908 9.356804387630212E-3
 33.46741200102171 8.511365140914199E-3
 33.768770902991825 7.7498785015441004E-3
 34.071844344514204 7.062513617105513E-3
 34.37674662822568 6.440846952250963E-3
 34.68347775412624 5.877621182227377E-3
 34.99192341957906 5.366551268690137E-3
 35.30214077590256 4.902168121348122E-3
 35.614129823096725 4.47969099672797E-3
 35.927890561161575 4.094923149239249E-3
 36.2434229900971 3.7441658392972816E-3
 36.56066995858489 3.4241470134066787E-3
 36.87968861794336 3.1319616747039714E-3
 37.20036466553569 2.8650222629354473E-3
 37.52281240399869 2.6210170350872874E-3
 37.84697468201396 2.397874362151532E-3
 38.17285149958149 2.193733180870948E-3
 38.50038570538288 2.0069170531447572E-3
 38.82963445073654 1.8359127440572106E-3
 39.16054058432407 1.6793513023491727E-3
 39.49310410614544 1.5359919597896637E-3
 39.827325016200674 1.4047082388659374E-3
 40.16320331448977 1.2844757121292496E-3
 40.50073900101272 1.1743615504444433E-3
 40.83987492445112 1.0735151761359065E-3
 41.18055393348656 9.811601734786583E-4
 41.52289033075586 8.965871701933214E-4
 41.86682696494061 8.191473826198211E-4
 42.21230668472239 7.482470772546457E-4
 42.55932949010121 6.83342451823375E-4
 42.90789538107709 6.239352935967033E-4
 43.2580615089684 5.695688196760373E-4
 43.60965641981994 5.198241151710461E-4
 43.96279441626852 4.743168664796069E-4
 44.31741834699574 4.3269441189989522E-4
 44.67347106068316 3.946330793133291E-4
 45.03100970864923 3.5983575109963005E-4
 45.38997713957552 3.280296587445381E-4
 45.75043050478043 2.989643892652797E-4
 46.11219835030876 2.724100453564558E-4
 46.475394978797304 2.4815556117580662E-4
 46.839963238927666 2.260071853054389E-4
 47.20590313069984 2.0578706315841887E-4
 47.57315750279542 1.8733196415182226E-4
 47.9417263552144 1.7049209813289897E-4
 48.31160968795678 1.5513002433547988E-4
 48.682750349704164 1.4111966030417742E-4
 49.05514834045655 1.2834536619952697E-4
 49.428803660213915 1.1670110390388465E-4
 49.80371630897629 1.0608965697637553E-4
 50.179771984106835 9.642192368433192E-5
 50.55708498824238 8.761625992389398E-5
 50.93548386742769 7.959786559977872E-5
 51.315082924299595 7.229824202621173E-5
 51.69576785622126 6.565467095476515E-5
 52.0775386631927 5.960974357547326E-5
 52.460395345213903 5.4110929725141873E-5
 52.84428075096647 4.911017319955998E-5
 53.22925203176881 4.4563528292775506E-5
 53.6151948849841 4.0430817458670115E-5
 54.00216646193074 3.667532198320483E-5
 54.39005245997193 3.326349322597614E-5
 54.778910030426075 3.016469073007561E-5
 55.16868202197475 2.7350937827755555E-5
 55.55931128329957 2.4796698541143444E-5
 55.950854965718924 2.247867740115201E-5
 56.34319876659601 2.0375623136660507E-5
 56.73639983724923 1.8468162151032587E-5
 57.130401026360175 1.6738637622236515E-5
 57.52508803129202 1.5170963633287362E-5
 57.92057515468159 1.3750492438845466E-5
 58.31663379125525 1.2463890834131638E-5
 58.71383545419709 1.1299029899092953E-5
 59.111608630323026 1.02448802122656E-5
 59.50938180644896 9.291419113094222E-6
 59.90829800894306 8.429544320742525E-6
 60.30778572462125 7.650995798419295E-6
 60.707844953483544 6.9482834412057684E-6
 61.10847569552991 6.314622189701723E-6
 61.509106437576285 5.743872161792577E-6
 61.91088020599084 5.230484703238581E-6
 62.312653974405385 4.769453017488809E-6
 62.71557076918812 4.356267696601334E-6
 63.11791605078677 3.986876413166911E-6
 63.52140435875358 3.657647541050601E-6
 63.924892666720396 3.3653375921073794E-6
 64.32895248787132 3.1070619841944635E-6
 64.73301230902221 2.880269060746847E-6
 65.13707213017312 2.682716886352024E-6
 65.54170346450813 2.512453244387664E-6
 65.9469063120272 2.3677977561452182E-6
 66.35210915954629 2.2473264743891796E-6
 66.75674049388128 2.1498586914413686E-6
 67.16251485458446 2.0744460145509655E-6
 67.56771770210355 2.0203634526892494E-6
