 3.908645043468923E-4 0.2335277505074495
 1.177188718437441E-3 0.27146484793382413
 1.9727644550192012E-3 0.30145681729169604
 2.7777040807621064E-3 0.3281157086864622
 3.5920963061950523E-3 0.3516681766741506
 4.416079125474097E-3 0.3721584735378975
 5.249751105853569E-3 0.38973297926121674
 6.093220671313228E-3 0.404607743968013
 6.946606102558269E-3 0.41702352689495925
 7.8100256802938845E-3 0.4272223210459801
 8.6836075419507E-3 0.4354377724279203
 9.567440398057611E-3 0.44189193729001846
 0.01046163267259438 0.44679410276187964
 0.011366381500069661 0.45034024952924817
 0.012281775591012347 0.4527130289350824
 0.01320791351267677 0.4540815816366674
 0.014144893832317255 0.4546017553157031
 0.015093012251696786 0.45441620344323374
 0.016052170203561037 0.45365459870711594
 0.01702256482241866 0.4524336787287737
 0.018004393242778315 0.45085730661721973
 0.018997754031894326 0.44901618193875936
 0.020002844324275351 0.4469873116528385
 0.021019664119921392 0.4448338107857898
 0.0220484105533411 0.44260615083788595
 0.02308928075904313 0.4403447169860767
 0.024142373304281816 0.4380831410863684
 0.02520778675631148 0.43585103543780356
 0.026285718249640786 0.43367491380259753
 0.02737636491877838 0.43157859828889194
 0.028479726763724264 0.4295833590927589
 0.029596099486241426 0.4277071278348373
 0.030725483086329864 0.42596394263424453
 0.03186827183300689 0.4243629159906924
 0.03302436715901817 0.42290833162522956
 0.03419396619887237 0.42160116228733646
 0.035377364654332464 0.4204399708402621
 0.03657466109265278 0.4194207441875325
 0.037785954081087654 0.4185367505613568
 0.039011539321400064 0.417780711700409
 0.04025141681359002 0.41714694623983716
 0.04150578369216616 0.4166314421329835
 0.04277493565889148 0.41622993309866807
 0.04405897128102031 0.4159369120854141
 0.04535798912580696 0.4157462379261668
 0.04667228489501443 0.41565124913048656
 0.04800195715589706 0.4156442546740449
 0.049347203042963465 0.4157162827375238
 0.05070821969072233 0.41585733956551146
 0.05208520423368232 0.41599422890460213
 0.05347825523909774 0.4163069223051989
 0.05488766840873158 0.41660064666457746
 0.05631354230983817 0.4169335208470756
 0.05775617264418049 0.41730092844595123
 0.059215657979012875 0.4176979057675367
 0.06069219544884399 0.4181194704096259
 0.06218598218818246 0.4185620032085618
 0.06369731389879128 0.4190247831522482
 0.06522638771517913 0.4195101200547053
 0.06677330220460032 0.42002122593490853
 0.0683382545015635 0.4205587947125962
 0.06992154030783165 0.42112105770198365
 0.07152335675791345 0.4217060663433918
 0.07314390098631753 0.42231098356375262
 0.07478337012755257 0.4229300581834027
 0.07644205988338151 0.4235559977629738
 0.07812006882105874 0.42418318418599404
 0.0798176926423472 0.4248096646007868
 0.08153522704900987 0.4254359588526643
 0.08327277060830111 0.426063710077618
 0.08503061902198387 0.42669566974210143
 0.08680896942456684 0.4273343762146838
 0.08860811751781299 0.42798043218206555
 0.09042826043623095 0.4286319267910403
 0.09226969388158374 0.4292856201672672
 0.09413251642112566 0.42993667729772305
 0.09601712232387404 0.43057766713978096
 0.09792380729159184 0.4312022036175479
 0.09985257132427909 0.43180981444250465
 0.1018042029599704 0.4324044410145254
 0.10377850506415713 0.4329919288497098
 0.10577547763683924 0.43357916198284174
 0.10779610635056004 0.4341712315401494
 0.10983940553277625 0.43477116435634566
 0.11190734652857441 0.43538138279780685
 0.11399894366541127 0.43600530664475156
 0.11611518261583009 0.43664717662035573
 0.11825606337983084 0.43730778322382712
 0.12042257162995687 0.4379868940466504
 0.12261372169366484 0.4386876183614218
 0.12482951357095476 0.43941483827321076
 0.12707191860691322 0.4401706848272348
 0.12934093680154018 0.4409518858385482
 0.1316355824822924 0.4417481528821449
 0.13395684132171312 0.4425451520586948
 0.13630569899234565 0.4433304706453964
 0.1386811698216467 0.44409665218392513
 0.1410852251547028 0.44483993195182
 0.14351687931897072 0.4455577190409562
 0.14597613231445041 0.44622724045074413
 0.1484639698136852 0.44690768980781236
 0.15098137748921836 0.447537935338531
 0.15352736966850655 0.4481396111749243
 0.1561039176966364 0.44872031169824105
 0.15871003590106458 0.4492911831611552
 0.16134572428179114 0.4498592056006577
 0.16401196851135932 0.45041949038598094
 0.1667097542623124 0.45095555138826542
 0.1694390815346504 0.4514497642839048
 0.17219896465583006 0.4518888159200044
 0.17499236064348117 0.4522697862485957
 0.17781631247997387 0.4525985962412487
 0.18067476285548134 0.4528831775857326
 0.18356475475237371 0.4531325122875359
 0.18648924518828086 0.45335687899157384
 0.18944724849065947 0.45356301450242586
 0.19243975033205282 0.4537485898991544
 0.1954667507124609 0.4539057124145314
 0.19852824963188372 0.4540320775190072
 0.20162621843540787 0.45413300166678682
 0.20475868577794675 0.4542177463005175
 0.2079286086771302 0.4543014970595497
 0.2111340157878717 0.4544025956844964
 0.21437786412780104 0.45453641163152613
 0.2176581823518317 0.4547100201384304
 0.22097595613250692 0.45491965678289764
 0.22433315681491328 0.45515456042244673
 0.22772879872650753 0.4554082308074845
 0.2311628818672896 0.45568300986656673
 0.23463737758234612 0.45598381073925436
 0.23815130019913374 0.45630640282130474
 0.24170662106273907 0.45663859210907076
 0.24530235450061885 0.4569733424741027
 0.24893948618531624 0.45730154995972083
 0.25261801611683143 0.45760912611485204
 0.2563399156402508 0.45788974328509296
 0.26010321341048786 0.45814484012412104
 0.2639108664451725 0.4583827758120695
 0.26776287474430465 0.458618860432185
 0.27165825263534104 0.4588502870248579
 0.27559798579082495 0.45905497303483044
 0.279584045555843 0.45921944386604335
 0.2836154462578518 0.4593361468734957
 0.2876931735693947 0.4594011591280362
 0.29181722749047173 0.4594181381457626
 0.2959895793661693 0.45939932053726656
 0.30020924352394434 0.45937256079936317
 0.30447720563633995 0.4593618986335863
 0.3087934657033563 0.45937167566681075
 0.31315999507007974 0.45939248199620624
 0.31757679373651043 0.4594589332742084
 0.32204287603010506 0.45952984856321565
 0.32656119896849344 0.45959642224222346
 0.33113077687913233 0.45962191710624455
 0.33575259543456487 0.459570432128774
 0.3404276403073345 0.45943900878473925
 0.34515591149744123 0.459255750464104
 0.34993740900488495 0.459030642948764
 0.35477410417475224 0.4587472847579909
 0.3596669826795864 0.4584228448040151
 0.3646140731743009 0.45812670234289865
 0.36961833267652555 0.45792163398568475
 0.37467976118626034 0.45782587252981266
 0.37979835870350525 0.4578527448717229
 0.3849751109008036 0.45800486288275726
 0.3902110034506987 0.4582239321267136
 0.39550702202573373 0.4584230161279781
 0.40086218095336556 0.4585590366488301
 0.4062784515786806 0.4586360329802277
 0.4117568195742221 0.45867320947098844
 0.41729728493999024 0.4587073648349743
 0.4228998476759849 0.4587816193606056
 0.428567464799836 0.4588976846402635
 0.4342981649664568 0.4590272746005716
 0.44009391952093396 0.4591617560000915
 0.4459547284632676 0.459313784174235
 0.45188256313854413 0.45951425465639716
 0.45787742354676363 0.45978170339997753
 0.4639402953604693 0.46009123055221606
 0.47007216425220443 0.4603861869771209
 0.4762720445494259 0.460608978914897
 0.4825428932697633 0.4607155910597014
 0.4888837247406735 0.4607049452117783
 0.49529651030724303 0.46059846111903807
 0.5017812499694719 0.4603924416209797
 0.5083389293999034 0.46004114265943074
 0.5149705342710807 0.4595402966956572
 0.5216770502555472 0.4589618839918152
 0.5284584773533029 0.45832689950915717
 0.5353167869094343 0.45759929697455686
 0.5422519789239414 0.4568090571944318
 0.5492640533968242 0.4560084064477144
 0.5563559673457126 0.45520312138242297
 0.5635267350980633 0.4543569236692533
 0.5707783279989627 0.4534280478124735
 0.5781107460484111 0.4523389245655518
 0.5855249749189515 0.4511083819291902
 0.5930220002831272 0.4499282881401093
 0.6006028078134817 0.4488876579489547
 0.6082683831825582 0.44796101329195686
 0.6160197120628998 0.4470616726312913
 0.6238577801270501 0.4461361725183622
 0.6317825873750087 0.44514589650668073
 0.639795119479319 0.4441515152691159
 0.6478973477850678 0.4431716295663538
 0.6560902579647983 0.44222241751713803
 0.664372864345967 0.44130499365131453
 0.6727481239462039 0.44031145109755726
 0.6812170224380523 0.43911826130195946
 0.6897785741489688 0.43773082908467214
 0.6984357360965833 0.4362491474548113
 0.7071885082808959 0.4346667650416273
 0.7160378763744497 0.4329184199246686
 0.7249848260497881 0.4310316381353365
 0.7340303429794544 0.4290900174703451
 0.743176398508535 0.4269888616814134
 0.75242299263703 0.4247113160233498
 0.7617711110374829 0.4225032831946959
 0.7712227250549798 0.42037004818332174
 0.7807778346895209 0.41817269246496047
 0.7904374256136497 0.4159833595164824
 0.8002034691724524 0.41380371435159796
 0.8100769510384725 0.4114337049345478
 0.82005787121171 0.4087680383153567
 0.8301482010372515 0.4059118402114482
 0.84034892618764 0.40296526192400444
 0.850661032335419 0.39990767366807894
 0.8610864908256751 0.39681812943254096
 0.871624315985865 0.3936302398050183
 0.8822774648336182 0.3898407714692413
 0.8930469230414785 0.38514963678531194
 0.9039326906094457 0.37982881629342035
 0.9149377245551493 0.37412703288586196
 0.9260610392060467 0.36803414271153706
 0.937305591579767 0.36136298022446616
 0.9486723673488541 0.3540196382308712
 0.9601613665133076 0.34591998325168743
 0.9717745604182141 0.3367852191539177
 0.9835129347361171 0.32673975285179163
 0.9953814178297328 0.31642349852139184
 1.0073671959559986 0.30622074940251703
 1.0194909682383233 0.29606524401300665
 1.0317428779512745 0.2857097476038216
 1.0441327818202843 0.274587195337129
 1.0566409663944877 0.26244003692689643
 1.0692970018501828 0.24992344612933534
 1.0820811747365044 0.23758738335808451
 1.0950033417788846 0.22530411542556255
 1.108063502977324 0.21291402435047773
 1.1212616583318222 0.20116771654944051
 1.1345978078423797 0.1867978516440415
 1.1480818082344286 0.17300159341779061
 1.1617136595079695 0.159265385477862
 1.1754736482121366 0.14613840952290815
 1.189391344523228 0.13366086806952884
 1.2034568917158114 0.12167454770525556
 1.2176702897898865 0.11030232293020781
 1.2320216820200207 0.09982049597854895
 1.246540638582512 0.09026297465310236
 1.2611975893010625 0.08145888042792243
 1.2760221043519701 0.07325997845475885
 1.2909944702843698 0.0656306199992763
 1.3061245438236936 0.05870707172480139
 1.3214123249699423 0.05257842324768469
 1.3368578137231155 0.04708208850610259
 1.352470866808646 0.04207899831279297
 1.368241627501101 0.03753459563325014
 1.3841799525259135 0.03363668112489137
 1.400285841883083 0.030643574630915822
 1.4165494388471775 0.02833350611897974
 1.432990456869062 0.026433497982832208
 1.4495891824978708 0.02515657663873696
 1.4663751859099027 0.025497884293353586
 1.483318896928859 0.025833224313665744
 1.5004498857310382 0.027738335656396165
 1.5177484388655748 0.030244927255255064
 1.5352244130579015 0.03303523125599658
 1.552887665033451 0.03583019799615367
 1.5707184813413581 0.038380592919088983
 1.588736575432488 0.040566648615072434
 1.606941947306841 0.042186163327361546
 1.6253247402389838 0.043036801454844064
 1.6439046676797826 0.043122205747204864
 1.6626620161783711 0.04254260838129402
 1.6816164991856155 0.04140390516458784
 1.7007582599760828 0.03984098045891423
 1.720087298549773 0.038074618362258415
 1.7396233283575517 0.03641252537733179
 1.7593466359485534 0.03511643961233686
 1.7792670780482107 0.03425203547043332
 1.7993846546565235 0.03420303809980921
 1.819709222498925 0.03450388829734286
 1.8402309248499821 0.034819070962085744
 1.8609596184351275 0.03541680565472086
 1.881895303254362 0.03563269443106249
 1.9030379793076841 0.035432484305970485
 1.9243876465950953 0.03542418470434069
 1.9459443051165947 0.035443282109796664
 1.9677079548721827 0.035590378798057785
 1.989698309312725 0.03461520032464898
 2.011895654987355 0.03361045552055146
 2.0343098486215067 0.033431017617247614
 2.0569408902151802 0.03382938672962608
 2.079788779768374 0.034292158799998653
 2.1028633740065223 0.03585919114182685
 2.126164672929625 0.03756319085696043
 2.1496828198122486 0.03915791604989546
 2.173427671379826 0.04157181917088251
 2.1974090843577904 0.04528763316902859
 2.221607345295276 0.049698098642853155
 2.2460520243685815 0.053420332100668384
 2.270713551401408 0.05473542089438514
 2.295621496570054 0.053386801034962294
 2.3207561464236543 0.051190616738327525
 2.346127357687642 0.04968240640939083
 2.3717449870874482 0.04829117981584101
 2.3975991778976415 0.04614778932563621
 2.4236997868436547 0.04471084772377137
 2.4500369572000546 0.04462401555414927
 2.4766304024177072 0.04461227432726469
 2.503460409045746 0.04430615503923882
 2.5305466905350373 0.04260856522859391
 2.557879390160149 0.039909632187094874
 2.5854585079210794 0.03673121529899043
 2.6132939005432622 0.03318191926528707
 2.6413954247521314 0.029530045138532214
 2.669743367096819 0.026855295188210982
 2.698347584302759 0.024400085675810697
 2.727208076369952 0.019854225058898385
 2.75633470002383 0.015247108200553288
 2.785727455264393 0.013024096464690518
 2.8153764853662086 0.013138521957224052
 2.8453015037801416 0.013293775494062608
 2.875482797055328 0.01483025960899731
 2.9059400786426317 0.013855020471491805
 2.9366634918166205 9.822274897761303E-3
 2.9676530365772944 5.583195763187793E-3
 2.99892842637552 1.0384892171856581E-4
 3.0304699477604297 -6.881595589955197E-3
 3.0622874574574576 -0.012558709213727016
 3.0943809554666037 -0.017306176217882534
 3.1267504417878675 -0.022706054990833803
 3.1594057731466826 -0.028440248004996334
 3.192337092817615 -0.032410674321873153
 3.2255542575260984 -0.034928785177415724
 3.2590572672721327 -0.03687557257634937
 3.2928362653302847 -0.037318692726706174
 3.326910965151421 -0.038539304749882645
 3.361271510010107 -0.02634225054743339
 3.395917899906344 -0.014027507881099431
 3.430859991565565 -0.04653644865597675
 3.4660879282623362 -0.046908690482892194
 3.5016017099966587 -0.04729946812539338
 3.537421050219397 -0.0484123026519368
 3.573536092205119 -0.054262149975241875
 3.6099369792283915 -0.058887256918249274
 3.646643424740081 -0.06140243065459048
 3.683645572014754 -0.0639965991972506
 3.7209434210524094 -0.06435891391164202
 3.758546828578482 -0.06459671401170063
 3.796445937867538 -0.06357807864459553
 3.834650605645011 -0.061985598333029676
 3.8731509751854664 -0.05730309441091436
 3.911966759939771 -0.049682824710953664
 3.95107824645706 -0.040442317017783405
 3.990505148188198 -0.03125933790361701
 4.030237608407751 -0.01687221893202172
 4.070265770390289 -2.395650846426116E-3
 4.110609347586676 3.1062376114058885E-3
 4.1512683399969114 3.493041658480208E-3
 4.192232890895563 8.477532290456074E-3
 4.2335030002826314 0.016006740392860773
 4.275088524883549 0.020618227251835
 4.316989464698315 0.025516616064225377
 4.359195963001498 0.03442376094346613
 4.40171787651853 0.04571624935921875
 4.444555205249411 0.05437893847248718
 4.487698092468708 0.05760578780815479
 4.531166251627288 0.06098704311552694
 4.574939969274283 0.06417641976604016
 4.6190389588605604 0.06310431019224065
 4.663443506935255 0.05815147676157173
 4.708163470223797 0.055924503064255795
 4.753208705451621 0.05629504130289342
 4.798559499167863 0.054040535619768903
 4.844235564823386 0.04494425109722152
 4.8902270456927574 0.029383145706558023
 4.936533941775979 0.011501325415776255
 4.983156253073049 -0.012424292201315086
 5.0300939795839685 -0.04018219574049587
 5.077347121308737 -0.06418323464865248
 5.124925534972787 -0.0849327917338929
 5.172809507125254 -0.10429650289161194
 5.221018751217002 -0.12042864599074014
 5.269533553797167 -0.135263770551332
 5.318373628316614 -0.15693940862971017
 5.367519261324476 -0.17610157320086658
 5.4169901662716215 -0.20306581382274307
 5.466766629707183 -0.2241565079237629
 5.5168683650820264 -0.0665439807231342
 5.567275658945285 -0.1347953545452718
 5.617998368022394 -0.18164620886199486
 5.669026635587919 -0.22129818098601447
 5.720380175092726 -0.26640425322771155
 5.772029416360516 -0.2650428740277158
 5.824003929567588 -0.24481628277504341
 5.876274144537643 -0.23526566428057235
 5.928859774721549 -0.2321839123340695
 5.981760820119303 -0.2139955231476621
 6.03495756728004 -0.18692183182464275
 6.088459872929194 -0.1738143818334693
 6.1422677370667635 -0.17587519222812264
 6.19638115969275 -0.18394111527286355
 6.2508001408071525 -0.1928133756500703
 6.305514823684539 -0.20107756309236801
 6.360535065050341 -0.2085568746469555
 6.415841151453694 -0.21531508314128211
 6.471452796345464 -0.22143813734588196
 6.527360143000218 -0.22700151640898535
 6.583563191417954 -0.23206868568734465
 6.640052084873241 -0.23669315872357918
 6.696836680091512 -0.2409206662361472
 6.753907120347335 -0.24479066651379885
 6.811263405640706 -0.2483375106880293
 6.86890553597163 -0.2515913102736569
 6.926833511340104 -0.2545785878302007
 6.985047331746128 -0.25732277998900404
 7.043537140464271 -0.2598446762690843
 7.1022930807690984 -0.26216271438320443
 7.161334866111478 -0.2642932894352034
 7.220652639765974 -0.26625098522548396
 7.280236545007155 -0.2680488183354465
 7.340086581835021 -0.2696983198312263
 7.400202750249575 -0.27120979081755836
 7.460594906976245 -0.2725923927662173
 7.521233481838734 -0.27385425732906826
 7.582138188287908 -0.27500262239251455
 7.643299169598336 -0.27604390625832753
 7.704706569044583 -0.27698381046727754
 7.766370243352082 -0.27782733303402495
 7.828280335795401 -0.27857893229855534
 7.890446703099972 -0.2792425061091471
 7.9528397750894974 -0.27982146491666226
 8.015479265214843 -0.28031875898273245
 8.078355316750574 -0.28073698374255456
 8.141467929696692 -0.2810783110059359
 8.204807247327764 -0.2813446138340702
 8.268373269643792 -0.28153741878264193
 8.332165996644772 -0.28165797615613397
 8.396175571605275 -0.17340501725873283
 8.460401994525299 -0.22109712687957822
 8.524845265404842 -0.2503210134364668
 8.589505384243907 -0.2814332861050233
 8.654362637591628 -0.28120205394801256
 8.719436738898871 -0.28090061947434136
 8.784698117989336 -0.28052849819623454
 8.85016648831389 -0.2800849653465149
 8.915822136421667 -0.27956904018872186
 8.981665062312667 -0.2789795052794674
 9.04769526598689 -0.27831489041604334
 9.113902890718903 -0.27757344611512274
 9.18029779323414 -0.2767531446109763
 9.246860260081732 -0.2758517079022566
 9.313600147987115 -0.27486648197732777
 9.380497743499422 -0.27379453751371413
