 0.0959070255298194 0.9249253946805909
 0.10782766738891938 0.9998499096698038
 0.11988861293144155 1.062261278989469
 0.13209108692280857 1.1143469398839507
 0.14443658629853711 1.157637863397511
 0.15692783275956648 1.1932549979676316
 0.16956605107131933 1.2220529770703252
 0.18235260208426537 1.2447090751106575
 0.19528884664887427 1.2617800281611282
 0.20837886731655497 1.2737396869318542
 0.22162130323683787 1.281004123394613
 0.23501887611066224 1.2839492487663515
 0.24857430763896742 1.2829234759810226
 0.2622889586722231 1.2782579492824608
 0.2761655509113686 1.2702761946326626
 0.2902040843564039 1.2593041809715304
 0.3044072807082683 1.2456809594576776
 0.3187778616679011 1.2297695099102401
 0.33331718808577204 1.211965833727253
 0.3480266208123508 1.192705788976381
 0.36290888154857664 1.1724672689916535
 0.3779666919953889 1.1517679157082176
 0.3932000521527876 1.1311572624307006
 0.40861304457218167 1.1112041581442808
 0.4242056692535712 1.0924796972267774
 0.4399833695988348 1.075536284389659
 0.4559447847575027 1.0608832059282906
 0.4720926364305144 1.0489589412386883
 0.48843100716927884 1.0401023812124152
 0.5049612578242656 1.0345269508920333
 0.5216847492459443 1.0323048798356078
 0.5386055639857241 1.0347146141698297
 0.5557237020436051 1.0375334072376407
 0.5730418851205262 1.0445263092867176
 0.5905641957678968 1.0540242396688057
 0.6082919948361862 1.0656820957347756
 0.6262266431758644 1.079156725514093
 0.6443722233383402 1.0941241225794391
 0.6627300961740833 1.1102871691738191
 0.681302983384033 1.1273755510017602
 0.7000936066691287 1.1451420592676926
 0.7191046877303097 1.1630799647534293
 0.7383375874180456 1.1818164345412187
 0.7577963882837454 1.2003013832326694
 0.7774824511778787 1.218589007644031
 0.7973998586518547 1.2364241290411233
 0.817549971556143 1.2535071727079787
 0.8379355115916828 1.2694726663410575
 0.8585592004594135 1.2838643476603477
 0.879425120710744 1.2961200987935301
 0.9005359940466138 1.3055681188553647
 0.9218931813174923 1.3114213461953592
 0.9434994042243191 1.3127685503498902
 0.9653587453185031 1.3085732484907894
 0.9874739263009835 1.2976865339124132
 1.0098476688726996 1.2788858938086711
 1.032482694734591 1.250961921099266
 1.0553830864380666 1.2128623199572157
 1.078550204833596 1.1638816960558535
 1.1019881324725881 1.103874063885834
 1.1257009519064518 1.0334385505023293
 1.1496900239856573 0.9540027550136506
 1.1739594312616128 0.8631655842406545
 1.1985118954352584 0.7713571052445087
 1.2233514990580025 0.6863340503836007
 1.2484809638307847 0.597227018978871
 1.273904372305014 0.5128210844485621
 1.29962308533116 0.4351083277965396
 1.3256425463111012 0.3653472371187529
 1.3519668377962468 0.3040894786672237
 1.3785959597865968 0.25129783475071576
 1.4055407990859083 0.2065067345856835
 1.4327986339932423 0.16898356755000015
 1.4603694645085985 0.13786551144983127
 1.4882668991366736 0.1122613262707075
 1.5164773293727711 0.09131855225607838
 1.545027972226284 0.07426204610011283
 1.5739052191925162 0.060411419786758784
 1.6031226787761636 0.04918449378866516
 1.6326803509772265 0.04009235919585766
 1.6625918443004017 0.03273008352818961
 1.6928435502409926 0.02676572031195
 1.7234354687989987 0.021929194314429217
 1.7543948169838137 0.01800196958711866
