 0.0E+0 0.45734921595658023
 0.01079278636918206 0.4627292001010934
 0.02171253265764565 0.46817210503153566
 0.032760723705808153 0.4736786579379837
 0.043938861514731114 0.4792495942129765
 0.05524846543968658 0.4848856575295481
 0.06669107238556495 0.4905875999377994
 0.07826823700456169 0.496356181946787
 0.08998153189579666 0.5021921726234242
 0.10183254780726722 0.5080963496735861
 0.11382289383971535 0.5140694995410164
 0.12595419765282883 0.5201124174946126
 0.13822810567350227 0.526225907725787
 0.15064628330639565 0.5324107834419302
 0.16321041514669848 0.5386678669568249
 0.17592220519502763 0.5449979897933757
 0.1887833770747494 0.5514019927747944
 0.20179567425145347 0.5578807261250147
 0.21496086025479643 0.5644350495660571
 0.2282807189026431 0.5710658324184514
 0.24175705452757745 0.5777739536970349
 0.25539169220567464 0.5845603022214453
 0.2691864779878799 0.5914257767064953
 0.28314327913352083 0.5983712858726612
 0.2972639843464265 0.6053977485480541
 0.31155050401345324 0.6125060937688868
 0.32600477044538123 0.6196972608945214
 0.340628738120526 0.626972199702578
 0.3554243839305945 0.6343318705032185
 0.3703937074292377 0.6417772442434581
 0.3855387310830656 0.6493093026222891
 0.40086150052537783 0.6569290381918877
 0.4163640848122839 0.6646374544734969
 0.432048576681557 0.6724355660733007
 0.447917092814223 0.68032439878211
 0.46397177409850143 0.6883049897043683
 0.48021478589679122 0.6963783873616862
 0.4966483183150992 0.7045456518117988
 0.5132745864752764 0.7128078547668033
 0.530095830790044 0.7211660797066938
 0.5471143172406993 0.7296214219983693
 0.564332337657629 0.7381749890176573
 0.5817522100037035 0.7468279002652699
 0.5993762786604061 0.7555812874903429
 0.6172069147168785 0.7644362948102213
 0.6352465162617931 0.7733940788325376
 0.6534975086781054 0.7824558087849933
 0.6719623449408699 0.791622666628114
 0.6906435059177166 0.8008958471943992
 0.7095435006726105 0.8102765583025979
 0.7286648667723095 0.8197660208913717
 0.7480101705959744 0.829365469147585
 0.7675820076478087 0.8390761506313901
 0.787383002872648 0.8488993264068635
 0.8074158109746338 0.8588362711794955
 0.8276831167391312 0.8688882734167124
 0.8481876353574912 0.8790566354884773
 0.8689321127551299 0.8893426737970815
 0.8899193259226722 0.8997477189155032
 0.911152083250359 0.9102731157139685
 0.9326332248654422 0.9209202235061328
 0.9543656229730291 0.931690416179518
 0.9763521822000039 0.9425850823338813
 0.9985958399422166 0.9536056254210057
 1.0210995667149684 0.9647534638838042
 1.0438663665067817 0.97603003129689
 1.0668992771364864 0.9874367765048712
 1.0902013706135693 0.9989751637669169
 1.1137757535019368 1.010646672898688
 1.1376255672870241 1.0224527994148235
 1.1617539887462706 1.0343950546745672
 1.1861642303230286 1.046474966023528
 1.210859540503819 1.0586940769432828
 1.2358432041991165 1.0710539471944295
 1.2611185431275124 1.083556152966459
 1.2866889162034116 1.0962022870221961
 1.3125577199281404 1.1089939588492152
 1.3387283887846261 1.1219327948075321
 1.3652043956355632 1.1350204382807482
 1.3919892521251444 1.1482585498247332
 1.419086509084303 1.1616488073180293
 1.446499756939502 1.1751929061195167
 1.4742326261252454 1.1888925592106356
 1.5022887874999457 1.2027494973583028
 1.5306719527656356 1.2167654692625557
 1.559385874891163 1.2309422417125777
 1.5884343485390706 1.2452815997389012
 1.617821210496064 1.2597853467717365
 1.6475503401072191 1.274455304795605
 1.677625659713836 1.289293314502935
 1.7080511350949196 1.3043012354533674
 1.7388307759124188 1.3194809462289232
 1.7699686361601272 1.334834344589297
 1.8014688146162485 1.3503633476357657
 1.8333354552998306 1.3660698919609233
 1.8655727479307326 1.3819559338133282
 1.8981849283934772 1.3980234492496281
 1.9311762792046935 1.4142744343015498
 1.9645511299845002 1.4307109051241113
 1.9983138579313861 1.4473348981649232
 2.032468888301087 1.4641484703139318
 2.0670206948889946 1.4811536990720286
 2.101973800516546 1.4983526827007647
 2.1373327775211454 1.5157475403885296
 2.1731022482500064 1.5333404124066474
 2.209286885557682 1.5511334602691224
 2.245891413307357 1.5691288668905878
 2.2829206068758765 1.5873288367488713
 2.3203792936626035 1.6057355960368913
 2.358272353601866 1.6243513928290946
 2.396604719679328 1.643178497232452
 2.435381378451926 1.6622192015500745
 2.4746073705716664 1.6814758204341908
 2.5142877913130332 1.7009506910445213
 2.5544277911041315 1.7206461732068356
 2.5950325760615742 1.7405646495671676
 2.636107408529008 1.7607085257433896
 2.677657607619215 1.781080230489171
 2.7196885497600846 1.8016822158388294
 2.7622056692440044 1.8225169572638468
 2.805214458780943 1.843586953826945
 2.8487204700551687 1.8648947283315377
 2.8927293142854977 1.8864428274730264
 2.937246662789108 1.9082338219854111
 2.9822782475488196 1.9302703067962658
 3.0278298617840246 1.9525549011637286
 3.073907360524856 1.9750902488336761
 3.120516661190062 1.9978790181763934
 3.1676637441681076 2.0209239023309453
 3.215354653401682 2.0442276193490673
 3.2635954969756015 2.0677929123355767
 3.312392447708027 2.091622549582139
 3.361751743744837 2.1157193247093792
 3.411679689157356 2.1400860567975286
 3.4621826545431626 2.1647255905230142
 3.513267077630125 2.1896407962877026
 3.564939463883483 2.214834570345348
 3.617206387115917 2.240309834931556
 3.6700744901006814 2.266069538388191
 3.7235504851876757 2.2921166552822134
 3.777641154922318 2.318454186528511
 3.83235335266732 2.345085159503812
 3.8876940032271467 2.3720126281620514
 3.943670103475202 2.399239673145169
 4.000288722983627 2.426769401895228
 4.057557004655743 2.454604948749811
 4.11548216536075 2.4827494750568
 4.174071496571129 2.511206169262989
 4.233332365002136 2.539978247012957
 4.293272213253637 2.569068951242664
 4.353898560454138 2.5984815522644
 4.415219002906833 2.628219347853216
 4.477241214737679 2.6582856633234723
 4.539972948545294 2.6886838516133857
 4.603422036052833 2.7194172933436546
 4.667596388761254 2.7504893968972443
 4.732503998604474 2.7819035984782494
 4.798152938605904 2.813663362164632
 4.864551363536232 2.845772179970845
 4.931707510572686 2.8782335718894054
 4.999629699959272 2.911051085938233
 5.068326335668144 2.94422829819202
 5.137805906061686 2.9777688128258072
 5.208076984555659 3.0116762621287502
 5.279148230282641 3.045954306535007
 5.351028388756212 3.0806066346322653
 5.423726292535339 3.115636963174023
 5.497250861889049 3.1510490370791117
 5.571611105461087 3.1868466294288122
 5.646816120934511 3.2230335414552127
 5.722875095696013 3.259613602520481
 5.799797307499746 3.296590670098016
 5.877592125130711 3.333968629730195
 5.95626900906714 3.371751394995282
 6.035837512142108 3.409942907456006
 6.116307280203926 3.448547136604345
 6.197688052775227 3.4875680797956212
 6.279989663710505 3.5270097621736336
 6.36322204185188 3.5668762365966317
 6.447395211683124 3.60717158353348
 6.5325192939812275 3.6478999109767045
 6.61860450646592 3.689065354326094
 6.705661164446443 3.730672076267494
 6.793699681465461 3.7727242666505245
 6.882730569940088 3.8152261423440094
 6.9727644417995 3.8581819470866807
 7.063812009119031 3.9015959513309654
 7.155884084750573 3.9454724520639596
 7.24899158294876 3.9898157726336074
 7.343145519993041 4.034630262545187
 7.438357014804965 4.079920297262524
 7.534637289560754 4.125690277989428
 7.631997670298738 4.171944631429447
 7.73044958752111 4.218687809559674
 7.830004576790345 4.265924289355158
 7.930674279319114 4.3136585725368634
 8.032470442554258 4.361895185275399
 8.135404920753759 4.410638677900955
 8.239489675556872 4.4598936245905544
 8.34473677654688 4.509664623042492
 8.451158401806156 4.559956294133336
 8.558766838463148 4.61077328156368
 8.667574483230979 4.662120251488492
 8.777593842937346 4.714001892126732
 8.888837535045203 4.766422913359775
 9.001318288163954 4.819388046310893
 9.115048942550736 4.872902042905263
 9.230042450601312 4.926969675423568
 9.346311877330434 4.981595736019183
 9.463870400840808 5.036785036240003
 9.582731312780783 5.09254240650882
 9.70290801878976 5.1488726956042585
 9.824414038931373 5.205780770113616
 9.947263008113746 5.263271513862344
 10.071468676496286 5.3213498273347985
 10.197044909882813 5.380020627064664
 10.324005690100295 5.439288845010809
 10.452365115362872 5.499159427906016
 10.582137400620486 5.559637336594663
 10.7133368778919 5.620727545335674
 10.845977996581265 5.6824350410949895
 10.980075323777985 5.744764822803061
 11.115643544539058 5.807721900604581
 11.252697462153725 5.871311295070282
 11.3912519983895 5.935538036393773
 11.531322193719262 6.000407163560998
 11.672923207528743 6.065923723492575
 11.816070318303773 6.132092770169481
 11.960778923796884 6.198919363720727
 12.107064541172416 6.26640856949663
 12.254942807129714 6.334565457108382
 12.404429478003687 6.403395099444509
 12.555540429842146 6.472902571655385
 12.708291658459183 6.543092950120939
 12.86269927946418 6.613971311371076
 13.018779528265359 6.685542731001926
 13.176548760047735 6.757812282540245
 13.33602344972429 6.830785036292994
 13.497220191859986 6.904466058162525
 13.660155700567826 6.978860408429264
 13.824846809376178 7.053973140511267
 13.991310471066841 7.129809299677121
 14.159563757482726 7.206373921749484
 14.329623859304942 7.283672031756039
 14.501508085798056 7.361708642558608
 14.675233864522994 7.440488753451612
 14.850818741016864 7.520017348716914
 15.028280378438694 7.600299396153373
 15.207636557180443 7.68133984557495
 15.38890517444259 7.7631436272610354
 15.572104243773147 7.845715650386446
 15.757251894569618 7.929060801411494
 15.944366371542975 8.013183942426913
 16.133466034142557 8.098089909482225
 16.32456935594156 8.183783510855998
 16.517694923981647 8.270269525307864
 16.712861438076377 8.357552700278683
 16.910087710072112 8.445637750068444
 17.109392663065936 8.534529353956717
 17.31079533057923 8.62423215430606
 17.51431485568648 8.714750754612439
 17.71997049009808 8.806089717519555
 17.927781593196293 8.8982535628043
 18.137767631023628 8.991246765299838
 18.34994817522225 9.085073752811674
 18.564342901924195 9.179738903961837
 18.780971590590702 9.27524654601003
 18.999854122800147 9.37160095264067
 19.22101048098373 9.468806341685124
 19.444460747107427 9.566866872828088
 19.67022510129983 9.665786645261948
 19.898323820424582 9.76556969529697
 20.128777276596473 9.866219993937706
 20.361605935640312 9.96774144441157
 20.596830355491487 10.070137879662967
 20.83447118453738 10.173413059796706
 21.07454915989846 10.277570669485398
 21.31708510564819 10.382614315338751
 21.562099930970862 10.488547523221659
 21.809614628256124 10.59537373553755
 22.059650271129417 10.703096308467078
 22.312228012417232 10.811718509164406
 22.567369082046223 10.921243512920352
 22.82509478487536 11.031674400266958
 23.085426498459757 11.143014154059962
 23.348385670745642 11.255265656504466
 23.613993817695163 11.368431686150014
 23.88227252084026 11.482514914840875
 24.15324342476456 11.597517904623563
 24.426928234512324 11.713443104619982
 24.70334871292358 11.830292847853313
 24.98252667789437 11.948069348044163
 25.264483999561356 12.06677469635692
 25.54924259740969 12.186410858113621
 25.83682443730332 12.306979669472126
 26.12725152843687 12.428482834059476
 26.420545920208134 12.550921919572604
 26.71672969901031 12.674298354345098
 27.01582498494321 12.798613423869813
 27.317853928442453 12.92386826729602
 27.622838706825938 13.05006387388589
 27.93080152075673 13.177201079442511
 28.241764590621663 13.305280562696593
 28.555750152824632 13.434302841672531
 28.872780455994178 13.564268270013015
 29.192877757104284 13.695177033286672
 29.516064317508106 13.827029145247852
 29.84236239888337 13.95982444409257
 30.17179425908947 14.093562588661468
 30.504382147934915 14.22824305464439
 30.840148302855261 14.363865130738837
 31.17911494450033 14.500427914797891
 31.521304272230576 14.637930309950569
 31.866738459521872 14.776371020709892
 32.215439649278444 14.915748549052594
 32.56742994905332 15.056061190489409
 32.92273142617603 15.19730703011597
 33.28136610278709 15.339483938651888
 33.64335595077906 15.482589568470685
 34.00872288664387 15.62662134961054
 34.377488766226043 15.771576485790774
 34.74967537938188 15.917451950406758
 35.125304444544134 16.064244482534387
 35.50439760319244 16.21195058291939
 35.886976414229025 16.360566509982923
 36.27306234826025 16.51008827581088
 36.66267678178336 16.66051164216269
 37.05584099127925 16.811832116474047
 37.45257614721069 16.964044947886247
 37.85290330792702 17.117145123267764
 38.25684341347485 17.271127363260553
 38.66441727931548 17.4259861183471
 39.07564558994957 17.581715564924888
 39.49054889244911 17.73830960141698
 39.90914758989758 17.89576184439034
 40.33146193473862 18.054065624727886
 40.75751202203423 18.213213983804102
 41.187317782632845 18.373199669709602
 41.6208989762482 18.534015133516035
 42.05827518445015 18.695652525566924
 42.49946580356791 18.85810369183125
 42.944490037507215 19.021360170283582
 43.393366890482134 19.185413187347641
 43.84611515966292 19.350253654398372
 44.30275342774128 19.515872164298023
 44.763300055413935 19.68225898802371
 45.227773173786616 19.849404071328653
 45.696190676699224 20.017297031503566
 46.16857021297461 20.18592715417135
 46.64492917859165 20.355283390206324
 47.125284708785706 20.525354352674884
 47.60965367007679 20.69612831391575
 48.09805265222893 20.867593202667254
 48.59049796014166 21.039736601299306
 49.08700560567623 21.21254574315423
 49.58759129941907 21.38600750995732
 50.09227044238409 21.560108429363847
 50.601058117657196 21.734834672582504
 51.1139690819846 21.91017205214165
 51.631017757308534 22.086106019735595
 52.15221822225203 22.262621664236682
 52.677584203556875 22.4397037097762
 53.207129067476245 22.617336514017374
 53.74086581112656 22.79550406649556
 54.27880705380022 22.974189987157263
 54.820965028243826 23.1533775249894
 55.36735157190405 23.333049556842222
 55.91797811814578 23.513188586347038
 56.472855687444663 23.693776743050605
 57.03199487855922 23.874795781662552
 57.595405859685286 24.056227081480432
 58.16309835959677 24.23805164599442
 58.73508165877718 24.42025010264015
 59.311364580545244 24.602802702757745
 59.89195548217961 24.78568932169716
 60.476862246046 24.968889459144346
 61.066092270732106 25.152382239600484
 61.65965246219374 25.33614641309327
 62.25754922491782 25.520160356036416
 62.85978845310558 25.70440207234942
 63.46637552188229 25.888849194717852
 64.07731527853662 26.073478986130226
 64.69261203379634 26.258268341555066
 65.31226955314358 26.4431937899093
 65.93629104817653 26.62823149617454
 66.56467916802109 26.813357263792475
 67.19743599079902 26.99854653726775
 67.83456301515763 27.18377440497406
 68.47606115186544 27.369015602252233
 69.12193071548126 27.55424451467731
 69.77217141610018 27.739435181626536
 70.42678235118373 27.924561300032706
 71.08576199747877 28.109596228439045
 71.74910820303194 28.294512991243927
 72.41681817930427 28.479284283250976
 73.08888849339336 28.663882474409966
 73.7653150603671 28.84827961488294
 74.44609313571735 29.032447440286404
 75.13121730793691 29.216357377267076
 75.82068149122843 29.399980549267784
 76.51447891834914 29.583287782622445
 77.21260213359959 29.7662496128303
 77.91504298596027 29.94883629117267
 78.62179262238452 30.131017791543573
 79.33284148125264 30.312763817539593
 80.04817928599316 30.49404380985837
 80.76779503887886 30.674826953894903
 81.491677015002 30.855082187667605
 82.21981275643654 31.03477820993956
 82.95218906659211 31.21388348867022
 83.68879200476734 31.392366269657816
 84.4296068809072 31.570194585500662
 85.17461825057174 31.747336264769046
 85.92380991012138 31.92375894147423
 86.67716489212556 32.09943006474101
 87.4346654609997 32.27431690879528
 88.19629310887781 32.44838658312382
 88.96202855172491 32.621606042958696
 89.73185172569686 32.79394209993957
 90.5057417837517 32.96536143303672
 91.28367709251894 33.135830599741524
 92.06563522943279 33.30531604742029
 92.85159298013335 33.473784124967735
 93.64152633614285 33.64120109461018
 94.43541049282038 33.80753314400077
 95.23321984760209 33.97274639845362
 96.03492799853007 34.136806933434
 96.84050774307596 34.29968078724064
 97.64993107726393 34.46133397384423
 98.46316919509651 34.62173249597817
 99.28019248828946 34.78084235834071
 100.10097054631811 34.93862958103722
 100.92547215678096 35.09506021311586
 101.75366530608265 35.25010034635429
 102.58551718044238 35.4037161290873
 103.42099416722851 35.55587378028803
 104.26006185662558 35.70653960368818
 105.10268504363447 35.85568000210505
 105.94882773041063 36.003261491806995
 106.79845312894146 36.14925071706772
 107.65152366406697 36.29361446473792
 108.50800097684443 36.436319678986485
 109.36784592826086 36.57733347604181
 110.23101860329335 36.71662315906171
 111.09747831532034 36.854156233044363
 111.96718361088485 36.98990041975395
 112.84009227480966 37.12382367275257
 113.71616133566762 37.255894192374555
 114.59534707160495 37.38608044080385
 115.47760501652064 37.51435115706175
 116.36288996659931 37.6406753720939
 117.25115598720032 37.76502242372156
 118.14235642009949 37.8873619716754
 119.03644389108574 38.00766401248921
 119.9333703179092 38.12589889442419
 120.8330869185814 38.24203733224357
 121.73554422002428 38.35605042200376
 122.64069206706807 38.46790965565094
 123.54847963179378 38.57758693561892
 124.4588554232201 38.685054589219525
 125.37176729732995 38.790285382979256
 126.28716246743527 38.893252536802435
 127.20498751487605 38.993929737965274
 128.12518840004977 39.092291155016575
 129.04771047376863 39.18831145140237
 129.97249848893844 39.28196579900809
 130.8994966125571 39.37322989140934
 131.82864843802568 39.46207995699852
 132.75989699776934 39.54849277179322
 133.69318477616062 39.632445672117896
 134.62845372274168 39.71391656692566
 135.56564526573765 39.79288394998187
 136.50470032585735 39.86932691165009
 137.44555933037213 39.943225150539745
 138.38816222746956 40.01455898472166
 139.33244850087194 40.08330936276944
 140.27835718471513 40.149457874389185
 141.22582687867847 40.21298676079246
 142.17479576335932 40.27387892472357
 143.12520161588432 40.332117940106513
 144.07698182574816 40.387688061428164
 145.0300734108741 40.44057423263619
 145.98441303388403 40.49076209581924
 146.93993701857377 40.538237999373734
 147.89658136658076 40.582989005874786
 148.85428177423787 40.62500289953876
 149.81297364960286 40.664268193223485
 150.77259212965344 40.7007741351494
 151.73307209764075 40.73451071505854
 152.69434820058816 40.76546867008543
 153.65635486692863 40.79363949010429
 154.6190263242684 40.81901542272919
 155.5822966172685 40.841589477790556
 156.54609962563196 40.86135543148
 157.5103690821889 40.87830782993047
 158.47503859106586 40.89244199245581
 159.440041645932 40.903754014276856
 160.40531164830932 40.91224076881474
 161.3707819259369 40.91789990951936
 162.3363857511787 40.92072987127664
 163.30205635946424 20.46036493563768
