 8.788266146246508E-4 0.25065336504636875
 2.6468117843736174E-3 0.2932681930678209
 4.435598239736023E-3 0.3265746654367111
 6.245438627905555E-3 0.3555238279867167
 8.076532407193016E-3 0.38034520980891034
 9.929189846081878E-3 0.40118224718176787
 0.011803632564917482 0.4183501228024567
 0.013700104346079697 0.43224306916098254
 0.015618871133982935 0.44325762135377794
 0.017560198873041596 0.45176292012717966
 0.019524375669704618 0.4580971230016831
 0.021511600982282812 0.4625709854464421
 0.023522118593156046 0.46547047473325053
 0.025556371743014994 0.46705646349167134
 0.027614559890170465 0.4675640104598095
 0.029696904654967794 0.4672022055627968
 0.03180362765775232 0.4661561298782632
 0.033935393759560054 0.4645887340795355
 0.036091981340045674 0.4626427484512408
 0.038273833639899834 0.46044101313798196
 0.04048139389981322 0.4580868009208076
 0.042714883740131173 0.45566468699413387
 0.04497474640154437 0.45324180392016405
 0.04726098188405281 0.4508697944621607
 0.04957403342834716 0.4485872606410948
 0.0519143442751181 0.4464215016378596
 0.05428213604471098 0.4443897502347099
 0.05667763035747113 0.4425016334498662
 0.05910127045408922 0.440762504517872
 0.06155349957525594 0.4391757913512328
 0.06403431772097128 0.43774302681614613
 0.06654438975227125 0.43646263978035126
 0.06908371566915586 0.4353304597282715
 0.07165318195300646 0.4343413590503858
 0.07425256698347771 0.4334903800045857
 0.07688231400126029 0.4327726565445232
 0.07954308786739021 0.43218325831346843
 0.08223511020221282 0.43171739920693996
 0.08495860262607344 0.4313699317667751
 0.08771423000000808 0.43113379042475746
 0.09050199232401678 0.43099920681410353
 0.09332233283879017 0.4309557009017338
 0.0961759164053643 0.43099360186175406
 0.09906296464408447 0.43110216780569143
 0.10198369917529605 0.43126690457512645
 0.10493878486003504 0.43147213164457115
 0.1079284433186468 0.4317048795031087
 0.11095311779182196 0.43195611453539645
 0.11401325152025124 0.4322218787056417
 0.11710928774462531 0.43243816132495827
 0.1202414480852895 0.43280393992533766
 0.12341039740327982 0.43312464019066215
 0.12661635731894158 0.4334660630237592
 0.12985999269331086 0.4338282507628422
 0.13314152514673296 0.4342098970804431
 0.13646139791989858 0.43460802520769015
 0.13982005425349836 0.43501901480384386
 0.14321815900856832 0.4354389184549429
 0.14665615542579918 0.4358634317436439
 0.1501342651255362 0.436289294777759
 0.15365293134847013 0.43671508930869906
 0.15721281895563696 0.43713818382708125
 0.16081437118772737 0.4375539164258012
 0.16445803128543201 0.4379570067906223
 0.1681442424894416 0.43834134610613156
 0.17187366966079212 0.4387028600608674
 0.17564653441982891 0.43904264717837654
 0.179463501627588 0.4393638215256688
 0.1833252361451054 0.43966686003588445
 0.18723195959272645 0.4399472932387438
 0.19118433683148713 0.44019827971730263
 0.1951828111020782 0.4404149699731073
 0.19922804726553558 0.4405971527996007
 0.20332048856255 0.44074856471731627
 0.2074607998541575 0.4408720519145089
 0.21164920276070334 0.44096784422967943
 0.2158865837635689 0.4410372394578481
 0.2201736077237902 0.4410820979493774
 0.22451027464136727 0.4410994820132753
 0.2288983574790628 0.441082210760236
 0.2333374129961861 0.4410239947778778
 0.23782744119273716 0.44092586789879456
 0.2423706582721694 0.4407945287943087
 0.24696484803102941 0.44063320425316543
 0.251614442876224 0.4404385975506135
 0.2563172266042997 0.4402046607194787
 0.26107541541870993 0.43992408796627324
 0.2658890093194547 0.43958903638972335
 0.27076022450998743 0.439194588273997
 0.2756868447868547 0.43874248323087433
 0.2806688701500564 0.4382422387776874
 0.2857107330064995 0.43770628459161114
 0.2908124333561839 0.4371481007725218
 0.2959717549956562 0.43657840681695986
 0.30119091412836984 0.43600233767366275
 0.30647212695777814 0.43542139262307744
 0.31181317728042773 0.43482987057260186
 0.3172184975032254 0.434219152763407
 0.32268587142271776 0.43358201666871892
 0.3282152990389048 0.43288669142324925
 0.3338089965552399 0.4321932768867063
 0.33946918017517646 0.4314234588638417
 0.34519363369526107 0.43060205753096075
 0.3509867895224005 0.429734689558358
 0.3568464314531414 0.4288234642110266
 0.36277255948748377 0.4278707255248988
 0.3687673898288809 0.4268865455390262
 0.37483313868078627 0.42588507291261534
 0.38096980604319985 0.42487609454731872
 0.3871751757126683 0.4238637268057488
 0.3934558962995517 0.42284930989713914
 0.3998053191934899 0.421825541956467
 0.4062323092082964 0.42077707922611795
 0.41273021773361123 0.41969513021070226
 0.41930569337979434 0.4185798786385039
 0.4259565199433925 0.4174305671492368
 0.432684913627859 0.41624490443595613
 0.43949087443319373 0.41502071797157746
 0.44637440235939696 0.4137592546612574
 0.4533399298133753 0.41246628894549786
 0.46038302438822192 0.41115127497515135
 0.46751033469429703 0.4098202213822073
 0.47471742832469393 0.40846565786324873
 0.48201095388977266 0.4070576302599135
 0.4893864789826266 0.40556458700702685
 0.49684621980670895 0.4039881142391504
 0.5043946087689266 0.4023450799977641
 0.5120294296658262 0.4006482472498275
 0.5197506824974075 0.39891088649347994
 0.5275627996705776 0.3971442178066102
 0.535463564981883 0.39535545926833814
 0.5434574108382303 0.39355180019236435
 0.5515421210361663 0.39172285687237407
 0.5597199117791443 0.3898394456363226
 0.5679907830671643 0.38785206707758285
 0.5763591673071332 0.3857171279732661
 0.5848206320921441 0.38342461814972272
 0.5933818260325571 0.3810164436075572
 0.6020427491283723 0.37854319676802122
 0.6108011851761364 0.37601574111425623
 0.6196593503793024 0.3734188506569151
 0.6286216771447776 0.37074573633909235
 0.6376859492691082 0.3680032585691912
 0.6468543829557478 0.36518921321773484
 0.6561269782046963 0.36226196588379405
 0.6655081674228606 0.3591683965751723
 0.6749957344067871 0.3558602728009389
 0.6845918953599293 0.3523157821632683
 0.6942966502822873 0.3485588854814951
 0.7041144315807676 0.3447600178837937
 0.7140452392553704 0.3404091449834488
 0.7240868571026423 0.3359597341306798
 0.7342459337329436 0.3311956591167826
 0.7445202529428206 0.3260663522536903
 0.7549120309357267 0.3205782681694783
 0.7654234839151156 0.314758734804389
 0.776054611880987 0.30860335547201944
 0.7868054148333411 0.30210753415486513
 0.7976803251790844 0.29530217533307023
 0.8086815591216706 0.28819778303559623
 0.8198046842541927 0.2807741117426608
 0.831056349187011 0.2730179108388809
 0.8424365539201254 0.2649413305013741
 0.853945298453536 0.2565618491349735
 0.8655847989906958 0.2478393933722938
 0.8773572717350588 0.23871925938743643
 0.889264932890078 0.2291862909071113
 0.9013055662523002 0.21930275710825944
 0.913483604228632 0.20916235852868506
 0.9258012630225267 0.19884063396855433
 0.9382585426339846 0.18844304271746536
 0.9508554430630054 0.17810788772303984
 0.9635986129199496 0.16792945508797374
 0.97648361979791 0.15795845221312743
 0.9895148961037936 0.14821633560180563
 1.0026924418376004 0.13863817172002146
 1.0160206894062373 0.12917339504553995
 1.0294996388097041 0.11987043336676718
 1.0431315062514543 0.11082326085135079
 1.056918507934941 0.10215227819926251
 1.0708584276567112 0.09392186764283421
 1.0849579140271246 0.08605106937727358
 1.0992147508427283 0.0784305652230402
 1.1136333705104288 0.07098439987729878
 1.1282137730302264 0.06378854485567509
 1.142958174605574 0.05710496172541125
 1.1578687914399252 0.05120564932985864
 1.1729478397367334 0.04617490126883761
 1.1881953194959986 0.04188129416440055
 1.2036156631246277 0.03808972815488878
 1.2192088706226205 0.03465571636355242
 1.234974941989977 0.031592770277398894
 1.2509205258370574 0.028947565731215232
 1.2670434059604085 0.0267117050507562
 1.2833480147669367 0.024809058246032873
 1.2998343522566422 0.023147292928438482
 1.3165046346329785 0.021706979046725544
 1.3333610780993987 0.020501992935886954
 1.3504058988593565 0.019467155171169862
 1.367641313116305 0.018443433243769395
 1.3850695370736978 0.017400338669674126
 1.4026927869349881 0.01636217612219918
 1.420511062700176 0.015401329037788722
 1.4385265805727145 0.014495033249355358
 1.4567437729595111 0.013615617059666966
 1.4751648560640191 0.012779294575852522
 1.4937876136827845 0.012030494562642347
 1.5126186944261676 0.011411799002977502
 1.5316603144976221 0.010929068516416673
 1.5509102576936946 0.010559868295330656
 1.5703751726247447 0.010274661103083685
 1.5900550592907733 0.010032321746871726
 1.6099521338952331 9.768098353061196E-3
 1.6300686126415777 9.423551462787165E-3
 1.6504067117332603 8.990367763487475E-3
 1.6709708635771882 8.497596614934788E-3
 1.6917610681733605 7.961411902775979E-3
 1.7127795417252316 7.372966155026846E-3
 1.7340307166397075 6.730708243065168E-3
 1.7555145929167883 6.0535761681883154E-3
 1.7772333867599281 5.37328865698529E-3
 1.7991915305760326 4.739291310270737E-3
 1.821391240568556 4.213124128480027E-3
 1.8438325167374978 3.850573124821792E-3
 1.866519791489765 3.6543090558338433E-3
 1.8894552810288107 3.5289176225869293E-3
 1.9126412015580886 3.3271033235585186E-3
 1.936081985484506 2.983618503069028E-3
 1.9597754166046084 2.5301703327099923E-3
 1.9837281435287563 2.0166545592142505E-3
 2.0079423824604032 1.5306560436229065E-3
 2.0324181333995494 1.1949661787969082E-3
 2.057162044956555 1.0483909020734905E-3
 2.0821719009279662 1.0027795563326957E-3
 2.107454349924143 9.453394512367489E-4
 2.1330116081485392 8.120079585305724E-4
 2.158843675601155 5.828682602533823E-4
 2.184954984688897 3.293316924236651E-4
 2.211347751615218 2.9261789171824813E-4
 2.2380330573973856 3.564067418282694E-4
 2.2649820913905056 4.205694702290027E-4
 2.2922413938670986 6.020098152273929E-4
 2.319788802792632 7.140997200955311E-4
 2.347646480201638 6.49978397957626E-4
 2.375770102025051 3.7896407153577114E-4
 2.40422615436647 3.4181004829248926E-4
 2.432970313156829 5.608792227014295E-4
 2.4620247404306616 7.817246200100244E-4
 2.4913894361879673 1.4024886555926766E-3
 2.5210644004287465 7.159742476765209E-3
 2.5510496331529997 2.253068104208128E-3
 2.5813672963952596 2.1607741858471712E-3
 2.612017390155527 1.7717008165473255E-3
 2.6429555903647337 1.3977413450431391E-3
 2.674248383126481 1.3704778791906657E-3
 2.7058736064062363 1.4332870315614777E-3
 2.7378312602039986 1.4979876187038985E-3
 2.7700991824852345 1.4515878695639946E-3
 2.802743859353545 1.104819810314503E-3
 2.8356988047053293 1.102533089953729E-3
 2.8690305046441877 1.3289509554476231E-3
 2.9026946351010547 1.5567491855166407E-3
 2.9367133581104614 1.9094914569217004E-3
 2.9710866736724095 2.70828984799038E-3
 3.005814581786899 4.281191869701273E-3
 3.0409192444884634 6.322031466756984E-3
 3.0763784997425682 8.370903639153767E-3
 3.112214509583749 0.010158414850448378
 3.1484272740120036 0.011759188653441475
 3.1849946309928 0.013152467777820913
 3.2219609045952046 0.014243851346016854
 3.25928177075015 0.015154498572930055
 3.2970237155612385 0.015950022560336053
 3.335120252924868 0.016596450631918526
 3.3736378689446393 0.01728296506298315
 3.4125322395514863 0.0181893390535737
 3.451825526779942 0.019194004874628117
 3.491539892664539 0.019981981356019144
 3.531631013136212 0.02034449535097707
 3.5721432122640273 0.020417610115389405
 3.6130764900479852 0.02054499017331142
 3.6544086844535517 0.021276472339220996
 3.6961841195497946 0.022651908576414747
 3.7383584712676456 0.02452617517016293
 3.7809760636761735 0.026766371810576127
 3.8240147347408437 0.02924218987364763
 3.867474484461656 0.032096129398940666
 3.9113996369076793 0.03510529675102292
 3.9557458680098447 0.03759186909531407
 4.000535339802687 0.03942189815921295
 4.045768052286204 0.04100650647981094
 4.091466167494932 0.04215910373446934
 4.137607523394337 0.04221859785435856
 4.184214282018951 0.04087921217147918
 4.231286443368776 0.039143260011750495
 4.27882400744381 0.039111031954151803
 4.326826974244056 0.03899596269729957
 4.375295343769511 0.04208422549516361
 4.424229116020176 0.04468479003760934
 4.473672615065119 0.04462330292259705
 4.5235815168352715 0.04461860445280982
 4.573977983365169 0.04488048261127464
 4.62486201465481 0.045144390616189605
 4.6762336107041955 0.04608242912847359
 4.728114933547858 0.04615331372722094
 4.780505983185798 0.04635716874766492
 4.833384597583483 0.046441279801179395
 4.8867729387754454 0.045114945302622555
 4.940693168796218 0.04199051031135747
 4.9951009635767364 0.03693684601360962
 5.0500628092205994 0.031997942012041903
 5.105512219624207 0.02857923082368839
 5.161515680891159 0.027062487781765207
 5.2180288689523894 0.02648139258493635
 5.275073945842432 0.027134958918503877
 5.332673073595818 0.02777371867850343
 5.390804090178017 0.030481032769639034
 5.449489157623561 0.03264525735324737
 5.508706113897917 0.034243132365218115
 5.568499283070152 0.034581004016492354
 5.628824341071199 0.03504933231168046
 5.689725611970124 0.03552053374851205
 5.751180933732396 0.03714049538986465
 5.8131903063580114 0.037875181990800865
 5.875775891881507 0.03614607001338047
 5.938959852337417 0.03275915400334636
 6.002697863656671 0.028570097606993954
 6.067012087873803 0.02616067686102794
 6.131902524988817 0.023554589021660077
 6.197391337036242 0.01634998144619466
 6.26347852401608 8.593509528019908E-3
 6.330141923893798 4.435251913381643E-3
 6.397425860738463 2.5776421750186456E-3
 6.465286010481007 4.700754188250963E-4
 6.533766697190498 -2.5626149527549517E-3
 6.602845758832402 -1.8489750423123347E-3
 6.672523195406718 -1.1306379717291924E-3
 6.742843330982517 2.782526070233632E-4
 6.813761841490726 2.511597449289589E-3
 6.885300888965884 3.5728241739654592E-3
 6.957460473407988 4.3854721246706215E-3
 7.030240594817038 6.2171624203815724E-3
 7.103663415227571 5.5276037700420794E-3
 7.177706772605049 2.5001978601954847E-3
 7.252392828984007 7.720292030630535E-4
 7.327721584364448 -3.375366138820149E-4
 7.403670876711834 -3.9054047636251343E-4
 7.480285030095236 -4.4620886647222596E-4
 7.557541882480118 -1.547710628887754E-3
 7.63544143386648 -3.8736651559194024E-3
 7.714005846288857 -4.498649966675193E-3
 7.793212957712714 -7.279253383023932E-3
 7.873062768138053 -0.011497767985588294
 7.953599601633939 -0.017710901026813243
 8.03480129616584 -0.02431788899533962
 8.11664568969922 -0.025983391186697468
 8.199177106303152 -0.026793309316594984
 8.282373383943096 -0.026680095921594471
 8.366234522619054 -0.02660303952559381
 8.450782684365562 -0.026494570905454373
 8.535995707148084 -0.030070658256799564
 8.621895753001153 -0.0343517562801225
 8.708460659890237 -0.03821019022406519
 8.795734751884405 -0.04316669853454578
 8.883673704914585 -0.049565009215128505
 8.97232184304985 -0.056355901844973285
 9.061657004255661 -0.0620149650039335
 9.151657026497485 -0.06214289137345069
 9.242366233844393 -0.06267271713594602
 9.333784626296383 -0.05995801266714978
 9.425890041818922 -0.057338232372392154
 9.518682480412009 -0.0550264777165615
 9.612184104110177 -0.05162530234550092
 9.706394912913428 -0.040206680371712405
 9.801292744787228 -0.024403849390275473
 9.89689976176611 -0.01373804443013918
 9.993215963850071 -3.125237141963918E-3
 10.090219189004584 3.353847951901235E-3
 10.18795376129871 7.369402523523002E-3
 10.286375356663386 -2.449408795739504E-5
 10.385528299167678 -0.01416768126779102
 10.485368264742519 -0.0407089165163059
 10.58591741542244 -0.07592869087508781
 10.68719791324198 -0.12201755570745486
 10.789165434132066 -0.18130157385049314
 10.891864302161768 -0.25068153205746623
 10.995272355296551 -0.3030126911052903
 11.099389593536419 -0.37607932307152863
 11.204216016881366 -0.4183062566805351
 11.309751625331398 -0.46448046825030064
 11.415996418886511 -0.48790744796917173
 11.52297255958124 -0.4791897167304305
 11.630635723346517 -0.46710682732892383
 11.739030234251409 -0.45058727340944576
 11.84811176822685 -0.4272642284434834
 11.957924649341908 -0.4143956387982465
 12.068424553527512 -0.41974699063980486
 12.179655804852734 -0.4350914465074271
 12.291574079248504 -0.45218190143261827
 12.40422370078389 -0.03509980154147175
 12.517560345389823 -0.2183457883490878
 12.631606175100838 -0.3390404574986421
 12.746339027882403 -0.4184991409719036
 12.861803227803584 -0.5139366128889288
 12.97793228876078 -0.5221562619104035
 13.094792696857589 -0.5293982907324911
 13.212317965990414 -0.5357854878386464
 13.330552420228322 -0.5414224057810333
 13.449496059571311 -0.5463987218455836
 13.569104559950315 -0.550792057762025
 13.689400083399867 -0.5546700093069796
 13.810382629919967 -0.5580917464427645
 13.932052199510615 -0.5611093592917554
 14.054408792171811 -0.5637688094139379
 14.177430245869022 -0.5661108177260158
 14.301138722636782 -0.5681716275233102
 14.425489898406022 -0.5699833918498087
 14.550528097245813 -0.5715747959951953
 14.676231157121615 -0.5729714742417435
 14.802599078033433 -0.5741962549572116
 14.929609697946729 -0.5752694669758597
 15.057285178896043 -0.5762092889940892
 15.185603358846837 -0.5770319320173878
 15.31456423779911 -0.5777517811188047
 15.444167815752866 -0.5783816742595265
 15.574414092708102 -0.5789329771356126
 15.705303068664817 -0.5794157727874533
 15.836812581588479 -0.5798390191997467
 15.968920469444555 -0.5802105562903194
 16.101671056302112 -0.5805373286940593
 16.235042180126615 -0.5808255111973114
 16.36901167888353 -0.5810803354716235
 16.50357955257286 -0.5813065326922837
 16.638745801194602 -0.5815081290624773
 16.77453258678329 -0.5816886815864072
 16.910873423235326 -0.5818511635179097
 17.047812634619774 -0.5819982318361491
 17.1853280589021 -0.5821320552282228
 17.32339753404777 -0.5822545453596423
 17.462043222091324 -0.5823673092692624
 17.60124296099822 -0.582471559521898
 17.741018912802996 -0.5825684268251039
 17.881304591402052 -0.58265870939395
 18.022144320864452 -0.5827431703815131
 18.163515939155661 -0.5828222317152302
 18.305419446275681 -0.5828962581526074
 18.447832680189982 -0.5829654826806893
 18.590755640898564 -0.5830299756401183
 18.734188328401415 -0.5830897751382709
 18.878108580664015 -0.19231540946147424
 19.022516397686363 -0.35576724042565915
 19.16741177946845 -0.45588810849281774
 19.312794726010277 -0.5172546496613128
 19.45862091324279 -0.5833111289600842
 19.60493466523504 -0.5833374039938953
 19.751669495883433 -0.5833564674334243
 19.89886972925704 -0.5833676718398764
 20.046491041286785 -0.5833702346618301
 20.194533431972672 -0.5833633010842276
 20.342996901314705 -0.5833459515036398
 20.491859287278344 -0.5833170938339949
