 1.5994672351471923E-3 0.20545283950071804
 4.817205870028425E-3 0.2407852623122103
 8.07280291091827E-3 0.2666206511240334
 0.01136671817651319 0.2870331579908157
 0.014699314681573549 0.30250595668719426
 0.01807115711572658 0.31374414306871706
 0.021482648828706017 0.32159315031242924
 0.02493423350521897 0.3268218660706701
 0.028426395164945932 0.33005247530919984
 0.031959617827567385 0.33177472298134447
 0.03553442584773719 0.33237820752928615
 0.039151182240215694 0.33217647173203934
 0.04281033068971004 0.3314204803703487
 0.04651267789568767 0.330307612873669
 0.05025858687290897 0.3289913837690982
 0.05404846097110767 0.3275915670702563
 0.05788270354001751 0.326201390182692
 0.061762524628839694 0.3248906849888482
 0.06568752088784051 0.32370777325382527
 0.0696584990164874 0.322682654312725
 0.07367626571424786 0.32183188521929023
 0.07774122433085562 0.3211625350584295
 0.08185418156577816 0.32067305730439166
 0.08601513741901547 0.3203532744620076
 0.09022489859003503 0.320186680270213
 0.09448427177830432 0.3201549056616944
 0.09879366033355708 0.3202408737238387
 0.10315346760552704 0.3204295492903184
 0.10756450029368168 0.32070855358010924
 0.11202756509748847 0.32106891293775835
 0.11654266201694742 0.3215034166583582
 0.12111100110125973 0.3220056271704592
 0.12573258235042542 0.32257000012116543
 0.1304090191633794 0.32319090447306025
 0.135139908190388 0.32386139035172356
 0.1399260561309186 0.3245738991831428
 0.1447686730341725 0.3253200679914704
 0.14966816224988338 0.32609213145107246
 0.15462492712778505 0.32688580411650502
 0.15964017771707864 0.3276985948524684
 0.1647139140177642 0.32852571313435063
 0.16984694272930916 0.3293612529750368
 0.17504047390091481 0.33020119486404514
 0.18029491088231483 0.33104271332245316
 0.18561065702324294 0.3318803870136316
 0.1909889223729004 0.3327066269349195
 0.19643011028102094 0.3335156708940974
 0.201935027447072 0.3343047720309818
 0.20750448057052106 0.3350765869828288
 0.21313927635083568 0.33572140347104434
 0.2188398181377495 0.33660716077338537
 0.22460731598046376 0.3373820777956038
 0.2304421732287122 0.3381661456726184
 0.23634559993169604 0.3389602700543201
 0.242317999439149 0.33976758128620226
 0.24836017845053862 0.34059114900502446
 0.2544729436653323 0.3414323101905866
 0.2606575051327312 0.3422873515577377
 0.266914669552203 0.343148156261776
 0.2732448402734812 0.3440054935870401
 0.27964882399603346 0.34485257935434215
 0.2861278307690609 0.34568594541483566
 0.292682667292031 0.34650274913998746
 0.2993141402644112 0.34730068631644533
 0.3060230563856691 0.3480763968819198
 0.3128106257050058 0.3488300343665358
 0.3196772515721551 0.3495672787155568
 0.3266241440363182 0.3502935806856089
 0.33365251314669625 0.35100873230797824
 0.3407627622530231 0.35171010842649413
 0.3479561014044998 0.3523910195437359
 0.35523333730059403 0.3530429856559683
 0.36259567999050684 0.35366430132022186
 0.37004393617370573 0.3542595547353283
 0.37757931589939203 0.3548289916835634
 0.38520222251729935 0.35537007226665107
 0.3929142694263627 0.3558848177811664
 0.4007166666757832 0.35637627771017216
 0.408609414265561 0.3568405804211313
 0.41659573899356594 0.3572723072878379
 0.4246748341603306 0.35766079049982546
 0.43284669976585476 0.35799395958031604
 0.441115369307476 0.3582704276342696
 0.44947680928785693 0.35849746960836004
 0.45793908670167227 0.35868038963136816
 0.46649816805158467 0.35882308278786384
 0.4751580868349314 0.3589276910034464
 0.4839188430517125 0.35898590247426703
 0.4927844701992655 0.35897636563221813
 0.5017509347802529 0.35887714279135546
 0.5108182367946745 0.3586857960343506
 0.5199944432372054 0.3584039110290179
 0.5292795541078456 0.35801251696127794
 0.5386695359092574 0.3574950578948171
 0.5481684221387785 0.3568418803122759
 0.5577802462937459 0.3560256245526874
 0.5675009748768226 0.35503319832413993
 0.5773386748826832 0.35387044968629166
 0.5872893128139904 0.3525425994110428
 0.5973528886707441 0.3512230037600723
 0.6075334359502816 0.34943004843075936
 0.6178349881499406 0.3476518989215039
 0.6282535117723834 0.3456777077207204
 0.6387970738122848 0.3434618812255764
 0.6494616407723075 0.34098354470037844
 0.6602472126524516 0.3382540854823427
 0.6711578229500543 0.33526441997718675
 0.6821975051624529 0.3319700778735646
 0.6933662592896477 0.32834234030606135
 0.7046600518343012 0.32440957049163454
 0.7160909832884255 0.32023384677740734
 0.7276469531600083 0.3158518038980438
 0.7393440954383993 0.31126258475762674
 0.7511703096315864 0.306473317044316
 0.7631376962315817 0.301494309228352
 0.7752422217410477 0.29629303285843605
 0.787487919657322 0.2908264021414231
 0.7998747899804043 0.2851083764181278
 0.8124028327102949 0.27918411438946166
 0.8250801148416684 0.27305409005539066
 0.8378985693798501 0.2666483474014381
 0.8508702968168519 0.2598980227205029
 0.8639872301579994 0.25280810816987536
 0.8772614698953045 0.24542602682949882
 0.8906849490340927 0.23775164312326452
 0.904261701071701 0.22975680517122001
 0.9179997930028044 0.22139264979144027
 0.9318951913300656 0.21260682282553391
 0.9459478960534843 0.20340695977584294
 0.9601659741677355 0.1938896749999039
 0.9745453921754817 0.18420854335918515
 0.9890942170713978 0.17454686105673858
 1.0038084153581463 0.16502685129004915
 1.0186920205330645 0.155647070053417
 1.0337450325961525 0.14638024704089816
 1.0489755185420852 0.1372164092139538
 1.0643754113761876 0.12817733511701276
 1.0799568115904718 0.11935226078206614
 1.0957197191849381 0.11080653862081241
 1.111660100662249 0.10254953601023274
 1.1277819895197418 0.09461747227827363
 1.1440934527520913 0.08716325657931906
 1.16059045686196 0.08040679055210419
 1.1772770353466857 0.07446825812901295
 1.1941531882062677 0.06934467885795184
 1.2112269824353811 0.06497140624017618
 1.228494384536689 0.06124297212897604
 1.245959428007528 0.05807835139490373
 1.2636221128478983 0.05544934979852763
 1.281490506052475 0.05354094649113038
 1.299564607621258 0.051526056539328034
 1.3178403840569095 0.050115032227737915
 1.3363299358514422 0.049083511031469226
 1.3550292295075185 0.048360377254437605
 1.3739422985224754 0.04782730811348189
 1.393073176393651 0.04740984949588302
 1.4124218631210447 0.04708856028573296
 1.431988358704657 0.04685548683543205
 1.4517807301391618 0.04667467047526344
 1.4718030109218975 0.046500246530161944
 1.4920471340581886 0.04629357485726915
 1.5125252000400477 0.04601642462113627
 1.5332372088674748 0.04564148535577107
 1.5541831605404694 0.04518025871111308
 1.5753670885563693 0.0446496712241398
 1.5967930264125118 0.044035098109201996
 1.6184650076062343 0.04331622160844821
 1.6403789986401995 0.04248136840404791
 1.662543066509082 0.041536906023780385
 1.6849612447102186 0.040502906828624965
 1.7076335332436105 0.03939496299502998
 1.7305599321092568 0.03823009099148814
 1.7537525417991703 0.037020716943700085
 1.7772032953186756 0.03576424650732379
 1.8009202596624478 0.03447333624887127
 1.824903434830487 0.033164032380702514
 1.8491608878174674 0.031815478504918635
 1.8736926186233897 0.03040344712185515
 1.898502660745591 0.028955924639260326
 1.9235950476814083 0.027510829334319746
 1.9489657459335048 0.02607133686914036
 1.9746268559938922 0.0246325819431592
 2.0005743443652335 0.02320453057993446
 2.026816278042203 0.021805904265209622
 2.0533526570248015 0.02044749893241564
 2.0801875148103654 0.019122434726390882
 2.107324884896233 0.01781041530742809
 2.1347688007797405 0.01648594706327105
 2.162519262460889 0.015122220297279807
 2.1905843369343527 0.013696674519659242
 2.218964024200132 0.01219766143996345
 2.2476583242582264 0.010620062989109781
 2.2766793376006484 8.953588910379444E-3
 2.3060230307300604 7.181722291931911E-3
 2.3356974706411373 5.292999929884318E-3
 2.365702657333879 3.292176787932981E-3
 2.3960426243056227 1.2059911207651691E-3
 2.4267214050537067 -9.192520212374145E-4
 2.457743033075467 -3.0353347582248776E-3
 2.489111541868242 -3.467358717864328E-3
 2.5208309649293685 -7.165062114882356E-3
 2.5529053357561846 -9.190868776381325E-3
 2.5853346543486894 -0.011180567292486137
 2.61812295420422 -0.013098466025059216
 2.651278302317453 -0.014907892782654508
 2.6848047321857242 -0.01657642428783525
 2.718698210311697 -0.018066741199759317
 2.7529708371873824 -0.019345684008775027
 2.787626646310119 -0.020399011894047455
 2.822661604182569 -0.021234111056697826
 2.8580878112967442 -0.02188003980747858
 2.893905267652645 -0.02239147406413889
 2.930118006747609 -0.02284202650974067
 2.9667300620789727 -0.023302167856641204
 3.0037454671440744 -0.023822443644157604
 3.0411722889375885 -0.024439638485817982
 3.079010527459515 -0.025183161259937435
 3.117264216207191 -0.026065110031428612
 3.1559414221752914 -0.027060224375997556
 3.1950421453638164 -0.02810945508747913
 3.2345704192701036 -0.029159597754251097
 3.2745343108888276 -0.030177536364083462
 3.314937853717325 -0.031133633787397665
 3.3557810477555967 -0.03203355596023024
 3.3970719599983172 -0.03297104105755045
 3.4388146239428234 -0.03405751959962434
 3.4810130730864532 -0.03528063489818419
 3.523675374423882 -0.0365289270285829
 3.5667974944577713 -0.03772611420429506
 3.6103915336801333 -0.0388274345865105
 3.6544615255883057 -0.03974616870433979
 3.699007470182289 -0.04041033621646791
 3.7440414679540943 -0.04079163689499406
 3.7895594854063854 -0.040647919304991154
 3.835573623031173 -0.040502902298549234
 3.882087914325796 -0.039794658816962584
 3.9291023592902534 -0.03865539633899223
 3.97662502491922 -0.036957989545956485
 4.0246599447100335 -0.034701788210207674
 4.073227286149381 -0.032076669430356724
 4.122274613771875 -0.029364084428555134
 4.171886631021603 -0.026776354902511543
 4.222023002925189 -0.024418302332116566
 4.272724064456009 -0.022232072323530027
 4.323909145667313 -0.01996330298358637
 4.375699251479223 -0.01740908315954979
 4.428013711944994 -0.014686525043899785
 4.4808928620379955 -0.012144726861332432
 4.534336701758231 -0.010026888000089645
 4.588345231105698 -6.823779374394789E-3
 4.642918450080399 -6.221304573337917E-3
 4.698096693655705 -5.613108581165811E-3
 4.753879961831618 -4.318149992400668E-3
 4.81018758466139 -2.9925612613868083E-3
 4.867140567065142 -1.5933856187615445E-3
 4.9246985740695015 -1.052241905912833E-4
 4.982861605674466 1.3010357224014204E-3
 5.0415893269066645 2.396986598644537E-3
 5.101002742686216 3.1094084766180017E-3
 5.1609808480930015 3.6212325898215763E-3
 5.221644648047139 4.099639040206352E-3
 5.2829134726018844 4.47910406603252E-3
 5.344827656730608 4.6508702797751384E-3
 5.4073872004333134 4.612006097559391E-3
 5.47059210371 4.400606856733346E-3
 5.534482701534039 4.081497023541798E-3
 5.599018658932058 3.7087770657942896E-3
 5.664240310877432 3.0749150019383085E-3
 5.73014765737016 1.8715857632083025E-3
 5.796700363436868 4.929660920856889E-4
 5.863979099024303 -6.292295377806951E-4
 5.931903194185718 -1.5977090607181877E-3
 6.000593653841236 -2.4040810561188645E-3
 6.069929473070733 -2.100548278289559E-3
 6.140031656794331 -1.7964874061205341E-3
 6.210819535065284 -5.968304368894867E-4
 6.282333442856965 6.343970148166529E-4
 6.354613715142746 1.4890528060235283E-3
 6.427579681975883 2.400536308454709E-3
 6.50131201330312 4.106070158044369E-3
 6.575810709124459 6.632527600969014E-3
 6.651035434466526 9.800269438652927E-3
 6.727066859276068 0.01324755573256663
 6.803824313606337 0.015994635254152862
 6.881388467404082 0.01795081326546946
 6.959718985695928 0.019824603094776908
 7.038815868481875 0.02161623167647546
 7.118759785708673 0.022992114325380615
 7.199470067429571 0.024429005709568043
 7.280987048617945 0.026530338195152484
 7.363310729273793 0.02920171448916038
 7.446481444370491 0.03216357119375183
 7.530458858934664 0.03535001666102151
 7.615283307939686 0.03861592356564403
 7.700954791385557 0.040925872650284786
 7.7874733092722765 0.041266756585996315
 7.874838861599845 0.04004838750949924
 7.9630514483682635 0.037726228400569855
 8.052111069577531 0.034570572034165095
 8.142098395174395 0.03146221490384074
 8.232932755212106 0.02834262449250442
 8.324654484664041 0.02485198455525709
 8.4172635835302 0.020970243820973514
 8.510760051810582 0.01635481141748257
 8.60518422447856 0.011558668826198736
 8.700536101534134 7.976642016112742E-3
 8.79677534800393 5.927959524789096E-3
 8.893942298861322 5.788866843470543E-3
 8.992077289079686 5.825291715228374E-3
 9.091099648712273 5.852681163156578E-3
 9.191130382679203 7.094236280896271E-3
 9.292048486060356 9.468218682315822E-3
 9.393974963775854 0.011192617158002776
 9.496829145878946 0.01224873731320494
 9.600651367343012 0.013927322123824663
 9.70548196314142 0.01583354402855727
 9.811280598300797 0.017146753965770533
 9.91808760779452 0.017625869781336966
 10.025862656649213 0.01706545251334902
 10.134686414811624 0.016325883234476666
 10.244478212335004 0.01521384094783736
 10.355318719166101 0.013582029151055237
 10.467167600331546 0.011424291576127862
 10.580024855831331 0.011019802494858379
 10.693930820638835 0.01148061163592778
 10.808925829727434 0.011939455680581842
 10.924929213150374 0.01101673068446462
 11.04198130588103 7.952494335633858E-3
 11.160082107919408 7.070579134967959E-3
 11.279271954238874 7.699190062358018E-3
 11.399550844839434 8.327325966542802E-3
 11.52087844474771 0.010445289767045195
 11.643335423910452 0.01049250050339381
 11.766841112380911 7.032510114682311E-3
 11.891476180105839 5.83932545931172E-4
 12.017200292111855 -6.4132593139077E-3
 12.144013448398963 -0.011300658351728264
 12.271996318913912 -0.01334919747692708
 12.40106823370995 -0.012456580952866655
 12.531269527760456 -0.011591550592388448
 12.662600201065423 -6.026773165673628E-3
 12.79506025362486 -1.750627938356037E-3
 12.928690020412134 5.594537755897015E-4
 13.063449166453873 3.18514666034544E-3
 13.199378026723451 7.661217192407045E-3
 13.336476601220872 0.012111714538950543
 13.474704554972753 0.014655311981005557
 13.61414255792585 0.01537267479294541
 13.754750275106785 0.013906085636607333
 13.89652770651556 0.012141411193024055
 14.039515187125547 0.010372194541585614
 14.183672381963373 5.797747623450309E-3
 14.328999291029039 -6.598853675377236E-5
 14.47557658426929 -3.1617717497656933E-3
 14.623363926710754 -2.593672680242794E-3
 14.772320983380059 -2.0217681526730336E-3
 14.922528424223948 5.260020918421008E-5
 15.073945914269054 -7.756157638396916E-5
 15.226573453515368 -1.048029170247421E-3
 15.380451376936271 -2.8805906658973205E-3
 15.535539349558388 -6.261765555404455E-3
 15.691877706355092 -9.803110556823109E-3
 15.849426112353004 -0.01444505594909236
 16.008265237498882 -0.019247487888456985
 16.16831441184597 -0.030526894207022266
 16.32965430534102 -0.044086985730674294
 16.492244583010656 -0.056130621119594575
 16.656044909881504 -0.06663751682321287
 16.821135955900313 -0.08026376594843791
 16.987517721067082 -0.0917990575388496
 17.155149870408436 -0.10497537458617535
 17.32403240392438 -0.10760493385339341
 17.494205656588285 -0.10540783210775236
 17.665669628400145 -0.10456515632849295
 17.838383984386595 -0.09885148137462724
 18.012389059521005 -0.08567549757093115
 18.187684853803375 -0.07037607440533301
 18.364231032260335 -0.06721082442616154
 18.542108264838624 -0.07071582855504464
 18.721235881591503 -0.09931006909483239
 18.901694552465716 -0.14882674695858927
 19.083403607514515 -0.2202452884404054
 19.266403381711274 -0.2911976183496217
 19.450734210029366 -0.37340605478863403
 19.63631542252205 -0.5017248359829707
 19.82322768913606 -0.5662646026165503
 20.011430674898036 -0.5978000950165722
 20.200924379807972 -0.6015413476099865
 20.391708803865867 -0.5836138494076729
 20.583783947071722 -0.5634057640367881
 20.777149809425537 -0.5558369891219915
 20.97184672590069 -0.5615816427132124
 21.16779402655043 -0.5732898844196459
 21.3650723813215 -0.585526869142222
 21.563601120267154 -0.5964639452010353
 21.76346091333415 -0.6058501265503201
 21.964571090575724 -0.6138350631583854
 22.16701232193864 -0.6206222645970219
 22.370703937476136 -0.6263947480035528
 22.575726607134974 -0.11791844088538528
 22.781999660968391 -0.33174360347587494
 22.989563433949772 -0.46548290711537804
 23.19837759110574 -0.5489226332302648
 23.40852280238304 -0.6445474559131663
 23.619878062861555 -0.6466621304378569
 23.832564377461402 -0.6484184482001346
 24.04646074126246 -0.649861758641003
 24.261647824211486 -0.6510316563389512
 24.47812562630847 -0.6519626761909008
 24.695813477606662 -0.6526853511224704
 24.914751713079443 -0.653226693305299
 25.134940332726813 -0.6536107314939071
 25.356379336548766 -0.6538588759597643
 25.57906872454531 -0.6539902313182135
 25.802968161743063 -0.6540218860178574
 26.0281179831154 -0.653969070818329
 26.254437518715583 -0.6538453697156902
 26.48200743849035 -0.6536629598876993
 26.71078740746633 -0.6534325645503758
 26.94077742564352 -0.6531637542776784
 27.17193715804855 -0.6528649462936448
 27.404306939654794 -0.6525435902464055
 27.637846435488881 -0.6522061789602159
 27.8725556455508 -0.6518584324246486
 28.108434569840564 -0.6515052434480222
 28.345483208358167 -0.6511508609222041
 28.583701561103605 -0.6507990061989715
 28.823049293103512 -0.6504526711764389
 29.063486069384506 -0.6501145244027305
 29.305092559893346 -0.6497866633878523
 29.547828429656643 -0.6494708871890706
 29.791653343701035 -0.6491686547761624
 30.03656730202652 -0.6488809724849451
 30.282570304633097 -0.6486087004051773
 30.52970268649414 -0.6483524426281353
 30.777843442689523 -0.6481125596037528
 31.027073243166 -0.6478892067835647
 31.277351752950195 -0.6476824431952849
 31.528638637068734 -0.6474921166893302
 31.78097423049499 -0.6473180501442852
 32.03431819825559 -0.6471598023525794
 32.28871087532391 -0.6470169621378407
 32.544031256779824 -0.6468890796338047
 32.80036001257008 -0.646775530841162
 33.057656807721315 -0.6466756776309189
 33.31592164223351 -0.6465888479008257
 33.57511418113331 -0.6465143310633897
 33.835234424420704 -0.6464513602271882
 34.09628237209569 -0.6463991860777698
 34.358217689184904 -0.5456107450633649
 34.62104037568834 -0.6463238798349094
 34.884750431605993 -0.6462990797308022
 35.14934785693788 -0.6462817150795039
 35.41475198173723 -0.6462709157012464
 35.68104347595081 -0.6462657309234224
 35.94810133465849 -0.6462652124233252
 36.21600622780702 -0.6462684030302073
 36.484677485449644 -0.6462742698512492
 36.75411510758638 -0.6462817907669376
 37.02431909421721 -0.6462897616687231
 37.29524911036877 -0.6462970934426159
