 6.926868825783945E-4 0.9998467256058388
 2.086204233212229E-3 0.9988269473562761
 3.4961170564517152E-3 0.9956391871250025
 4.9226244875916584E-3 0.9888805080816295
 6.3658837387069065E-3 0.9773629487237655
 7.826139361913885E-3 0.9603322819654007
 9.30356603729576E-3 0.937554429100609
 0.010798355912944004 0.9092389413540263
 0.01231071860495842 0.8759863832064323
 0.013840863729438798 0.8386628591396104
 0.015389018370493251 0.7982954276933313
 0.016955339740196626 0.7559373492773067
 0.018540019986640406 0.7125401625510104
 0.02014340846999091 0.6690090582202834
 0.021765662402322982 0.6261313978394634
 0.023406956463719794 0.5844945426290137
 0.0250674653342645 0.5444861665474228
 0.026747713054206593 0.5064777897427291
 0.028447524943462913 0.47068003385164275
 0.030167250362199776 0.43711379642370534
 0.03190723867058352 0.40583132350296174
 0.033667664548697295 0.37680235101801556
 0.03544887735670744 0.34997172501990236
 0.037250877094613936 0.3252350279939308
 0.03907401312258313 0.3024415910451471
 0.04091863480078133 0.281479781979042
 0.04278491680929171 0.2622286191244858
 0.04467303382819742 0.24454253022852112
 0.046583335217664806 0.22828772067364341
 0.04851617033786018 0.21337053558435511
 0.05047153918878354 0.1996727501039736
 0.052449965810684374 0.1870954818121058
 0.05445145020356269 0.17553855411219346
 0.056476691087751135 0.16492209606818933
 0.05852551378316655 0.15517646514371463
 0.060598267649975244 0.14619844692109557
 0.06269547672842672 0.13792887552085156
 0.06481731569860415 0.1303171333216035
 0.06696395924059068 0.12329326801341944
 0.06913593139463578 0.11680685012261921
 0.0713332321607395 0.11081078261614324
 0.07355621089906814 0.10524891413142874
 0.07580539164987117 0.10009242688858257
 0.07808094909323178 0.09531912904722588
 0.08038305790923311 0.09089301833380216
 0.08271224213812467 0.08678753833607494
 0.08506867645998961 0.08298124745306254
 0.08745271023499425 0.07944942113221475
 0.08986469282330492 0.07617317878362886
 0.09230497358508798 0.07313722798328924
 0.09477372720042654 0.07032138535085734
 0.0972714777095701 0.06770859982086651
 0.09979839979260184 0.06528141222921875
 0.10235501748977124 0.06302388610271195
 0.10494150548116148 0.06092487434704487
 0.10755821312693885 0.05897008225103073
 0.11020548978726971 0.05714639847161156
 0.11288385950240351 0.05544282237960799
 0.11559367163250661 0.05385138782645988
 0.11833510085766216 0.052359817943515706
 0.12110849653803649 0.05095280488949389
 0.12391438271387907 0.04962121239695822
 0.12675310874535625 0.04836218202114205
 0.12962502399263434 0.04717420474929252
 0.13253047781587967 0.04605400284511076
 0.13546999425534173 0.04500026498065081
 0.13844374799110367 0.0440091123572895
 0.14145226306341501 0.043070186529641306
 0.1444960635125252 0.04217458413861917
 0.14757532401851744 0.04131315682266562
 0.15069056862164117 0.04048203126757956
 0.15384214668206278 0.039682086635803165
 0.1570305822400317 0.038913872454048474
 0.16025622465571426 0.03817583575145474
 0.16351959796936 0.03746473722675088
 0.16682087686105204 0.036776109654002124
 0.17016076005112301 0.0361102539823291
 0.17353977157982244 0.035477783030127184
 0.1769579114471503 0.03488216212945613
 0.18041657709377195 0.034332126201176725
 0.18391541915952103 0.033836862420074845
 0.18745443764439748 0.033381456985032295
 0.191035379349233 0.032962728998866853
 0.19465649747319596 0.032562156406517335
 0.1983212856179496 0.03217794490861327
 0.20202799698266227 0.031821780428117195
 0.20577837836816564 0.03148578783659128
 0.20957242977445963 0.03116405087402822
 0.213411898002376 0.030855152087822346
 0.217295036251083 0.030558217229841845
 0.2212218445205807 0.030248126767840007
 0.2251958164125323 0.029923853921101507
 0.22921695192693786 0.029604750003549517
 0.2332835042629657 0.029286228151046377
 0.23739722022144751 0.028962754211219392
 0.24155984660321483 0.028653395609421816
 0.24576963660743611 0.028352981596075344
 0.2500300838357746 0.028060897696804174
 0.2543394414873986 0.027790415319374234
 0.2586977095623082 0.02753054146288495
 0.26310663486133495 0.02727442734119853
 0.26756796418531053 0.02702954714558259
 0.2720799507334033 0.02678490215483509
 0.2766460881072765 0.026535596544492594
 0.28126462950609854 0.026291047347502805
 0.2859355749298694 0.02604344536810952
 0.2906606711794206 0.025789562683781398
 0.29544166505558394 0.025533946616396553
 0.30027855655835933 0.02528689785790919
 0.30516959888691524 0.02503516022306803
 0.31012003244374636 0.024784700130702937
 0.31512461682635795 0.024529151370662753
 0.3201903392380765 0.024270813817209042
 0.3253119592764071 0.024022377760471912
 0.33049471734384466 0.02378265494568703
 0.3357368666395576 0.0235599458300165
 0.3410401539643774 0.023347431459016826
 0.3464045793183042 0.023147424390938566
 0.35183014270133794 0.022949977719291223
 0.3573203377151419 0.022759634795106127
 0.36287167075805276 0.02257172713847388
 0.36848938223256544 0.022383092438343937
 0.3741699785370167 0.022185928834728065
 0.37991870007390143 0.02197117422835466
 0.3857320532415564 0.021745260586575342
 0.39161178484081315 0.02150670229471718
 0.397561388473335 0.021275704754724285
 0.4035791173382903 0.021063745495561583
 0.4096649714356791 0.020856958703567476
 0.4158224443671646 0.020651139530155702
 0.42204978933191517 0.020444312733799731
 0.428350499931594 0.020237689564442325
 0.43472282936536965 0.020034395323384211
 0.4411685244340736 0.019830387485997094
 0.4476875851377059 0.01962021930259582
 0.4542835050779298 0.0194029600340501
 0.460952790653082 0.019170689679137174
 0.4677006822656574 0.018922756324536257
 0.47452717991565607 0.01868054495048702
 0.48143053680224634 0.018451954681955907
 0.4884124997262598 0.0182357391719648
 0.4954765622893597 0.018032507320389846
 0.5026209776907145 0.017834970548300365
 0.5098474927311558 0.01763624464414579
 0.5171561074106835 0.017433992149901697
 0.524550315330961 0.01722624901251924
 0.5320283696911565 0.017009279550978355
 0.5395920172921018 0.01677942326473047
 0.5472412581337968 0.016538406002247065
 0.5549795858179047 0.016294573490999691
 0.5628070003444258 0.01605996883271906
 0.5707217549125281 0.01582768740728484
 0.5787290899247067 0.015591238770031253
 0.5868272585801299 0.015351466021010948
 0.5950180076796292 0.015112216547479171
 0.6033030840240365 0.014883303499644214
 0.6116824876133516 0.01466093252677249
 0.6201562184475747 0.014427476105107076
 0.6287277701283688 0.014170137463898374
 0.6373988894565656 0.013890842719927734
 0.6461660828305019 0.013592400287417048
 0.6550345906526727 0.013282468515521915
 0.6640044129230778 0.012969441488902406
 0.6730755496417172 0.012650604831185635
 0.6822497476094226 0.012326292425990601
 0.6915287536270257 0.012003387563631202
 0.700914314495358 0.011689678714646773
 0.7104046834135881 0.01137883879707543
 0.7200033539833789 0.01105337870564188
 0.7297120730055622 0.010704520875996265
 0.7395308404801381 0.010338635691472826
 0.7494596564071063 9.966146977671064E-3
 0.7595037611889622 9.591975419797649E-3
 0.7696596612240421 9.214517678115673E-3
 0.7799308501140093 8.839294905223257E-3
 0.7903173278588639 8.47520496697748E-3
 0.8008225880602693 8.12169067603755E-3
 0.8114466307182252 7.773831369411397E-3
 0.8221912026335635 7.424939672255321E-3
 0.8330580506071155 7.07556373170554E-3
 0.8440454278380499 6.731855394030449E-3
 0.8551585747288614 6.39902919539746E-3
 0.8663957444787184 6.07378642110365E-3
 0.8777604306892842 5.747301686529009E-3
 0.8892526333605589 5.413521755609784E-3
 0.9008740992933739 5.0726392127460615E-3
 0.912626575288561 4.733311690068122E-3
 0.9245118081469517 4.405431614658269E-3
 0.936529797868546 4.094143270785334E-3
 0.9486840380550072 3.800870574115664E-3
 0.9609745287063354 3.523624514996832E-3
 0.9734012698225305 3.2589884989683462E-3
 0.9859695018060874 3.00675865042235E-3
 0.9986774778561744 2.7655922212965295E-3
 1.011528691574455 2.531544168604478E-3
 1.0245231429609287 2.300655201890423E-3
 1.0376625788164277 2.0716111885129276E-3
 1.0509487459417834 1.8498049224469231E-3
 1.0643833911378273 1.6419980523646755E-3
 1.0779682612053911 1.4469702120108031E-3
 1.0917051029453066 1.2607555786199118E-3
 1.1055956631584051 1.0876458476961905E-3
 1.119639941844687 9.341998119876048E-4
 1.1338396858049832 8.007113451964971E-4
 1.1481983886409581 6.857934750897534E-4
 1.1627177971534425 5.886843829749501E-4
 1.177396164541605 5.064974049723439E-4
 1.19223873120794 4.3720688193617913E-4
 1.2072472439532802 3.8153606980851034E-4
 1.222419955976793 3.3907866912558754E-4
 1.2377621076809737 3.0710326565910574E-4
 1.2532736990658221 2.832977383607923E-4
 1.2689564769321701 2.672003951904632E-4
 1.2848121880808491 2.580852072739074E-4
 1.300842579312691 2.534014099334662E-4
 1.3170511442293588 2.4997912041039416E-4
 1.3334378828308524 2.4374935675448725E-4
 1.3500045419180037 2.3134280534443894E-4
 1.3667546150924758 2.1344136271345934E-4
 1.3836881023542688 1.9275378651719204E-4
 1.4008067505042143 1.718418147426822E-4
 1.4181140531439755 1.5285859334284598E-4
 1.435611757074384 1.3628558827680288E-4
 1.4532998622954398 1.2209658700099065E-4
 1.4711818624088064 1.1155270294714737E-4
 1.489259504215315 1.0637531718587531E-4
 1.5075345345157975 1.0686084674532024E-4
 1.5260104469119173 1.109438690574793E-4
 1.5446854946028425 1.1502286896933324E-4
 1.563564917991068 1.1642677478095165E-4
 1.5826504638774254 1.1475084934998864E-4
 1.6019421322619151 1.1033901863034504E-4
 1.6214451635470314 1.0278490352742205E-4
 1.6411578109319431 9.18203730139528E-5
 1.661085314819145 7.820883183463449E-5
 1.6812294220094685 6.259082387683243E-5
 1.701590132502914 4.514344908278191E-5
 1.7221709399011442 2.7101303223636422E-5
 1.7429735910049912 1.26974539519163E-5
 1.764006819818613 7.609883400969508E-6
 1.7852479179311981 1.3335511952562934E-5
 1.8067335681602114 2.754257916961838E-5
 1.828446302497336 4.935150885201025E-5
 1.8504035889508885 7.623089788988711E-5
 1.8725704915042364 9.803810588122315E-5
 1.894999414182328 1.0352027746261923E-4
 1.9176554209685314 9.140383025225724E-5
 1.9405559798711624 6.931057124335295E-5
 1.9637010908902214 4.302685259749196E-5
 1.9870907540257081 1.1468469999851098E-5
 2.010724969277623 -2.5209739377721481E-5
 2.034621204654281 -5.739428507442239E-5
 2.0587794601556836 -7.096122919988669E-5
 2.0831647997651976 -6.102487984981086E-5
 2.107829627507772 -3.4723443326413183E-5
 2.132756475375091 -3.1002861654320112E-6
 2.157945343367153 2.2207122288843733E-5
 2.183378763475644 3.4780391500335353E-5
 2.2091091397255104 3.858333107111266E-5
 2.2350840680918055 3.90336699567362E-5
 2.2613559525994766 3.5098692307948736E-5
 2.2878898572318924 2.3973699299200074E-5
 2.314703249997368 4.844456089272644E-6
 2.341796130895904 -1.9814833791032186E-5
 2.3691684999275004 -4.579584737203804E-5
 2.396837825100474 -6.961152757953527E-5
 2.424786638406507 -8.223254302776884E-5
 2.453032407853917 -7.230094206529979E-5
 2.4815751334427034 -3.911152707546124E-5
 2.5103973471645506 6.633621427391604E-6
 2.5395339850360905 4.969426353188095E-5
 2.5689501110406904 7.41811910124187E-5
 2.5986981292033 7.276489881019643E-5
 2.6287256354989696 5.29081545303118E-5
 2.659085033952648 2.5627875094820328E-5
 2.6897413885477035 -2.0043767060446926E-6
 2.7207121672924516 -2.9150506771386306E-5
 2.7520148381952087 -6.158295279364421E-5
 2.783614465239343 -9.398080699621995E-5
 2.8155459844414862 -1.0353735125861697E-4
 2.847809395801639 -8.143103373286042E-5
 2.880387231311484 -4.452141983837117E-5
 2.9133144269876543 -8.946221706067371E-6
 2.9465560468135176 1.845973947064189E-5
 2.9801470268057066 3.6833199667719354E-5
 3.0140698989559044 5.714017568949243E-5
 3.0483246632641116 9.040621093014705E-5
 3.0829462557469606 1.262817855198408E-4
 3.1178997403878185 1.474678228454025E-4
 3.153202585195002 1.5890539384413125E-4
 3.1888547901685106 1.7281913241573828E-4
 3.224873823316661 1.871080070509679E-4
 3.2612422166311372 1.894880156696271E-4
 3.2979774381202546 1.6591077644737846E-4
 3.3350794877840144 1.1575277074594451E-4
 3.372548365622415 5.624143629832724E-5
 3.4103840716354576 9.281039780632953E-6
 3.448586605823142 -7.664184397291998E-6
 3.4871559681854682 -3.8966465267176305E-6
 3.526127094739069 -4.021122585271569E-6
 3.5654650494673103 -5.9471756945297654E-6
 3.6051873003785104 -4.0480711067539764E-6
 3.6452938474726686 -1.1134944559743034E-5
 3.685784690749784 -2.5880555111660783E-5
 3.7266772982181746 -2.6792058655090875E-5
 3.7679716698778387 -1.0166219804290267E-5
 3.809650337720461 1.3269349068906812E-5
 3.8517307697543574 5.7239031780717243E-5
 3.894230433987844 1.2099900393386103E-4
 3.9371143944042894 1.569689406702365E-4
 3.980435055028641 1.7017612899997022E-4
 4.024140011835951 2.0417939062302074E-4
 4.068281668851167 2.488170839442461E-4
 4.112825090057658 2.7012592094401263E-4
 4.157787743463739 2.486066198115095E-4
 4.203187097077727 2.0447297470552836E-4
 4.249005682891306 1.5727877300040723E-4
 4.295260968912791 1.1900716140264328E-4
 4.341935487133867 1.026131845600582E-4
 4.389064173571166 9.046864827596621E-5
 4.436612092208055 6.249342847976152E-5
 4.484614179061166 2.1580730538460616E-5
 4.533052966122186 -1.4185193723887311E-5
 4.581928453391112 -4.668749801342937E-5
 4.631258108876261 -8.029754784208762E-5
 4.68105940058595 -9.959684609452817E-5
 4.731297392503544 -9.649252515429835E-5
 4.781989552637362 -7.481432735304709E-5
 4.833135880987403 -4.022536321104053E-5
 4.884753845561984 -3.933534752794117E-6
 4.936843446361103 3.192533536465197E-5
 4.989387215376446 6.982893685178389E-5
 5.042420088624644 9.994474885491939E-5
 5.095907130089065 1.1815460911235426E-4
 5.149883275786343 1.1492808217604079E-4
 5.204331057708159 9.602463163812322E-5
 5.259250475854515 5.803071818823924E-5
 5.314676466242043 5.007787753628895E-6
 5.370574092854109 -3.309995280616092E-5
 5.426960823699031 -4.281940129062054E-5
 5.483836658776809 -2.0456836062029786E-5
 5.541201598087443 -1.84557434591679E-5
 5.5990731096392485 -7.983538787006248E-5
 5.657433725423909 -1.409862599638051E-4
 5.716300913449741 -1.3692376790673296E-4
 5.775674673716747 -1.1851152411110402E-4
 5.835537538216606 -1.3511249539665718E-4
 5.895924442965955 -1.452874855128341E-4
 5.9568179199564754 -1.3935874560320045E-4
 6.018217969188167 -1.482005540900349E-4
 6.080142058669348 -1.351902612041092E-4
 6.1425727203916995 -4.065137615067137E-5
 6.2055099543552234 6.475093372267405E-5
 6.268988696576551 7.062017872451323E-5
 6.332991479047368 3.307723591660848E-5
 6.397500833759357 2.670799309389629E-5
 6.462551696729149 -5.744308160555577E-6
 6.528126599948431 -8.949837254314159E-5
 6.594225543417198 -1.381917824291317E-4
 6.660865995143772 -1.145939633459907E-4
 6.728030487119834 -9.512117898759693E-5
 6.7957364873537 -1.1953511220894094E-4
 6.863966527837054 -1.759577937761976E-4
 6.932755544586528 -2.0808693706927274E-4
 7.002068601585491 -1.5350125623760178E-4
 7.0719406348505744 -7.27696897064246E-5
 7.142354176373463 -3.126896101644957E-5
 7.2132917581458384 -1.4231333368569188E-5
 7.284788316184335 -5.090824229707319E-6
 7.356843850488953 3.438306256089514E-5
 7.429440893051374 1.1841225880344762E-4
 7.5025794438716 2.1372935684361017E-4
 7.576276970957947 2.654599506097627E-4
 7.650533474310413 2.9111517158576273E-4
 7.725331485920686 3.1984662987083635E-4
 7.800688473797079 3.6200519683940224E-4
 7.876604437939592 3.7127887015281552E-4
 7.953061910339909 3.630780627882783E-4
 8.030095827014664 4.081353371630686E-4
 8.107671251947222 4.6069323947561682E-4
 8.185823121154218 4.3927054577699685E-4
 8.264516498619018 3.331980153305248E-4
 8.343768852349939 2.1300294647775725E-4
 8.423597650355298 1.1562923815366605E-4
 8.50396795661846 5.230958043758223E-5
 8.58491470715606 -2.1088906962529437E-5
 8.666420433959779 -1.0417644202288303E-4
 8.748485137029618 -1.7124710575349054E-4
 8.83110881636558 -2.1937924671871475E-4
 8.914291471967662 -2.4285557714203722E-4
 8.998033103835864 -2.3679743772632427E-4
 9.082351179978504 -1.9727263278148123E-4
 9.167210764378948 -1.4461442696800017E-4
 9.25264679305383 -1.0412250185540693E-4
 9.338624329986514 -7.558343166720052E-5
 9.425178311193637 -4.8764111624141695E-5
 9.512273800658562 -2.4742386296207567E-5
 9.599945734397926 -7.487124405036633E-6
 9.688159176395093 3.3011180050853656E-6
 9.776949062666699 9.5216367185581E-6
 9.866280457196108 1.2999289094777048E-5
 9.956170827991638 1.5080190920272843E-5
 10.046602707044972 1.6418531168896404E-5
 10.137611030372744 1.7371863529902657E-5
 10.229143393950004 1.8116041386296276E-5
 10.321252201801698 1.8654561955615773E-5
 10.413885049902882 1.9076649872100453E-5
 10.507076874270188 1.9406961892239484E-5
 10.600827674903615 1.9681619757134203E-5
 10.695102515786528 1.9872903825150415E-5
 10.789918864927246 2.0005294804101665E-5
 10.885276722325768 2.0136337297954434E-5
 10.981176087982096 2.0238838230891424E-5
 11.077616961896227 2.031525907599248E-5
 11.174581876059847 2.036409001176131E-5
 11.27208829848127 2.0440671906177157E-5
 11.370101293143867 2.0490269777523154E-5
 11.468655796064267 2.0484840950461697E-5
 11.567734339234155 2.0507332053554417E-5
 11.667336922653531 2.0557434829484627E-5
 11.767446078314078 2.0607033706002101E-5
 11.868079274224115 2.063045818514107E-5
 11.969219042375325 2.0629766816569116E-5
 12.070865382767703 2.067989542959847E-5
 12.173018295401256 2.070449070584605E-5
 12.27567778027598 2.072848352353489E-5
 12.378843837391877 2.0779383126159207E-5
 12.482498998740628 2.0808137915884382E-5
 12.586625796313918 2.0859824437635254E-5
 12.691259166128381 2.08845826564417E-5
 12.7963816401757 2.0937037273665534E-5
 12.901975750447555 2.1015442481742213E-5
 13.008041496943951 2.1044323952520394E-5
 13.114578879664888 2.109537562372006E-5
 13.22160536661868 2.1197897122415716E-5
 13.329068553780377 2.1253197834949172E-5
 13.437003377166617 2.1306096066608483E-5
 13.545392368769077 2.140987176751625E-5
 13.654218060579444 2.1489060156206242E-5
 13.763497920606035 2.1567502591664516E-5
 13.873214480840533 2.16689622752382E-5
 13.983385209291251 2.1773033439281721E-5
 14.093957701933247 2.1878047596865562E-5
 14.204966894783148 2.2003826080953915E-5
 14.31639531983264 2.2130455737236434E-5
 14.428242977081721 2.2234664988432508E-5
 14.54049239852208 2.2362890082368067E-5
 14.65314358415371 2.2513242557618738E-5
 14.766196533976615 2.2664272769329193E-5
 14.879633779982477 2.281601862458674E-5
 14.993455322171299 2.2966743155757116E-5
 15.107661160543078 2.313909968174649E-5
 15.222251295097815 2.3336489640832973E-5
 15.337190789818877 2.3510127450784426E-5
 15.452514580722896 2.3706804586868677E-5
 15.568170263784927 2.3926591497893522E-5
 15.684192775021598 2.4144974567081777E-5
 15.800547178416277 2.436577807185246E-5
 15.917233473968967 2.4607442712168336E-5
 16.034251661679665 2.4871837713583525E-5
 16.151584273540056 2.513472050164031E-5
 16.269248777558455 2.542008640023127E-5
 16.387210237718235 2.5705836953942866E-5
 16.505486122027704 2.5992022344091896E-5
 16.624041494470233 2.6322392203333605E-5
 16.742893823054142 2.667304542416111E-5
 16.862025639771108 2.7025910366413546E-5
 16.98141947661282 2.7398925286516847E-5
 17.10109280158759 2.779390848762849E-5
 17.22101067867879 2.821086880291686E-5
 17.341190575894735 2.8669158166490717E-5
 17.461615025227107 2.9131952175816982E-5
 17.58224909065927 2.9592961276469723E-5
 17.703127708207865 3.014244661189621E-5
 17.824181005839623 3.067675505176967E-5
 17.945583663637705 3.122979656899825E-5
 18.06716100151895 3.1890316859914935E-5
 18.1887383394002 3.2548261746325345E-5
 18.31066503744777 3.322288927414001E-5
 18.4327664155785 3.396112292875335E-5
 18.555042473792397 3.476082902747777E-5
 18.677493212089455 3.564741902290094E-5
 18.799943950386513 3.654928591749047E-5
 18.9227440488499 3.751178583307691E-5
 19.04554414731328 3.853457784936379E-5
 19.16869360594299 3.968787814977407E-5
 19.29166838448954 4.096643519843568E-5
 19.41499252320241 4.2297192584701446E-5
 19.53831666191528 4.375993159105252E-5
 19.66181548071132 4.538868376761168E-5
 19.785314299507355 4.7238228928563203E-5
 19.90881311830339 4.922177751173834E-5
 20.032486617182588 5.141716237783385E-5
 20.156334796144946 5.3936111488877036E-5
 20.280182975107305 5.690958491931735E-5
 20.403856473986504 6.028616660874178E-5
 20.52787933303203 6.428483485818559E-5
 20.65172751199439 6.914200509525737E-5
