 0.0E+0 0.0E+0
 6.926868825783945E-4 0.11773213263453249
 2.086204233212229E-3 0.35262137245700225
 3.4961170564517152E-3 0.5882680081849475
 4.9226244875916584E-3 0.8226237814036232
 6.3658837387069065E-3 1.052375852841638
 7.826139361913885E-3 1.27374210555751
 9.30356603729576E-3 1.4831476071634783
 0.010798355912944004 1.677653081058498
 0.01231071860495842 1.8551616791089413
 0.013840863729438798 2.0144558583112255
 0.015389018370493251 2.1551201444399423
 0.016955339740196626 2.277404711935199
 0.018540019986640406 2.3820688835383974
 0.02014340846999091 2.470228935796926
 0.021765662402322982 2.543220818451621
 0.023406956463719794 2.6024868893514456
 0.0250674653342645 2.649488216998521
 0.026747713054206593 2.685642970259741
 0.028447524943462913 2.7122876355210783
 0.030167250362199776 2.730655889720885
 0.03190723867058352 2.741870117097996
 0.033667664548697295 2.746937697064992
 0.03544887735670744 2.7467520717436384
 0.037250877094613936 2.7420974398572455
 0.03907401312258313 2.733656707202066
 0.04091863480078133 2.722021594180559
 0.04278491680929171 2.7077033035393665
 0.04467303382819742 2.6911427322097947
 0.046583335217664806 2.6727210466666333
 0.04851617033786018 2.6527682020760523
 0.05047153918878354 2.631569744590232
 0.052449965810684374 2.609373574825437
 0.05445145020356269 2.5863951850117126
 0.056476691087751135 2.5628247565576813
 0.05852551378316655 2.538834087676859
 0.060598267649975244 2.5145775904953877
 0.06269547672842672 2.4901887184317157
 0.06481731569860415 2.4657801332777453
 0.06696395924059068 2.4414531123280633
 0.06913593139463578 2.4173048913895045
 0.0713332321607395 2.3934224482961625
 0.07355621089906814 2.369870804451107
 0.07580539164987117 2.346692587671503
 0.07808094909323178 2.323919397144634
 0.08038305790923311 2.301582911308946
 0.08271224213812467 2.2797171794206092
 0.08506867645998961 2.258353736280928
 0.08745271023499425 2.2375171282913575
 0.08986469282330492 2.217222711034871
 0.09230497358508798 2.197479320289534
 0.09477372720042654 2.178289457802551
 0.0972714777095701 2.15964899540258
 0.09979839979260184 2.141552091561739
 0.10235501748977124 2.1239891377173734
 0.10494150548116148 2.106937143979324
 0.10755821312693885 2.09036058764784
 0.11020548978726971 2.0742219402071584
 0.11288385950240351 2.058486801158466
 0.11559367163250661 2.043125150675871
 0.11833510085766216 2.0281200711741154
 0.12110849653803649 2.013470170977111
 0.12391438271387907 1.9991778853811055
 0.12675310874535625 1.9852410484957303
 0.12962502399263434 1.9716553073978928
 0.13253047781587967 1.958422017547741
 0.13546999425534173 1.9455472712741581
 0.13844374799110367 1.9330335636165074
 0.14145226306341501 1.920880920084577
 0.1444960635125252 1.9090955822215776
 0.14757532401851744 1.8976820329500032
 0.15069056862164117 1.886635479459311
 0.15384214668206278 1.8759539824452124
 0.1570305822400317 1.8656438838361091
 0.16025622465571426 1.8557061140446236
 0.16351959796936 1.8461304620808467
 0.16682087686105204 1.836901129739022
 0.17016076005112301 1.8279956647309403
 0.17353977157982244 1.8193856167725441
 0.1769579114471503 1.8110370289338526
 0.18041657709377195 1.8029107659754806
 0.18391541915952103 1.7949671266904076
 0.18745443764439748 1.7871770236876565
 0.191035379349233 1.7795317285922498
 0.19465649747319596 1.7720392905106208
 0.1983212856179496 1.7647045482830836
 0.20202799698266227 1.7575126881115676
 0.20577837836816564 1.7504461962999726
 0.20957242977445963 1.7434925244061527
 0.213411898002376 1.736640246693292
 0.217295036251083 1.729889125231574
 0.2212218445205807 1.7232491815282044
 0.2251958164125323 1.716732713662497
 0.22921695192693786 1.7103416020457844
 0.2332835042629657 1.70406128936682
 0.23739722022144751 1.6978576061651633
 0.24155984660321483 1.6916816140445618
 0.24576963660743611 1.6855041862698914
 0.2500300838357746 1.6793428900436466
 0.2543394414873986 1.6732229695343785
 0.2586977095623082 1.6671469523224671
 0.26310663486133495 1.6611065059924232
 0.26756796418531053 1.6550949241896888
 0.2720799507334033 1.6491096171913393
 0.2766460881072765 1.6431448503863024
 0.28126462950609854 1.6371800902530007
 0.2859355749298694 1.6311884094754878
 0.2906606711794206 1.6251467748149568
 0.29544166505558394 1.6190620872788037
 0.30027855655835933 1.6129574718901655
 0.30516959888691524 1.6068455580191964
 0.31012003244374636 1.6007496785156554
 0.31512461682635795 1.5947071757277775
 0.3201903392380765 1.588724451879347
 0.3253119592764071 1.5827503853309727
 0.33049471734384466 1.5767014174054845
 0.3357368666395576 1.5705041744724004
 0.3410401539643774 1.5641075831599062
 0.3464045793183042 1.557472658097583
 0.35183014270133794 1.550596109881775
 0.3573203377151419 1.5435368068934525
 0.36287167075805276 1.5363905179604757
 0.36848938223256544 1.5292378952035363
 0.3741699785370167 1.522122874934753
 0.37991870007390143 1.515059666434095
 0.3857320532415564 1.5080420375087426
 0.39161178484081315 1.5010360206201767
 0.397561388473335 1.4939881252833453
 0.4035791173382903 1.4868418808896586
 0.4096649714356791 1.479562018513344
 0.4158224443671646 1.4721431952991486
 0.42204978933191517 1.4645527454369784
 0.428350499931594 1.4567339240142542
 0.43472282936536965 1.4486519285139598
 0.4411685244340736 1.440300317250113
 0.4476875851377059 1.431685859359094
 0.4542835050779298 1.4228135854827941
 0.460952790653082 1.4136996230974203
 0.4677006822656574 1.4043633076209303
 0.47452717991565607 1.394810367472766
 0.48143053680224634 1.3850508011792466
 0.4884124997262598 1.3750812950199755
 0.4954765622893597 1.3648957628749391
 0.5026209776907145 1.354507462176765
 0.5098474927311558 1.343931589397866
 0.5171561074106835 1.333156860428626
 0.524550315330961 1.3221660590330912
 0.5320283696911565 1.310991590312751
 0.5395920172921018 1.2996520882258852
 0.5472412581337968 1.2881033860409152
 0.5549795858179047 1.2762922251457551
 0.5628070003444258 1.264200337739625
 0.5707217549125281 1.2518433189617708
 0.5787290899247067 1.2392474232081558
 0.5868272585801299 1.2264203540372213
 0.5950180076796292 1.2133176605103832
 0.6033030840240365 1.1998419260513037
 0.6116824876133516 1.1858993321927828
 0.6201562184475747 1.1714539580968694
 0.6287277701283688 1.156536119549548
 0.6373988894565656 1.1411930787570037
 0.6461660828305019 1.1254360979955981
 0.6550345906526727 1.1092062307524384
 0.6640044129230778 1.0924485394512375
 0.6730755496417172 1.07515950628328
 0.6822497476094226 1.0573177454048188
 0.6915287536270257 1.0389279423456883
 0.700914314495358 1.0200616100256603
 0.7104046834135881 1.0008075032141126
 0.7200033539833789 0.9812849688254542
 0.7297120730055622 0.9615985912067442
 0.7395308404801381 0.941832793249795
 0.7494596564071063 0.9220268195611739
 0.7595037611889622 0.9021501851450276
 0.7696596612240421 0.8822210505044703
 0.7799308501140093 0.8622975444353267
 0.7903173278588639 0.8423860715657316
 0.8008225880602693 0.8225261150161922
 0.8114466307182252 0.8028026148652553
 0.8221912026335635 0.783259937595194
 0.8330580506071155 0.7638895270667918
 0.8440454278380499 0.7446354868428539
 0.8551585747288614 0.7254887745974233
 0.8663957444787184 0.7065145800059494
 0.8777604306892842 0.6877613029600437
 0.8892526333605589 0.6692468490223025
 0.9008740992933739 0.651076808248088
 0.912626575288561 0.6334381840219669
 0.9245118081469517 0.6164983041161306
 0.936529797868546 0.6003274489422166
 0.9486840380550072 0.5848513697557454
 0.9609745287063354 0.5699588030793006
 0.9734012698225305 0.5556275310114752
 0.9859695018060874 0.5418449883168506
 0.9986774778561744 0.5286653074864156
 1.011528691574455 0.5162461141740122
 1.0245231429609287 0.504713092121497
 1.0376625788164277 0.4940762382504075
 1.0509487459417834 0.48431153576074353
 1.0643833911378273 0.47536767066525403
 1.0779682612053911 0.4671939024295887
 1.0917051029453066 0.45982680218784194
 1.1055956631584051 0.4531748886705045
 1.119639941844687 0.44698678846571615
 1.1338396858049832 0.4411797228490882
 1.1481983886409581 0.435890232302417
 1.1627177971534425 0.43119920365440983
 1.177396164541605 0.4271065340775554
 1.19223873120794 0.4236019369242965
 1.2072472439532802 0.42065480536238325
 1.222419955976793 0.41819768521447736
 1.2377621076809737 0.4161180988505715
 1.2532736990658221 0.4143025761969669
 1.2689564769321701 0.4126630440383803
 1.2848121880808491 0.4111571433780786
 1.300842579312691 0.40980202557038236
 1.3170511442293588 0.40864117382644293
 1.3334378828308524 0.4076981891225984
 1.3500045419180037 0.406991582441487
 1.3667546150924758 0.40652823817652594
 1.3836881023542688 0.4063076557562976
 1.4008067505042143 0.4063108808024251
 1.4181140531439755 0.4064421206573169
 1.435611757074384 0.4066076564806486
 1.4532998622954398 0.40676315391467193
 1.4711818624088064 0.406868314006648
 1.489259504215315 0.40692320864120656
 1.5075345345157975 0.4069994014906227
 1.5260104469119173 0.40716490231104335
 1.5446854946028425 0.40744571984332306
 1.563564917991068 0.40781635426855633
 1.5826504638774254 0.4082066609029376
 1.6019421322619151 0.4085438340907787
 1.6214451635470314 0.40878367005928234
 1.6411578109319431 0.40890013721832013
 1.661085314819145 0.40886488497088135
 1.6812294220094685 0.4086715321859841
 1.701590132502914 0.40836727949052853
 1.7221709399011442 0.4080175404434561
 1.7429735910049912 0.40769310016370646
 1.764006819818613 0.40746695725794745
 1.7852479179311981 0.40736922753668736
 1.8067335681602114 0.4073379077135839
 1.828446302497336 0.40725566051398903
 1.8504035889508885 0.4070493894802776
 1.8725704915042364 0.406703262358753
 1.894999414182328 0.4062643235723007
 1.9176554209685314 0.40578966521898923
 1.9405559798711624 0.4052450793389762
 1.9637010908902214 0.40452412852674746
 1.9870907540257081 0.40362825841005045
 2.010724969277623 0.4027283812395992
 2.034621204654281 0.40195622117807017
 2.0587794601556836 0.4013223331384534
 2.0831647997651976 0.4007845994270349
 2.107829627507772 0.4002859570418217
 2.132756475375091 0.3997938945902288
 2.157945343367153 0.39940060045891195
 2.183378763475644 0.39922005811596916
 2.2091091397255104 0.399243446718936
 2.2350840680918055 0.39954012860507476
 2.2613559525994766 0.40024447847386396
 2.2878898572318924 0.4013717955687628
 2.314703249997368 0.4027701794358867
 2.341796130895904 0.4041165178432296
 2.3691684999275004 0.4051220606073775
 2.396837825100474 0.4057849477392907
 2.424786638406507 0.4062705329739911
 2.453032407853917 0.4067217441538527
 2.4815751334427034 0.40702938954604045
 2.5103973471645506 0.40687118954545575
 2.5395339850360905 0.40632380266926393
 2.5689501110406904 0.405844562984479
 2.5986981292033 0.40537996266592146
 2.6287256354989696 0.4047320389523339
 2.659085033952648 0.4041699170517307
 2.6897413885477035 0.40399141232866703
 2.7207121672924516 0.4041712403625986
 2.7520148381952087 0.40455443777879046
 2.783614465239343 0.4048150411033727
 2.8155459844414862 0.4048203699251074
 2.847809395801639 0.40493890156043627
 2.880387231311484 0.4053539154047581
 2.9133144269876543 0.40597707888587453
 2.9465560468135176 0.40704013696381363
 2.9801470268057066 0.40854576507581813
 3.0140698989559044 0.41011956480078404
 3.0483246632641116 0.4116490486235629
 3.0829462557469606 0.41293425095723124
 3.1178997403878185 0.41344653520364643
 3.153202585195002 0.4128886564728227
 3.1888547901685106 0.4116646341566389
 3.224873823316661 0.41039454862808416
 3.2612422166311372 0.40928886040789885
 3.2979774381202546 0.4086817074849994
 3.3350794877840144 0.40918799314085274
 3.372548365622415 0.4107052433228587
 3.4103840716354576 0.41237350673936684
 3.448586605823142 0.41334736183266884
 3.4871559681854682 0.41351937584680786
 3.526127094739069 0.41347979610809743
 3.5654650494673103 0.4141358381523931
 3.6051873003785104 0.41563334870385143
 3.6452938474726686 0.41709607134339893
 3.685784690749784 0.41768889126039893
 3.7266772982181746 0.41737422220302583
 3.7679716698778387 0.41668389596347082
 3.809650337720461 0.4159158694769527
 3.8517307697543574 0.4152463465151748
 3.894230433987844 0.4148514628091589
 3.9371143944042894 0.41472596311995485
 3.980435055028641 0.41472388895878314
 4.024140011835951 0.4146841178673
 4.068281668851167 0.4145609542908464
 4.112825090057658 0.4144982593038949
 4.157787743463739 0.4145008345977223
 4.203187097077727 0.41494411662541375
 4.249005682891306 0.41591311005247755
 4.295260968912791 0.41719191778287995
 4.341935487133867 0.4190204500304236
 4.389064173571166 0.42085527122086996
 4.436612092208055 0.4221596715281663
 4.484614179061166 0.42328662519359605
 4.533052966122186 0.4240099311834625
 4.581928453391112 0.4235818820211428
 4.631258108876261 0.4234683003218668
 4.68105940058595 0.4236820260668947
 4.731297392503544 0.42389994969622374
 4.781989552637362 0.4244529481225975
 4.833135880987403 0.425258779351365
 4.884753845561984 0.4258542659863991
 4.936843446361103 0.42587861464097925
 4.989387215376446 0.4258826961618598
 5.042420088624644 0.4256390079084607
 5.095907130089065 0.42557140454825226
 5.149883275786343 0.4265009140991844
 5.204331057708159 0.42789148362969964
 5.259250475854515 0.42810949763816746
 5.314676466242043 0.42809872737229
 5.370574092854109 0.42788881705959935
 5.426960823699031 0.4272688258956701
 5.483836658776809 0.42725444070246526
 5.541201598087443 0.42806120371086703
 5.5990731096392485 0.4277210501387847
 5.657433725423909 0.424329831262702
 5.716300913449741 0.4216981752579602
 5.775674673716747 0.4203111551504684
 5.835537538216606 0.418434304591918
 5.895924442965955 0.41582621364336735
 5.9568179199564754 0.41158274802517202
 6.018217969188167 0.40697512799937224
 6.080142058669348 0.40354534349906495
 6.1425727203916995 0.40189891254624376
 6.2055099543552234 0.4007252602416301
 6.268988696576551 0.40148340234956436
 6.332991479047368 0.4042026511823298
 6.397500833759357 0.4050941098476056
 6.462551696729149 0.4033654408459794
 6.528126599948431 0.40328153801512472
 6.594225543417198 0.4034465367739937
 6.660865995143772 0.40079870585752125
 6.728030487119834 0.3980790062664492
 6.7957364873537 0.396114153989326
 6.863966527837054 0.39476138820050804
 6.932755544586528 0.39397073454103
 7.002068601585491 0.3950880264702136
 7.0719406348505744 0.3965861365713936
 7.142354176373463 0.397632352038157
 7.2132917581458384 0.3975580131622726
 7.284788316184335 0.39623585247187986
 7.356843850488953 0.39370362104894424
 7.429440893051374 0.3889104777014177
 7.5025794438716 0.3826065658443956
 7.576276970957947 0.3747761415209525
 7.650533474310413 0.366509873732721
 7.725331485920686 0.3572640344775472
 7.800688473797079 0.3457132325659031
 7.876604437939592 0.3335495789738346
 7.953061910339909 0.3232767593168487
 8.030095827014664 0.3126188810596653
 8.107671251947222 0.2988845266413875
 8.185823121154218 0.2835546138545949
 8.264516498619018 0.26673957662875696
 8.343768852349939 0.24887312765082345
 8.423597650355298 0.23222563728564935
 8.50396795661846 0.21511112085926398
 8.58491470715606 0.1976216694752332
 8.666420433959779 0.18089704744749932
 8.748485137029618 0.16188125914385848
 8.83110881636558 0.14205130013338651
 8.914291471967662 0.124183587951651
 8.998033103835864 0.10714518211694952
 9.082351179978504 0.09006155866505824
 9.167210764378948 0.07437001413514524
 9.25264679305383 0.06275359474467825
 9.338624329986514 0.05265973982606561
 9.425178311193637 0.042752810403494795
 9.512273800658562 0.03398941502473708
 9.599945734397926 0.02736000745357983
 9.688159176395093 0.02266696411621907
 9.776949062666699 0.019127244290066253
 9.866280457196108 0.016317661919948413
 9.956170827991638 0.014061562556363063
 10.046602707044972 0.01221977083828331
 10.137611030372744 0.010688258896321313
 10.229143393950004 9.395670148931619E-3
 10.321252201801698 8.292319290611432E-3
 10.413885049902882 7.342216103930963E-3
 10.507076874270188 6.518354536490787E-3
 10.600827674903615 5.799898498472277E-3
 10.695102515786528 5.170413321053038E-3
 10.789918864927246 4.616703100580473E-3
 10.885276722325768 4.128014689086728E-3
 10.981176087982096 3.695476577550632E-3
 11.077616961896227 3.31169142651645E-3
 11.174581876059847 2.970434995448342E-3
 11.27208829848127 2.666428624620286E-3
 11.370101293143867 2.3951645527354506E-3
 11.468655796064267 2.1527700059782743E-3
 11.567734339234155 1.935900176142312E-3
 11.667336922653531 1.741652276881729E-3
 11.767446078314078 1.5674967895907888E-3
 11.868079274224115 1.4112210832760623E-3
 11.969219042375325 1.2708832326073021E-3
 12.070865382767703 1.144773785021271E-3
 12.173018295401256 1.03138380437437E-3
 12.27567778027598 9.293781030915248E-4
 12.378843837391877 8.375726818753125E-4
 12.482498998740628 7.549153713123123E-4
 12.586625796313918 6.804696573422274E-4
 12.691259166128381 6.134004475019704E-4
 12.7963816401757 5.529620377488382E-4
 12.901975750447555 4.984876795486687E-4
 13.008041496943951 4.493804846751099E-4
 13.114578879664888 4.05105519227512E-4
 13.22160536661868 3.6518291879680526E-4
 13.329068553780377 3.291818248631405E-4
 13.437003377166617 2.9671510675350574E-4
 13.545392368769077 2.674346545034094E-4
 13.654218060579444 2.4102727334577881E-4
 13.763497920606035 2.1721101260384093E-4
 13.873214480840533 1.957319160375951E-4
 13.983385209291251 1.7636118912462298E-4
 14.093957701933247 1.5889258817646832E-4
 14.204966894783148 1.431401571012622E-4
 14.31639531983264 1.289361815178278E-4
 14.428242977081721 1.1612936825361896E-4
 14.54049239852208 1.0458321062741907E-4
 14.65314358415371 9.417452417810601E-5
 14.766196533976615 8.479212997698748E-5
 14.879633779982477 7.633568128556619E-5
 14.993455322171299 6.871459323087621E-5
 15.107661160543078 6.184709830915973E-5
 15.222251295097815 5.565938202628064E-5
 15.337190789818877 5.008480891826981E-5
 15.452514580722896 4.506322578363332E-5
 15.568170263784927 4.0540333670634343E-5
 15.684192775021598 3.6467119860376034E-5
 15.800547178416277 3.279934451516484E-5
 15.917233473968967 2.949708059055873E-5
 16.034251661679665 2.6524297158457077E-5
 16.151584273540056 2.384847772465163E-5
 16.269248777558455 2.1440285527804824E-5
 16.387210237718235 1.9273254272318132E-5
 16.505486122027704 1.73235079939608E-5
 16.624041494470233 1.5569512539780022E-5
 16.742893823054142 1.3991847865921037E-5
 16.862025639771108 1.2573003517361095E-5
 16.98141947661282 1.1297192732920051E-5
 17.10109280158759 1.015018534000646E-5
 17.22101067867879 9.119157576060532E-6
 17.341190575894735 8.19255356032426E-6
 17.461615025227107 7.359963963511477E-6
 17.58224909065927 6.6120133444481724E-6
 17.703127708207865 5.940260058908475E-6
 17.824181005839623 5.3371053921000695E-6
 17.945583663637705 4.795711410898696E-6
 18.06716100151895 4.309927424034643E-6
 18.1887383394002 3.874222963355623E-6
 18.31066503744777 3.4836278017614927E-6
 18.4327664155785 3.1336781290288363E-6
 18.555042473792397 2.820367268358709E-6
 18.677493212089455 2.5401024126652667E-6
 18.799943950386513 2.289664913200723E-6
 18.9227440488499 2.0661751610306136E-6
 19.04554414731328 1.8670610751351814E-6
 19.16869360594299 1.690029763462402E-6
 19.29166838448954 1.533042599396357E-6
 19.41499252320241 1.3942931381408264E-6
 19.53831666191528 1.2721877224609877E-6
 19.66181548071132 1.1653289525213435E-6
 19.785314299507355 1.072501740015911E-6
 19.90881311830339 9.926622762702456E-7
 20.032486617182588 9.249301086939527E-7
 20.156334796144946 8.685843136342812E-7
 20.280182975107305 8.230643957558275E-7
 20.403856473986504 7.87978733530069E-7
 20.52787933303203 7.631234910896089E-7
 20.65172751199439 7.485535628690022E-7
 20.775750371039912 7.44235966178809E-7
 20.89959855000227 7.513282218321396E-7
