 3.908645043468923E-4 8.414020297934265E-5
 1.177188718437441E-3 1.0583957933961718E-3
 1.9727644550192012E-3 4.0891346752852074E-3
 2.7777040807621064E-3 0.010332859927620338
 3.5920963061950523E-3 0.020755963766574642
 4.416079125474097E-3 0.0360013463257921
 5.249751105853569E-3 0.056332786351332944
 6.093220671313228E-3 0.08164683401453042
 6.946606102558269E-3 0.111529595340394
 7.8100256802938845E-3 0.14533728921250635
 8.6836075419507E-3 0.18228340065153564
 9.567440398057611E-3 0.2215199817326182
 0.01046163267259438 0.2622052668661419
 0.011366381500069661 0.30355390694568556
 0.012281775591012347 0.34486966192188855
 0.01320791351267677 0.38556251453325046
 0.014144893832317255 0.42515403973917
 0.015093012251696786 0.46327449538570886
 0.016052170203561037 0.499654297428437
 0.01702256482241866 0.5341121526297306
 0.018004393242778315 0.5665416617163803
 0.018997754031894326 0.5968974626056841
 0.020002844324275351 0.6251819672640763
 0.021019664119921392 0.6514329863405437
 0.0220484105533411 0.6757140545606821
 0.02308928075904313 0.6981068899890625
 0.024142373304281816 0.7187066877532607
 0.02520778675631148 0.737618536856472
 0.026285718249640786 0.7549535695880801
 0.02737636491877838 0.7708256992187237
 0.028479726763724264 0.7853493738231292
 0.029596099486241426 0.7986365278968116
 0.030725483086329864 0.8107942292180899
 0.03186827183300689 0.8219219513472399
 0.03302436715901817 0.832109915733824
 0.03419396619887237 0.8414398404424132
 0.035377364654332464 0.8499862236823971
 0.03657466109265278 0.8578158090038963
 0.037785954081087654 0.864986301767953
 0.039011539321400064 0.8715477596371577
 0.04025141681359002 0.8775469244887583
 0.04150578369216616 0.883030966043273
 0.04277493565889148 0.8880460378934535
 0.04405897128102031 0.8926339617189428
 0.04535798912580696 0.8968317994430052
 0.04667228489501443 0.9006724949974308
 0.04800195715589706 0.9041846604009015
 0.049347203042963465 0.9073927896806248
 0.05070821969072233 0.9103177401960136
 0.05208520423368232 0.9128399226301194
 0.05347825523909774 0.9153915335350025
 0.05488766840873158 0.917577545242684
 0.05631354230983817 0.9195535928656106
 0.05775617264418049 0.9213356135655899
 0.059215657979012875 0.9229364426407222
 0.06069219544884399 0.9243646369564075
 0.06218598218818246 0.9256266141616958
 0.06369731389879128 0.9267308776415786
 0.06522638771517913 0.9276905835766084
 0.06677330220460032 0.9285220434914543
 0.0683382545015635 0.9292390553315739
 0.06992154030783165 0.9298506038056371
 0.07152335675791345 0.9303638552884168
 0.07314390098631753 0.930785013507328
 0.07478337012755257 0.9311164316003555
 0.07644205988338151 0.9313595535385358
 0.07812006882105874 0.9315197808431527
 0.0798176926423472 0.93160550993838
 0.08153522704900987 0.9316238537185815
 0.08327277060830111 0.9315802671854496
 0.08503061902198387 0.9314803657819035
 0.08680896942456684 0.931328214019008
 0.08860811751781299 0.9311230631710407
 0.09042826043623095 0.9308597256383526
 0.09226969388158374 0.9305320511739376
 0.09413251642112566 0.9301333012462929
 0.09601712232387404 0.929654223744705
 0.09792380729159184 0.9290863152841821
 0.09985257132427909 0.9284308059141257
 0.1018042029599704 0.9276998356873223
 0.10377850506415713 0.9269116414231556
 0.10577547763683924 0.926084620382236
 0.10779610635056004 0.92523347967697
 0.10983940553277625 0.9243699315168737
 0.11190734652857441 0.9235062229155513
 0.11399894366541127 0.9226560983380514
 0.11611518261583009 0.9218357623482256
 0.11825606337983084 0.9210544135763792
 0.12042257162995687 0.9203111428555631
 0.12261372169366484 0.9196029552828874
 0.12482951357095476 0.9189240214937983
 0.12707191860691322 0.918259260013028
 0.12934093680154018 0.9175887761285216
 0.1316355824822924 0.9168870062048959
 0.13395684132171312 0.9161267287140972
 0.13630569899234565 0.9152886372285661
 0.1386811698216467 0.9143610195387867
 0.1410852251547028 0.9133391693687887
 0.14351687931897072 0.9122244237287908
 0.14597613231445041 0.910975560550539
 0.1484639698136852 0.9097121815277304
 0.15098137748921836 0.9083108878576468
 0.15352736966850655 0.9068252555829632
 0.1561039176966364 0.9052822923100992
 0.15871003590106458 0.9037134445193998
 0.16134572428179114 0.9021417087866278
 0.16401196851135932 0.9005746793298259
 0.1667097542623124 0.8989939054079752
 0.1694390815346504 0.89736580132438
 0.17219896465583006 0.8956534655970028
 0.17499236064348117 0.8938386079260505
 0.17781631247997387 0.8919266833132159
 0.18067476285548134 0.8899248581332716
 0.18356475475237371 0.8878345228768448
 0.18648924518828086 0.8856572819561984
 0.18944724849065947 0.8833999273832435
 0.19243975033205282 0.8810706951409278
 0.1954667507124609 0.8786650928749162
 0.19852824963188372 0.8761761146516625
 0.20162621843540787 0.8736041883144364
 0.20475868577794675 0.8709554106298358
 0.2079286086771302 0.8682490345450108
 0.2111340157878717 0.8655119607055629
 0.21437786412780104 0.8627701805901449
 0.2176581823518317 0.8600454607251183
 0.22097595613250692 0.8573515990559409
 0.22433315681491328 0.8546889164650651
 0.22772879872650753 0.8520467168707408
 0.2311628818672896 0.8494240911060192
 0.23463737758234612 0.8468433405013494
 0.23815130019913374 0.8443164446682914
 0.24170662106273907 0.8418178934518712
 0.24530235450061885 0.8393138872337585
 0.24893948618531624 0.8367669897278278
 0.25261801611683143 0.8341350583719837
 0.2563399156402508 0.8313948291884193
 0.26010321341048786 0.8285574795825641
 0.2639108664451725 0.8256668100091844
 0.26776287474430465 0.8227697227867546
 0.27165825263534104 0.8198609768352172
 0.27559798579082495 0.8168871452262304
 0.279584045555843 0.8138127169683835
 0.2836154462578518 0.8106179043104391
 0.2876931735693947 0.807270084203059
 0.29181722749047173 0.8037417142357369
 0.2959895793661693 0.8000280881325027
 0.30020924352394434 0.7961523094299366
 0.30447720563633995 0.7921401022046477
 0.3087934657033563 0.7880023764600212
 0.31315999507007974 0.7837390982629145
 0.31757679373651043 0.7794267394364508
 0.32204287603010506 0.774999952082527
 0.32656119896849344 0.7704372175295593
 0.33113077687913233 0.7656810443381404
 0.33575259543456487 0.7607172601999517
 0.3404276403073345 0.7556012708184588
 0.34515591149744123 0.7504097136194012
 0.34993740900488495 0.7451547286555655
 0.35477410417475224 0.7397727812013558
 0.3596669826795864 0.7342466505651543
 0.3646140731743009 0.7286631889307722
 0.36961833267652555 0.7231009055382553
 0.37467976118626034 0.7175750423040976
 0.37979835870350525 0.7121313249777809
 0.3849751109008036 0.7068204529868007
 0.3902110034506987 0.7015781963602475
 0.39550702202573373 0.69626978446807
 0.40086218095336556 0.690812376157113
 0.4062784515786806 0.6851961845125756
 0.4117568195742221 0.6794360770880902
 0.41729728493999024 0.6735760147796499
 0.4228998476759849 0.6677058981543645
 0.428567464799836 0.6618635378612207
 0.4342981649664568 0.6560088770740642
 0.44009391952093396 0.6501196679428548
 0.4459547284632676 0.6442396039615418
 0.45188256313854413 0.6384089023975056
 0.45787742354676363 0.6325971328981671
 0.4639402953604693 0.626753328633987
 0.47007216425220443 0.6208028844347582
 0.4762720445494259 0.6146512469378095
 0.4825428932697633 0.6082269128366413
 0.4888837247406735 0.6015248014924226
 0.49529651030724303 0.5945872693888836
 0.5017812499694719 0.5874586517848787
 0.5083389293999034 0.5801393765236778
 0.5149705342710807 0.5726109393838531
 0.5216770502555472 0.5648734473262224
 0.5284584773533029 0.5568848647495075
 0.5353167869094343 0.5485769506521425
 0.5422519789239414 0.5399989070101783
 0.5492640533968242 0.5312855258458298
 0.5563559673457126 0.5225238304802159
 0.5635267350980633 0.5137195486651139
 0.5707783279989627 0.5048565560572855
 0.5781107460484111 0.49585076006201123
 0.5855249749189515 0.48665420479676435
 0.5930220002831272 0.47740297116161084
 0.6006028078134817 0.46816765864414233
 0.6082683831825582 0.4588910737316204
 0.6160197120628998 0.4495107132131591
 0.6238577801270501 0.4400641370370031
 0.6317825873750087 0.430525574557796
 0.639795119479319 0.42091526276220903
 0.6478973477850678 0.4112170024344317
 0.6560902579647983 0.4014653419185169
 0.664372864345967 0.391685989246951
 0.6727481239462039 0.38179994850796855
 0.6812170224380523 0.371737422420109
 0.6897785741489688 0.3615193539114392
 0.6984357360965833 0.35129557369511477
 0.7071885082808959 0.3410926401421214
 0.7160378763744497 0.3307284043282952
 0.7249848260497881 0.32008473872678794
 0.7340303429794544 0.30927127817553834
 0.743176398508535 0.2983630182517374
 0.75242299263703 0.28743690121945464
 0.7617711110374829 0.27675176156096126
 0.7712227250549798 0.266377385861636
 0.7807778346895209 0.25616002864240255
 0.7904374256136497 0.2460407224045725
 0.8002034691724524 0.23598310581823625
 0.8100769510384725 0.22589212280488052
 0.82005787121171 0.21568997006585488
 0.8301482010372515 0.20543917689507054
 0.84034892618764 0.19522495897583075
 0.850661032335419 0.18509452346493965
 0.8610864908256751 0.1751766511866688
 0.871624315985865 0.1655410110694976
 0.8822774648336182 0.15603244040351785
 0.8930469230414785 0.1465354696381961
 0.9039326906094457 0.13722498505818775
 0.9149377245551493 0.12823574659746264
 0.9260610392060467 0.1195401423209828
 0.937305591579767 0.11107018793314444
 0.9486723673488541 0.1028068551045141
 0.9601613665133076 0.09479594980518667
 0.9717745604182141 0.08704810928846266
 0.9835129347361171 0.07966248088412484
 0.9953814178297328 0.07279002908999446
 1.0073671959559986 0.06645005498558962
 1.0194909682383233 0.06056697470922306
 1.0317428779512745 0.05503975307268311
 1.0441327818202843 0.04973625923889416
 1.0566409663944877 0.04466907607842704
 1.0692970018501828 0.04001941072544738
 1.0820811747365044 0.03586660938839806
 1.0950033417788846 0.032139695008001574
 1.108063502977324 0.028769899800665965
 1.1212616583318222 0.02581513088962575
 1.1345978078423797 0.02282946820356342
 1.1480818082344286 0.020200385214289282
 1.1617136595079695 0.017825881271162098
 1.1754736482121366 0.015731765484640832
 1.189391344523228 0.013885480586290374
 1.2034568917158114 0.012233747253697004
 1.2176702897898865 0.010761420369906634
 1.2320216820200207 9.478170262429551E-3
 1.246540638582512 8.368955031500555E-3
 1.2611975893010625 7.400147265705434E-3
 1.2760221043519701 6.540132556215348E-3
 1.2909944702843698 5.768485665320259E-3
 1.3061245438236936 5.086117471342007E-3
 1.3214123249699423 4.494526816216239E-3
 1.3368578137231155 3.975944834135559E-3
 1.352470866808646 3.514482656101387E-3
 1.368241627501101 3.1045427016514292E-3
 1.3841799525259135 2.7591855818479013E-3
 1.400285841883083 2.4966246381753222E-3
 1.4165494388471775 2.296327083821659E-3
 1.432990456869062 2.1342998960483033E-3
 1.4495891824978708 2.025957198265359E-3
 1.4663751859099027 2.0493511937282795E-3
 1.483318896928859 2.072964980105708E-3
 1.5004498857310382 2.223014000289961E-3
 1.5177484388655748 2.4213270036357067E-3
 1.5352244130579015 2.6423883266867976E-3
 1.552887665033451 2.8641323806359994E-3
 1.5707184813413581 3.066971751856762E-3
 1.588736575432488 3.241579350102161E-3
 1.606941947306841 3.3715244963525604E-3
 1.6253247402389838 3.4394210306055873E-3
 1.6439046676797826 3.445455278605328E-3
 1.6626620161783711 3.3997940264965022E-3
 1.6816164991856155 3.3123505098059417E-3
 1.7007582599760828 3.192900305488355E-3
 1.720087298549773 3.0575185548060027E-3
 1.7396233283575517 2.929971416603572E-3
 1.7593466359485534 2.831338514872572E-3
 1.7792670780482107 2.7665412772674615E-3
 1.7993846546565235 2.765158063077738E-3
 1.819709222498925 2.7895590218610013E-3
 1.8402309248499821 2.8141966533773714E-3
 1.8609596184351275 2.862929124919519E-3
 1.881895303254362 2.883935641192266E-3
 1.9030379793076841 2.8737067642929875E-3
 1.9243876465950953 2.878950421951448E-3
 1.9459443051165947 2.8842449183960707E-3
 1.9677079548721827 2.897100859933997E-3
 1.989698309312725 2.8171879216515017E-3
 2.011895654987355 2.736522777316148E-3
 2.0343098486215067 2.725177453140269E-3
 2.0569408902151802 2.758956182328971E-3
 2.079788779768374 2.7930585752990984E-3
 2.1028633740065223 2.9135394540541273E-3
 2.126164672929625 3.043452725980911E-3
 2.1496828198122486 3.1648223421685576E-3
 2.173427671379826 3.355209014133374E-3
 2.1974090843577904 3.65318179653854E-3
 2.221607345295276 4.008129344121682E-3
 2.2460520243685815 4.309149012374188E-3
 2.270713551401408 4.419984699411042E-3
 2.295621496570054 4.320189614917483E-3
 2.3207561464236543 4.157013454042529E-3
 2.346127357687642 4.055452553412841E-3
 2.3717449870874482 3.96763365773326E-3
 2.3975991778976415 3.8167849984773677E-3
 2.4236997868436547 3.7156612467088077E-3
 2.4500369572000546 3.7159840349361753E-3
 2.4766304024177072 3.716309964066953E-3
 2.503460409045746 3.691766948804754E-3
 2.5305466905350373 3.55298181187033E-3
 2.557879390160149 3.335856272540423E-3
 2.5854585079210794 3.0813838663285137E-3
 2.6132939005432622 2.7902717111991034E-3
 2.6413954247521314 2.485472368538556E-3
 2.669743367096819 2.261780558102657E-3
 2.698347584302759 2.058575755248901E-3
 2.727208076369952 1.6820729823992317E-3
 2.75633470002383 1.2990896140583887E-3
 2.785727455264393 1.1146211910867333E-3
 2.8153764853662086 1.125641121593859E-3
 2.8453015037801416 1.1367636312413433E-3
 2.875482797055328 1.2631202955449851E-3
 2.9059400786426317 1.1758917700976023E-3
 2.9366634918166205 8.33212414360218E-4
 2.9676530365772944 4.740950046548318E-4
 2.99892842637552 8.817704862894298E-6
 3.0304699477604297 -5.842109470026798E-4
 3.0622874574574576 -1.0668089569379577E-3
 3.0943809554666037 -1.4716760806962841E-3
 3.1267504417878675 -1.9308737912631375E-3
 3.1594057731466826 -2.416693674943188E-3
 3.192337092817615 -2.7558236429126112E-3
 3.2255542575260984 -2.9751469061597164E-3
 3.2590572672721327 -3.14007808012823E-3
 3.2928362653302847 -3.1669191485544432E-3
 3.326910965151421 -3.260798337192827E-3
 3.361271510010107 -2.2250225135001964E-3
 3.395917899906344 -1.1806300808324982E-3
 3.430859991565565 -3.8948932958988726E-3
 3.4660879282623362 -3.8929982582336752E-3
 3.5016017099966587 -3.8910878439338135E-3
 3.537421050219397 -3.955996213828308E-3
 3.573536092205119 -4.413270448014037E-3
 3.6099369792283915 -4.761434487070841E-3
 3.646643424740081 -4.921717892636474E-3
 3.683645572014754 -5.076904561767764E-3
 3.7209434210524094 -5.053552080479203E-3
 3.758546828578482 -5.030008286579661E-3
 3.796445937867538 -4.910551129808936E-3
 3.834650605645011 -4.736649579919863E-3
 3.8731509751854664 -4.326291462153884E-3
 3.911966759939771 -3.713268265819261E-3
 3.95107824645706 -3.001230317635159E-3
 3.990505148188198 -2.297001792658457E-3
 4.030237608407751 -1.2289018186532592E-3
 4.070265770390289 -1.7314700015005145E-4
 4.110609347586676 2.2241059097954224E-4
 4.1512683399969114 2.4797809299589065E-4
 4.192232890895563 5.94943609352389E-4
 4.2335030002826314 1.1051767648230092E-3
 4.275088524883549 1.3978543984773676E-3
 4.316989464698315 1.6965837147447197E-3
 4.359195963001498 2.2419937160318773E-3
 4.40171787651853 2.904491745462515E-3
 4.444555205249411 3.3551841457433047E-3
 4.487698092468708 3.4386732140500274E-3
 4.531166251627288 3.4981323046556953E-3
 4.574939969274283 3.522892129494969E-3
 4.6190389588605604 3.3120948199717053E-3
 4.663443506935255 2.9047147052865965E-3
 4.708163470223797 2.6377224819057586E-3
 4.753208705451621 2.4859249732378124E-3
 4.798559499167863 2.2049821713127416E-3
 4.844235564823386 1.6750828790538911E-3
 4.8902270456927574 9.979122320804771E-4
 4.936533941775979 3.546996391483778E-4
 4.983156253073049 -3.44677747475087E-4
 5.0300939795839685 -9.939079934360918E-4
 5.077347121308737 -1.4059585522173928E-3
 5.124925534972787 -1.6500264518676862E-3
 5.172809507125254 -1.8000277140469251E-3
 5.221018751217002 -1.8297293943945634E-3
 5.269533553797167 -1.771323336475394E-3
 5.318373628316614 -1.7125256897891918E-3
 5.367519261324476 -1.5394787033515446E-3
 5.4169901662716215 -1.4017542433638714E-3
 5.466766629707183 -1.224821477387222E-3
 5.5168683650820264 -2.907662652377748E-4
 5.567275658945285 -4.7080670950590443E-4
 5.617998368022394 -4.930608446791311E-4
 5.669026635587919 -4.6764099018015294E-4
 5.720380175092726 -4.420591006805048E-4
 5.772029416360516 -3.3832766022538735E-4
 5.824003929567588 -2.3917931966289E-4
 5.876274144537643 -1.7064610649172802E-4
 5.928859774721549 -1.1749292297009086E-4
 5.981760820119303 -7.387954267314381E-5
 6.03495756728004 -4.563833789289245E-5
 6.088459872929194 -3.1380829399993794E-5
 6.1422677370667635 -2.409764485783414E-5
 6.19638115969275 -1.9445773972797613E-5
 6.2508001408071525 -1.5927147066341731E-5
 6.305514823684539 -1.3101554593546143E-5
 6.360535065050341 -1.0795436583892466E-5
 6.415841151453694 -8.903278330132075E-6
 6.471452796345464 -7.34676900453553E-6
 6.527360143000218 -6.064326451230581E-6
 6.583563191417954 -5.006558464352733E-6
 6.640052084873241 -4.133461323793661E-6
 6.696836680091512 -3.4124399504692647E-6
 6.753907120347335 -2.816823236692341E-6
 6.811263405640706 -2.3247206885139025E-6
 6.86890553597163 -1.9181237944149466E-6
 6.926833511340104 -1.5821916340063576E-6
 6.985047331746128 -1.304677568047106E-6
 7.043537140464271 -1.075465723741603E-6
 7.1022930807690984 -8.861941182992372E-7
 7.161334866111478 -7.299472000644658E-7
 7.220652639765974 -6.010035814287391E-7
 7.280236545007155 -4.946291498692478E-7
 7.340086581835021 -4.069061552586385E-7
 7.400202750249575 -3.3459268474297995E-7
 7.460594906976245 -2.750063161125265E-7
 7.521233481838734 -2.2592791724245733E-7
 7.582138188287908 -1.8552207794073736E-7
 7.643299169598336 -1.522711472119642E-7
 7.704706569044583 -1.2492062976003367E-7
 7.766370243352082 -1.0243389342996902E-7
 7.828280335795401 -8.395467944138674E-8
 7.890446703099972 -6.877597679060365E-8
 7.9528397750894974 -5.631425004165998E-8
 8.015479265214843 -4.608808834273392E-8
 8.078355316750574 -3.7700513037318665E-8
 8.141467929696692 -3.0824308522906245E-8
 8.204807247327764 -2.518989556830335E-8
 8.268373269643792 -2.0575279136002502E-8
 8.332165996644772 -1.6797741270290863E-8
 8.396175571605275 -8.43732599045961E-9
 8.460401994525299 -8.774733592818486E-9
 8.524845265404842 -8.101170188705235E-9
 8.589505384243907 -7.4253402818555885E-9
 8.654362637591628 -6.047000403207643E-9
 8.719436738898871 -4.922033052685242E-9
 8.784698117989336 -4.0043188649981995E-9
 8.85016648831389 -3.256048421209232E-9
 8.915822136421667 -2.6462406809703307E-9
 8.981665062312667 -2.1495226665558973E-9
 9.04769526598689 -1.7451247799039488E-9
 9.113902890718903 -1.4160542094184732E-9
 9.18029779323414 -1.1484151939742057E-9
 9.246860260081732 -9.308503665668212E-10
 9.313600147987115 -7.540815715234013E-10
 9.380497743499422 -6.105332554640119E-10
 9.447562903344089 -4.940230296566727E-10
 9.514785770795678 -3.9950792686999905E-10
 9.582156489128758 -3.2287664602932785E-10
 9.649684915068764 -2.607789978451716E-10
 9.71735133516483 -2.1048642255915543E-10
 9.785165606142385 -1.6977773974680336E-10
 9.853117871276002 -1.36845718043451E-10
 9.921188417114811 -1.1022066768426349E-10
 9.98939695710968 -8.870801282310085E-11
 10.057704064358875 -7.133725517844741E-11
 10.126208306116727 -5.732036092736275E-11
 10.194811115128907 -4.601777123170043E-11
 10.263413924141087 -3.69106983167669E-11
 10.33221386766192 -2.957852358097532E-11
 10.401112378437082 -2.3680400870039477E-11
 10.470109456466574 -1.8940264848792753E-11
 10.539205101750392 -1.513462784151945E-11
 10.60830074703421 -1.2082656542111105E-11
 10.677593526826687 -9.638093263520612E-12
 10.74688630661916 -7.682694961216704E-12
 10.81637622092029 -6.120895353586548E-12
 10.885767567967093 -4.875468195590165E-12
 10.95535604952255 -3.884000406244547E-12
 11.024944531078008 -3.096023646900317E-12
 11.094631579887794 -2.47067562296707E-12
 11.164318628697579 -1.9747893893499344E-12
 11.234005677507364 -1.5813219355992551E-12
 11.30379129357148 -1.2680505474668871E-12
 11.37367547688992 -1.0164718592116566E-12
 11.443559660208361 -8.108441264394542E-13
 11.513345276272474 -6.373128749005703E-13
 11.583328026845246 -4.830543208268609E-13
 11.653212210163687 -3.3535325637602684E-13
