 0.0E+0 0.563497206813065
 1.3853725023837825E-3 0.5701258527850296
 2.787041702863964E-3 0.5768320230773264
 4.205198196993382E-3 0.5836166136564571
 5.64003478308176E-3 0.5904805305951276
 7.091746487042081E-3 0.5974246901683916
 8.560530587473315E-3 0.6044500189726364
 0.010046586641035691 0.6115574540264777
 0.01155011650807402 0.6187479428926144
 0.013071324378540581 0.6260224437777584
 0.014610416798163727 0.6333819256544965
 0.016167602694916044 0.6408273683688341
 0.01774309340574695 0.6483597627601538
 0.01933710270361019 0.6559801107763695
 0.020949846824774444 0.6636894255853273
 0.02258154449640784 0.6714887317013754
 0.0242324169644736 0.6793790650977152
 0.025902688021901945 0.6873614733301202
 0.027592584037066138 0.6954370156568996
 0.029302333982553482 0.7036067631626282
 0.031032169464240495 0.7118717988761779
 0.032782324750658266 0.7202332179068562
 0.03455303680269255 0.7286921275557565
 0.03634454530355753 0.737249647451889
 0.0381570926891044 0.7459069096778201
 0.03999092417843869 0.7546650588934569
 0.041846287804842015 0.763525252477796
 0.043723434447042283 0.7724886606461072
 0.04562261786077199 0.7815564665907407
 0.047544094710672744 0.7907298666096502
 0.04948812460251569 0.8000100702482352
 0.051454970115770735 0.8093983004240373
 0.053444896836482264 0.818895793569519
 0.055458173390495975 0.8285037997748323
 0.05749507147703662 0.83822358291064
 0.05955586590258778 0.8480564207870631
 0.06164083461516236 0.8580036052812454
 0.06375025873888673 0.8680664424839205
 0.06588442260894525 0.8782462528450902
 0.06804361380688284 0.888544371313912
 0.07022812319625155 0.8989621474853263
 0.07243824495861761 0.9095009457504025
 0.07467427662993811 0.9201621454392066
 0.07693651913728888 0.9309471409730135
 0.07922527683596663 0.9418573420118941
 0.08154085754695393 0.9528941736051271
 0.08388357259475399 0.9640590763511019
 0.08625373684561848 0.9753535065362438
 0.08865166874611709 0.986778936306459
 0.09107769036212839 0.9983368538079337
 0.09353212741817696 1.0100287633518187
 0.09601530933717536 1.021856185572296
 0.09852756928055476 1.0338206575806945
 0.10106924418877439 1.0459237331264468
 0.10364067482222677 1.0581669827664885
 0.10624220580255943 1.0705519940137542
 0.10887418565436159 1.0830803715104098
 0.1115369668472769 1.0957537371877676
 0.11423090583850919 1.1085737304367584
 0.11695636311574743 1.1215420082638651
 0.11971370324047406 1.1346602454712331
 0.122503294891716 1.1479301348173804
 0.12532551091019092 1.1613533871876817
 0.12818072834287258 1.1749317317666023
 0.1310693284879796 1.1886669162090888
 0.13399169694038556 1.202560706813764
 0.1369482236374552 1.216614888693319
 0.13993930290529896 1.230831265952633
 0.14296533350546603 1.2452116618636444
 0.14602671868206687 1.2597579190409076
 0.14912386620932774 1.2744718996210187
 0.15225718843958596 1.2893554854372781
 0.15542710235171483 1.3044105782040156
 0.15863402960000172 1.3196390996928428
 0.16187839656345934 1.3350429919173121
 0.16516063439559111 1.350624217310881
 0.168481179074594 1.3663847589134687
 0.1718404714540201 1.382326620553429
 0.17523895731388544 1.3984518270337713
 0.17867708741223684 1.414762424315354
 0.182155317537169 1.431260479702195
 0.18567410855929702 1.4479480820357322
 0.18923392648470707 1.4648273418700517
 0.19283524250833716 1.4819003916726192
 0.19647853306785198 1.4991693860061894
 0.20016427989796456 1.5166365017210441
 0.2038929700852309 1.5343039381425225
 0.2076650961233054 1.5521739172660944
 0.21148115596867586 1.5702486839478844
 0.21534165309686728 1.5885305060939165
 0.21924709655911034 1.6070216748563943
 0.22319800103949286 1.6257245048248794
 0.22719488691258121 1.64464133421763
 0.23123828030151194 1.6637745250835513
 0.23532871313658015 1.683126463486682
 0.2394667232142813 1.7026995597090563
 0.24365285425685173 1.7224962484381356
 0.2478876559722701 1.742518988972555
 0.25217168411476453 1.7627702654047356
 0.2565055005457688 1.78325258682948
 0.2608896732953914 1.8039684875284671
 0.2653247766243382 1.8249205271779995
 0.2698113910863453 1.8461112910334611
 0.2743501035910666 1.8675433901340681
 0.2789415074674635 1.8892194614951922
 0.2835862025276681 1.9111421683051845
 0.28828479513133015 1.93331420011998
 0.2930378982504426 1.9557382730633967
 0.29784613153465905 1.9784171300142836
 0.302710121377072 2.00135354081159
 0.30763050098049493 2.0245503024404043
 0.31260791042420166 2.048010239233545
 0.31764299673116153 2.0717362030600434
 0.3227364139357378 2.095731073520276
 0.3278888231518662 2.1199977581413214
 0.333100892641713 2.1445391925669676
 0.33837329788480086 2.1693583407444667
 0.3437067216475939 2.1944581951265456
 0.3491018540535787 2.219841776849879
 0.35455939265378466 2.245512135927928
 0.36008004249777875 2.27147235144078
 0.3656645162051258 2.2977255317192843
 0.37131353403730305 2.3242748145314644
 0.3770278239700715 2.351123367263155
 0.3828081217662927 2.3782743871089482
 0.38865517104921376 2.405731101240977
 0.3945697233761685 2.4334967670025693
 0.4005525383127536 2.4615746720766376
 0.4066043835074196 2.4899681346635582
 0.41272603476649866 2.518680503658459
 0.4189182761296686 2.5477151588242183
 0.4251818999458418 2.5770755109562775
 0.4315177069494599 2.606765002057737
 0.4379265063372184 2.636787105500324
 0.4444091158451873 2.667145326192683
 0.45096636182634536 2.69784320073962
 0.45759907932850613 2.728884297597891
 0.4643081121726266 2.7602722172363383
 0.47109431303150983 2.7920105922891655
 0.4779585435088844 2.8241030877023614
 0.4849016742188435 2.8565534008850326
 0.49192458486565676 2.8893652618497647
 0.4990281643239264 2.922542433354755
 0.5062133107190931 2.9560887110403317
 0.5134809315082783 2.9900079235670946
 0.5208319435614643 3.024303932733449
 0.5282672732429653 3.058980633617027
 0.5357878564932447 3.094041954683866
 0.5433946389110016 3.1294918579102324
 0.5510885758355568 3.165334338897936
 0.5588706324295216 3.2015734269789986
 0.5667417837617246 3.2382131853221434
 0.5747030148904002 3.27525771102711
 0.5827553209466086 3.3127111352288256
 0.5908997072179128 3.3505776231696353
 0.5991371892322318 3.3888613742976056
 0.6074687928419369 3.4275666223390484
 0.6158955543081249 3.4666976353635003
 0.6244185203850531 3.506258715860877
 0.6330387484047609 3.5462542007927013
 0.641757306361821 3.5866884616504233
 0.6505752729982308 3.627565904494073
 0.6594937378884006 3.6688909700059513
 0.6685138015242733 3.710668133507589
 0.6776365754004863 3.7529019049978056
 0.6868631820996255 3.7955968291632133
 0.6961947553775072 3.8387574853933505
 0.7056324402484956 3.8823884877800902
 0.7151773930708193 3.926494485114093
 0.7248307816318795 3.971080160870456
 0.7345937852335225 4.016150233183177
 0.7444675947772492 4.061709454821938
 0.7544534128493683 4.107762613140031
 0.7645524538060207 4.154314530033601
 0.7747659438581039 4.201370061878282
 0.7850951211560413 4.248934099461164
 0.7955412358743827 4.297011567899599
 0.8061055502962073 4.345607426548951
 0.8167893388972978 4.394726668911393
 0.8275938884300912 4.444374322507968
 0.838520498007316 4.494555448771457
 0.8495704791853643 4.545275142902964
 0.8607451560473124 4.596538533722579
 0.8720458652855735 4.648350783518715
 0.8834739562841811 4.70071708786998
 0.8950307912006336 4.753642675461237
 0.9067177450472863 4.807132807891129
 0.918536205772272 4.861192779451507
 0.9304875743398767 4.91582791691326
 0.9425732648103912 4.971043579275575
 0.9547947044193447 5.026845157521002
 0.9671533336561368 5.083238074346176
 0.9796506063420077 5.140227783865804
 0.99228798970728 5.197819771333973
 1.0050669644679155 5.256019552804603
 1.0179890249012384 5.314832674820907
 1.0310556789208924 5.374264714050353
 1.0442684481509034 5.434321276927291
 1.0576288679988614 5.4950079992676
 1.0711384877281562 5.556330545867586
 1.084798870529226 5.618294610081358
 1.0986115935897677 5.680905913384374
 1.1125782481638746 5.744170204917985
 1.1267004396400526 5.8080932610084614
 1.1409797876080558 5.872680884672196
 1.155417925924505 5.937938905097601
 1.1700165027772311 6.003873177102988
 1.1847771807482887 6.070489580586563
 1.199701636875614 6.137794019931556
 1.2147915627132226 6.205792423417072
 1.2300486643899584 6.274490742577858
 1.245474662666668 6.3438949515647724
 1.2610712929918022 6.414011046470634
 1.2768403055553623 6.484845044627284
 1.2927834653411156 6.5564029838919024
 1.308902552177058 6.628690921895948
 1.3251993607840297 6.701714935276155
 1.3416757008224398 6.7754811188721104
 1.3583333969370186 6.849995584910209
 1.3751742887995634 6.925264462144832
 1.3922002311495735 7.001293894986595
 1.4094130938327413 7.078090042587514
 1.4268147618371938 7.155659077916608
 1.4444071353274623 7.234007186788754
 1.4621921296760651 7.313140566875116
 1.4801716754926554 7.393065426679846
 1.498347718650655 7.473787984483355
 1.5167222203112895 7.555314467265081
 1.535297156944975 7.637651109579418
 1.554074520349941 7.720804152413898
 1.5730563176680476 7.804779842005854
 1.5922445713976904 7.889584428630601
 1.61164131940373 7.975224165350262
 1.6312486149243414 8.06170530674189
 1.6510685265747404 8.149034107567322
 1.6711031383476371 8.237216821437897
 1.6913545496104065 8.326259699415283
 1.7118248750988216 8.41616898859407
 1.7325162449072992 8.506950930641949
 1.7534308044755584 8.598611760299871
 1.7745707145715903 8.691157703853703
 1.7959381512708714 8.784594977548398
 1.817535305931678 8.878929785990643
 1.8393643851664722 8.974168320486694
 1.8614276108092044 9.070316757353329
 1.8837272198784587 9.167381256191009
 1.9062654645363577 9.265367958103315
 1.9290446120430857 9.364282983885218
 1.9520669447069611 9.464132432172606
 1.9753347598299562 9.56492237753294
 1.9988503696485251 9.66665886853086
 2.022616101269675 9.769347925744608
 2.0466342966021615 9.87299553972681
 2.0709073122826682 9.977607668944874
 2.095437519596926 10.083190237649784
 2.120227304395591 10.189749133722426
 2.145279067004826 10.297290206456006
 2.170595222131434 10.40581926431107
 2.196178198762469 10.515342072599719
 2.2220304400591532 10.625864351148817
 2.248154403245053 10.737391771897942
 2.2745525594883435 10.849929956452847
 2.3012273937780656 10.963484473603337
 2.3281814047942734 11.078060836764331
 2.3554171047718943 11.19366450140825
 2.3829370193582763 11.310300862408852
 2.410743687464205 11.427975251356678
 2.4388396611083194 11.546692933832492
 2.4672275052548253 11.666459106600849
 2.495909797644309 11.787278894784134
 2.524889128617603 11.909157348972533
 2.554168100932548 12.032099442279545
 2.5837493295735107 12.1561100673559
 2.6136354415535696 12.281194033344518
 2.6438290757092035 12.407356062793049
 2.6743328824873984 12.534600788503923
 2.7051495237250042 12.662932750340007
 2.7362816724202434 12.792356391983343
 2.7677320124962436 12.922876057630772
 2.7995032385564546 13.054495988646766
 2.8315980556318307 13.187220320161238
 2.8640191789196496 13.321053077615105
 2.896769333513841 13.455998173265002
 2.9298512541267176 13.592059402615853
 2.9632676848019414 13.729240440826201
 2.9970213786186454 13.867544839043543
 3.031115097386551 14.006976020701993
 3.065551611331982 14.147537277764732
 3.1003336987746386 14.289231766913806
 3.1354641457950056 14.432062505697512
 3.170945745892289 14.576032368619627
 3.2067812996327362 14.72114408319194
 3.242973614288254 14.867400225925463
 3.279525503465168 15.01480321828161
 3.316439786723029 15.163355322579388
 3.353719289183358 15.313058637847387
 3.391366841128193 15.463915095635526
 3.4293852775883366 15.615926455784999
 3.467777437921207 15.769094302143788
 3.5065461653781544 15.923420038250825
 3.545694306661165 16.078904882970057
 3.5852247114688333 16.235549866089424
 3.625140232031516 16.393355823868933
 3.6654437226355343 16.552323394563316
 3.7061380391363774 16.71245301389359
 3.7472260384607642 16.87374491049774
 3.788710578097527 17.036199101322424
 3.8305945155771623 17.19981538700992
 3.8728807079400393 17.36459334721985
 3.9155720111931096 17.53053233595283
 3.95867127975512 17.69763147681736
 4.002181365890184 17.86588965828366
 4.046105119129692 18.035305528903624
 4.090445385682463 18.205877492515558
 4.135205007833112 18.377603703414056
 4.180386823328538 18.550482061508176
 4.225993664752514 18.724510207455825
 4.272028358888309 18.899685517783485
 4.3184937260693114 19.07600509999476
 4.365392579517635 19.2534657876552
 4.4127277246706304 19.43206413548428
 4.46050195849534 19.611796414420705
 4.508718068790809 19.792658606699593
 4.557378833478304 19.974646400910877
 4.6064870198793794 20.15775518707787
 4.65604538398184 20.341980051715683
 4.706056669693564 20.527315772913702
 4.7565236080842234 20.713756815410594
 4.807448916614908 20.90129732570202
 4.858835298355716 21.089931127138925
 4.910685441191293 21.27965171505613
 4.9630020170143964 21.47045225192663
 5.015787680907546 21.66232556252493
 5.069045070312784 21.855264129134948
 5.122776804189653 22.04926008676738
 5.176985482161412 22.24430521844336
 5.231673683649671 22.44039095048241
 5.2868439669974165 22.63750834785077
 5.342498868580628 22.835648109559414
 5.398640901908561 23.03480056409401
 5.455272556712799 23.234955664922171
 5.51239629802527 23.43610298603349
 5.570014565245282 23.638231717557605
 5.628129771195796 23.84133066145449
 5.686744301169101 24.04538822724652
 5.7458605119619985 24.250392427863374
 5.805480730900764 24.45633087552831
 5.865607254856004 24.663190777767916
 5.926242349247696 24.87095893346289
 5.987388247040524 25.079621729052206
 6.049047147729879 25.289165134763745
 6.111221216318593 25.49957470101687
 6.17391258228483 25.710835554882983
 6.237123338541271 25.922932396675054
 6.300855540385922 26.135849496671252
 6.365111204444858 26.34957069192456
 6.4298923076071314 26.564079383240382
 6.495200785952242 26.779358532248476
 6.5610385336704144 26.995390658650727
 6.627407401976108 27.212157837567552
 6.694309198015001 27.429641697088616
 6.761745683764952 27.647823415908344
 6.829718574931151 27.86668372119807
 6.898229539836041 28.086202886560997
 6.9672801983042065 28.306360730232146
 7.036872120542836 28.52713661338946
 7.107006826018042 28.74850943870355
 7.177685782327603 28.970457649004227
 7.248910404070437 29.192959226213975
 7.320682051713447 29.415991690420717
 7.393002030456089 29.63953209916944
 7.465871589093196 29.863557046975103
 7.539291918876612 30.088042665018154
 7.613264152376066 30.312964621094042
 7.687789362339933 30.538298119742982
 7.7628685605563054 30.764017902651847
 7.838502696715058 30.99009824924462
 7.914692657271362 31.216512977558764
 7.9914392643113565 31.44323544530421
 8.068743274420415 31.670238551243024
 8.146605377554819 31.897494736742174
 8.22502619591723 32.12497598766713
 8.304006282836841 32.352653836448155
 8.383546121654579 32.580499364505556
 8.463646124614295 32.80848320485712
 8.544306631760353 33.036575545069496
 8.625527909842477 33.264746130465155
 8.707310151228478 33.49296426757978
 8.789653472825492 33.7211988279794
 8.872557915010592 33.94941825228571
 8.956023440571299 34.177590554572205
 9.040049933656904 34.405683326988643
 9.12463719874116 34.63366374475704
 9.209784959597247 34.86149857140153
 9.295492858285613 35.089154164354596
 9.381760454155575 35.31659648079821
 9.468587222861304 35.54379108390583
 9.555972555393135 35.77070314930126
 9.64391575712477 35.99729747192849
 9.732416046877374 36.22353847315583
 9.821472556001115 36.449390208285485
 9.911084327475198 36.67481637428403
 10.001250315026867 36.89978031793485
 10.091969382270491 37.124245044254095
 10.183240301867311 37.348173225226105
 10.275061754706666 37.571527208918993
 10.36743232910965 37.79426902884406
 10.46035052005576 38.01636041372139
 10.553814728433554 38.237762797486006
 10.64782326031592 38.45843732970119
 10.742374326260943 38.67834488620674
 10.83746604063894 38.89744608016009
 10.933096420986658 39.115701273336995
 11.029263387389237 39.33307058779821
 11.125964761890874 39.54951391780698
 11.223198267934764 39.76499094213469
 11.320961529833326 39.979461136578635
 11.419252072269167 40.192883786879804
 11.518067319827834 40.4052180018599
 11.617404596562851 40.61642272687942
 11.717261125593849 40.82645675762547
 11.817634028738581 41.03527875410074
 11.918520326179348 41.24284725498161
 12.019916936164712 41.44912069216092
 12.12182067474696 41.654057405650306
 12.224228255556225 41.857615658653884
 12.327136289611635 42.05975365295729
 12.430541285170333 42.26042954455352
 12.534439647614876 42.459601459461104
 12.638827679379558 42.65722750985319
 12.74370157991636 42.853265810323826
 12.84905744570091 43.047674494450035
 12.954891270279145 43.240411731469116
 13.061198944354986 43.43143574326511
 13.167976255919775 43.62070482140577
 13.275218890423593 43.80817734449192
 13.382922430989225 43.993811795554876
 13.491082358668915 44.17756677970876
 13.599694052744509 44.35940104185004
 13.708752791071104 44.539273484589806
 13.818253750464807 44.71714318620736
 13.928192007134607 44.89296941881287
 14.038562537158922 45.06671166650991
 14.14936021700679 45.238329643716724
 14.260579824104095 45.40778331353782
 14.37221603744498 45.57503290615377
 14.484263438248453 45.740038937342
 14.596716510660539 45.902762226926483
 14.709569642501778 46.06316391735453
 14.822817126060414 46.22120549216309
 14.936453158930965 46.37684879456733
 15.050471844898503 46.53005604588199
 15.164867194868226 46.6807898640445
 15.279633127840555 46.82901328196532
 15.394763471931366 46.974689765916174
 15.510251965437417 47.1177832337337
 15.626092257946532 47.25825807304356
 15.742277911492584 47.396079159244834
 15.858802401754708 47.5312118734959
 15.975659119300715 47.6636221204448
 16.092841370874115 47.793276345893303
 16.21034238072454 47.920141554247265
 16.328155291981111 48.044185325758625
 16.446273168068145 48.16537583365236
 16.56468899416302 48.28368186091337
 16.683395678695255 48.399072816971624
 16.802386054886682 48.51151875402843
 16.921652882331667 48.62099038322964
 17.04118884861719 48.72745909044678
 17.160986570981641 48.83089695190208
 17.281038598012084 48.93127674935011
 17.40133741137882 49.028571985089044
 17.521875427606854 49.122756896482115
 17.642644999883096 49.2138064703086
 17.763638419898786 49.30169645658244
 17.88484791972596 49.38640338215623
 18.006265673727302 49.467904563818045
 18.12788380049824 49.54617812107192
 18.24969436484042 49.62120298849236
 18.371689379765605 49.69295892761033
 18.49386080852876 49.761426538474204
 18.616200566689553 49.82658727061283
 18.738700524200844 49.88842343373037
 18.86135250752345 49.94691820776847
 18.984148301765618 50.00205565260408
 19.107079652846405 50.05382071724396
 19.23013826968161 50.102199248449615
 19.353315826390925 50.14717799901838
 19.476603964525445 50.18874463537188
 19.59999429531385 50.22688774478951
 19.723478401926342 50.26159684199668
 19.847047841754822 50.29286237532552
 19.970694148708144 50.320675732230306
 20.09440883552101 50.34502924439432
 20.21818339607536 50.36591619214089
 20.34200930773264 50.38333080842489
 20.46587803367586 50.39726828219148
 20.589781025259927 50.407724761201734
 20.71370972436893 50.41469735428544
 20.837655565778927 50.41818413307499
 20.961609979525036 25.209092066536705
