 0.10161871011344634 0.2183989849421093
 0.1119616412465698 0.2418314382402502
 0.12242580203376065 0.26483924473642522
 0.13301349941420184 0.2871900670646072
 0.1437257715105258 0.3086579832294819
 0.154563771792324 0.32902814966285254
 0.16552865372918793 0.3480987017495657
 0.17662387772989213 0.36568071280728464
 0.18784829032484515 0.3815977296098667
 0.1992041984532299 0.39568640079563865
 0.21069390905422943 0.40780066900323452
 0.2223185755974353 0.41782001522476103
 0.23408050502203048 0.42566077521591716
 0.24597969732801497 0.43128666387343045
 0.25801845945457174 0.43471543942027823
 0.2701990983408839 0.4360207487986229
 0.28252276745654286 0.43533007252828953
 0.29499062027114025 0.4328203593167577
 0.307604963723859 0.42871191539028896
 0.32036810475388205 0.42326103343110466
 0.33328004336120953 0.4167513565771961
 0.34634423995461594 0.4094839161860283
 0.3595606945341012 0.4017656353438873
 0.3729340209780314 0.39389692551165583
 0.38646306581681505 0.3861598848637407
 0.4001501359896351 0.37880916106380685
 0.4139986919052661 0.3720670472607889
 0.4280098870332996 0.36612175892163073
 0.4421848748433271 0.36112803558698125
 0.45652711574412296 0.3572084744144602
 0.4710366097356875 0.35445504038382863
 0.48571566375720343 0.35293001960750652
 0.5005677382174454 0.3526675137874535
 0.515593986586005 0.3536766011477527
 0.5307955623324734 0.3559467798591839
 0.5461759258656256 0.35945639093688203
 0.5617362306550527 0.36418015848181473
 0.5774787836399379 0.37009333508248504
 0.5934058917594642 0.37717201305337205
 0.6095198619528147 0.3851941978003105
 0.6258218476895808 0.39471692377031553
 0.642315309378537 0.40509845894876655
 0.6590014004892748 0.4164596688291529
 0.6758835814305687 0.42869894498250876
 0.6929630056720104 0.44168863865551355
 0.7102419801527828 0.4552762214266638
 0.7277228118120689 0.4692849084232524
 0.7454089610586431 0.4835170067543179
 0.7633027348316886 0.4977679601640075
 0.7814052866007968 0.5118402647823207
 0.7997189233051507 0.5255434331837137
 0.818247105353525 0.5386864612603004
 0.8369921396851026 0.5510749476193357
 0.8559563332390663 0.562519508024656
 0.8751419929545995 0.5728516340284657
 0.8945525792404764 0.5819332594849015
 0.9141892455662888 0.5896551870490194
 0.934055452340811 0.5959365750551581
 0.9541546599728175 0.6007293403555285
 0.9744880219319 0.604022220196556
 0.9950589986268327 0.6058438551603758
 1.015869896996799 0.6062600221265005
 1.0369241774505733 0.6053555921283632
 1.0582241469273383 0.603209239329341
 1.0797732658358691 0.5998805911541076
 1.1015726876457567 0.5954277884103936
 1.1236270262353673 0.5899324614990268
 1.1459397420134753 0.5834716262332906
 1.168510834980081 0.5760498345332292
 1.1913495328919163 0.5675839178352137
 1.2144535288097981 0.5579632836294895
 1.2378228227337266 0.5471427901297905
 1.2614689493596167 0.5351987216822273
 1.2853803739915534 0.5223046665117792
 1.3095801660213666 0.5086747965310322
 1.3340567907531417 0.49452070297862593
 1.3588217828827933 0.48003738018535196
 1.3838751424103217 0.46544125853686385
 1.409228404031642 0.4510107085929275
 1.4348700330508388 0.43704227034572323
 1.4608000294679122 0.42373512606536173
 1.4870414626746928 0.4111239227999907
 1.51359433267118 0.39915007698694354
 1.540447104761459 0.38780794089686643
 1.5676113136414451 0.37722252329995537
 1.5950984940070527 0.36758044923829102
