 0.0E+0 0.0E+0
 8.012118967514656E-3 0.01320385
 0.024130551519628878 0.039775456
 0.04043862600137823 0.066665346
 0.05693864575603763 0.093871115
 0.07363242921250834 0.1213867
 0.09052280503797008 0.14920206
 0.10761179370897982 0.17730284
 0.12490161774975014 0.20567012
 0.14239470173214943 0.23428022
 0.16009347022804604 0.26310458
 0.17800054985696397 0.2921097
 0.19611775904780448 0.32125722
 0.21444732032478022 0.35050407
 0.23299327464100508 0.37980264
 0.2517574404253803 0.40910108
 0.2707418381544629 0.43834356
 0.2899484883048097 0.46747061
 0.3093834523060916 0.49641938
 0.32904470968175175 0.52512394
 0.3489363013849039 0.55351553
 0.369062268368662 0.58152287
 0.38942463110958303 0.60907237
 0.4100274305607809 0.63608859
 0.43087066672225554 0.6624947
 0.45195838054712084 0.6882131
 0.47329461298849073 0.71316628
 0.4948813845229222 0.73727784
 0.5167207156269722 0.76047375
 0.5388166472537546 0.78268377
 0.5611732203563831 0.80384297
 0.583790434934858 0.82389337
 0.60667435241885 0.84278547
 0.6298249728083591 0.86047974
 0.6532503780096133 0.87694786
 0.6769485475460553 0.8921737
 0.7009235223707991 0.90615393
 0.7251813639135157 0.91889831
 0.749724092650762 0.93042945
 0.7745537290590948 0.94078229
 0.7996763345681851 0.95000316
 0.825091909178033 0.95814846
 0.8508044938417519 0.96528312
 0.8768201499890134 0.97147889
 0.9031408980963738 0.97681239
 0.9297687586403902 0.98136327
 0.9567097930507336 0.98521231
 0.983966021803961 0.98843969
 1.011541485853186 0.99112341
 1.0394402261515225 0.99333793
 1.067666283652085 0.99515308
 1.0962216788314298 0.99663321
 1.125112473119228 0.99783661
 1.1543406869920362 0.99881507
 1.1839123818795258 0.99961369
 1.2138295782582535 1.0002708
 1.2440963170813332 1.0008179
 1.274716639301879 1.0012797
 1.3056966063495611 1.0016744
 1.3370402591774941 1.0020134
 1.3687496182622345 1.0023022
 1.4008287245568964 1.0025405
 1.4332836394911507 1.0027235
 1.4661184040181112 1.002843
 1.4993370590908916 1.0028893
 1.5329436456626064 1.0028534
 1.5669442251629257 1.0027293
 1.601340818068407 1.0025159
 1.636139485808721 1.0022189
 1.671346289813538 1.0018511
 1.706963250559416 1.001432
 1.7429964294760247 1.0009858
 1.7794498675164791 1.0005394
 1.8163296261104493 1.0001188
 1.8536397462110494 0.99974651
 1.8913862892479502 0.99943905
 1.9295712756977088 0.99920585
 1.9682027874665526 0.99904905
 2.007286885984153 0.99896438
 2.04682357125051 0.99894278
 2.0868290070780783 0.99897234
 2.127299152513745 0.99904017
 2.1682340075575092 0.99913394
 2.2096537769749415 0.99924292
 2.251538256000472 0.99935856
 2.293927854165239 0.99947458
 2.3368023667036736 0.99958679
 2.3801819983813454 0.99969274
 2.424066749198254 0.99979129
 2.468476823919969 0.99988219
 2.513392017780921 0.99996576
 2.5588123307811097 1.0000426
 2.6047781724516747 1.0001135
 2.6512895427926155 1.0001793
 2.698326237038363 1.0002405
 2.7459084599544865 1.000298
 2.794056416306555 1.0003522
 2.8427499013289994 1.0004036
 2.892029324552959 1.0004526
 2.941874481212864 1.0004995
 2.9922853713087143 1.0005445
 3.0432821996060792 1.0005879
 3.0948851708705293 1.0006298
 3.147074080336494 1.0006704
 3.1998893375351116 1.0007097
 3.2533107377008145 1.0007479
 3.307338280833602 1.000785
 3.361992171699043 1.0008211
 3.4172926150627067 1.0008561
 3.4732396109245944 1.00089
 3.5298129545191363 1.000923
 3.58707326014304 1.0009549
 3.6449599134995973 1.0009858
 3.7035537336510864 1.0010157
 3.7627941063007992 1.0010445
 3.822741645745444 1.0010721
 3.8833761472194505 1.0010987
 3.9447178154883895 1.0011241
 4.006766650552259 1.0011482
 4.069522652411061 1.0011711
 4.133026230595934 1.0011928
 4.197236975575739 1.001213
 4.262215501647184 1.0012319
 4.32792139927913 1.0012494
 4.394415282768285 1.0012653
 4.461656742583512 1.0012798
 4.5296659834903785 1.0012926
 4.598483415020024 1.0013039
 4.668088832406879 1.0013135
 4.738482235650944 1.0013216
 4.809704034283358 1.0013279
 4.881734023538551 1.0013325
 4.954612612947662 1.0013355
 5.0283195977451224 1.0013368
 5.1028751826965 1.0013364
 5.178279367801796 1.0013345
 5.254572562592149 1.001331
 5.33171435753642 1.0013261
 5.4097653669313174 1.0013199
 5.488725590776842 1.0013124
 5.568574824307424 1.0013038
 5.649333272288631 1.0012942
 5.731041344251605 1.0012838
 5.813678835430775 1.0012727
 5.89726595059171 1.0012611
 5.98180268973441 1.001249
 6.067329462390015 1.0012368
 6.153826063792955 1.0012245
 6.241312698708799 1.0012122
 6.329789367137549 1.0012001
 6.419296478610341 1.0011881
 6.509834033127176 1.0011765
 6.601381825922486 1.0011652
 6.694000471292979 1.0011543
 6.787669764473084 1.0011437
 6.882409910228371 1.0011335
 6.978241113324411 1.0011237
 7.075163373761201 1.0011142
 7.173176691538745 1.001105
 7.2723214761881784 1.0010962
 7.372617932475073 1.0010876
 7.474025650868288 1.0010793
 7.576605245664534 1.0010712
 7.680356716863809 1.0010635
 7.7852800644661135 1.0010562
 7.891395493237018 1.0010493
 7.998723207942091 1.001043
 8.107283413346902 1.0010374
 8.217055904685882 1.0010324
 8.32808109149017 1.0010282
 8.440379178525333 1.001025
 8.553950165791376 1.0010227
 8.668794053288295 1.0010216
 8.784971455312801 1.0010217
 8.902441962333752 1.001023
 9.021245983882288 1.0010256
 9.14138351995841 1.0010293
 9.26289498009326 1.0010342
 9.38578036428683 1.0010401
 9.510059877304696 1.0010469
 9.635753723912424 1.0010544
 9.762841699344449 1.0010625
 9.891384417897475 1.0010709
 10.021361674805933 1.0010797
 10.152813879600965 1.0010886
 10.285741032282568 1.0010973
 10.420163337616312 1.0011063
 10.556101000367768 1.0011146
 10.693574225302504 1.0011225
 10.83258301242052 1.0011303
 10.973167771252955 1.001137
 11.115328501799809 1.0011435
 11.259065204061084 1.0011492
 11.404438492333487 1.0011543
 11.551428161851447 1.0011597
 11.700074622146104 1.001164
 11.85037787321746 1.0011684
 12.002358119831081 1.0011712
 12.15603556675254 1.0011729
 12.311430418747403 1.0011728
 12.468562880581242 1.0011702
 12.627453157019625 1.0011663
 12.788121452828124 1.0011586
 12.950567768006735 1.0011484
 13.11481230732103 1.0011336
 13.280895480302148 1.0011154
 13.44883749171566 1.0010928
 13.618618136795993 1.0010663
 13.790298029839855 1.001036
 13.96389737561282 1.0010014
 14.139395969349316 1.0009633
 14.31685442534605 1.0009204
 14.496272743603024 1.000874
 14.677671128885809 1.0008223
 14.86106978595997 1.0007669
 15.046488919591077 1.0007059
 15.233968939310277 1.0006411
 15.42350984511756 1.0005707
 15.6151318417785 1.0004962
 15.808875338824233 1.0004166
 16.004740336254762 1.0003326
 16.20274703883566 1.000244
 16.402935856098057 1.000151
 16.60532699280753 1.0000542
 16.809920448964074 0.99995269
 17.016756634098832 0.99984846
 17.22585575297737 0.99973867
 17.43723801036526 0.99962583
 17.650943815793642 0.99950822
 17.866952964496942 0.99938818
 18.085326070771873 0.99926717
 18.306083339384 0.99914306
 18.52922477033333 0.99902114
 18.754810977916562 0.99889946
 18.982821757368135 0.99878303
 19.21331772298475 0.99867669
 19.446319079531985 0.99857603
 19.681825827009834 0.99849197
 19.919878374949433 0.99842644
 20.160496928116362 0.99837233
 20.40378251033846 0.99834097
 20.649472459663325 0.99833147
 20.897991076167915 0.99833476
 21.149136312196542 0.99835564
 21.403110215404893 0.9983925
 21.659508690481587 0.9984366
 21.918937880393695 0.9984836
 22.18099368982984 0.99853509
 22.44587816644571 0.99858802
 22.71359131024131 0.99863484
 22.984133121216633 0.99867451
 23.257503599371688 0.99870904
 23.53390479236216 0.99873749
 23.813336700188056 0.99875693
 24.095395227537984 0.99876956
 24.38068651737903 0.99878364
 24.669008522055495 0.99880437
 24.960361241567383 0.99882806
 25.254542628259 0.99885232
 25.552158825097425 0.99887497
 25.852603689115582 0.9988947
 26.156483363280543 0.99891185
 26.463393752280936 0.99892404
 26.773536903772434 0.99892668
 27.086912817755056 0.99891864
 27.403521494228794 0.99889898
 27.723564980849346 0.9988677
 28.046841229961007 0.99882625
 28.373552289219485 0.99877759
 28.703698158624774 0.99872631
 29.037076790521183 0.99867679
 29.374092280220093 0.99862981
 29.71434053241012 0.99858538
 30.058427690058351 0.99854433
 30.405747610197696 0.99850645
 30.75690643579524 0.99847066
 31.1115000715396 0.99843613
 31.469730565086464 0.99840258
 31.831799964091526 0.99836963
 32.1973041732434 0.99833665
 32.56664728785348 0.99830388
 32.93982930792176 0.99827332
 33.31664818579255 0.99824887
 33.69750801677723 0.99823574
 34.082004705564415 0.99824114
 34.470542347465496 0.99826913
 34.86291889482478 0.99831971
 35.25913434764227 0.9983941
 35.659592801229344 0.99849398
 36.06389016027462 0.99861799
 36.47222847243379 0.99876138
 36.88460773770686 0.99891723
 37.30123000374952 0.99908107
 37.721893222906075 0.99924843
 38.14679944283222 0.99941021
 38.57594866352795 0.9995603
 39.00934088499328 0.99969932
 39.446976107228195 0.99983389
 39.888854330232703 0.99997462
 40.3349755540068 1.0001219
 40.78574387386188 1.0002688
 41.240755194486546 1.0004081
 41.700211563536505 1.0005303
 42.16411298101175 1.0006225
 42.63245944691227 1.0006734
 43.105453008893775 1.0006923
 43.583093666956266 1.0006988
 44.06517937344403 1.0007055
 44.551912176012784 1.0007437
 45.04349412231821 1.0008129
 45.53952111704892 1.0009075
 46.040599303172 1.0010277
 46.54612253772037 1.0011521
 47.0566969636611 1.0012661
 47.57191848568282 1.0013566
 48.09198915144122 1.0014095
 48.617111008591976 1.0014397
 49.14708200947941 1.0014629
 49.68210420175922 1.0014793
 50.221975537775705 1.0014706
 50.76710011284025 1.0014351
 51.31707383164147 1.0013986
 51.87230078949075 1.0013767
 52.43257893873241 1.0013628
 52.99790827936643 1.0013281
 53.56849085904852 1.0012585
 54.14452872543438 1.0011708
 54.72561778321259 1.0010771
 55.311960080038865 1.0009908
 55.90355561591323 1.0008975
 56.50060643849133 1.0007881
 57.10311254777319 1.0006783
 57.71087189610313 1.0005603
 58.324288578792504 1.0004195
 58.94295850052996 1.0002779
 59.56728575662687 1.0001727
 60.19706829942753 1.0001173
 60.83230612893195 1.0001026
 61.473403340451525 1.0001194
 62.119955838674854 1.0001527
 62.77216567125764 1.0001743
 63.43003283819988 1.0001743
 64.09355733950157 1.000167
 64.76294122281841 1.0001544
 65.43798244049471 1.0001105
 66.11888304018615 1.0000255
 66.80564302189275 0.9999396
 67.49806033795879 0.99990831
 68.1965390836957 0.99996024
 68.90087721144774 1.0000673
 69.61107472121492 1.0001715
 70.32733366065295 1.0002172
 71.04945198210613 1.0001675
 71.77742968557448 1.0000387
 72.51167086636933 0.99988854
 73.25197347683505 0.99975926
 73.99813546931591 0.99966135
 74.75056093912332 0.9996015
 75.50904783860156 0.99957509
 76.27359616775064 0.99956404
 77.04440797422627 0.99953631
 77.82128121037275 0.99946032
 78.60441792384576 0.99934692
 79.39361606698961 0.99926278
 80.18927973511569 0.9992282
 80.99100483291264 0.99919059
 81.7991954556918 0.99911501
 82.6136495557975 0.9990118
 83.43416508557404 0.99892927
 84.26114614033283 0.99890015
 85.09459272007383 0.99892878
 85.93430277714138 0.99900345
 86.78027631153547 0.99912806
 87.6327153709118 0.99932921
 88.49161995527035 0.99958947
 89.35678801695545 0.99982895
 90.22842160362278 0.99998883
 91.10652071527234 1.0000263
 91.99088330424844 0.99940445
 92.88191346586245 1.0003858
 93.77920710480304 1.0013352
 94.68316831638153 1.0003924
 95.59339300528656 1.0001171
 96.51008321917382 1.0000216
 97.43344100569901 0.9999837
 98.36306226955075 0.99996836
 99.2993511060404 0.99996299
 100.2421054675123 0.99996229
 101.19132535396643 0.9999638
 102.1470107654028 0.9999663
 103.10916170182139 0.99996917
 104.07777816322222 0.99997209
 105.05306219726097 0.99997491
 106.03460970862628 0.99997754
 107.02282479262949 0.99997996
 108.01730335395925 0.99998216
 109.01844948792694 0.99998416
 110.02585909922117 0.99998596
 111.03993628315332 0.99998759
 112.06027694441201 0.99998906
 113.08728517830865 0.99999039
 114.1205568895318 0.9999916
 115.16029412573718 0.9999927
 116.20629483926912 0.9999937
 117.25896312543898 0.99999461
 118.3176928412797 0.99999545
 119.38309012975833 0.99999623
 120.45454884790779 0.99999694
 121.53247309103952 0.99999761
 122.61686285915346 0.99999823
 123.70731405693824 0.99999881
 124.80402873204957 0.99999935
 125.90700688448743 0.99999986
 127.01624851425183 1.0000003
 128.13175362134276 1.0000008
 129.25332015810454 1.0000012
 130.38115017219286 1.0000017
 131.51483956829633 1.0000021
 132.65479244172635 1.0000025
 133.8008067448272 1.0000028
 134.9528824775989 1.0000032
 136.11081759238575 1.0000036
 137.27481413684344 1.0000039
 138.4446700633163 1.0000043
 139.62038537180427 1.0000046
 140.80196006230741 1.0000049
 141.98939413482571 1.0000052
 143.18268758935914 1.0000056
 144.38163837825203 1.0000059
 145.58604445384867 1.0000062
 146.79630991146046 1.0000066
 148.01223270343172 1.0000069
 149.23361078210672 1.0000072
 150.4604441474855 1.0000075
 151.69273279956803 1.0000079
 152.93067878601002 1.0000082
 154.17367596384434 1.0000085
 155.42212842838247 1.0000089
 156.67583413196865 1.0000092
 157.9345910269472 1.0000096
 159.19860116097382 1.00001
 160.4676624863928 1.0000104
 161.74197705085984 1.0000107
 163.02093871140786 1.0000111
 164.30495156334828 1.0000115
 165.59381355902533 1.000012
 166.88752469843907 1.0000124
 168.1858829339338 1.0000128
 169.48888826550953 1.0000133
 170.7965406931662 1.0000138
 172.10863816924816 1.0000142
 173.42518069375543 1.0000148
 174.746168266688 1.0000153
 176.0716008880458 1.0000158
 177.40107446251752 1.0000164
 178.73499308541454 1.000017
 180.07275061376975 1.0000176
 181.41475114289457 1.0000183
 182.76059057747755 1.000019
 184.11026891751876 1.0000197
 185.46378616301817 1.0000204
 186.82094026632006 1.0000212
 188.18193327508018 1.0000221
 189.54636109398711 1.0000229
 190.91442577069653 1.0000239
 192.28572320989707 1.0000249
 193.66045545924444 1.0000259
 195.0384204710829 1.000027
 196.41941619775681 1.0000282
 197.8036446869218 1.0000294
 199.19070184326656 1.0000308
 200.58078971444672 1.0000322
 201.9737062528066 1.0000338
 203.36904736303483 1.0000354
 204.7672171404428 1.0000372
 206.16740739440766 1.0000391
 207.57163860148648 1.0000412
 208.97789028512224 1.0000434
 210.384141968758 1.0000459
 211.79443460550763 1.0000485
 213.20674771881417 1.0000514
 214.62108130867773 1.0000546
 216.03743537509822 1.0000582
 217.4537894415187 1.0000621
 218.8741844610531 1.0000664
 220.29457948058745 1.0000713
 221.71901545323572 1.0000767
 223.1414309493271 1.0000828
 224.56788739853226 1.0000898
 225.99434384773752 1.0000977
 227.42282077349972 1.0001068
 228.85129769926186 1.0001174
 230.27977462502403 1.0001298
 231.71027202734316 1.0001445
 233.1427899062192 1.0001619
 234.57530778509527 1.0001831
 236.0058051874144 1.0002091
 237.44034354284744 1.0002414
 238.8728614217235 1.0002826
 240.30739977715651 1.0003363
 241.7399176560326 1.0004126
