 8.788266146246508E-4 0.9998446837395758
 2.6468117843736174E-3 0.998714624531784
 4.435598239736023E-3 0.9951004155086814
 6.245438627905555E-3 0.987424049432823
 8.076532407193016E-3 0.9744112209438344
 9.929189846081878E-3 0.9553380077059224
 0.011803632564917482 0.9301032470757611
 0.013700104346079697 0.8991108179166349
 0.015618871133982935 0.8631708685146496
 0.017560198873041596 0.8233397268543229
 0.019524375669704618 0.7807931182947779
 0.021511600982282812 0.7366811623019133
 0.023522118593156046 0.6920020861023078
 0.025556371743014994 0.6476616699774197
 0.027614559890170465 0.6044139597938053
 0.029696904654967794 0.5627945713855351
 0.03180362765775232 0.5231318712111565
 0.033935393759560054 0.4857325120447037
 0.036091981340045674 0.4507457840906875
 0.038273833639899834 0.41813871393462426
 0.04048139389981322 0.38791146452066793
 0.042714883740131173 0.35998996218575035
 0.04497474640154437 0.33428298653002053
 0.04726098188405281 0.3106592413290782
 0.04957403342834716 0.28895178273808336
 0.0519143442751181 0.2690381945570634
 0.05428213604471098 0.2507920230926349
 0.05667763035747113 0.2340665371078165
 0.05910127045408922 0.2187236259709866
 0.06155349957525594 0.20465885325139768
 0.06403431772097128 0.19174432012146003
 0.06654438975227125 0.179874092858357
 0.06908371566915586 0.16894943624502586
 0.07165318195300646 0.1588976554657245
 0.07425256698347771 0.14965861194985047
 0.07688231400126029 0.14114031114143407
 0.07954308786739021 0.13328982880073197
 0.08223511020221282 0.12606111175687612
 0.08495860262607344 0.11938981320761277
 0.08771423000000808 0.11323281893191015
 0.09050199232401678 0.10755080401283565
 0.09332233283879017 0.10228993634908459
 0.0961759164053643 0.09741658578749317
 0.09906296464408447 0.09290548650192178
 0.10198369917529605 0.08872578024252328
 0.10493878486003504 0.08486003413606355
 0.1079284433186468 0.08129286172446173
 0.11095311779182196 0.07799896198128517
 0.11401325152025124 0.07495531232581121
 0.11710928774462531 0.0721432924535401
 0.1202414480852895 0.06954138719107082
 0.12341039740327982 0.06713421900563296
 0.12661635731894158 0.06490792059752165
 0.12985999269331086 0.06284600436004485
 0.13314152514673296 0.06093154564992638
 0.13646139791989858 0.0591430518645431
 0.13982005425349836 0.05746059097081108
 0.14321815900856832 0.05586963726276593
 0.14665615542579918 0.05436349172420805
 0.1501342651255362 0.052934825472491016
 0.15365293134847013 0.051576332750120905
 0.15721281895563696 0.05028608419213593
 0.16081437118772737 0.04906300703337891
 0.16445803128543201 0.047902814873597786
 0.1681442424894416 0.04680031457380305
 0.17187366966079212 0.04575315288031146
 0.17564653441982891 0.04475651404757553
 0.179463501627588 0.043805991763814965
 0.1833252361451054 0.0429080331138643
 0.18723195959272645 0.04206893367043638
 0.19118433683148713 0.04128934551623223
 0.1951828111020782 0.04056417183360313
 0.19922804726553558 0.039884852567790105
 0.20332048856255 0.03924341828342276
 0.2074607998541575 0.038633811741927745
 0.21164920276070334 0.03805008444927375
 0.2158865837635689 0.03749018080744396
 0.2201736077237902 0.036960914746953406
 0.22451027464136727 0.036458697540584165
 0.2288983574790628 0.03598263532048711
 0.2333374129961861 0.03553378930219295
 0.23782744119273716 0.035094029502749
 0.2423706582721694 0.034666386402760096
 0.24696484803102941 0.03424305589196646
 0.251614442876224 0.03383002188213146
 0.2563172266042997 0.0334405870801328
 0.26107541541870993 0.03306616848338753
 0.2658890093194547 0.032700016872072586
 0.27076022450998743 0.03233662777471319
 0.2756868447868547 0.03197117031764227
 0.2806688701500564 0.03158133179728764
 0.2857107330064995 0.03117875814475008
 0.2908124333561839 0.030799395681529506
 0.2959717549956562 0.030447244552889614
 0.30119091412836984 0.030110008508549713
 0.30647212695777814 0.029792401152209761
 0.31181317728042773 0.02948172455329752
 0.3172184975032254 0.029180140351730356
 0.32268587142271776 0.02890393817340203
 0.3282152990389048 0.0286373376258002
 0.3338089965552399 0.028364545890142305
 0.33946918017517646 0.028090891827994277
 0.34519363369526107 0.027810395843253787
 0.3509867895224005 0.027521621250171237
 0.3568464314531414 0.027231863123558172
 0.36277255948748377 0.026928517754282507
 0.3687673898288809 0.026608633680007005
 0.37483313868078627 0.026281081203767608
 0.38096980604319985 0.02595623452637074
 0.3871751757126683 0.025618635287568004
 0.3934558962995517 0.02527802544223898
 0.3998053191934899 0.02493360506308486
 0.4062323092082964 0.024588896692816521
 0.41273021773361123 0.02425060746891964
 0.41930569337979434 0.02391152857929316
 0.4259565199433925 0.023583446946712403
 0.432684913627859 0.02326527021841866
 0.43949087443319373 0.02295748412872514
 0.44637440235939696 0.022644244686977805
 0.4533399298133753 0.022325816632139606
 0.46038302438822192 0.0219949093134313
 0.46751033469429703 0.021652104401989256
 0.47471742832469393 0.02130522675713878
 0.48201095388977266 0.020964648395072765
 0.4893864789826266 0.020642287198435783
 0.49684621980670895 0.020323173343096682
 0.5043946087689266 0.020006361301589305
 0.5120294296658262 0.019686885321882553
 0.5197506824974075 0.01934611644976723
 0.5275627996705776 0.018987375943945113
 0.535463564981883 0.018618674449462274
 0.5434574108382303 0.018248285867125627
 0.5515421210361663 0.01788605620116944
 0.5597199117791443 0.01753120550306934
 0.5679907830671643 0.017177705028006622
 0.5763591673071332 0.016825236405840975
 0.5848206320921441 0.01646840137181025
 0.5933818260325571 0.016102957680987135
 0.6020427491283723 0.015740416294182324
 0.6108011851761364 0.015379321956693696
 0.6196593503793024 0.015009752821820141
 0.6286216771447776 0.014635365914584883
 0.6376859492691082 0.014266717524582043
 0.6468543829557478 0.013911751289808339
 0.6561269782046963 0.013567505735281338
 0.6655081674228606 0.013221930443476713
 0.6749957344067871 0.012864378373372704
 0.6845918953599293 0.012492209130094318
 0.6942966502822873 0.012110581252859262
 0.7041144315807676 0.011725015553571347
 0.7140452392553704 0.011336202537366372
 0.7240868571026423 0.010932770903521714
 0.7342459337329436 0.01051381289142073
 0.7445202529428206 0.010088190470985837
 0.7549120309357267 9.66399609972767E-3
 0.7654234839151156 9.25105773401811E-3
 0.776054611880987 8.85357985144867E-3
 0.7868054148333411 8.465723357166636E-3
 0.7976803251790844 8.076567104679149E-3
 0.8086815591216706 7.681535166943257E-3
 0.8198046842541927 7.277758890870297E-3
 0.831056349187011 6.868279831145162E-3
 0.8424365539201254 6.46389564184618E-3
 0.853945298453536 6.072473666869871E-3
 0.8655847989906958 5.698292528052621E-3
 0.8773572717350588 5.342131007032717E-3
 0.889264932890078 5.002151887524217E-3
 0.9013055662523002 4.674142333902424E-3
 0.913483604228632 4.355885880475905E-3
 0.9258012630225267 4.048202519062755E-3
 0.9382585426339846 3.7515193782700784E-3
 0.9508554430630054 3.465151626088283E-3
 0.9635986129199496 3.1892239202356816E-3
 0.97648361979791 2.9234145549477986E-3
 0.9895148961037936 2.6695456119594203E-3
 1.0026924418376004 2.4315926245104023E-3
 1.0160206894062373 2.211416798231872E-3
 1.0294996388097041 2.0072913482523397E-3
 1.0431315062514543 1.8141728732566425E-3
 1.056918507934941 1.631549606041126E-3
 1.0708584276567112 1.4643299949166114E-3
 1.0849579140271246 1.3144172052403603E-3
 1.0992147508427283 1.1778289708172583E-3
 1.1136333705104288 1.0502080767087695E-3
 1.1282137730302264 9.275988358641077E-4
 1.142958174605574 8.063096698090344E-4
 1.1578687914399252 6.87863407005663E-4
 1.1729478397367334 5.786624779704901E-4
 1.1881953194959986 4.8350893231055965E-4
 1.2036156631246277 4.020537212114889E-4
 1.2192088706226205 3.315824013929337E-4
 1.234974941989977 2.7032410598162604E-4
 1.2509205258370574 2.1744096442766485E-4
 1.2670434059604085 1.7189783451766806E-4
 1.2833480147669367 1.3324408702567228E-4
 1.2998343522566422 1.0202924670350542E-4
 1.3165046346329785 7.908690181796038E-5
 1.3333610780993987 6.461022917510979E-5
 1.3504058988593565 5.740452713286634E-5
 1.367641313116305 5.48564687679312E-5
 1.3850695370736978 5.372680333886319E-5
 1.4026927869349881 5.189692808169142E-5
 1.420511062700176 4.948605806598026E-5
 1.4385265805727145 4.7857085019186135E-5
 1.4567437729595111 4.7474858791894334E-5
 1.4751648560640191 4.684362728636266E-5
 1.4937876136827845 4.398834437649435E-5
 1.5126186944261676 3.898545705163321E-5
 1.5316603144976221 3.381449618015439E-5
 1.5509102576936946 3.0076002976450847E-5
 1.5703751726247447 2.883127302359862E-5
 1.5900550592907733 3.197643859986188E-5
 1.6099521338952331 4.1706336445996303E-5
 1.6300686126415777 5.834213849776307E-5
 1.6504067117332603 7.898417733548221E-5
 1.6709708635771882 9.944432833088659E-5
 1.6917610681733605 1.1693097860862745E-4
 1.7127795417252316 1.2898146480499935E-4
 1.7340307166397075 1.329240092584847E-4
 1.7555145929167883 1.2980063373313206E-4
 1.7772333867599281 1.2506907781432806E-4
 1.7991915305760326 1.229221609556665E-4
 1.821391240568556 1.2302709146949986E-4
 1.8438325167374978 1.2274598474781882E-4
 1.866519791489765 1.1999101436980576E-4
 1.8894552810288107 1.1501207279605157E-4
 1.9126412015580886 1.104687956695887E-4
 1.936081985484506 1.0863502239302303E-4
 1.9597754166046084 1.0925975892412707E-4
 1.9837281435287563 1.1033975511141097E-4
 2.0079423824604032 1.102511860129836E-4
 2.0324181333995494 1.0967178440065829E-4
 2.057162044956555 1.110416141884589E-4
 2.0821719009279662 1.1443359515373565E-4
 2.107454349924143 1.152375480693401E-4
 2.1330116081485392 1.0984671145951013E-4
 2.158843675601155 1.0144714429105681E-4
 2.184954984688897 9.518338612462362E-5
 2.211347751615218 8.958837891893701E-5
 2.2380330573973856 7.821970418008278E-5
 2.2649820913905056 5.906655284159643E-5
 2.2922413938670986 3.670100988045454E-5
 2.319788802792632 1.3822261004423692E-5
 2.347646480201638 -1.1285193389058248E-5
 2.375770102025051 -3.7880997549082796E-5
 2.40422615436647 -6.139380008004856E-5
 2.432970313156829 -7.884161506895361E-5
 2.4620247404306616 -8.935788158627584E-5
 2.4913894361879673 -8.9644349414981E-5
 2.5210644004287465 -7.814129337663963E-5
 2.5510496331529997 -6.242882032824769E-5
 2.5813672963952596 -5.1123442532063055E-5
 2.612017390155527 -4.3283155009837524E-5
 2.6429555903647337 -3.422541406313796E-5
 2.674248383126481 -2.662795292332289E-5
 2.7058736064062363 -2.491974390964951E-5
 2.7378312602039986 -2.9688041151956687E-5
 2.7700991824852345 -4.2142679699849664E-5
 2.802743859353545 -5.914767719452053E-5
 2.8356988047053293 -7.328006147232647E-5
 2.8690305046441877 -8.246020044783013E-5
 2.9026946351010547 -8.396560760006297E-5
 2.9367133581104614 -6.942478030369571E-5
 2.9710866736724095 -4.143094299649644E-5
 3.005814581786899 -1.7732663361850251E-5
 3.0409192444884634 -1.1264505388770576E-5
 3.0763784997425682 -1.872578679930443E-5
 3.112214509583749 -2.9716214228128507E-5
 3.1484272740120036 -3.736062809158342E-5
 3.1849946309928 -4.0355680420092924E-5
 3.2219609045952046 -3.7153258175321624E-5
 3.25928177075015 -2.0687433778101343E-5
 3.2970237155612385 8.534631798322308E-6
 3.335120252924868 3.641955556154779E-5
 3.3736378689446393 5.2119717047997984E-5
 3.4125322395514863 5.02097740245739E-5
 3.451825526779942 3.3660524566465134E-5
 3.491539892664539 1.922005229388958E-5
 3.531631013136212 1.1569959515304664E-5
 3.5721432122640273 2.0037399492665823E-6
 3.6130764900479852 -1.143862768378902E-5
 3.6544086844535517 -1.923564162464806E-5
 3.6961841195497946 -1.5924194896632214E-5
 3.7383584712676456 -1.8097649403545383E-5
 3.7809760636761735 -2.407503399459951E-5
 3.8240147347408437 -1.0367001696140398E-5
 3.867474484461656 2.036931147459158E-5
 3.9113996369076793 5.748436500239939E-5
 3.9557458680098447 1.022830433155405E-4
 4.000535339802687 1.5116560732094356E-4
 4.045768052286204 1.945892925650881E-4
 4.091466167494932 2.1966572179611974E-4
 4.137607523394337 2.2186947010446352E-4
 4.184214282018951 2.1973806796479525E-4
 4.231286443368776 2.3224475386757092E-4
 4.27882400744381 2.3720084914461905E-4
 4.326826974244056 2.0122882596027447E-4
 4.375295343769511 1.3687952728815003E-4
 4.424229116020176 6.332724248489224E-5
 4.473672615065119 -1.6692776525971866E-5
 4.5235815168352715 -6.902491006738051E-5
 4.573977983365169 -7.609586935342441E-5
 4.62486201465481 -7.843004621311285E-5
 4.6762336107041955 -8.04392286983285E-5
 4.728114933547858 -5.092163049995316E-5
 4.780505983185798 5.632071046350404E-6
 4.833384597583483 7.6463194501976E-5
 4.8867729387754454 1.4423010625459533E-4
 4.940693168796218 1.9068032536888581E-4
 4.9951009635767364 2.1699071087461516E-4
 5.0500628092205994 2.2383012545456912E-4
 5.105512219624207 2.2220641146892484E-4
 5.161515680891159 2.0456442491980156E-4
 5.2180288689523894 1.724071844659253E-4
 5.275073945842432 1.720952787537237E-4
 5.332673073595818 1.8228786259969108E-4
 5.390804090178017 1.43380842316449E-4
 5.449489157623561 8.447189069464556E-5
 5.508706113897917 7.226518968368399E-5
 5.568499283070152 9.784040795740324E-5
 5.628824341071199 9.674631598120256E-5
 5.689725611970124 5.78602050612226E-5
 5.751180933732396 1.2868231462405277E-6
 5.8131903063580114 -5.872871399597095E-5
 5.875775891881507 -9.811354896121779E-5
 5.938959852337417 -1.1085196855987102E-4
 6.002697863656671 -9.061111421165098E-5
 6.067012087873803 -4.00595686855704E-5
 6.131902524988817 1.4494325724382014E-5
 6.197391337036242 5.252536277421892E-5
 6.26347852401608 8.701253027400885E-5
 6.330141923893798 1.0637774289711457E-4
 6.397425860738463 6.674088969467335E-5
 6.465286010481007 -2.8234358941507755E-6
 6.533766697190498 -3.191097420176102E-5
 6.602845758832402 -2.8611694772135457E-5
 6.672523195406718 -4.972982655586428E-6
 6.742843330982517 3.504479508392608E-5
 6.813761841490726 1.7139221879073534E-5
 6.885300888965884 -2.737803053525343E-5
 6.957460473407988 -6.469319579979191E-6
 7.030240594817038 5.669873175754955E-6
 7.103663415227571 -6.432197567233609E-5
 7.177706772605049 -1.3633344858876174E-4
 7.252392828984007 -1.1966840288940748E-4
 7.327721584364448 -6.488429116648485E-5
 7.403670876711834 -8.808702500078923E-5
 7.480285030095236 -1.523854001966259E-4
 7.557541882480118 -1.476509691227659E-4
 7.63544143386648 -7.26997039241783E-5
 7.714005846288857 -4.537572430117155E-6
 7.793212957712714 -9.888441796431752E-6
 7.873062768138053 -4.684267001414346E-5
 7.953599601633939 -2.756017703434906E-5
 8.03480129616584 1.3536589135865914E-5
 8.11664568969922 2.3051092550361702E-5
 8.199177106303152 3.4109909886047265E-5
 8.282373383943096 3.736043775456447E-5
 8.366234522619054 -1.5125358787387228E-5
 8.450782684365562 -1.0207246949171239E-4
 8.535995707148084 -1.651046089625949E-4
 8.621895753001153 -1.860542993026134E-4
 8.708460659890237 -2.2963094883095681E-4
 8.795734751884405 -2.501408500922374E-4
 8.883673704914585 -1.8478449862698232E-4
 8.97232184304985 -1.1798926090316581E-4
 9.061657004255661 -1.133691331867383E-4
 9.151657026497485 -1.0640476001533964E-4
 9.242366233844393 -4.370668302107107E-5
 9.333784626296383 3.010067899387899E-5
 9.425890041818922 9.089579000480891E-5
 9.518682480412009 1.9485108826841997E-4
 9.612184104110177 2.506648533922155E-4
 9.706394912913428 2.8585806785393004E-4
 9.801292744787228 3.067756562050513E-4
 9.89689976176611 3.6187073710594505E-4
 9.993215963850071 4.8733355251700312E-4
 10.090219189004584 5.436495260308197E-4
 10.18795376129871 5.502293594644616E-4
 10.286375356663386 5.253216428679248E-4
 10.385528299167678 4.5350631920231557E-4
 10.485368264742519 3.445296277933475E-4
 10.58591741542244 2.340207384799962E-4
 10.68719791324198 6.586892549451169E-5
 10.789165434132066 -9.075207503195985E-5
 10.891864302161768 -2.0787651981201527E-4
 10.995272355296551 -2.986412450270922E-4
 11.099389593536419 -3.216518203816648E-4
 11.204216016881366 -2.91917409710973E-4
 11.309751625331398 -2.3708492441526867E-4
 11.415996418886511 -1.7939410632665284E-4
 11.52297255958124 -1.244021424860893E-4
 11.630635723346517 -7.703128265546578E-5
 11.739030234251409 -4.19725574914118E-5
 11.84811176822685 -1.8470404433148013E-5
 11.957924649341908 -3.658818107199376E-6
 12.068424553527512 4.967309525799577E-6
 12.179655804852734 9.800362041358472E-6
 12.291574079248504 1.2678035633355683E-5
 12.40422370078389 1.457173609880879E-5
 12.517560345389823 1.5913348277067418E-5
 12.631606175100838 1.689904572924788E-5
 12.746339027882403 1.7629235772528176E-5
 12.861803227803584 1.8175241848011785E-5
 12.97793228876078 1.858346676782553E-5
 13.094792696857589 1.889283958200786E-5
 13.212317965990414 1.913034073051058E-5
 13.330552420228322 1.9304723906013926E-5
 13.449496059571311 1.942682241134109E-5
 13.569104559950315 1.9521236287860495E-5
 13.689400083399867 1.9587520885080867E-5
 13.810382629919967 1.9627783408652714E-5
 13.932052199510615 1.9667590878983277E-5
 14.054408792171811 1.9683879391979094E-5
 14.177430245869022 1.9699862164925375E-5
 14.301138722636782 1.9717554936683012E-5
 14.425489898406022 1.9710493763603235E-5
 14.550528097245813 1.970175211843894E-5
 14.676231157121615 1.9719032292680406E-5
 14.802599078033433 1.973797849479992E-5
 14.929609697946729 1.970872672109891E-5
 15.057285178896043 1.970346397224398E-5
 15.185603358846837 1.972390239090711E-5
 15.31456423779911 1.972043143252411E-5
 15.444167815752866 1.9740468258637215E-5
 15.574414092708102 1.976041815232862E-5
 15.705303068664817 1.975848419489573E-5
 15.836812581588479 1.978302654028858E-5
 15.968920469444555 1.9805809755846584E-5
 16.101671056302112 1.980368751954089E-5
 16.235042180126615 1.9850503144359385E-5
 16.36901167888353 1.9898747132146042E-5
 16.50357955257286 1.9923744520662473E-5
 16.638745801194602 1.994698983794251E-5
 16.77453258678329 1.999558642581738E-5
 16.910873423235326 2.0067927987321686E-5
 17.047812634619774 2.0115699980197773E-5
 17.1853280589021 2.0166307803632594E-5
 17.32339753404777 2.0238561548065271E-5
 17.462043222091324 2.0310307925154237E-5
 17.60124296099822 2.038139117936614E-5
 17.741018912802996 2.0455207726216585E-5
 17.881304591402052 2.0551714491670686E-5
 18.022144320864452 2.0646028341461015E-5
 18.163515939155661 2.0741081480995704E-5
 18.305419446275681 2.083720151373737E-5
 18.447832680189982 2.0955480772656937E-5
 18.590755640898564 2.107315273327997E-5
 18.734188328401415 2.1191392481803707E-5
 18.878108580664015 2.1331848811187562E-5
 19.022516397686363 2.1471219352519077E-5
 19.16741177946845 2.1630810913793265E-5
 19.312794726010277 2.1771615157931188E-5
 19.45862091324279 2.1932429011084174E-5
 19.60493466523504 2.211477275075259E-5
 19.751669495883433 2.2297685139116681E-5
 19.89886972925704 2.2500191250168027E-5
 20.046491041286785 2.2704958513374975E-5
 20.194533431972672 2.2908505826152697E-5
 20.342996901314705 2.3133217705626035E-5
 20.491859287278344 2.3356696192765713E-5
 20.64114275189813 2.3621535459576133E-5
 20.790802971104987 2.3886837251961033E-5
 20.940862106933455 2.41524414911528E-5
 21.091275835314462 2.4459172622929531E-5
 21.242066318282546 2.4764410906477231E-5
 21.393211393803166 2.5071847174571723E-5
 21.5446888998418 2.541816876667723E-5
 21.69652099843297 2.5784977711797708E-5
 21.848663365507615 2.617210066195002E-5
 22.00113816310027 2.657767374714717E-5
 22.153923229176395 2.6987373740807576E-5
 22.306974239666924 2.74354808144163E-5
 22.46033551864093 2.792580709997748E-5
 22.61391841796027 2.8421993320175307E-5
 22.767944557970292 2.8935620895330084E-5
 22.922192318325652 2.9529077831332776E-5
 23.07644007868101 3.0159834187855646E-5
 23.231131079727045 3.078633249878541E-5
 23.386043701118413 3.145210051791172E-5
 23.541177942855124 3.219469488778627E-5
 23.696533804937175 3.299823627021818E-5
 23.851889667019221 3.3835693462711215E-5
 24.007688769791947 3.4749082516475866E-5
 24.16348787256467 3.571838608688621E-5
 24.31973021602807 3.678922042914549E-5
 24.47575093914614 3.7937194879734934E-5
 24.632214902954874 3.9192374280208456E-5
 24.788678866763614 4.058956837195154E-5
 24.945364450917693 4.208231497645217E-5
 25.10205003507177 4.379947166417906E-5
 25.258735619225845 4.568013877656689E-5
 25.415642823725267 4.773792105555139E-5
 25.572771648570014 5.011550839654584E-5
 25.72990047341477 5.291519932633789E-5
 25.886807677914184 5.608901924747561E-5
 26.044158123104281 5.985979611439076E-5
 26.201286947949036 6.44277133399628E-5
