 2.2663126709774796E-3 1.0000175611624841
 6.825581957574668E-3 0.9994621414723642
 0.011438493471630447 0.9971856756715495
 0.01610569873817468 0.9922912147414689
 0.020827712119073044 0.9842609024235982
 0.025605333732783265 0.9730422094705239
 0.03043913509248944 0.9589589273671129
 0.03532974486269405 0.9425071533317197
 0.040277848859218014 0.9242588028237233
 0.04528413289788224 0.904765772794693
 0.050349339945826035 0.8845312148764749
 0.05547398436491509 0.8639638285267464
 0.060658694819651894 0.843323994351286
 0.06590461433640463 0.8228584267493433
 0.07121225727703896 0.802780619329451
 0.076582195154739 0.7831965471893891
 0.08201499948268882 0.7640951299797295
 0.08751238480044071 0.7455981307846516
 0.09307377959481057 0.7277587640065577
 0.09870032689216655 0.7104637641803722
 0.10439316971887687 0.6937411472954966
 0.11015287958812559 0.6775699529900525
 0.1159805995262809 0.6619539500202295
 0.1218763295333428 0.6468624287046235
 0.12784121263567946 0.6322090646901705
 0.13387639185965907 0.6180084464915169
 0.13998243871846571 0.6042717663285152
 0.14615992472528346 0.5909511697642899
 0.15240999290648055 0.5780029331826977
 0.1587337862884251 0.5654647522633532
 0.16513130487111712 0.5532951210710338
 0.1716042631941089 0.541473453848187
 0.1781526612574004 0.5299517553792578
 0.18477878511372802 0.5187273375955563
 0.19148206324990765 0.5078234370046152
 0.19826363869230745 0.4971358746521066
 0.20512522598047974 0.486670226070967
 0.21206739662760853 0.4764401734330344
 0.219090722146878 0.4663713972992779
 0.22619691707784034 0.45644904766105426
 0.23338598142049563 0.44666708251718395
 0.24065905820121194 0.43695941802460253
 0.24801786195954167 0.4273310129184639
 0.25546296420866876 0.41779846299495293
 0.2629949364617774 0.4083190552432771
 0.2706154932584198 0.39888904802001834
 0.2783252061117802 0.38951768455714302
 0.28612521804822654 0.38017884744093244
 0.29401667209412712 0.3708644055578146
 0.30200071127585015 0.3615884658286054
 0.31007790710657973 0.35234430426745366
 0.31824997412586802 0.34313565514673505
 0.32651748384689915 0.33396674121635244
 0.33488215080922545 0.3248410323144047
 0.34334454652603096 0.31576363588874473
 0.35190581402368387 0.3067134973014991
 0.36056709632855232 0.2976812633947095
 0.3693301079801886 0.2886755742211191
 0.37819599200496095 0.2797243970231388
 0.38716531991605335 0.2708422467978021
 0.3962392347398341 0.26202540673455493
 0.40541945101585535 0.25327156132835143
 0.41470711177048535 0.24458683448374704
 0.4241033600300922 0.23598852863907182
 0.4336093388210442 0.2274875683948211
 0.4432267626828935 0.21909179916936535
 0.4529562031288243 0.21080055147106208
 0.4627993746983888 0.20261218346811654
 0.47275799193113915 0.1945444784645825
 0.48283262634025975 0.18659044248853365
 0.4930249924653025 0.17874354545928197
 0.5033362333326359 0.17101014951317175
 0.513768063481812 0.16339504228607368
 0.5243216259391991 0.1559016338181785
 0.5349986352443494 0.14853665388641723
 0.545799662910447 0.1413115789152578
 0.5567269949902283 0.13424847221643987
 0.5677823460232454 0.12738155091910843
 0.5789657160094985 0.12070485312921513
 0.5902816770544603 0.1142401148652571
 0.6017290861317626 0.10801659069433961
 0.6133079432414053 0.10198910495924339
 0.6250239635152293 0.09616609431159136
 0.6368714318213938 0.09052197993898083
 0.6488617784235806 0.08506790545826294
 0.6609892881899487 0.0798361064381278
 0.6732596762523392 0.07482441643065647
 0.6856729426107516 0.07004515183210022
 0.6982348023970275 0.06550293143189269
 0.7109395404793255 0.06119503126588276
 0.7237871568576456 0.05707798850531569
 0.7367890817956699 0.05316528758098117
 0.7499453152933981 0.04949615405766034
 0.7632501422189896 0.04604740633778736
 0.7767092777042851 0.04278327920830903
 0.7903284368811254 0.03970702574434907
 0.8041019046176697 0.03679899783146059
 0.8180411111775999 0.03406011691452218
 0.8321403414290751 0.031502854707831803
 0.8463995953720951 0.029098007401041965
 0.8608245881385008 0.02682647008186412
 0.8754210348601335 0.024687258908021227
 0.8901832204051517 0.022658995669251266
 0.9051225750372375 0.020732696634735994
 0.9202333836245502 0.01892085495923243
 0.9355156461670895 0.01722604439946301
 0.9509750777966963 0.015648111069632167
 0.9666173936452116 0.014180095935540163
 0.9824425937126354 0.012815820643483024
 0.9984449628671269 0.011543897875806432
 1.0146416465042085 0.010368034257514858
 1.0310154992283577 9.287317840864147E-3
 1.047589381566938 8.30222812539764E-3
 1.064346148124427 7.411756172701431E-3
 1.0813029442963468 6.6017499588184895E-3
 1.0984540549508572 5.861822902950714E-3
 1.1158051952197987 5.184493492627212E-3
 1.133356365103171 4.561032619778773E-3
 1.1511075646009747 3.985702118046064E-3
 1.1690702239768913 3.4654493961266247E-3
 1.187232912967239 2.999120998829821E-3
 1.2056127769675404 2.583947682101124E-3
 1.224198385714114 2.2170389889419996E-3
 1.2430068846024824 1.8877192598839263E-3
 1.2620268433689636 1.5859004719232312E-3
 1.2812639771453986 1.3031991161854342E-3
 1.3007297161954691 1.0356397003980846E-3
 1.3204183453873346 7.855746100756343E-4
 1.3403298647209944 5.594395519959719E-4
 1.360475704460131 3.627679210945679E-4
 1.380850149472903 1.9681320745563917E-4
 1.4014646300229924 6.0271681609763184E-5
 1.4223134309785585 -4.919589571483605E-5
 1.4434022674714417 -1.3534188601490966E-4
 1.4647311395016424 -2.0287362066075475E-4
 1.4863114773328423 -2.55306396547472E-4
 1.5081318507013594 -2.9562787882994953E-4
 1.5302094050027166 -3.26075352095966E-4
 1.552544140236914 -3.456073253297998E-4
 1.5751303412721104 -3.532052591788738E-4
 1.5979737232401467 -3.513504305027223E-4
 1.621085716404705 -3.4194570497824843E-4
 1.6444606056339443 -3.238873270490231E-4
 1.6681041060597054 -2.950447088273474E-4
 1.6920162176819883 -2.549476931910521E-4
 1.7162083707644746 -2.0533388339398177E-4
 1.7406748501753237 -1.4880119976296601E-4
 1.7654213710463766 -8.828548648824009E-5
 1.790447933377633 -2.6740020344253305E-5
 1.8157659674327746 3.320162642782366E-5
 1.8413754732118017 8.960125665668634E-5
 1.8672707355828732 1.4101350047202504E-4
 1.8934688999415123 1.863065365909484E-4
 1.9199642511558774 2.2456773502735151E-4
 1.9467625043578093 2.558184879770832E-4
 1.9738693746791498 2.8141726049714003E-4
 2.001284862119898 3.0293183596164863E-4
 2.0290089666800543 3.2127793624912013E-4
 2.0570531186233003 3.361740967543756E-4
 2.0854230330814775 3.4742501506267365E-4
 2.114107279790903 3.5489790740029657E-4
 2.1431230041471005 3.587347612457935E-4
 2.1724702061500695 3.5958233008874155E-4
 2.20214888579981 3.579214757174128E-4
 2.2321647582281634 3.5439743210132E-4
 2.26252353856697 3.4984273464817275E-4
 2.2932309419480705 3.455646548918526E-4
 2.324281253239625 3.431592449937695E-4
 2.3556859027053143 3.4329616010603876E-4
 2.3874506054769795 3.4487496438709286E-4
 2.4195753615546213 3.451880909137876E-4
 2.4520601709382385 3.409302460477233E-4
 2.4849221790233553 3.3034347277910886E-4
 2.518149955546288 3.1386958556816626E-4
 2.55175493077072 2.935693258853356E-4
 2.5857371046966504 2.7240920269155536E-4
 2.620107907587762 2.534675252750283E-4
 2.6548673394440536 2.3950619188440846E-4
 2.690021115397367 2.31951889313855E-4
 2.7255749505795416 2.3055691298132506E-4
 2.761523129858739 2.3374817022650274E-4
 2.7978827986304795 2.3929415696741755E-4
 2.834648241762923 2.455983609547087E-4
 2.871830889519752 2.5194810223539923E-4
 2.9094307419009663 2.5777500910839585E-4
 2.947453514038406 2.6228064848869225E-4
 2.985904921063913 2.648266013571887E-4
 3.0247906781093263 2.653175608849509E-4
 3.0641107851746482 2.643591690581833E-4
 3.103876672523559 2.6248573561346463E-4
 3.1440883401560597 2.593913897743116E-4
 3.1847457880721496 2.543865480150857E-4
 3.225866161667352 2.4784971419700222E-4
 3.267443745809825 2.410407868280503E-4
 3.3094899707632512 2.340902669779279E-4
 3.3520048365276302 2.260196640494184E-4
 3.3949940582348032 2.1621084085422025E-4
 3.438463351016611 2.0450353912146543E-4
 3.4824184300048943 1.8999960684551664E-4
 3.5268650103314942 1.710964933735798E-4
 3.571808807128251 1.4635594312622856E-4
 3.617255535527007 1.148654899946309E-4
 3.6632051955277606 7.651811968199041E-5
 3.7096635022623534 3.3039978816482645E-5
 3.7566418859944676 -1.1141253358336463E-5
 3.8041460618559437 -5.020555913059376E-5
 3.8521703147149404 -8.018110414882725E-5
 3.9007317899669806 -1.0048193863364142E-4
 3.949836202743906 -1.1266539192872518E-4
 3.9994778379138744 -1.196077354854589E-4
 4.049673840872409 -1.2431873425766313E-4
 4.100424211619511 -1.2708449276736233E-4
 4.1517346652870195 -1.2470080625523008E-4
 4.203610917006776 -1.1583436607074966E-4
 4.256058681910621 -1.0625078520225252E-4
 4.309089390262238 -1.036890215447715E-4
 4.362703042061625 -1.0831647693166643E-4
 4.416905352440623 -1.1333058008589603E-4
 4.471707751662915 -1.129183746539105E-4
 4.527110239728501 -1.058845824025644E-4
 4.583118531769221 -9.41213098203109E-5
 4.639744058048757 -8.156543294712048E-5
 4.69699253369895 -7.300897282579178E-5
 4.7548639587198 -7.073079999979007E-5
 4.813369763374989 -7.191241286899127E-5
 4.872515662796356 -7.165537710483037E-5
 4.932307372115745 -7.064382286885946E-5
 4.992756321596837 -7.60371633010134E-5
 5.05385679610779 -9.286422055529816E-5
 5.115625941044127 -1.1964623381436885E-4
 5.178069471537688 -1.5077465590164674E-4
 5.241187387588475 -1.756597165703058E-4
 5.304996834592009 -1.8439898322018845E-4
 5.36949209741645 -1.8139240439232423E-4
 5.434690321457321 -1.794219473787563E-4
 5.500597221846462 -1.7818391517010885E-4
 5.567212798583874 -1.6572723930697712E-4
 5.634548481933237 -1.3955602439553221E-4
 5.702609987026394 -1.1076254941076313E-4
 5.771425889522548 -8.994488135990971E-5
 5.840921892707767 -7.865136820340124E-5
 5.911218014350711 -7.408358552135064E-5
 5.982257103132971 -6.973851024453091E-5
 6.054096310372956 -5.265427967250114E-5
 6.126621333433848 -1.6593972771668072E-5
 6.200003626270872 2.7366535294833566E-5
 6.274128886247213 6.334447695240121E-5
 6.3490542646812775 8.72210805845267E-5
 6.424779761573068 1.067920497046848E-4
 6.5013053769225814 1.254648813194059E-4
 6.5786311107298205 1.3848917045354252E-4
 6.6568141143131924 1.420483814196141E-4
 6.735854387672698 1.3269040014230037E-4
 6.81563762817152 1.0811091937543339E-4
 6.896335289764883 7.349577525501006E-5
 6.9778902211343805 3.775959854560142E-5
 7.060302422280011 8.55802887286504E-6
 7.143514741883367 -7.949897783392094E-6
 7.2276986338996724 -1.1861558701450525E-5
 7.312682644373704 -7.954007857543347E-6
 7.398638227260686 7.083992045238927E-7
 7.485451079923803 1.4693866276429413E-5
 7.57317835368146 2.8769288626379353E-5
 7.66182004853366 2.9099845388430483E-5
 7.751376164480404 7.963621767903402E-6
 7.8419038528400974 -3.419224638802801E-5
 7.933345962294334 -8.823567183928921E-5
 8.025759644161521 -1.3985607967575416E-4
 8.119144898441661 -1.851717653264141E-4
 8.213444573816343 -2.3021572776796481E-4
 8.308772972922386 -2.754757100325034E-4
 8.405015793122969 -3.0770523115097577E-4
 8.502344488373321 -3.1766664585694917E-4
 8.600587604718218 -3.154370464048651E-4
 8.699916596112882 -3.0969131091069363E-4
 8.800217159920496 -2.84574855698343E-4
 8.901546447459472 -2.2199649734408184E-4
 9.003961610048217 -1.3238548199565164E-4
 9.107348345049914 -4.4150043652878243E-5
 9.211820955101379 2.6675027956078635E-5
 9.317379440202613 8.991147533239694E-5
 9.423966649035208 1.492619893930039E-4
 9.53169688423598 1.996387626565732E-4
 9.640455843168112 2.4889815340778343E-4
 9.750357828468424 2.978754172995634E-4
 9.861345688818503 3.344672375211422E-4
 9.973419424218351 3.459260824601857E-4
 10.086693337304787 3.294165840713494E-4
 10.201053125440993 3.0288983517307314E-4
 10.316555939945374 2.9076592235581445E-4
 10.433201780817933 2.8837723492350792E-4
 10.551047799377082 2.85098142490602E-4
 10.670036844304407 2.890363600870847E-4
 10.790226066918319 3.029477828185275E-4
 10.91161546721882 3.395361553681242E-4
 11.034205045205903 3.90491422250189E-4
 11.157994800879576 4.2029744918930297E-4
 11.282984734239836 4.2489367176551173E-4
 11.409174845286683 4.1140595275576815E-4
 11.536679436656934 3.781391827296604E-4
 11.66538420571377 3.176462695840537E-4
 11.795346303775604 2.4000907123656356E-4
 11.926565730842436 1.7357125283140386E-4
 12.05904248691426 1.1062397273457183E-4
 12.192833723309489 5.9010422709473353E-5
 12.327939440028125 2.9399308153897575E-5
 12.464302485751755 -9.559638828701545E-6
 12.601980011798789 -1.4375829347504652E-5
 12.741029169487637 5.11471349805315E-5
 12.881335656181482 1.135750162526476E-4
 13.023070925835547 1.3108505585447867E-4
 13.16606352449461 1.3136611268071187E-4
 13.310484906113896 1.4743132433579135E-4
 13.456220768056584 1.841099785936158E-4
 13.603328261641089 2.1384826853232055E-4
 13.751864538185814 2.1206532932626045E-4
 13.901772446372352 1.7049764814893827E-4
 14.053109137519114 1.4472538956385795E-4
 14.205817460307689 1.99138281987728E-4
 14.360011717374896 2.864615628319107E-4
 14.515577606083916 3.2648148200336576E-4
 14.672629429071566 2.9857521226001835E-4
 14.83111003501944 2.228969068255312E-4
 14.991019423927535 1.2237202656732761E-4
 15.152414747114262 2.3303381667910241E-5
 15.315353155898032 -3.5198696647475313E-5
 15.479720347642022 -6.655850421656625E-5
 15.645573473664642 -1.3526042061791975E-4
 15.812912533965896 -1.9973583344976188E-4
 15.981794679864189 -1.8910402476313077E-4
 16.15221991135952 -9.685056515532854E-5
 16.324131077133486 5.391994621553035E-5
 16.4976424798229 1.599146984445802E-4
 16.672639816790944 1.6014824135653077E-4
 16.849237390674442 8.092350277710051E-5
 17.027378050154975 -7.407227384359098E-5
 17.207061795232547 -2.90873074581176E-4
 17.388402928543982 -4.70659401098123E-4
 17.571287147452455 -5.459678629214089E-4
 17.75577160327638 -4.873894631848522E-4
 17.94185629601575 -3.005153669126159E-4
 18.129541225670568 -1.3702436596477911E-4
 18.31888354355925 -5.0836151954906495E-5
 18.509826098363376 3.9677892574371943E-5
 18.70242604140136 1.592582686150943E-4
 18.896683372673205 2.3562521583632593E-4
 19.092540940860494 2.1093726293791036E-4
 19.29011304860006 1.4679766172503473E-4
 19.489342544573474 9.520182668601992E-5
 19.69022942878075 5.11444310369321E-5
 19.892830852540296 -5.3546358703421905E-6
 20.097089664533694 -8.270553129085274E-5
 20.303005864760955 -2.2457682807687601E-4
 20.510693755858888 -4.064713793883929E-4
 20.72009618650909 -4.923931607288488E-4
 20.93115600539315 -3.6939879622861326E-4
 21.143987515147884 -1.2729033519910163E-4
 21.358533564454887 6.642311050849292E-5
 21.574794153314154 2.696334704891277E-4
 21.7928264330441 3.6950582797795524E-4
 22.012573252326312 1.865774578876641E-4
 22.234091762479202 -2.498711259450186E-5
 22.457324812184356 -7.80121723702917E-5
 22.682386704078595 -1.4931982338782173E-4
 22.909163135525105 -3.0286462370663285E-4
 23.137768409160695 -3.8009731780102906E-4
 23.368145373666962 -3.7716665000397416E-4
 23.600236877725496 -3.392726816610641E-4
 23.834157223973114 -3.837776793038605E-4
 24.069906412409817 -4.481841616284091E-4
 24.307427291717196 -5.457257917120221E-4
 24.54671986189525 -4.892841363872674E-4
 24.787841274262394 -4.648893244004488E-4
 25.030791528818618 -9.5295840296147E-6
 25.275513474245517 3.695811304745825E-4
 25.522064261861505 1.0489611849440723E-3
 25.770443891666573 1.910570132021485E-3
 26.020595212342318 2.09125908647762E-3
 26.27263252652556 2.1054002665843694E-3
 26.526441531579475 1.6686377095802443E-3
 26.782136530140881 1.1289194187989036E-3
 27.039603219572967 4.391586289999219E-5
 27.298898751194133 -8.836973855163005E-4
 27.5600802763228 -1.1381001968402268E-3
 27.82303349232214 -1.1075381336202027E-3
 28.08787270182897 -8.064057588795422E-4
 28.354540753524887 -4.96464919572811E-4
 28.623037647409887 -2.7165620581682343E-4
 28.893363383483976 -1.4133356001898306E-4
 29.16551796174715 -7.289179496086332E-5
 29.439501382199406 -3.6623384606345264E-5
 29.715370796159156 -1.5966427852073525E-5
 29.993011900989582 -3.2256112424449387E-6
 30.2725389993275 5.117901394158373E-6
 30.553837788536096 1.079118885597619E-5
 30.837022571252187 1.4736547907820723E-5
 31.121979044838948 1.752888188125375E-5
 31.408821511933204 1.9516935075332584E-5
 31.69743566989814 2.09451114547798E-5
 31.98793582137057 2.1980558390134006E-5
 32.28020766371367 2.27271991933291E-5
 32.57430834824586 2.3267903289961996E-5
 32.87018072364872 2.3655416651400938E-5
 33.16793909255908 2.3929338044661176E-5
 33.46741200102171 2.4117206493626237E-5
 33.768770902991825 2.4247878920339185E-5
 34.071844344514204 2.4338437495025063E-5
 34.37674662822568 2.4391699990546894E-5
 34.68347775412624 2.442193181987702E-5
 34.99192341957906 2.4436179543868367E-5
 35.30214077590256 2.444358705981265E-5
 35.614129823096725 2.4442077822103647E-5
 35.927890561161575 2.4431803293502727E-5
 36.2434229900971 2.4423819647173256E-5
 36.56066995858489 2.442029045336188E-5
 36.87968861794336 2.4418962929426464E-5
 37.20036466553569 2.44219585794204E-5
 37.52281240399869 2.440145643734483E-5
 37.84697468201396 2.44425499320488E-5
 38.17285149958149 2.4485788246384404E-5
 38.50038570538288 2.4444227710340656E-5
 38.82963445073654 2.4486583248467652E-5
 39.16054058432407 2.4531051461913661E-5
 39.49310410614544 2.4574664729980094E-5
 39.827325016200674 2.4618245847021716E-5
 40.16320331448977 2.4661006313231282E-5
 40.50073900101272 2.4746553943561332E-5
 40.83987492445112 2.479471559345092E-5
 41.18055393348656 2.4880737841762215E-5
 41.52289033075586 2.5004220040988901E-5
 41.86682696494061 2.5090705190441704E-5
 42.21230668472239 2.5178310607128042E-5
 42.55932949010121 2.526531964316829E-5
 42.90789538107709 2.5388778453002303E-5
 43.2580615089684 2.55548923621908E-5
 43.60965641981994 2.5721524222066082E-5
 43.96279441626852 2.5845861180645377E-5
 44.31741834699574 2.597298569961821E-5
 44.67347106068316 2.6176698445981275E-5
 45.03100970864923 2.6378743854402164E-5
 45.38997713957552 2.657914970399672E-5
 45.75043050478043 2.6743970896016935E-5
 46.11219835030876 2.6947565224911062E-5
 46.475394978797304 2.7185670324057327E-5
 46.839963238927666 2.742395019660508E-5
 47.20590313069984 2.770035381230317E-5
 47.57315750279542 2.797692191834947E-5
 47.9417263552144 2.8214170694076943E-5
 48.31160968795678 2.84890170214269E-5
 48.682750349704164 2.8838645604036977E-5
 49.05514834045655 2.914894036085184E-5
 49.428803660213915 2.945702106666133E-5
 49.80371630897629 2.980440949266814E-5
 50.179771984106835 3.0186222505248504E-5
 50.55708498824238 3.056801305166345E-5
 50.93548386742769 3.09860837450756E-5
 51.315082924299595 3.1401849048028986E-5
 51.69576785622126 3.18196782184444E-5
 52.0775386631927 3.230753912258414E-5
 52.460395345213903 3.275909310916729E-5
 52.84428075096647 3.3243961083919764E-5
 53.22925203176881 3.3800429321624395E-5
 53.6151948849841 3.4356477195892814E-5
 54.00216646193074 3.494783659317667E-5
 54.39005245997193 3.5574491214086105E-5
 54.778910030426075 3.616265323707342E-5
 55.16868202197475 3.682400271336591E-5
 55.55931128329957 3.7553201710206444E-5
 55.950854965718924 3.828179927037778E-5
 56.34319876659601 3.904528264371073E-5
 56.73639983724923 3.9875657795002956E-5
 57.130401026360175 4.071155515723978E-5
 57.52508803129202 4.161412284719576E-5
 57.92057515468159 4.258950329849024E-5
 58.31663379125525 4.35424946919835E-5
 58.71383545419709 4.459518955608806E-5
 59.111608630323026 4.574392183407269E-5
 59.50938180644896 4.692740484539689E-5
 59.90829800894306 4.81765839561279E-5
 60.30778572462125 4.9489927350316336E-5
 60.707844953483544 5.090293645325986E-5
 61.10847569552991 5.2487595423600914E-5
 61.509106437576285 5.4100763520666986E-5
 61.91088020599084 5.5812150411454843E-5
 62.312653974405385 5.7655519879909584E-5
 62.71557076918812 5.967302262173071E-5
 63.11791605078677 6.189410192420134E-5
 63.52140435875358 6.427170981416522E-5
 63.924892666720396 6.686035728193691E-5
 64.32895248787132 6.968472038339904E-5
 64.73301230902221 7.289943513043744E-5
 65.13707213017312 7.640336816819719E-5
 65.54170346450813 8.025389112291894E-5
 65.9469063120272 8.466185004842124E-5
 66.35210915954629 8.987339379912032E-5
 66.75674049388128 9.581309353114565E-5
 67.16251485458446 1.0283240460392379E-4
 67.56771770210355 1.1128107202713849E-4
