 1.5994672351471923E-3 0.9999276550702099
 4.817205870028425E-3 0.9989385692860298
 8.07280291091827E-3 0.995458012594464
 0.01136671817651319 0.9881032224427659
 0.014699314681573549 0.975999644031166
 0.01807115711572658 0.9589338704231711
 0.021482648828706017 0.9372701740945404
 0.02493423350521897 0.9117087426929774
 0.028426395164945932 0.8831400695081548
 0.031959617827567385 0.8524939862989235
 0.03553442584773719 0.8206570005724716
 0.039151182240215694 0.7883882732949076
 0.04281033068971004 0.7562471654557406
 0.04651267789568767 0.7247105351715857
 0.05025858687290897 0.6941516399234089
 0.05404846097110767 0.6647837493202537
 0.05788270354001751 0.6366699966931911
 0.061762524628839694 0.6099447123546462
 0.06568752088784051 0.5846496171119753
 0.0696584990164874 0.5606747600662838
 0.07367626571424786 0.5380166448642794
 0.07774122433085562 0.5166257304637669
 0.08185418156577816 0.4964656947640659
 0.08601513741901547 0.4774690980913949
 0.09022489859003503 0.4595247339483078
 0.09448427177830432 0.4425916891701422
 0.09879366033355708 0.4266227143434452
 0.10315346760552704 0.41153026071018034
 0.10756450029368168 0.39723384180711346
 0.11202756509748847 0.38371016593255996
 0.11654266201694742 0.37088396695111014
 0.12111100110125973 0.3587014586018081
 0.12573258235042542 0.34709914294356014
 0.1304090191633794 0.3360498580504783
 0.135139908190388 0.3255445328912653
 0.1399260561309186 0.31549154844573706
 0.1447686730341725 0.3058744895502771
 0.14966816224988338 0.2966879918932286
 0.15462492712778505 0.28787450159241345
 0.15964017771707864 0.2794149611935562
 0.1647139140177642 0.27129684851534846
 0.16984694272930916 0.2634725757595001
 0.17504047390091481 0.25593877597406416
 0.18029491088231483 0.2486949551125467
 0.18561065702324294 0.24169952170744474
 0.1909889223729004 0.23493366901368983
 0.19643011028102094 0.22839065466804464
 0.201935027447072 0.22204927265957366
 0.20750448057052106 0.21589596422059956
 0.21313927635083568 0.20992116980575845
 0.2188398181377495 0.20410546587676375
 0.22460731598046376 0.19844840603043856
 0.2304421732287122 0.19295404978986363
 0.23634559993169604 0.18761843905389385
 0.242317999439149 0.18243812525561031
 0.24836017845053862 0.17740094703593456
 0.2544729436653323 0.17249894274733454
 0.2606575051327312 0.16772860144590787
 0.266914669552203 0.16309522846516374
 0.2732448402734812 0.15859235929252543
 0.27964882399603346 0.15420336169719628
 0.2861278307690609 0.14992119041245055
 0.292682667292031 0.14574405316166255
 0.2993141402644112 0.1416682175035381
 0.3060230563856691 0.13768860476231725
 0.3128106257050058 0.13380327200081038
 0.3196772515721551 0.12999571308544727
 0.3266241440363182 0.12624058726458237
 0.33365251314669625 0.12253779510903341
 0.3407627622530231 0.11888828371648341
 0.3479561014044998 0.11529265495050661
 0.35523333730059403 0.1117571327184546
 0.36259567999050684 0.108283977208708
 0.37004393617370573 0.10486746606960455
 0.37757931589939203 0.10150113899455956
 0.38520222251729935 0.09817742772129874
 0.3929142694263627 0.09489203559998631
 0.4007166666757832 0.09166019757472932
 0.408609414265561 0.08848594339943758
 0.41659573899356594 0.08539425723252266
 0.4246748341603306 0.0824095965603364
 0.43284669976585476 0.07950147298200455
 0.441115369307476 0.07667860767262488
 0.44947680928785693 0.07391235644926035
 0.45793908670167227 0.07120167563813133
 0.46649816805158467 0.06856773755279268
 0.4751580868349314 0.06599312813875521
 0.4839188430517125 0.06348071272048186
 0.4927844701992655 0.06105550599342009
 0.5017509347802529 0.058735263627369395
 0.5108182367946745 0.05646894242166216
 0.5199944432372054 0.05424753364411282
 0.5292795541078456 0.05210696743715833
 0.5386695359092574 0.0500318351899295
 0.5481684221387785 0.04799321860316173
 0.5577802462937459 0.04600070578293519
 0.5675009748768226 0.04402582050573041
 0.5773386748826832 0.04206027352787615
 0.5872893128139904 0.04013251187790853
 0.5973528886707441 0.03823873690493018
 0.6075334359502816 0.036375983783935375
 0.6178349881499406 0.03456154020172243
 0.6282535117723834 0.03279530217098641
 0.6387970738122848 0.031086364828558105
 0.6494616407723075 0.029451582756286297
 0.6602472126524516 0.027876318343186403
 0.6711578229500543 0.026358077156421352
 0.6821975051624529 0.0249157099275194
 0.6933662592896477 0.02356842144473055
 0.7046600518343012 0.02229655213453339
 0.7160909832884255 0.021095985233859807
 0.7276469531600083 0.019962863947967465
 0.7393440954383993 0.018891068829143167
 0.7511703096315864 0.017862369533244486
 0.7631376962315817 0.016855741765575266
 0.7752422217410477 0.01587636674164298
 0.787487919657322 0.01492655343417209
 0.7998747899804043 0.014014455738418844
 0.8124028327102949 0.013142756213753642
 0.8250801148416684 0.012327465144966576
 0.8378985693798501 0.011573483505299048
 0.8508702968168519 0.010876419413169126
 0.8639872301579994 0.010224108510448717
 0.8772614698953045 9.605405516388813E-3
 0.8906849490340927 9.013109541476532E-3
 0.904261701071701 8.431752387304696E-3
 0.9179997930028044 7.861919897958997E-3
 0.9318951913300656 7.304842723468837E-3
 0.9459478960534843 6.752329843753129E-3
 0.9601659741677355 6.20555984938461E-3
 0.9745453921754817 5.670885064774408E-3
 0.9890942170713978 5.157867768784361E-3
 1.0038084153581463 4.679507901294643E-3
 1.0186920205330645 4.241112659594205E-3
 1.0337450325961525 3.838117329136135E-3
 1.0489755185420852 3.4661213628641536E-3
 1.0643754113761876 3.123227800245899E-3
 1.0799568115904718 2.8095362454234043E-3
 1.0957197191849381 2.524936224274335E-3
 1.111660100662249 2.262400036620156E-3
 1.1277819895197418 2.0107941511014332E-3
 1.1440934527520913 1.7626592994277195E-3
 1.16059045686196 1.5203888578322135E-3
 1.1772770353466857 1.294439257987295E-3
 1.1941531882062677 1.0939361709800966E-3
 1.2112269824353811 9.217329528055702E-4
 1.228494384536689 7.763647452442697E-4
 1.245959428007528 6.540539258514216E-4
 1.2636221128478983 5.503066908291717E-4
 1.281490506052475 4.61369622913912E-4
 1.299564607621258 3.82509373865173E-4
 1.3178403840569095 3.0941305017346973E-4
 1.3363299358514422 2.444423822033345E-4
 1.3550292295075185 1.9341353898130554E-4
 1.3739422985224754 1.5815256270052896E-4
 1.393073176393651 1.360876998767348E-4
 1.4124218631210447 1.2371445173075252E-4
 1.431988358704657 1.1856730489751333E-4
 1.4517807301391618 1.1860684272187966E-4
 1.4718030109218975 1.2174920734412949E-4
 1.4920471340581886 1.2641272423186188E-4
 1.5125252000400477 1.314532135216608E-4
 1.5332372088674748 1.3543899970628055E-4
 1.5541831605404694 1.3766788034927235E-4
 1.5753670885563693 1.3896315507794322E-4
 1.5967930264125118 1.3978285657140196E-4
 1.6184650076062343 1.3857476061270295E-4
 1.6403789986401995 1.3431921353196241E-4
 1.662543066509082 1.2814572693295325E-4
 1.6849612447102186 1.215919451975626E-4
 1.7076335332436105 1.1501963051275543E-4
 1.7305599321092568 1.0833250776227006E-4
 1.7537525417991703 1.0233508655725545E-4
 1.7772032953186756 9.794686728171664E-5
 1.8009202596624478 9.567149885292732E-5
 1.824903434830487 9.656763350594592E-5
 1.8491608878174674 1.0149726317694231E-4
 1.8736926186233897 1.0987429190805865E-4
 1.898502660745591 1.2090210964329653E-4
 1.9235950476814083 1.349248498389613E-4
 1.9489657459335048 1.519456852627379E-4
 1.9746268559938922 1.7024518041572702E-4
 2.0005743443652335 1.8732034015927421E-4
 2.026816278042203 2.0092103301588281E-4
 2.0533526570248015 2.0966503954725025E-4
 2.0801875148103654 2.1282228377167593E-4
 2.107324884896233 2.1051718417126465E-4
 2.1347688007797405 2.042873320235193E-4
 2.162519262460889 1.9666502525491201E-4
 2.1905843369343527 1.891292141877214E-4
 2.218964024200132 1.8107315142142015E-4
 2.2476583242582264 1.7124217167817576E-4
 2.2766793376006484 1.6022300368699748E-4
 2.3060230307300604 1.508645352770581E-4
 2.3356974706411373 1.4597736215824622E-4
 2.365702657333879 1.462126408780463E-4
 2.3960426243056227 1.495124820352492E-4
 2.4267214050537067 1.5255762592161377E-4
 2.457743033075467 1.532593283227388E-4
 2.489111541868242 1.5183253349117031E-4
 2.5208309649293685 1.4970105818133225E-4
 2.5529053357561846 1.472567607328968E-4
 2.5853346543486894 1.4309618948078154E-4
 2.61812295420422 1.36630487033978E-4
 2.651278302317453 1.302261491642559E-4
 2.6848047321857242 1.2728091189782926E-4
 2.718698210311697 1.285681559382429E-4
 2.7529708371873824 1.319377525354593E-4
 2.787626646310119 1.3415588355142273E-4
 2.822661604182569 1.3193121064597788E-4
 2.8580878112967442 1.2299365540625385E-4
 2.893905267652645 1.0673228996737045E-4
 2.930118006747609 8.441689801884291E-5
 2.9667300620789727 5.810409396900136E-5
 3.0037454671440744 2.9296696690679473E-5
 3.0411722889375885 -1.8164200518923028E-7
 3.079010527459515 -2.66641084351191E-5
 3.117264216207191 -4.68022487986173E-5
 3.1559414221752914 -6.130701342165176E-5
 3.1950421453638164 -7.32903467554092E-5
 3.2345704192701036 -8.333155928681218E-5
 3.2745343108888276 -8.892752851622744E-5
 3.314937853717325 -8.906035559115032E-5
 3.3557810477555967 -8.471411651764361E-5
 3.3970719599983172 -7.392755031495195E-5
 3.4388146239428234 -5.424901032221486E-5
 3.4810130730864532 -3.058468830407691E-5
 3.523675374423882 -1.1963707739284686E-5
 3.5667974944577713 -1.6431135514360238E-6
 3.6103915336801333 3.2071900107233753E-6
 3.6544615255883057 6.132609661348287E-6
 3.699007470182289 9.918207283337366E-6
 3.7440414679540943 1.6713640972966056E-5
 3.7895594854063854 2.6002580452797602E-5
 3.835573623031173 3.3286983007757854E-5
 3.882087914325796 3.476312543381231E-5
 3.9291023592902534 3.09726138627022E-5
 3.97662502491922 2.384496934984282E-5
 4.0246599447100335 1.4945866474688625E-5
 4.073227286149381 4.842881914413391E-6
 4.122274613771875 -1.0273545345132091E-5
 4.171886631021603 -3.467550892563991E-5
 4.222023002925189 -6.290390593997575E-5
 4.272724064456009 -8.178414385952126E-5
 4.323909145667313 -8.307434304468565E-5
 4.375699251479223 -6.902953643206949E-5
 4.428013711944994 -4.448261523711743E-5
 4.4808928620379955 -1.1501547333317524E-5
 4.534336701758231 2.331290322635694E-5
 4.588345231105698 5.0473424074161294E-5
 4.642918450080399 6.487151925490156E-5
 4.698096693655705 6.564410564425665E-5
 4.753879961831618 5.751928228146235E-5
 4.81018758466139 4.8153404662267634E-5
 4.867140567065142 3.9556163188814585E-5
 4.9246985740695015 2.6346273492340135E-5
 4.982861605674466 5.0219432662685545E-6
 5.0415893269066645 -1.892744084786925E-5
 5.101002742686216 -3.258665829068697E-5
 5.1609808480930015 -2.479930531026968E-5
 5.221644648047139 2.2866204410731465E-6
 5.2829134726018844 3.620653593779395E-5
 5.344827656730608 6.209986722874214E-5
 5.4073872004333134 6.443241011717759E-5
 5.47059210371 3.562943939834042E-5
 5.534482701534039 -1.8126866811984666E-5
 5.599018658932058 -8.090585862276665E-5
 5.664240310877432 -1.3417728008641792E-4
 5.73014765737016 -1.7254631106576877E-4
 5.796700363436868 -2.0261305265657132E-4
 5.863979099024303 -2.2497792345178916E-4
 5.931903194185718 -2.3768599299210373E-4
 6.000593653841236 -2.4378609299004243E-4
 6.069929473070733 -2.3918735125457292E-4
 6.140031656794331 -2.1196772423282377E-4
 6.210819535065284 -1.6044667507381075E-4
 6.282333442856965 -8.789415738189484E-5
 6.354613715142746 7.5756499277140914E-6
 6.427579681975883 1.1018558355074094E-4
 6.50131201330312 1.8307272641680943E-4
 6.575810709124459 2.0642167104200354E-4
 6.651035434466526 1.9886826226390378E-4
 6.727066859276068 1.9703413547632607E-4
 6.803824313606337 2.1863695027814387E-4
 6.881388467404082 2.4472726602926413E-4
 6.959718985695928 2.4884898242330197E-4
 7.038815868481875 2.293094089564164E-4
 7.118759785708673 2.0084958402355612E-4
 7.199470067429571 1.8303335449126656E-4
 7.280987048617945 1.805603227957994E-4
 7.363310729273793 1.848001490498587E-4
 7.446481444370491 1.9712476179836407E-4
 7.530458858934664 2.106853237014753E-4
 7.615283307939686 2.0269620451622365E-4
 7.700954791385557 1.7168190699172675E-4
 7.7874733092722765 1.537811361260034E-4
 7.874838861599845 1.8240131099592012E-4
 7.9630514483682635 2.2752389237112966E-4
 8.052111069577531 2.3439507258877031E-4
 8.142098395174395 2.0761082236702527E-4
 8.232932755212106 1.7867276560148612E-4
 8.324654484664041 1.6179862315133703E-4
 8.4172635835302 1.5705169175254617E-4
 8.510760051810582 1.4117630406732306E-4
 8.60518422447856 9.705293569098737E-5
 8.700536101534134 5.501028148454954E-5
 8.79677534800393 5.146124407012954E-5
 8.893942298861322 7.656091991705262E-5
 8.992077289079686 1.0830333790323198E-4
 9.091099648712273 1.459577829198976E-4
 9.191130382679203 1.6978949733161287E-4
 9.292048486060356 1.5680740529350244E-4
 9.393974963775854 1.1974697703546946E-4
 9.496829145878946 7.001680449237092E-5
 9.600651367343012 3.15258691712888E-5
 9.70548196314142 3.7230605040082123E-5
 9.811280598300797 7.237482402011993E-5
 9.91808760779452 1.0451549662492956E-4
 10.025862656649213 1.335026761698259E-4
 10.134686414811624 1.800245409376197E-4
 10.244478212335004 2.3392560455667791E-4
 10.355318719166101 2.491844438335655E-4
 10.467167600331546 2.069175620456319E-4
 10.580024855831331 1.2970472694276075E-4
 10.693930820638835 5.379577316992989E-5
 10.808925829727434 -7.678987893140759E-6
 10.924929213150374 -4.9633186879360826E-5
 11.04198130588103 -7.386770960409649E-5
 11.160082107919408 -5.744895360205014E-5
 11.279271954238874 -5.113086794620318E-6
 11.399550844839434 -7.509732619070097E-6
 11.52087844474771 -5.196051587206549E-5
 11.643335423910452 -5.5141919123239363E-5
 11.766841112380911 -3.2956751755224484E-5
 11.891476180105839 -1.800304481621085E-5
 12.017200292111855 -1.524795315570992E-6
 12.144013448398963 -4.6204251213799755E-5
 12.271996318913912 -1.7764534694599543E-4
 12.40106823370995 -2.810019512277555E-4
 12.531269527760456 -2.965943279796493E-4
 12.662600201065423 -2.457663338176983E-4
 12.79506025362486 -1.3969510887288703E-4
 12.928690020412134 -1.61068748016937E-5
 13.063449166453873 4.8642151403333385E-5
 13.199378026723451 4.7053487709961925E-5
 13.336476601220872 5.645070372481458E-5
 13.474704554972753 1.0594556225780314E-4
 13.61414255792585 1.2920479232662838E-4
 13.754750275106785 8.167032620494586E-5
 13.89652770651556 5.028205442053932E-5
 14.039515187125547 5.025032202207709E-5
 14.183672381963373 -2.0326624852412796E-6
 14.328999291029039 -1.2498734126496012E-4
 14.47557658426929 -2.46392835971498E-4
 14.623363926710754 -2.99100145804972E-4
 14.772320983380059 -2.756843380957894E-4
 14.922528424223948 -1.6676822536989275E-4
 15.073945914269054 -1.0556548340735055E-5
 15.226573453515368 1.699884872785567E-4
 15.380451376936271 2.922588139264308E-4
 15.535539349558388 2.1482048315857717E-4
 15.691877706355092 2.592126235467313E-5
 15.849426112353004 -1.3078578938955027E-4
 16.008265237498882 -2.443735782131649E-4
 16.16831441184597 -2.988205165056017E-4
 16.32965430534102 -3.1194837024438635E-4
 16.492244583010656 -3.449562424663191E-4
 16.656044909881504 -3.0337988752253094E-4
 16.821135955900313 -2.6714219059345816E-4
 16.987517721067082 -2.797865424416564E-4
 17.155149870408436 -3.088323417486382E-4
 17.32403240392438 -1.9373933328754801E-4
 17.494205656588285 -1.0068017624672941E-4
 17.665669628400145 1.8781490566375903E-4
 17.838383984386595 4.660443519371713E-4
 18.012389059521005 8.027820183640466E-4
 18.187684853803375 1.2453907144273927E-3
 18.364231032260335 1.3032751183323385E-3
 18.542108264838624 1.2439929549692106E-3
 18.721235881591503 1.1653289353360176E-3
 18.901694552465716 9.600258815502443E-4
 19.083403607514515 3.0444206154834886E-4
 19.266403381711274 -2.6483458457054705E-4
 19.450734210029366 -5.829238833774636E-4
 19.63631542252205 -7.67643612038958E-4
 19.82322768913606 -7.067737392518007E-4
 20.011430674898036 -5.465253365550843E-4
 20.200924379807972 -3.587598224768957E-4
 20.391708803865867 -2.078196627178315E-4
 20.583783947071722 -1.0998296347474304E-4
 20.777149809425537 -5.449567966320827E-5
 20.97184672590069 -2.4605426962294023E-5
 21.16779402655043 -8.06035577995192E-6
 21.3650723813215 1.8137236058282142E-6
 21.563601120267154 8.174586291576774E-6
 21.76346091333415 1.2486450309252579E-5
 21.964571090575724 1.550287372501795E-5
 22.16701232193864 1.7655685386691905E-5
 22.370703937476136 1.920249837416308E-5
 22.575726607134974 2.031692654095738E-5
 22.781999660968391 2.113373709396279E-5
 22.989563433949772 2.172943101870088E-5
 23.19837759110574 2.215286302292132E-5
 23.40852280238304 2.2458117856116847E-5
 23.619878062861555 2.267749424498645E-5
 23.832564377461402 2.2826722221706482E-5
 24.04646074126246 2.2926862492446275E-5
 24.261647824211486 2.2989933247917438E-5
 24.47812562630847 2.3028576841539934E-5
 24.695813477606662 2.3044642395076845E-5
 24.914751713079443 2.3044556942106194E-5
 25.134940332726813 2.3037627610552212E-5
 25.356379336548766 2.302393264381947E-5
 25.57906872454531 2.3005695195048606E-5
 25.802968161743063 2.2984265911759512E-5
 26.0281179831154 2.2965122779890524E-5
 26.254437518715583 2.2946187006264145E-5
 26.48200743849035 2.292873995134127E-5
 26.71078740746633 2.292668042407741E-5
 26.94077742564352 2.2907043177852785E-5
 27.17193715804855 2.2887447095563997E-5
 27.404306939654794 2.2900655644286062E-5
 27.637846435488881 2.288342303247438E-5
 27.8725556455508 2.2898328896034962E-5
 28.108434569840564 2.2913397843495214E-5
 28.345483208358167 2.2928014915735152E-5
 28.583701561103605 2.2976382142056817E-5
 28.823049293103512 2.2996494320663586E-5
 29.063486069384506 2.3014510365755804E-5
 29.305092559893346 2.306164771348734E-5
 29.547828429656643 2.314338672060571E-5
 29.791653343701035 2.319536766917268E-5
 30.03656730202652 2.3246751431873905E-5
 30.282570304633097 2.3295911061622671E-5
 30.52970268649414 2.337881720106268E-5
 30.777843442689523 2.3463200603800964E-5
 31.027073243166 2.354470076611141E-5
 31.277351752950195 2.3659716097232453E-5
 31.528638637068734 2.3773679267533325E-5
 31.78097423049499 2.3886825939876396E-5
 32.03431819825559 2.399894247234538E-5
 32.28871087532391 2.4114067552584053E-5
 32.544031256779824 2.4259688376929493E-5
 32.80036001257008 2.443196281896876E-5
 33.057656807721315 2.4575386676530585E-5
 33.31592164223351 2.4748894032028307E-5
 33.57511418113331 2.492318481568487E-5
 33.835234424420704 2.5096130142767701E-5
 34.09628237209569 2.529882588481164E-5
 34.358217689184904 2.5502087931598462E-5
 34.62104037568834 2.5703981925312751E-5
 34.884750431605993 2.5933154646396891E-5
 35.14934785693788 2.6193404438463247E-5
 35.41475198173723 2.6452009573226556E-5
 35.68104347595081 2.6710973779535173E-5
 35.94810133465849 2.6998675301316495E-5
 36.21600622780702 2.728471996186447E-5
 36.484677485449644 2.7601226291022055E-5
 36.75411510758638 2.7944159903852886E-5
 37.02431909421721 2.8259209194490924E-5
 37.29524911036877 2.860042294924932E-5
 37.56694549101444 2.899760588727916E-5
 37.83932756620746 2.9394920790749966E-5
 38.1124356709212 2.9792303932869556E-5
 38.38618913520892 3.0245229149284077E-5
 38.660628294044 3.0696019500080273E-5
 38.93571281245306 3.117661198095188E-5
 39.211402355462723 3.171001869873942E-5
 39.487737258046365 3.221598832527187E-5
 39.76463685025725 3.2776694935790945E-5
 40.04214146706873 3.338969901240116E-5
 40.32021077350745 3.3980272781078483E-5
 40.59876409962665 3.465013820452707E-5
 40.87788211537309 3.537699103945955E-5
 41.157403480853254 3.608561582348379E-5
 41.4377315458009 3.684485851624512E-5
 41.71846296048229 3.7682033285667966E-5
 41.99919437516368 3.8571717128459073E-5
 42.28073248931254 3.9511101108161104E-5
 42.56267395319513 4.04750866156921E-5
 42.84501876681147 4.154348494838221E-5
 43.12776693016154 4.272000896330926E-5
 43.41051509351161 4.389059809520639E-5
 43.694069956329165 4.519123519546773E-5
 43.97762481914671 4.659453549710195E-5
 44.26198638143173 4.8107826085984806E-5
 44.54594459398302 4.977938998673211E-5
 44.83070950600178 5.1544932781201935E-5
 45.11547441802055 5.3502338218473746E-5
 45.40064267977305 5.56696383870231E-5
 45.685810941525545 5.8088218344254796E-5
 45.97097920327804 6.073054392529059E-5
 46.25655081476429 6.364147231224847E-5
 46.54252577598425 6.701320663529872E-5
 46.82850073720423 7.098467997247567E-5
 47.11407234869046 7.549381820794248E-5
 47.40045065964418 8.084218059388495E-5
 47.686425620864156 8.727561120683805E-5
