 0.0E+0 0.0E+0
 3.945421435360043E-3 0.044446748184511206
 0.011882648722343687 0.13309451093839216
 0.019913261708823203 0.22200337041568912
 0.02803839463406372 0.3108073830065492
 0.03625894295011666 0.39902281029847413
 0.04457629958239534 0.4862396554682105
 0.05299145947762357 0.5721685179591401
 0.06150551707719751 0.6565924602951559
 0.07011966631718573 0.7393286352869152
 0.07883510113365681 0.8202230279093672
 0.08765311495735166 0.8991539071304968
 0.09657460324032172 0.9760287422244033
 0.10560066042396317 1.0507771313687401
 0.1147332764017236 1.123347157673981
 0.1239733466256544 1.1937049341284398
 0.13332186604247944 1.2618343063864441
 0.14277982959892246 1.3277348214247581
 0.1523502221351549 1.3914201658672238
 0.16203204870445295 1.4529175913885081
 0.17182729920026418 1.5122660082927092
 0.18173796351603621 1.5695123680845826
 0.19176503659849283 1.6247082536923582
 0.2019105083410817 1.6779056549294724
 0.21217437874380276 1.729150918486379
 0.2225586377001036 1.7784777403419114
 0.23306527510343186 1.825900965925654
 0.24369528590051131 1.8714142094593804
 0.25444966503806576 1.914991893551124
 0.26533040240954286 1.956591678614387
 0.2763394879083901 1.996154762769076
 0.2874769215346076 2.033604282610432
 0.29874568812836665 2.06884292275607
 0.31014578768966732 2.1017518573131885
 0.32168120000540484 2.132190921971564
 0.3333509301288553 2.159999800915647
 0.3451569679534664 2.185003249783526
 0.3571022983194095 2.2070164627232937
 0.36918791617340834 2.225845421653208
 0.38141481646218683 2.241288076013286
 0.3937859840259163 2.2531433003897274
 0.40630141886459686 2.2612207752631534
 0.418963110871676 2.265345386498174
 0.4317740448873251 2.2653629649803863
 0.44473521585826802 2.2611467909331053
 0.45784761873122853 2.2525978410895453
 0.47111423834637805 2.239648065325498
 0.4845360696504404 2.2222688359756985
 0.4981151025368631 2.200472145580209
 0.5118533268990938 2.174310815178435
 0.5257527326305802 2.143885713482375
 0.539814314678046 2.1093550803892133
 0.5540410578816625 2.0709365328380604
 0.5684339571881536 2.0289025096564743
 0.5829959974376907 1.98356455522642
 0.5977281735769977 1.9352520009785856
 0.612632475499522 1.8843137925456416
 0.6277108930987114 1.831132094610657
 0.6429664112147372 1.7761146747273983
 0.658401019741047 1.7196859718701815
 0.6740157136243645 1.662298291428492
 0.6898124827581376 1.604434233466743
 0.7057943119825373 1.546594666098487
 0.7219631911910115 1.4892815282355544
 0.7383211102770076 1.4329833306698074
 0.7548700591339735 1.3781588584984054
 0.7716130226020803 1.3252352042144217
 0.7885509956280519 1.274611268242951
 0.8056869630520598 1.2266542563046742
 0.8230239097142751 1.1816934878818896
 0.840562830561422 1.1399787473520675
 0.8583067104336716 1.1016584375523861
 0.8762575392244717 1.0667853868849432
 0.8944183017739935 1.0353268344804515
 0.9127909879756847 1.007165322964395
 0.9313785826697168 0.9820760355034108
 0.9501820808028135 0.959828088333463
 0.9692054621618699 0.9402608797620243
 0.9884517115870575 0.9231519498357348
 1.0079208290783763 0.9082400220063206
 1.0276207742096168 0.895208570757742
 1.0475495570873314 0.8837204430251213
 1.06770717771152 0.8736089715028796
 1.0881035855494203 0.8647660716173248
 1.1087288311337948 0.8570234863634405
 1.1296028133991193 0.8502085130102651
 1.150715582878156 0.8441721668161274
 1.1720770890381424 0.8388062530521256
 1.1936873318790788 0.8340237006918118
 1.2155562608682035 0.8297246827292487
 1.2376739265382781 0.825819563159374
 1.2600403288893025 0.8222510636852542
 1.2826753668557531 0.8189751464259006
 1.3055790404376295 0.8159585075157078
 1.3287414001676942 0.8131643874558997
 1.3521723955131847 0.810557036858121
 1.3758819759413392 0.8081183507150944
 1.3998601919849198 0.8058413659678313
 1.4241269425784024 0.8037278272238171
 1.4486722782545491 0.8017834813258374
 1.4734961990133597 0.8000098448341297
 1.4986086543220722 0.79839961844266
 1.524019593647925 0.7969363670836871
 1.5497190675236796 0.7956012288223537
 1.575726974883812 0.7943821380901039
 1.6020333662610848 0.7932752441229757
 1.6286382416554976 0.7922795833847013
 1.6555515505342881 0.7913923659365687
 1.6827832423646946 0.7906095191789214
 1.7103333171467174 0.7899273947899735
 1.7381918254131183 0.7893396902236421
 1.766388615565611 0.788836520319092
 1.7948938392024815 0.7884070679871098
 1.823747294192682 0.7880410069366063
 1.8529191321344988 0.7877280756851212
 1.8824392014296456 0.7874564564286323
 1.9122975526108845 0.7872118204591573
 1.9425041351454532 0.7869778784367574
 1.9730589490333516 0.7867394020119837
 2.0039619942745807 0.7864872999866738
 2.0352331698036154 0.7862190801050217
 2.06685257668598 0.7859337978460809
 2.098850063323389 0.7856291883743224
 2.1312057307813656 0.7853027738466497
 2.1639494274616244 0.7849534537000874
 2.1970612544296894 0.7845818811974733
 2.230551161152798 0.7841900505807444
 2.264439046565427 0.7837807017866394
 2.298714961200338 0.7833569430390304
 2.3333789050575304 0.7829220061559122
 2.3684507770714815 0.7824791670550475
 2.4039206277749523 0.7820317677155438
 2.439808356102419 0.7815832166300333
 2.476104012586644 0.7811369944845189
 2.5128175466948645 0.7806964986303925
 2.549948958427082 0.7802647310852491
 2.587518146717771 0.7798437757615656
 2.6255052126324556 0.7794343009063194
 2.6639400045728502 0.7790352753915967
 2.7028225225389554 0.7786441689485658
 2.7421428170635326 0.7782577134181212
 2.7819108376138195 0.7778728818912436
 2.822146483124292 0.7774878167540668
 2.8628398041277134 0.7771023288672873
 2.9040007500913205 0.7767179340835754
 2.9456293210151134 0.7763376252844661
 2.9877454158335683 0.7759653573222143
 3.0303390850794476 0.7756052978235731
 3.0734202782199884 0.7752608539144465
 3.1169889952551916 0.7749339612595887
 3.1610651351195326 0.7746249721689187
 3.205648697813012 0.7743332422335123
 3.2507297338683907 0.7740581140586773
 3.2963380916873843 0.7737996324383289
 3.3424638218027533 0.7735586756443432
 3.389116873681736 0.7733367723297181
 3.4363071967915717 0.7731360913305609
 3.4840347911322586 0.7729600276914883
 3.532299656703798 0.7728141469985819
 3.581121692440665 0.7727069181409901
 3.6305108478100982 0.7726494028869391
 3.6804472238776213 0.7726534120592118
 3.7309606690449483 0.7727286330776559
 3.78205118331208 0.7728797419401955
 3.833718766679015 0.7731043410243492
 3.885973368612992 0.773392111854038
 3.9388249385812494 0.7737260595583281
 3.9922834260510247 0.7740862404728314
 4.04633888155508 0.7744547190688333
 4.101011204027892 0.7748193058009792
 4.156310342936696 0.775174144478765
 4.212236298281496 0.7755162486633691
 4.268789070062289 0.7758394165574127
 4.325998506680791 0.7761323896261677
 4.383844709202524 0.7763887718500123
 4.442347576561965 0.7766208462718985
 4.501507108759115 0.77685692517614
 4.561343204728448 0.777121515297275
 4.621855864469967 0.7774198715605684
 4.683055037450906 0.7777399686477386
 4.744950673138505 0.7780655584917169
 4.807532822065527 0.7783871456142922
 4.870831332633684 0.778703238510546
 4.934836255375739 0.7790145164710767
 4.999567489226169 0.779317758037387
 5.065025034184973 0.7796037999036742
 5.131218839719389 0.7798588312616699
 5.198158855296654 0.7800644137631823
 5.2658550303840074 0.7801946368869171
 5.334307364981449 0.7802170137753692
 5.403535758023455 0.780103693616426
 5.473540209510024 0.779844748653434
 5.544320719441158 0.7794533869119595
 5.615907136218571 0.7789617988101588
 5.688289510375022 0.7784152825416891
 5.76148774084499 0.7778675901547089
 5.835501827628473 0.7773679732193666
 5.9103417201927115 0.7769426591139829
 5.9860173680049415 0.7765954132931128
 6.062538720532402 0.7763276525804443
 6.139915727242329 0.7761492561404066
 6.218158337601963 0.7760694515552176
 6.297276501078541 0.7760851743989241
 6.377270217672063 0.7761793481591074
 6.458149436849766 0.7763240403458125
 6.539934057546128 0.7764849817572717
 6.6226340292283865 0.7766266538556765
 6.706239402429303 0.7767101843432009
 6.790780025550591 0.7766945658988912
 6.876265848059489 0.7765514055794415
 6.962686920488759 0.7762767935769176
 7.050073091240115 0.7758939995214768
 7.138424360313557 0.7754524984045508
 7.227750677176323 0.7750231476347605
 7.318061991295652 0.7746853979069929
 7.409368252138779 0.7745051240340788
 7.501689358640184 0.7745120028423755
 7.595025310799865 0.7747036919018525
 7.689386058085058 0.7750754733916663
 7.784791499430243 0.7756318765517796
 7.881241634835417 0.7763633528654452
 7.97874641376782 0.7772208542686208
 8.077325735161926 0.7781154224922088
 8.176989548484974 0.7789440245616275
 8.277737853736966 0.779644828811677
 8.379590549852374 0.7802329431500508
 8.482557586298437 0.7807715675328677
 8.586648912542396 0.7813226965151429
 8.691884427518724 0.7819147971433819
 8.798254181760186 0.7825712001431107
 8.905788023668492 0.7833646323746904
 9.014495902710882 0.7843949681749452
 9.124377818887357 0.7856892426253835
 9.23546362059963 0.7870987671045884
 9.347743358380463 0.7883281905761974
 9.461246880631569 0.7891308616821437
 9.575984136820189 0.7894586243431291
 9.69195512694632 0.7893869357326635
 9.809179749944438 0.7889659968685214
 9.927667955281784 0.7882087402104373
 10.047469490294544 0.7871288558995312
 10.168455011908627 0.7857756879314719
 10.29083345893603 0.7842695740075479
 10.414505336704373 0.7827847399228866
 10.539570139886035 0.781501596193763
 10.665828879136258 0.7805501412999635
 10.793580038472182 0.7799916360253912
 10.922624628549045 0.7798266397654976
 11.053062144039227 0.7799709992943661
 11.184892584942732 0.7802404215166417
 11.318115951259553 0.7804436638117231
 11.452732242989699 0.7804077419712362
 11.58884095480554 0.7800224611254662
 11.726442086707085 0.7792993733398873
 11.865336649349567 0.7782720240235519
 12.005823126750132 0.776961919622322
 12.147802024236395 0.7754806553249498
 12.291273341808358 0.7740484856443594
 12.436137584793642 0.7729031386895738
 12.582693237209385 0.7721840619384142
 12.73064181503845 0.7718699099391617
 12.880281802297972 0.7718959059005347
 13.031414209643197 0.7722794495845899
 13.184138531746498 0.7729963064795272
 13.338454768607882 0.7738758849359706
 13.494362920227347 0.7747520463530617
 13.651962481277272 0.7756206571753195
 13.811153957085274 0.7766390353065841
 13.972036842323739 0.777886946311324
 14.134611136992662 0.7791708350831675
 14.298777346419667 0.7806243167944111
 14.464734459949511 0.7823279245200662
 14.632283488237436 0.7840336634125221
 14.80172291530058 0.7856476116883866
 14.972754257121805 0.7872258245254738
 15.145675997718248 0.7884704034674642
 15.320289147745152 0.7889541435917218
 15.496693201874896 0.7887646901384804
 15.674987654779859 0.7881530901428626
 15.854973517115285 0.7873367353857373
 16.03684977822593 0.7866677959653904
 16.220616438111793 0.7864491278015182
 16.4061740021005 0.786940513062152
 16.593721459536801 0.7881865157550475
 16.78305982107595 0.7899069857961337
 16.97438807606269 0.7919465943638576
 17.16760672982466 0.7942451477902513
 17.362715782361842 0.7963296061213627
 17.559914223019006 0.7976126340069135
 17.75900306245139 0.7980234967551875
 17.960081795331376 0.798254259439535
 18.16315042165896 0.7988442944597223
 18.368308436106524 0.7998198551552634
 18.57545634400169 0.8011675990358165
 18.784693640016836 0.8029110194847108
 18.996020324151963 0.8051138623626095
 19.209436396407063 0.8077619749204797
 19.42494185678215 0.8103263843064363
 19.642536705277215 0.8121097079986617
 19.86222094189226 0.8129980029974293
 20.08419355597205 0.8133827534130683
 20.308255558171811 0.8132569992647714
 20.534506443163937 0.8125812531406201
 20.762946210948424 0.8113639723347301
 20.993574861525267 0.8102109583894017
 21.226491889566855 0.8098661864430005
 21.461697295073182 0.80977874630368
 21.699091583371867 0.8089707891991349
 21.938774249135292 0.807419386376102
 22.180844787035837 0.8054720915327939
 22.425104207728743 0.8036497806826346
 22.67185099523115 0.8022223419047735
 22.920786665525916 0.80077627817491
 23.17220970263018 0.7989521339066084
 23.425921117199187 0.7973469421942141
 23.682020403905315 0.7962384420709577
 23.94060705742094 0.795356273164782
 24.201581583073686 0.7948317249776928
 24.465043475535932 0.7944387342195962
 24.730893240135301 0.7934775513101494
 24.99932986621655 0.7920981170942583
 25.270154364434915 0.7922710758487813
 25.54356572413516 0.7964932204170785
 25.819464450644908 0.8028241845618412
 26.09785054396415 0.8079897799040516
 26.37882349876528 0.8116309735513169
 26.662482809720668 0.8136743715196814
 26.948629487485554 0.8146578280265679
 27.237363026732317 0.8156064774102467
 27.52868342746097 0.8149563708347989
 27.822690184343873 0.8135929565040254
 28.11938329738104 0.8125079985236375
 28.41866327190009 0.810722826157651
 28.720729097245772 0.8076609273452408
 29.025381784073342 0.8054203926121782
 29.332820321727552 0.8066772442867692
 29.64294521553602 0.811260939784857
 29.955756465498744 0.8156148546045292
 30.271453060960496 0.8181628427138974
 30.5898360125765 0.8197530866106205
 30.91100481501915 0.8195808743594509
 31.234959468288437 0.817212016154627
 31.561699972384364 0.814678363035638
 31.891325821979314 0.8120220861543521
 32.2237375224009 0.8073641259238412
 32.55903456832151 0.802195896962556
 32.89721695974114 0.7998163699826698
 33.238185201987406 0.7986378304762815
 33.582138284405075 0.7957449601145599
 33.92897671232176 0.7943303928456075
 34.278700485737473 0.7959559556929116
 34.631409099324585 0.797156370438218
 34.98700305841071 0.7962882682711475
 35.34548236299586 0.7944307985518851
 35.70704600242478 0.7936827486605587
 36.07159448202511 0.7944324922748525
 36.43902830712446 0.7966750588541806
 36.80954646706759 0.7985887492501375
 37.18304946718212 0.7980268689473253
 37.55953730746805 0.7944057563572828
 37.93910948259776 0.7902533577965375
 38.32166649789887 0.7865494737237211
 38.70730784804376 0.7841711493518195
 39.09593403836005 0.7831596485769015
 39.4877440581925 0.7842497446833625
 39.882538918196345 0.7875124963806446
 40.280517607716355 0.7918954204471617
 40.68158063208015 0.7945895337751724
 41.085628496615335 0.7962000424471424
 41.49286019066669 0.7963141356045487
 41.9032757142342 0.7961820528445892
 42.31677557264548 0.7969643856104849
 42.73335976590056 0.8008237126256026
 43.15312778867179 0.8077230021850964
 43.57607964095917 0.8149521634334158
 44.002115828090346 0.8137185711599773
 44.43133584473768 0.7990503903419173
 44.86373969090117 0.7564475712550717
 45.29922787190844 0.7121585912984225
 45.737999377104245 0.601432451459744
 46.17985521714384 0.4804773540538976
 46.62499438137197 0.42691549445993626
 47.073217880443884 0.3368182850411012
 47.52462520903195 0.2536246846270819
 47.979315861808565 0.18388551943018041
 48.437090849428955 0.13847659599758144
 48.89814916123788 0.10982118655793023
 49.362391302562976 0.09029875879937525
 49.829817273404223 0.0758749732308563
 50.30042707376164 0.06465090430442558
 50.774220703635215 0.05563641751462005
 51.251198163024945 0.04824236598566881
 51.73145894660322 0.0420833801484271
 52.21480406502527 0.03689159201526116
 52.70143250763586 0.03247293666686579
 53.19114528509023 0.028682449836470735
 53.684141386733145 0.0254092127339757
 54.18022182321983 0.022566685762410415
 54.67958558389506 0.020086236523964507
 55.182033679414075 0.017912671815110341
 55.687765099121634 0.016001068533629456
 56.19658085367296 0.014314475189395348
 56.70858043774045 0.012822214792033479
 57.223664356651724 0.011498608430185697
 57.74203159975154 0.010322003172401523
 58.26338368302276 9.274020034315688E-3
 58.78801909048251 8.338966005926922E-3
 59.315639338113655 7.503370891174398E-3
 59.84644341526098 6.755615276357004E-3
 60.38043132192445 6.085632495221003E-3
 60.91740406875932 5.48466593091123E-3
 61.45746115043797 4.945070805865165E-3
 62.0006025669604 4.460150416853412E-3
 62.54682831832662 4.0240205818806804E-3
 63.09613840453661 3.631496622631448E-3
 63.648433330918 3.2779984096510846E-3
 64.20381259214317 2.959470196042217E-3
 64.76207719886737 2.6723126428641564E-3
 65.32342614043534 2.413325425496019E-3
 65.88775992217472 2.1796575985164566E-3
 66.4550785440855 1.96876529391491E-3
 67.02528251149528 1.7783751169414981E-3
 67.59847131907648 1.6064526820238806E-3
 68.1745454721567 1.4511750454926067E-3
 68.75350497073592 1.3109069198255526E-3
 69.33534981481418 1.1841798552256468E-3
 69.92008000439147 1.0696738842461816E-3
 70.50769553946775 9.662016045616065E-4
 71.09809692537068 8.726939922839804E-4
 71.69118466742788 7.881878825319341E-4
 72.2871577549841 7.11815051014037E-4
 72.88591669336695 6.427923792580475E-4
 73.48736198790407 5.804131666211514E-4
 74.09149363859544 5.24039405226989E-4
 74.69831164544108 4.730948843983675E-4
 75.30791550311335 4.270590583191551E-4
 75.92000672759512 3.8546149152637876E-4
 76.53478430823115 3.478769526258849E-4
 77.15214875034907 3.1392100255864084E-4
 77.77200055927648 2.832460092252029E-4
 78.39443922968579 2.555375815147805E-4
 79.01936526690457 2.3051135886983836E-4
 79.64687816560524 2.0791011919007418E-4
 80.27667944177067 1.8750117776005417E-4
 80.90896808474558 1.690740383253607E-4
 81.54364459985761 1.5243826713823E-4
 82.18070898710677 1.374215934931931E-4
 82.82006175182067 1.2386816232233676E-4
 83.4617028939993 1.1163699935721231E-4
 84.10563241364268 1.0060056038085909E-4
 84.75175081607841 9.064349938176189E-5
 85.40005810130651 8.166147613490016E-5
 86.05055426932697 7.356013204610617E-5
 86.70323932013979 6.625413564659206E-5
 87.35791426440021 5.966632953238205E-5
 88.01477809145298 5.3726952989064174E-5
 88.67353231728097 4.837294345663774E-5
 89.33437593122895 4.354729517630655E-5
 89.99710994395214 3.9198488583219373E-5
 90.66173435545056 3.527996633799171E-5
 91.32824916572419 3.1749663767642105E-5
 91.99655488010066 2.8569575405509454E-5
 92.66675099325236 2.570537512075132E-5
 93.33863851583453 2.312606067442096E-5
 94.01231694251952 2.080363691442618E-5
 94.6875872839626 1.8712829257279285E-5
 95.36454903483613 1.6830822238513491E-5
 96.04310270046774 1.513702461507108E-5
 96.72314878618506 1.3612855678530906E-5
 97.40478678666045 1.2241551308164368E-5
 98.08781771254918 1.1007991009161328E-5
 98.7723410585236 9.898538944492739E-6
 99.45825732991133 8.900899626942954E-6
 100.14536753736763 8.003990999439683E-6
 100.83387067023725 7.1978257096190564E-6
 101.52336874983065 6.473406063748285E-6
 102.21485672287167 5.822628320157802E-6
 102.9073396426365 5.238196455311748E-6
 103.59982256240131 4.7135441964261275E-6
 104.29429537561373 4.242764488814079E-6
 104.98976313554994 3.820546296318568E-6
 105.68622584220996 3.442117374914865E-6
 106.38368349559377 3.1031921620470335E-6
 107.0811411489776 2.7999258198358443E-6
 107.78058869580902 2.5288724784781364E-6
 108.48003624264042 2.286947256318646E-6
 109.18147368291943 2.071392932214487E-6
 109.88191617647468 1.8797495771516378E-6
 110.58434856347748 1.7098276649859691E-6
 111.28678095048029 1.5596840684566783E-6
 111.99020828420693 1.4276008051909173E-6
 112.69363561793354 1.3120662350321054E-6
 113.39706295166015 1.2117590298074423E-6
 114.10148523211058 1.1255340209651337E-6
 114.80690245928477 1.0524111042324721E-6
 115.512319686459 9.915661547806272E-7
 116.21674196690941 9.423254125208371E-7
 116.92315414080744 9.041633052839748E-7
 117.62857136798166 8.767133691417869E-7
 118.33498354187967 8.596850189481892E-7
 119.04040076905389 8.53351325847608E-7
