 0.0E+0 0.5560960676534468
 1.2651206658429721E-3 0.5626376510265463
 2.54512345870325E-3 0.5692557404926006
 3.84018243023286E-3 0.5759512202502223
 5.150473643639028E-3 0.5827249844714899
 6.476175196373858E-3 0.5895779373968292
 7.817467243039852E-3 0.5965109934524363
 9.174532018562585E-3 0.603525077349847
 0.010547553861589884 0.6106211242061911
 0.011936719238164603 0.6178000796428097
 0.013342216765621733 0.6250628999055169
 0.014764237236759127 0.6324105519707306
 0.01620297364424966 0.6398440136638555
 0.017658621205322716 0.6473642737729248
 0.01913137738670421 0.6549723321585382
 0.02062144192980672 0.6626691998787693
 0.02212901687620377 0.6704558993000405
 0.023654306593356402 0.6783334642192177
 0.025197517800617432 0.6863029399819978
 0.026758859595505113 0.6943653836050135
 0.028338543480254555 0.7025218638923152
 0.02993678338863414 0.7107734615697203
 0.03155379571306759 0.7191212693947016
 0.03318979933200601 0.7275663922907306
 0.03484501563760564 0.7361099474712661
 0.03651966856368754 0.7447530645619128
 0.038213984613975335 0.7534968857403093
 0.0399281928906511 0.7623425658517711
 0.04166252512317441 0.77129127254825
 0.04341721569741743 0.7803441864151681
 0.04519250168508869 0.7895025011113976
 0.04698862287347514 0.7987674234923188
 0.048805821795464346 0.8081401737507243
 0.05064434375988708 0.817621985557712
 0.05250443688218055 0.8272141061838928
 0.05438635211532737 0.8369177966562517
 0.05629034328115131 0.8467343318840354
 0.0582166671018995 0.8566650008033948
 0.060165583232153756 0.8667111065211509
 0.062137354291068813 0.8768739664528432
 0.06413224589492479 0.8871549124674333
 0.06615052669000876 0.8975552910356734
 0.06819246838583383 0.9080764633711005
 0.07025834578867911 0.9187198055802477
 0.07234843683547129 0.9294867088082929
 0.07446302262799763 0.9403785793874958
 0.0766023874674566 0.9513968389949998
 0.07876681888936757 0.9625429247899333
 0.08095660769879243 0.9738182895826022
 0.08317204800594197 0.9852244019734401
 0.08541343726209859 0.9967627465155298
 0.08768107629590857 1.0084348238705935
 0.08997526935002934 1.0202421509610848
 0.09229632411812261 1.0321862611290315
 0.0946445517822091 1.044268704303209
 0.0970202670504033 1.0564910471456874
 0.09942378819498193 1.068854873222787
 0.10185543709084108 1.0813617831628938
 0.10431553925431249 1.094013394824693
 0.10680442388236254 1.1068113434510538
 0.10932242389214138 1.1197572818467742
 0.11186987596093632 1.132852880537181
 0.11444712056648616 1.146099827936373
 0.11705450202767818 1.1594998305171952
 0.11969236854563187 1.173054612980377
 0.12236107224516737 1.1867659184254515
 0.125060969216663 1.2006355085189115
 0.12779241955829487 1.2146651636699883
 0.13055578741867701 1.2288566832032272
 0.1333514410398936 1.2432118855317371
 0.13617975280092545 1.257732608334261
 0.1390410992614796 1.2724207087275434
 0.14193586120621062 1.2872780634482348
 0.14486442368935623 1.3023065690268298
 0.1478271760797681 1.3175081419698997
 0.15082451210635772 1.3328847189357195
 0.15385682990394147 1.3484382569183757
 0.1569245320595047 1.3641707334273465
 0.16002802565887433 1.3800841466712794
 0.1631677223338096 1.396180515738777
 0.16634403830950392 1.4124618807812743
 0.16955739445250297 1.428930303204747
 0.1728082163190589 1.4455878658426388
 0.17609693420387781 1.4624366731539568
 0.17942398318931807 1.4794788514027903
 0.18278980319499688 1.4967165488480251
 0.18619483902782862 1.51415193592841
 0.18963954043248404 1.531787205455068
 0.19312436214228748 1.5496245727995197
 0.19664976393054198 1.567666276080439
 0.20021621066227904 1.5859145763573585
 0.20382417234644911 1.6043717578193348
 0.20747412418854155 1.6230401279737753
 0.21116654664363374 1.641922017845736
 0.21490192546989392 1.6610197821599836
 0.21868075178249815 1.6803357995411944
 0.22250352210800264 1.6998724726989238
 0.226370738439137 1.7196322286306504
 0.23028290829005926 1.7396175188019904
 0.2342405447520211 1.7598308193525515
 0.23824416654950114 1.7802746312780075
 0.24229429809675276 1.800951480635114
 0.24639146955481791 1.8218639187237455
 0.2505362168889556 1.843014522288956
 0.25472908192652954 1.8644058937107763
 0.2589706124153278 1.8860406611984534
 0.2632613620823247 1.907921478982498
 0.2676018906928789 1.9300510275123541
 0.27199276411038164 1.9524320136410877
 0.27643455435632535 1.9750671708277631
 0.2809278396708322 1.9979592593210377
 0.2854732045736003 2.0211110663581077
 0.2900712399253033 2.044525406350712
 0.29472254298941202 2.068205121077702
 0.29942771749445507 2.0921530798778356
 0.3041873736967175 2.116372179837286
 0.3090021284433665 2.1408653459739444
 0.31387260523599613 2.165635531436778
 0.31879943429462542 2.190685717681957
 0.3237832526220977 2.2160189146631643
 0.3288247040689121 2.2416381610189355
 0.3339244393984822 2.2675465242543837
 0.33908311635280724 2.293747100925157
 0.3443013997185624 2.320243016815708
 0.3495799613935942 2.3470374271277276
 0.35491948045384524 2.3741335166467152
 0.36032064322065693 2.401534499933086
 0.3657841433285081 2.429243621488352
 0.3713106817931307 2.4572641559306633
 0.3769009670800254 2.4855994081697683
 0.38255571517337516 2.5142527135777377
 0.3882756496453471 2.5432274381516162
 0.3940615017257642 2.572526978686217
 0.39991401037217083 2.602154762932974
 0.40583392234025866 2.632114249766024
 0.4118219922546713 2.662408929339357
 0.4178789826801658 2.693042323240564
 0.4240056641931245 2.724017984648862
 0.4302028154534259 2.755339498486361
 0.4364712232766599 2.787010481562564
 0.44281168270667164 2.819034582723713
 0.4492249970884456 2.8514154829913023
 0.45571197814130393 2.88415689570235
 0.4622734460324246 2.91726256664412
 0.4689102294506659 2.95073627419045
 0.4756231656807009 2.9845818294177415
 0.48241310067741605 3.018803076244524
 0.48928088914062695 3.053403891539199
 0.49622739459003956 3.0883881852402637
 0.5032534894404848 3.1237599004701097
 0.510360055077412 3.1595230136383194
 0.5175479819326173 3.1956815345467552
 0.5248181695602115 3.2322395064826352
 0.5321715267127991 3.269201006321338
 0.5396089714178913 3.306570144597682
 0.5471314310544821 3.344351065602939
 0.5547398424298435 3.382547947456407
 0.5624351518564851 3.421165002169532
 0.570218315229258 3.460206475722055
 0.578090298102634 3.499676648112561
 0.5860520757680975 3.5395798334160364
 0.5941046333316699 3.5799203798220156
 0.6022489657915205 3.6207026696875632
 0.6104860781156974 3.6619311195540107
 0.6188169853198973 3.703610180184519
 0.6272427125453194 3.74574433657444
 0.635764295136545 3.788338107966254
 0.6443827787194487 3.831396047848986
 0.6530992192791104 3.874922743954702
 0.6619146832377174 3.9189228182443516
 0.670830247532436 3.963400926882565
 0.6798469996932247 4.008361760214736
 0.6889660379205955 4.053810042715646
 0.6981884711632587 4.099750532949224
 0.707515419195675 4.14618802350603
 0.7169480126954676 4.19312734093611
 0.7264873933206788 4.240573345668864
 0.7361347137868467 4.288530931922015
 0.7458911379438728 4.337005027611601
 0.7557578408526869 4.386000594225712
 0.7657360088616225 4.435522626718777
 0.7758268396825536 4.485576153370016
 0.7860315424667087 4.536166235636079
 0.7963513378801492 4.587297968002354
 0.8067874581789102 4.638976477807182
 0.8173411472837407 4.69120692506033
 0.8280136608544321 4.743994502253048
 0.8388062663637125 4.797344434140387
 0.849720243170648 4.851261977529853
 0.8607568825935615 4.90575242103395
 0.8719174879823898 4.960821084828467
 0.8832033747904893 5.016473320386735
 0.8946158706458389 5.072714510187506
 0.906156315421577 5.129550067439912
 0.9178260613059134 5.186985435748391
 0.9296264728712785 5.245026088806213
 0.9415589271427759 5.303677530035246
 0.9536248136658148 5.3629452922332685
 0.9658255345729401 5.422834937193689
 0.9781625046497981 5.483352055309697
 0.9906371514002009 5.544502265157207
 1.0032509151102417 5.606291213064121
 1.016005248911432 5.668724572660868
 1.028901618842813 5.731808044405737
 1.0419415039119908 5.795547355096586
 1.0551263961550583 5.85994825735954
 1.0684578006953546 5.925016529113995
 1.0819372358010073 5.990757973029831
 1.0955662329412403 6.057178415940362
 1.109346336841345 6.124283708260918
 1.1232791055363302 6.192079723357028
 1.1373661104231336 6.2605723569132845
 1.1516089363113974 6.329767526268046
 1.1660091814727315 6.399671169719738
 1.180568457688397 6.470289245822535
 1.1952883902953883 6.54162773264517
 1.2101706182308291 6.613692627012034
 1.2252167940746412 6.686489943711282
 1.2404285840904125 6.760025714689522
 1.255807668264432 6.834305988204257
 1.2713557403427977 6.909336827963596
 1.2870745078665668 6.985124312223429
 1.3029656922048513 7.061674532875171
 1.3190310285858395 7.138993594487375
 1.3352722661256364 7.217087613329158
 1.3516911678548824 7.29596271636034
 1.3682895107430745 7.375625040188594
 1.3850690857205163 7.456080730006368
 1.4020316976978466 7.537335938481574
 1.4191791655830474 7.619396824630762
 1.436513322295887 7.702269552651337
 1.454036014779706 7.785960290725649
 1.471749104010483 7.870475209786249
 1.4896544650030922 7.955820482260723
 1.5077539868147036 8.042002280759014
 1.5260495725451981 8.129026776755678
 1.5445431393345852 8.216900139209091
 1.5632366183572776 8.30562853316265
 1.5821319548131853 8.395218118304138
 1.6012311079155316 8.485675047485566
 1.6205360508753012 8.577005465214924
 1.6400487708822584 8.669215506091165
 1.6597712690824024 8.762311293227826
 1.6797055605518398 8.856298936612722
 1.6998536742669223 8.951184531441054
 1.7202176530705941 9.046974156411268
 1.7407995536348612 9.143673871967872
 1.761601446419264 9.241289718513503
 1.7826254156252816 9.339827714582759
 1.8038735591465828 9.439293854957933
 1.825347988514988 9.53969410876003
 1.8470508288420912 9.641034417491229
 1.8689842187564262 9.743320693022468
 1.891150310336056 9.84655881556088
 1.9135512690365363 9.95075463154658
 1.936189273614097 10.055913951527286
 1.959066516043986 10.162042547969852
 1.982185201433835 10.269146153044785
 2.0055475479319855 10.377230456340868
 2.029155786630615 10.48630110255907
 2.053012161463618 10.596363689142033
 2.0771189290990905 10.707423763859673
 2.1014783588263274 10.819486822359663
 2.126092732437243 10.932558305642097
 2.150964344102047 11.046643597525607
 2.176095500239157 11.161748022026082
 2.2014885193791466 11.277876840707371
 2.227145732022669 11.395035249990547
 2.2530694804922517 11.513228378384314
 2.2792621187778023 11.632461283696188
 2.3057260123757576 11.752738950180404
 2.332463538121753 11.874066285632118
 2.359477084016676 11.996448118440536
 2.3867690490460176 12.11988919458387
 2.4143418429923872 12.244394174582434
 2.4421978862410966 12.369967630390054
 2.4703396095786684 12.496614042241697
 2.4987694539841784 12.624337795454771
 2.5274898704133152 12.753143177168146
 2.5565033195750244 12.88303437303896
 2.585812271700638 13.014015463885105
 2.6154192063053645 13.146090422276162
 2.6453266119420222 13.279263109084033
 2.675536985946929 13.413537269962355
 2.7060528341777776 13.54891653179905
 2.7368766707434453 13.68540439909979
 2.768011017725574 13.823004250334295
 2.7994584048918347 13.961719334228128
 2.8312213694007635 14.101552766002536
 2.863302455498036 14.242507523572444
 2.8957042142040956 14.384586443687043
 2.9284292029930005 14.527792218034179
 2.961479985462409 14.672127389284203
 2.9948591309945653 14.817594347094335
 3.0285692144081912 14.96419532406962
 3.0626128156011946 15.11193239166938
 3.0969925191840603 15.26080745607399
 3.1317109141038415 15.410822254010366
 3.166770593258651 15.56197834852376
 3.202174153102537 15.714277124718611
 3.2379241932406634 15.867719785449948
 3.2740233160146954 16.022307346980166
 3.310474126078298 16.17804063458559
 3.347279229962645 16.334920278137914
 3.384441235631867 16.492946707635283
 3.421962752028346 16.652120148712675
 3.4598463886077817 16.812440618094164
 3.4980947548639225 16.973907919040456
 3.5367104598429337 17.136521636732044
 3.575696111647265 17.300281133654294
 3.6150543169290165 17.46518554492649
 3.6547876803726837 17.63123377361801
 3.694898804167239 17.79842448603107
 3.7353902874674873 17.966756106968443
 3.7762647258446553 18.136226814966754
 3.8175247107261323 18.306834537518284
 3.8591728288243447 18.478576946269232
 3.9012116615547056 18.651451452203563
 3.9436437844426066 18.825455200815778
 3.9864717665194286 19.000585067260328
 4.029698169707517 19.17683765150801
 4.073325548194138 19.354209273476133
 4.117356447794355 19.53269596817032
 4.161793405302855 19.712293480807844
 4.206638947834677 19.892997261960822
 4.251895592154896 20.07480246267952
 4.297565843997206 20.257703929639454
 4.34365219737147 20.441696200281043
 4.390157133860205 20.62677349798162
 4.437083121904093 20.81292972721805
 4.484432616076474 21.00015846875937
 4.532208056346916 21.18845297488467
 4.580411867333894 21.377806164609992
 4.62904645754662 21.56821061895916
 4.678114218616104 21.759658576243975
 4.727617524515489 21.9521419274098
 4.777558730769786 22.145652211385417
 4.827940173655037 22.340180610492446
 4.878764169387033 22.5357179459038
 4.930033013299697 22.73225467313368
 4.981748979013213 22.929780877603842
 5.03391431759206 23.12828627024217
 5.08653125669304 23.32776018315835
 5.139601999703463 23.528191565390724
 5.193128724869658 23.72956897869444
 5.247113584415907 23.931880593440897
 5.30155870365404 24.135114184558087
 5.3564661800838004 24.339257127592734
 5.411838082484255 24.544296394812942
 5.467676449996331 24.750218551462225
 5.5239832911968305 24.95700975203965
 5.5807605831639914 25.16465573674964
 5.638010270534962 25.373141828009057
 5.695734264555332 25.582452927081487
 5.75393444212101 25.79257351084392
 5.81261264481274 26.00348762863827
 5.871770677923457 26.215178899288684
 5.931410309478861 26.427630508211915
 5.991533269251411 26.640825204701258
 6.05214124776814 26.854745299307804
 6.113235895312521 27.069372661423336
 6.174818820920823 27.284688716946877
 6.236891591373165 27.500674446184792
 6.299455730179789 27.71731038183263
 6.3625127165627475 27.934576607198682
 6.4260639844335445 28.15245275453729
 6.490110921366982 28.370918003617646
 6.55465486757176 28.589951080407804
 6.619697114858077 28.809530256022206
 6.68523890560283 29.02963334580659
 6.751281431712745 29.25023770863895
 6.817825833585911 29.471320246448804
 6.884873199072219 29.69285740391675
 6.952424562433115 29.91482516842462
 7.020480903301252 30.137199070183527
 7.089043145640418 30.35995418263052
 7.158112156706376 30.583065123011238
 7.227688746009027 30.80650605324479
 7.297773664276539 31.030250680968833
 7.368367602421856 31.254272260901114
 7.439471190512304 31.47854359637186
 7.5110849967426824 31.703037041192466
 7.583209526412603 31.92772450169469
 7.655845220908482 32.15257743912403
 7.728992456690954 32.3775668722129
 7.802651544288165 32.60266338009329
 7.87682272729567 32.82783710546156
 7.951506181383548 33.05305775799044
 8.026702013311269 33.27829461809602
 8.102410259951132 33.50351654091022
 8.178630887320738 33.72869196061917
 8.255363789625351 33.95378889502693
 8.33260878831061 34.17877495048585
 8.410365631126485 34.40361732705781
 8.488633991202965 34.62828282404671
 8.567413466138325 34.85273784576298
 8.646703577100519 35.07694840768356
 8.726503767942587 35.30088014282592
 8.806813404332548 35.52449830852767
 8.88763177289873 35.747767793457406
 8.96895808039106 35.970653125025656
 9.050791452859176 36.19311847701376
 9.133130934847939 36.41512767761932
 9.215975488611223 36.63664421776155
 9.2993239933446 36.85763125970199
 9.383175244437655 37.0780516460404
 9.467527952746737 37.29786790895117
 9.552380743888754 37.517042279820685
 9.637732157556877 37.73553669912213
 9.723580646858705 37.95331282669189
 9.80992457767782 38.17033205223809
 9.896762228059245 38.38655550623659
 9.984091787619684 38.601944071083345
 10.07191135698315 38.81645839260776
 10.160218947242761 39.030058891833704
 10.24901247944932 39.24270577712351
 10.3382897841275 39.45435905653136
 10.428048600820146 39.664978550551374
 10.518286577661573 39.87452390508209
 10.609001270980366 40.0829546047078
 10.700190144932382 40.29022998630526
 10.791850571164717 40.496309252848924
 10.883979828511084 40.701151487580474
 10.976575102719412 40.904715668360566
 11.069633486212107 41.10696068237548
 11.163151977879767 41.307845341012743
 11.257127482908743 41.507328395048133
 11.351556812643244 41.705368550066204
 11.446436684482522 41.901924482070775
 11.54176372181359 42.09695485340211
 11.637534453980118 42.29041832878958
 11.733745316287884 42.4822735916962
 11.830392650047386 42.67247936077689
 11.927472702653908 42.860994406641843
 12.024981627705712 43.04777756866971
 12.12291548516049 43.23278777212908
 12.221270241530767 43.41598404534746
 12.320041770118356 43.59732553713164
 12.419225851288449 43.77677153423482
 12.518818172783448 43.954281479053385
 12.618814330077054 44.12981498734463
 12.71920982676866 44.30333186615088
 12.820000075018529 44.4747921317235
 12.921180396023743 44.64415602760348
 13.022746020535294 44.811384042751775
 13.124692089416401 44.97643692969754
 13.227013654242144 45.13927572281567
 13.329705677940659 45.29986175653416
 13.432763035475753 45.45815668366695
 13.536180514571244 45.6141224936376
 13.639952816476741 45.76772153082379
 13.744074556775173 45.9189165127367
 13.848540266231662 46.06767054830083
 13.953344391683997 46.21394715596335
 14.05848129697429 46.357710281840795
 14.163945263921933 46.498924317683595
 14.26973049333742 46.637554118860904
 14.37583110607707 46.773565022108705
 14.482241144138149 46.90692286327948
 14.588954571794355 47.03759399483973
 14.695965276771123 47.16554530330201
 14.80326707146057 47.29074422644605
 14.910853694175652 47.413158770334383
 15.018718810442982 47.53275752621426
 15.126856014334148 47.649509687084105
 15.235258829834693 47.7633850641595
 15.343920712250558 47.874354102984995
 15.452835049651187 47.98238789939492
 15.561995164348938 48.08745821508726
 15.671394314413922 48.189537493043395
 15.781025695223931 48.288598872510384
 15.890882441048443 48.38461620381508
 16.000957626666323 48.47756406269479
 16.111244269016154 48.56741776445986
 16.22173532887874 48.65415337763072
 16.332423712590696 48.737747737363235
 16.443302273788518 48.8181784583735
 16.554363815182092 48.89542394755046
 16.66560109035691 48.96946341614816
 16.77700680560397 49.0402768915156
 16.888573621776426 49.10784522850589
 17.000294156172145 49.172150120295235
 17.1121609844409 49.23317410893737
 17.224166642515573 49.29090059529359
 17.33630362856594 49.34531384860315
 17.448564404974234 49.39639901555697
 17.56094140033136 49.444142128809424
 17.67342701145245 49.48853011515051
 17.786013605411042 49.52955080299471
 17.89869352159027 49.5671929295195
 18.0114590737503 49.60144614716697
 18.12430255211056 49.632301029723684
 18.237216225445816 49.65974907776366
 18.350192343194606 49.68378272368809
 18.463223137579152 49.70439533607856
 18.576300825735163 49.72158122363601
 18.68941761185064 49.73533563849542
 18.802565689312157 49.74565477901431
 18.915737242857545 49.752535791995946
 19.028924450733597 49.75597677440047
 19.142119486857687 24.87798838719946
