 0.0E+0 0.0E+0
 4.1271600747120164E-3 0.012997374
 0.01243000125389882 0.039138069
 0.020830529774431262 0.065543076
 0.029329932122236612 0.092140012
 0.03792914499673115 0.1188181
 0.04662962548589573 0.14543553
 0.05543241436685954 0.171831
 0.0643386564944647 0.19783665
 0.07334960080126622 0.22329016
 0.08246649621981914 0.24804459
 0.09169069576039139 0.27197517
 0.10102313612239926 0.29498315
 0.11046496216068485 0.31699691
 0.12001825542950653 0.33797086
 0.12968395262828055 0.35788302
 0.13946309453413616 0.37673159
 0.1493567219242025 0.39453126
 0.1593679571298671 0.41130958
 0.16949575937400088 0.42710361
 0.17974221021086211 0.44195711
 0.19010939119470923 0.45591818
 0.2005983431026714 0.46903734
 0.21121114748900704 0.48136609
 0.2219478043537161 0.49295568
 0.23281039525105695 0.50385616
 0.24380100173528801 0.51411574
 0.25492066458353845 0.52378027
 0.26617042457293743 0.53289307
 0.2775523632577434 0.5414948
 0.2890685621922147 0.5496235
 0.3007190213763513 0.5573146
 0.3125068631415408 0.56460094
 0.3244320874877831 0.57151283
 0.3364988575235952 0.57807821
 0.3487061324718477 0.58432288
 0.36105599388679893 0.59027065
 0.37355156409983664 0.59594347
 0.3861938838880899 0.60136154
 0.398983994028688 0.6065434
 0.41192501685301835 0.61150615
 0.42501695236108116 0.61626555
 0.43826188210713457 0.62083616
 0.45166292842256633 0.62523131
 0.46522113208450555 0.6294633
 0.47893753387008136 0.63354352
 0.49281525611068144 0.63748254
 0.506855339583435 0.64129021
 0.5210598658426002 0.64497562
 0.5354309164424357 0.64854709
 0.5499705729371998 0.65201226
 0.5646798761040215 0.65537826
 0.5795619482742885 0.65865197
 0.59461783022513 0.66183989
 0.6098506442879336 0.66494793
 0.6252614312398284 0.66798124
 0.6408522726350728 0.67094438
 0.6566252500279254 0.67384179
 0.6725834857497732 0.67667809
 0.6887290613548752 0.67945794
 0.7050630176203603 0.68218562
 0.7215874361004868 0.68486492
 0.7383054391266425 0.68749924
 0.7552191082530856 0.69009155
 0.7723305250340744 0.69264449
 0.7896417710238676 0.6951605
 0.8071559685538524 0.69764208
 0.8248741584011583 0.70009174
 0.8427994628971727 0.70251217
 0.8609350043732831 0.70490611
 0.8792818236066189 0.70727631
 0.8978430429285673 0.70962533
 0.9166207438933871 0.71195561
 0.9356180488324657 0.71426957
 0.9548370393000614 0.71656971
 0.9742808376275619 0.71885835
 0.9939504845920962 0.72113742
 1.0138501433021811 0.72340857
 1.0339829360892043 0.72567308
 1.0543488629531658 0.72793156
 1.0749562501110991 0.73018393
 1.0958030160087457 0.73242976
 1.1168891606461057 0.73466883
 1.138225091794471 0.7369013
 1.1598004016825496 0.73912751
 1.1816359058529253 0.74134791
 1.2037211965343062 0.74356307
 1.2260666814979843 0.74577346
 1.2486723607439595 0.74797921
 1.271548642043524 0.75018056
 1.2946851176253852 0.75237818
 1.3180817874895438 0.75457303
 1.3417594671785832 0.75676622
 1.3657181566925036 0.75895882
 1.389947448260013 0.76115167
 1.4144577496524033 0.76334556
 1.4392594686409663 0.76554117
 1.4643421974544104 0.76773903
 1.489726751635319 0.76993952
 1.5154027234124005 0.77214295
 1.5413701127856547 0.77434946
 1.5676393275263735 0.77655913
 1.5942207754058492 0.77877202
 1.6211040486527894 0.78098837
 1.648309962809778 0.78320881
 1.6758281101055232 0.78543452
 1.7036584905400251 0.78766666
 1.7318115118845751 0.78990568
 1.7602975819104655 0.79215195
 1.7891167006176964 0.79440636
 1.818258460234976 0.79666983
 1.8477540840761794 0.79894276
 1.8775723488274311 0.80122469
 1.9077548855738988 0.80351438
 1.9382704710017071 0.80581032
 1.9691503284247313 0.80811139
 2.0003840500716796 0.81041691
 2.0319820437138442 0.81272678
 2.0639443093512244 0.8150416
 2.0962708469838204 0.81736265
 2.1289824721542167 0.81969124
 2.1620583693198285 0.82202767
 2.1955297617945324 0.82437141
 2.229375834035744 0.82672193
 2.263627809357339 0.82907898
 2.298264872216734 0.83144303
 2.3332974303852203 0.83381488
 2.368746299405382 0.83619439
 2.404601071505928 0.83858054
 2.4408617466868567 0.84097292
 2.477549140490753 0.84337229
 2.514652845146325 0.84577974
 2.5521936761961554 0.84819562
 2.590161225868954 0.85061961
 2.6285659019360112 0.85305155
 2.667407704397328 0.85549136
 2.7067074487954876 0.85793893
 2.7464443195879062 0.86039361
 2.7866495400884594 0.86285377
 2.827323110297148 0.86531743
 2.8684546224426794 0.86778386
 2.910054484296346 0.87025448
 2.9521435114007306 0.8727315
 2.994711295984542 0.87521616
 3.0377682458190724 0.8777082
 3.0813143609043214 0.88020577
 3.125370456782872 0.8827064
 3.169926125683434 0.88520835
 3.2149917753772982 0.88770995
 3.2605674058644646 0.89020901
 3.306673832687517 0.89270369
 3.353311055846456 0.89519298
 3.400468667569989 0.89767624
 3.4481778911719924 0.90015289
 3.496428318881174 0.90262309
 3.545230358468824 0.90508679
 3.5945944177062374 0.9075431
 3.6445204965934117 0.90999042
 3.6950085951303486 0.91242708
 3.7460795288596302 0.91485237
 3.79774370555255 0.91726675
 3.849980309666523 0.91967125
 3.9028205645154252 0.92206765
 3.9562644700992573 0.92445817
 4.010312026418019 0.92684325
 4.064973641243001 0.92922091
 4.120259722345497 0.93158717
 4.176180677496797 0.93393688
 4.232726098925611 0.93626685
 4.289916802174522 0.93857649
 4.347763195014821 0.9408654
 4.40626527744651 0.94313185
 4.465423049469586 0.94537235
 4.525267734397929 0.947582
 4.58577851668895 0.94975632
 4.646976211885236 0.95189297
 4.708860819986787 0.95399182
 4.771453156536187 0.95605441
 4.834753221533434 0.95808157
 4.898771422749823 0.9600702
 4.963518167956641 0.96201403
 5.028983049382601 0.96390662
 5.095197290341576 0.96574313
 5.162150483062275 0.96752294
 5.229863443087282 0.96925023
 5.298336170416597 0.97092749
 5.367579072821512 0.97255302
 5.437602558073317 0.97412518
 5.508417033943306 0.97564329
 5.580022500431478 0.97710585
 5.652439773080417 0.9785096
 5.725668851890123 0.97985064
 5.799709736860596 0.98112687
 5.874593651305712 0.98233743
 5.950310187454179 0.98348257
 6.02688016084858 0.98456441
 6.1043035714889164 0.98558467
 6.182590827146479 0.98654392
 6.2617523355925595 0.98744385
 6.341798504598451 0.98828857
 6.422739741935445 0.98908298
 6.504586455374832 0.98983067
 6.587349052687905 0.99053351
 6.671027533874664 0.99118985
 6.7556323067064 0.99179488
 6.841184186725699 0.99234611
 6.927693581703852 0.99284517
 7.015150083869566 0.99329536
 7.103584916536716 0.99369992
 7.193008487476597 0.99406093
 7.283410388917914 0.99437999
 7.3748218441745434 0.99466085
 7.4672428532464865 0.99490987
 7.560683823905035 0.99513304
 7.655155163921479 0.99533446
 7.750667281067111 0.99551733
 7.847240990884518 0.99568463
 7.944876293373695 0.99583902
 8.043583596305936 0.99598238
 8.143383715223827 0.9961148
 8.244276650127365 0.99623508
 8.346272808787843 0.99634195
 8.449393006747844 0.99643439
 8.55364765177866 0.99651266
 8.659036743880293 0.99657919
 8.765581098595325 0.99663755
 8.873291123695045 0.99669102
 8.982177226950752 0.9967419
 9.092260223905026 0.99679105
 9.203529706786574 0.99683817
 9.31601689890927 0.99688255
 9.429732208044411 0.99692329
 9.544675634191995 0.99695961
 9.660878400665895 0.99699141
 9.778330099694823 0.99701914
 9.897061954592653 0.99704241
 10.017084373130677 0.99705963
 10.138397355308895 0.99707004
 10.261021716669887 0.99707505
 10.384967864984953 0.99707694
 10.510287839110545 0.99707731
 10.636846338019872 0.99707761
 10.764861924910063 0.99707962
 10.8942305220682 0.99708559
 11.0250562072072 0.99709893
 11.157130824901227 0.99712339
 11.290766608289037 0.9971593
 11.425755401944791 0.9972022
 11.562201283581409 0.99724642
 11.700104253198893 0.99728681
 11.839464310797238 0.99731751
 11.98028145637645 0.99733492
 12.122659767649441 0.99734123
 12.266599244616218 0.99734183
 12.41189173185094 0.99734357
 12.558849462492363 0.99735287
 12.707368358827567 0.99736977
 12.857448420856556 0.99738664
 13.00898557086641 0.99739586
 13.162292041995881 0.9973961
 13.31705560110622 0.9973905
 13.473588481336176 0.99738369
 13.631682527259917 0.99737879
 13.791441816590359 0.99737505
 13.9528663493275 0.99736962
 14.115956125471348 0.99735966
 14.280815222734814 0.99734225
 14.44733956340498 0.99731663
 14.61563322519477 0.9972901
 14.785696208104177 0.99727787
 14.95742443442029 0.99728995
 15.131026059568939 0.99731731
 15.30629292812429 0.99734174
 15.483537273225101 0.99735528
 15.662446861732612 0.99736168
 15.84333392678558 0.9973696
 16.02599031295817 0.997386
 16.2105200979633 0.99740962
 16.397027359513884 0.99743483
 16.585303942184093 0.99745131
 16.775558001399762 0.99744046
 16.967789537160886 0.99739868
 17.16189447175455 0.99734319
 17.358080960606592 0.99729078
 17.55614084829117 0.99725274
 17.756282290234132 0.99722715
 17.958401208722545 0.99720392
 18.16249760375642 0.99718838
 18.36877963076159 0.99720412
 18.57703913431222 0.99726255
 18.787380192121222 0.99734673
 18.999802804188604 0.99744666
 19.214411048227283 0.99757039
 19.43110084652434 0.99771253
 19.649976276792692 0.99785165
 19.87103733903234 0.99797302
 20.09428403324328 0.99806084
 20.31971635942552 0.99811264
 20.547334317579057 0.99813488
 20.77713790770389 0.99812262
 21.009335285225855 0.99808348
 21.243718294719112 0.99803494
 21.48039101389659 0.9979904
 21.71935344275828 0.99795401
 21.960605581304186 0.99793475
 22.204251507247224 0.99793595
 22.4502912205874 0.99795917
 22.698620643611786 0.99802002
 22.949343854033305 0.99811815
 23.20256492956488 0.99821973
 23.45807571478067 0.99830414
 23.716188442819426 0.99839286
 23.9765908805424 0.9985124
 24.239595261088346 0.99866127
 24.504993429031426 0.99882971
 24.77288946208456 0.999013
 25.043387437960664 0.99919676
 25.316383278946815 0.99935798
 25.591981062755944 0.99948575
 25.870076711675125 0.99960548
 26.150878381130198 0.99971585
 26.43417791569532 0.99979438
 26.72018347079633 0.99985009
 27.008790968720315 0.99987608
 27.30000040946727 0.99984741
 27.593915870750112 0.9997703
 27.890641430281775 0.99969583
 28.1899689326364 0.99964519
 28.49200245552691 0.99962131
 28.796741998953322 0.99961356
 29.104291640628535 0.99960085
 29.41465138055256 0.9995834
 29.727717141012476 0.9995919
 30.043697077434117 0.99966162
 30.36238303439165 0.99978396
 30.683983167310916 0.99991386
 31.008393398478983 0.99999122
 31.33561372789586 1.0000352
 31.66585231098739 1.0000974
 31.998900992327723 1.0001412
 32.33486384962979 1.0001197
 32.673740882893575 1.0000633
 33.015532092119094 1.0000188
 33.36034155501926 0.99997865
 33.708065193881154 0.99988758
 34.058807086417694 0.99975004
 34.41256723262889 0.99960023
 34.769241554801794 0.99941199
 35.12903820836228 0.9992112
 35.49185311559741 0.9990596
 35.85768627650718 0.99891441
 36.22664176880453 0.99877632
 36.598615514776504 0.99868949
 36.97360751442314 0.99869543
 37.35182592317026 0.99876657
 37.73316666330494 0.99883535
 38.11752565711427 0.9988702
 38.50511106002409 0.99884767
 38.89581879432147 0.99873823
 39.289648860006415 0.99851821
 39.686705334791845 0.9983543
 40.08688414096484 0.99828221
 40.49028935623833 0.99809794
 40.89681690289937 0.9978837
 41.30667493637382 0.99773037
 41.71965530123584 0.99763748
 42.13596615291126 0.99753331
 42.55550341368716 0.99742646
 42.97816300585063 0.99741069
 43.404153084827505 0.99746009
 43.833473650617776 0.99758219
 44.26602062550854 0.997741
 44.70179400949978 0.99790419
 45.14089788030443 0.99816674
 45.58333223792248 0.9985184
 46.028993004641016 0.99894024
 46.47798425817296 0.9993614
 46.9303059985183 0.99986593
 47.385854147964124 1.0003549
 47.84483686193627 1.000849
 48.30704598500891 1.0013799
 48.77268967260786 1.0020252
 49.24155976930731 1.0026335
 49.713760352820145 1.0030856
 50.18939550085931 1.0033353
 50.66825705799897 1.0034559
 51.15055317966494 1.0034911
 51.63617978814431 1.003431
 52.125136883437093 1.0033045
 52.61742446554327 1.0031007
 53.11304253446286 1.0028372
 53.61199109019585 1.002516
 54.11437421045517 1.002166
 54.61998373981497 1.001843
 55.12902783370108 1.001595
 55.64129833668768 1.0014275
 56.157003404200615 1.0013091
 56.67593488081402 1.0012231
 57.198300921953745 1.0011707
 57.72389337219396 1.0011497
 58.25292038696051 1.0011509
 58.78517381082753 1.0011655
 59.32075772150795 1.0011876
 59.85956804128886 1.0012138
 60.4018129255961 1.0012427
 60.9471801412909 1.0012734
 61.49598192151202 1.0013055
 62.0479060331207 1.0013387
 62.6031606315428 1.0013729
 63.16174571677829 1.0014078
 63.72345313340135 1.0014433
 64.28838695912489 1.0014794
 64.85654719394893 1.001516
 65.42793383787343 1.001553
 66.00254689089843 1.0015903
 66.58028227531099 1.001628
 67.16124406882403 1.001666
 67.74522411601173 1.0017043
 68.33243057229991 1.0017429
 68.92275935997566 1.0017818
 69.51621047903896 1.0018209
 70.11267985177692 1.0018603
 70.71227155590243 1.0018999
 71.31488151370262 1.0019398
 71.92050972517742 1.00198
 72.52915619032689 1.0020204
 73.140820909151 1.0020611
 73.75550388164976 1.0021021
 74.37310103011023 1.0021433
 74.99350827681953 1.0021848
 75.61693377720347 1.0022266
 76.24327345354914 1.0022687
 76.87242322814362 1.0023111
 77.5043831009869 1.0023538
 78.139153072079 1.0023968
 78.77683721913282 1.0024401
 79.41712330900961 1.0024838
 80.06021949713522 1.0025278
 80.70602170579671 1.0025722
 81.35442585728117 1.0026169
 82.00553602930154 1.002662
 82.65924814414485 1.0027075
 83.31566627952407 1.0027534
 83.97447820230043 1.0027997
 84.63589206789975 1.0028464
 85.29980379860912 1.0028935
 85.96621339442855 1.0029411
 86.6350167776451 1.0029892
 87.3062139482588 1.0030377
 87.97980490626962 1.0030867
 88.65568557396467 1.0031362
 89.33385595134393 1.0031863
 90.0143160384074 1.0032369
 90.69706583515509 1.003288
 91.38189718616115 1.0033397
 92.06901824685143 1.003392
 92.75811678408716 1.003445
 93.4494009532942 1.0034986
 94.14266259904669 1.0035528
 94.83790172134464 1.0036078
 95.53511832018805 1.0036634
 96.23420831786399 1.0037198
 96.9352757920854 1.003777
 97.63811258742643 1.003835
 98.34282278159999 1.0038938
 99.04919821918027 1.0039535
 99.75734297788016 1.0040141
 100.46715297998674 1.0040756
 101.17852414778712 1.0041381
 101.89156055899419 1.0042017
 102.60605405818212 1.0042663
 103.32210872306383 1.0043321
 104.03962047592643 1.0043991
 104.75838116134403 1.0044673
 105.47859893474252 1.0045368
 106.19985748527017 1.0046077
 106.9231975900562 1.00468
 107.64757847197144 1.0047538
 108.37195935388668 1.0048293
 109.09842179006029 1.0049065
 109.82592500336307 1.0049855
 110.55446899379506 1.0050664
 111.28405376135623 1.0051493
 112.0136385289174 1.0052345
 112.74530485073696 1.0053219
 113.47697117255649 1.0054119
 114.21071904863442 1.0055046
 114.94342614758317 1.0056002
 115.67821480079027 1.0056989
 116.41300345399739 1.005801
 117.1488328843337 1.0059069
 117.88466231467 1.0060169
 118.62049174500629 1.0061315
 119.3573619524718 1.0062511
 120.09527293706647 1.0063765
 120.83318392166115 1.0065083
 121.57005412912663 1.0066475
 122.30900589085051 1.0067955
 123.0469168754452 1.0069539
 123.78586863716906 1.007125
 124.52377962176374 1.0073166
