 0.0E+0 0.0E+0
 0.023005825026545814 0.01320385
 0.06928794346482796 0.039775456
 0.11611459563614274 0.066665346
 0.16349239531052697 0.093871115
 0.2114265638853782 0.1213867
 0.2599252235344258 0.14920206
 0.3089941758103338 0.17730284
 0.3586398024210322 0.20567012
 0.408869065229718 0.23428022
 0.4596889260995877 0.26310458
 0.5111069270491043 0.2921097
 0.5631282894756654 0.32125722
 0.6157593950872013 0.35050407
 0.6690118469890397 0.37980264
 0.722890866578578 0.40910108
 0.7774022554084805 0.43834356
 0.8325518150314105 0.46747061
 0.8883569501053601 0.49641938
 0.9448118590776654 0.52512394
 1.001928145053654 0.55351553
 1.0597174111386535 0.58152287
 1.1181854588853283 0.60907237
 1.177343891399006 0.63608859
 1.2371927086796863 0.6624947
 1.2977435138326971 0.6882131
 1.3590079099633665 0.71316628
 1.420991698624358 0.73727784
 1.4837006813683355 0.76047375
 1.5471464613006271 0.78268377
 1.6113406415265605 0.80384297
 1.6762832220461354 0.82389337
 1.7419916075173438 0.84278547
 1.8084657979401856 0.86047974
 1.8757289995253163 0.87694786
 1.943775410720072 0.8921737
 2.0126166346297806 0.90615393
 2.0822700759124335 0.91889831
 2.1527415361206947 0.93042945
 2.2240368168072284 0.94078229
 2.296173322630026 0.95000316
 2.3691510535890873 0.95814846
 2.4429816127897403 0.96528312
 2.5176824048899772 0.97147889
 2.593259231442461 0.97681239
 2.669717893999856 0.98136327
 2.7470757972201536 0.98521231
 2.825338742656018 0.98843969
 2.904518333412777 0.99112341
 2.9846261725957576 0.99333793
 3.0656738633102893 0.99515308
 3.1476672071090345 0.99663321
 3.2306236086499855 0.99783661
 3.3145488694858054 0.99881507
 3.3994603942744867 0.99961369
 3.4853639845686932 1.0002708
 3.572271243473753 1.0008179
 3.6601937740949925 1.0012797
 3.7491489810904043 1.0016744
 3.839148467565317 1.0020134
 3.930198035072393 1.0023022
 4.02230928671696 1.0025405
 4.115499627157012 1.0027235
 4.209780659497874 1.002843
 4.3051639868448754 1.0028893
 4.401661212303344 1.0028534
 4.49928974053127 1.0027293
 4.598055373081318 1.0025159
 4.697975514611482 1.0022189
 4.79906756977975 1.0018511
 4.901337340138787 1.001432
 5.004802230346586 1.0009858
 5.109473843508474 1.0005394
 5.215369584282443 1.0001188
 5.322501055773819 0.99974651
 5.430885662640597 0.99943905
 5.540529206435437 0.99920585
 5.651454893368997 0.99904905
 5.763680128099268 0.99896438
 5.877204910626251 0.99894278
 5.992075653371256 0.99897234
 6.108280753228955 0.99904017
 6.225820210199349 0.99913394
 6.344752039809077 0.99924292
 6.465018226531498 0.99935856
 6.586734801419892 0.99947458
 6.709843748947621 0.99958679
 6.83440308464132 0.99969274
 6.960412808500991 0.99979129
 7.087930936053275 0.99988219
 7.216899451771531 0.99996576
 7.347318355655758 1.0000426
 7.479303678759236 1.0001135
 7.612855421081964 1.0001793
 7.747915567097303 1.0002405
 7.884542132331893 1.000298
 8.022793132312371 1.0003522
 8.162610551512099 1.0004036
 8.304110420984355 1.0004526
 8.4472347252025 1.0004995
 8.591983464166534 1.0005445
 8.738414653403096 1.0005879
 8.886586308438824 1.0006298
 9.03644041374708 1.0006704
 9.188093000381143 1.0007097
 9.341486052814371 1.0007479
 9.496619571046768 1.000785
 9.653551570604968 1.0008211
 9.812340067015613 1.0008561
 9.972985060278704 1.00089
 10.1354285348676 1.000923
 10.299844537362219 1.0009549
 10.466059021182641 1.0009858
 10.634304048435427 1.0010157
 10.804405572540656 1.0010445
 10.976537640078247 1.0010721
 11.150642235521559 1.0010987
 11.326777374397235 1.0011241
 11.504943056705269 1.0011482
 11.685139282445666 1.0011711
 11.867482082671701 1.0011928
 12.051855426330098 1.001213
 12.238433360000773 1.0012319
 12.427099852630448 1.0012494
 12.618028950799038 1.0012653
 12.81110462345327 1.0012798
 13.006384886119777 1.0012926
 13.203985769851842 1.0013039
 13.403849259122822 1.0013135
 13.605975353932719 1.0013216
 13.810480085334813 1.0013279
 14.01730543780246 1.0013325
 14.22656744238894 1.0013355
 14.438208083567616 1.0013368
 14.652285376865125 1.0013364
 14.868799322281468 1.0013345
 15.087865950869922 1.001331
 15.30936923157721 1.0013261
 15.533483210983245 1.0013199
 15.760207889088033 1.0013124
 15.989485250364933 1.0013038
 16.22137331034058 1.0012942
 16.455988100068257 1.0012838
 16.693271604021322 1.0012727
 16.93328183772642 1.0012611
 17.176018801183538 1.001249
 17.421598525445965 1.0012368
 17.66996299498706 1.0012245
 17.92117022533346 1.0012122
 18.175220216485165 1.0012001
 18.432228999495453 1.0011881
 18.692196574364327 1.0011765
 18.955064925565142 1.0011652
 19.22100809967782 1.0011543
 19.489968081175724 1.0011437
 19.76200288558548 1.0011335
 20.037170528433744 1.0011237
 20.315471009720507 1.0011142
 20.59690432944577 1.001105
 20.881586518662807 1.0010962
 21.169575592898265 1.0010876
 21.46075552109886 1.0010793
 21.755300349844514 1.0010712
 22.05321007913522 1.0010635
 22.354484708970982 1.0010562
 22.659182254878437 1.0010493
 22.967360732384232 1.001043
 23.279078157014993 1.0010374
 23.594276513244093 1.0010324
 23.9130718321248 1.0010282
 24.235522129183756 1.001025
 24.561627404420967 1.0010227
 24.89138765783642 1.0010216
 25.22497693601005 1.0010217
 25.562279207888565 1.001023
 25.903410504525243 1.0010256
 26.24837082592009 1.0010293
 26.597276203126387 1.0010342
 26.950126636144126 1.0010401
 27.306980140499945 1.0010469
 27.667894731720487 1.0010544
 28.032812394279115 1.0010625
 28.40190717475574 1.0010709
 28.77512105762373 1.0010797
 29.152570073936356 1.0010886
 29.534254223693622 1.0010973
 29.920231522422167 1.0011063
 30.31055998564863 1.0011146
 30.705297628899646 1.0011225
 31.10444445217522 1.0011303
 31.50811648652862 1.001137
 31.91631373195986 1.0011435
 32.32903618846893 1.0011492
 32.74645790263576 1.0011543
 33.1685208589337 1.0011597
 33.59534108841602 1.001164
 34.02691859108273 1.0011684
 34.463311382460474 1.0011712
 34.90457747807588 1.0011729
 35.35077489345559 1.0011728
 35.80196164412625 1.0011702
 36.25819574561449 1.0011663
 36.71953521344696 1.0011586
 37.185980047623644 1.0011484
 37.65758826367119 1.0011336
 38.134475892642875 1.0011154
 38.61670095006534 1.0010928
 39.10420542041195 1.0010663
 39.597163350262604 1.001036
 40.09563275514397 1.0010014
 40.599555619529375 1.0009633
 41.10910598999875 1.0009204
 41.62428386655211 1.000874
 42.14514726471608 1.0008223
 42.6717542000173 1.0007669
 43.2041626879824 1.0007059
 43.742488759664674 1.0006411
 44.286732415064115 1.0005707
 44.83695166970736 1.0004962
 45.39326255464769 1.0004166
 45.9556650698851 1.0003326
 46.52421723094624 1.000244
 47.099035068884376 1.000151
 47.68017659922615 1.0000542
 48.267641821971565 0.99995269
 48.861546768173894 0.99984846
 49.46194945335978 0.99973867
 50.06890789305586 0.99962583
 50.682538118315413 0.99950822
 51.302782113611804 0.99938818
 51.92981392552494 0.99926717
 52.563691569581465 0.99914306
 53.20441504578139 0.99902114
 53.8521584007046 0.99889946
 54.5068636188245 0.99878303
 55.16870474672097 0.99867669
 55.83773979992066 0.99857603
 56.51396877842358 0.99849197
 57.197507713282995 0.99842644
 57.88841462002556 0.99837233
 58.58697957628445 0.99834097
 59.292448380213365 0.99833147
 60.00603935787173 0.99833476
 60.727172353993154 0.99835564
 61.45642752384401 0.9983925
 62.19264455689155 0.9984366
 62.937563918934905 0.9984836
 63.69002529944133 0.99853509
 64.4506088536772 0.99858802
 65.21931458164251 0.99863484
 65.99614248333727 0.99867451
 66.78109255876147 0.99870904
 67.5747449631815 0.99873749
 68.37709969659737 0.99875693
 69.1869964484763 0.99876956
 70.00617568461743 0.99878364
 70.83405724975441 0.99880437
 71.67064114388722 0.99882806
 72.51534721174949 0.99885232
 73.36991591914035 0.99887497
 74.23260680026068 0.9988947
 75.10516032090959 0.99891185
 75.98641617055436 0.99892404
 76.87695450446134 0.99892668
 77.77677532263054 0.99891864
 78.68587862506197 0.99889898
 79.60484456702201 0.9988677
 80.53309299324427 0.99882625
 81.47120405899514 0.99877759
 82.41917776427464 0.99872631
 83.37643395381635 0.99867679
 84.34413293815305 0.99862981
 85.32111440675197 0.99858538
 86.30911882541231 0.99854433
 87.30640572833485 0.99850645
 88.31471558131878 0.99847066
 89.33288807383133 0.99843613
 90.36150336113886 0.99840258
 91.40114159850779 0.99836963
 92.45064247540533 0.99833665
 93.51116630236427 0.99830388
 94.5827130793846 0.99827332
 95.66470265119993 0.99824887
 96.75829532834302 0.99823574
 97.86233080028113 0.99824114
 98.97796937754701 0.99826913
 100.10463090487428 0.99831971
 101.24231538226293 0.9983941
 102.39218312024578 0.99849398
 103.55307380828998 0.99861799
 104.72556760166198 0.99876138
 105.90966450036174 0.99891723
 107.10594465965569 0.99908107
 108.3138279242774 0.99924843
 109.53389444949329 0.99941021
 110.76614423530334 0.9995603
 112.01057728170755 0.99969932
 113.26719358870595 0.99983389
 114.5359931562985 0.99997462
 115.81697598448523 1.0001219
 117.1113023837989 1.0002688
 118.41781204370672 1.0004081
 119.73708511947511 1.0005303
 121.06912161110407 1.0006225
 122.41392151859355 1.0006734
 123.77206499721001 1.0006923
 125.1435520469534 1.0006988
 126.52780251255736 1.0007055
 127.92539654928825 1.0007437
 129.33691431241246 1.0008129
 130.76119549139724 1.0009075
 132.19998055204175 1.0010277
 133.6515290285468 1.0011521
 135.1175813867116 1.0012661
 136.59697731600331 1.0013566
 138.09029697168841 1.0014095
 139.59812050903317 1.0014397
 141.1198677727713 1.0014629
 142.65611891816914 1.0014793
 144.20629378996034 1.0014706
 145.77155269867762 1.0014351
 147.35073533378823 1.0013986
 148.94500200582496 1.0013767
 150.55377255952143 1.0013628
 152.1770469948776 1.0013281
 153.81540546715987 1.0012585
 155.46942813163471 1.0011708
 157.13795467776921 1.0010771
 158.82156526082982 1.0009908
 160.52025988081658 1.0008975
 162.2346186929958 1.0007881
 163.96464169736754 1.0006783
 165.7097487386654 1.0005603
 167.47110012742214 1.0004195
 169.247535553105 1.0002779
 171.04021532624676 1.0001727
 172.848559291581 1.0001173
 174.67256744910773 1.0001026
 176.51340010935976 1.0001194
 178.3698969618043 1.0001527
 180.2426381617077 1.0001743
 182.13162370907 1.0001743
 184.0368536038912 1.000167
 185.95890800143766 1.0001544
 187.89720674644303 1.0001105
 189.85232999417365 1.0000255
 191.8242777446296 0.9999396
 193.81246984254437 0.99990831
 195.81806659845088 0.99996024
 197.84048785708262 1.0000673
 199.87973361843964 1.0001715
 201.93638403778837 1.0002172
 204.00985895986232 1.0001675
 206.1001583846616 1.0000387
 208.20844262271887 0.99988854
 210.33413151876786 0.99975926
 212.47664491754213 0.99966135
 214.63714312957444 0.9996015
 216.81504599959845 0.99957509
 219.01035352761405 0.99956404
 221.2236458688878 0.99953631
 223.45434286815313 0.99946032
 225.7030246806766 0.99934692
 227.96911115119166 0.99926278
 230.25376259023121 0.9992282
 232.55581868726244 0.99919059
 234.8764397528181 0.99911501
 237.21504563163182 0.9990118
 239.5710561684372 0.99892927
 241.94563167376702 0.99890015
 244.33877214762128 0.99892878
 246.74989743473358 0.99900345
 249.17900753510397 0.99912806
 251.62668260399883 0.99932921
 254.09292264141805 0.99958947
 256.5771474920954 0.99982895
 259.0799373112972 0.99998883
 261.6012920990234 1.0000263
 264.1406317000077 0.99940445
 266.69911642478274 1.0003858
 269.27558596281596 1.0013352
 271.8712006246399 1.0003924
 274.484800099722 1.0001171
 277.1169645433285 1.0000216
 279.7682741107258 0.9999837
 282.4375684913812 0.99996836
 285.1260079958274 0.99996299
 287.83301246879813 0.99996229
 290.55858191029324 0.9999638
 293.3027163203128 0.9999663
 296.06541569885683 0.99996917
 298.84668004592526 0.99997209
 301.64708951678454 0.99997491
 304.46548380090194 0.99997754
 307.3030232088101 0.99997996
 310.1585474299763 0.99998216
 313.0332167749334 0.99998416
 315.9258709331485 0.99998596
 318.83767021515444 0.99998759
 321.76745431041842 0.99998906
 324.7163835294733 0.99999039
 327.6832975617862 0.9999916
 330.6687765626236 0.9999927
 333.67224037671894 0.9999937
 336.6948493146052 0.99999461
 339.7348629104831 0.99999545
 342.79402163015186 0.99999623
 345.8705850078122 0.99999694
 348.96571335399715 0.99999761
 352.07940666870644 0.99999823
 355.2105046414074 0.99999881
 358.3595874273664 0.99999935
 361.5266550265835 0.99999986
 364.7117074390586 1.0000003
 367.91474466479184 1.0000008
 371.1351865485167 1.0000012
 374.3736132454996 1.0000017
 377.6288644452078 1.0000021
 380.90210045817406 1.0000025
 384.192741129132 1.0000028
 387.50078645808156 1.0000032
 390.8256562897564 1.0000036
 394.16793077942293 1.0000039
 397.5270297718148 1.0000043
 400.90295326693183 1.0000046
 404.2957012647742 1.0000049
 407.7052737653419 1.0000052
 411.1316707686348 1.0000056
 414.5743121193866 1.0000059
 418.0326176623309 1.0000062
 421.5077477080005 1.0000066
 424.999122101129 1.0000069
 428.50616068644995 1.0000072
 432.02886346396343 1.0000075
 435.56723043366946 1.0000079
 439.12184175083433 1.0000082
 442.69095694965886 1.0000085
 446.275736340676 1.0000089
 449.8755997686192 1.0000092
 453.48996707822215 1.0000096
 457.1194184247512 1.00001
 460.76337365293994 1.0000104
 464.4224129180548 1.0000107
 468.0947957542967 1.0000111
 471.7816824721982 1.0000115
 475.48249291649312 1.000012
 479.19722708718126 1.0000124
 482.92530482899644 1.0000128
 486.66672614193856 1.0000133
 490.4214910260076 1.0000138
 494.1890193259372 1.0000142
 497.9693110417274 1.0000148
 501.7623661733781 1.0000153
 505.56818472088934 1.0000158
 509.3856063737284 1.0000164
 513.2157914424281 1.000017
 517.056999461189 1.0000176
 520.9103907405442 1.0000183
 524.7748049699608 1.000019
 528.6502421494387 1.0000197
 532.536702278978 1.0000204
 536.4336052033124 1.0000212
 540.341531077708 1.0000221
 544.2593195916324 1.0000229
 548.1875509003518 1.0000239
 552.1250646933333 1.0000249
 556.0724411258435 1.0000259
 560.0291000426158 1.000027
 563.9944612883841 1.0000282
 567.9691050184146 1.0000294
 571.9518709221744 1.0000308
 575.9433391549302 1.0000322
 579.9429295614153 1.0000338
 583.9494818310972 1.0000354
 587.9641562745085 1.0000372
 591.9846322705836 1.0000391
 596.0167113719865 1.0000412
 600.0545920260535 1.0000434
 604.0924726801203 1.0000459
 608.141956439515 1.0000485
 612.1972417515733 1.0000514
 616.2583286162958 1.0000546
 620.3252170336821 1.0000582
 624.3921054510683 1.0000621
 628.4705969737824 1.0000664
 632.5490884964964 1.0000713
 636.6391831245382 1.0000767
 640.7234761999163 1.0000828
 644.819372380622 1.0000898
 648.9152685613277 1.0000977
 653.0169662946973 1.0001068
 657.118664028067 1.0001174
 661.2203617614365 1.0001298
 665.3278610474702 1.0001445
 669.4411618861675 1.0001619
 673.5544627248648 1.0001831
 677.6619620108984 1.0002091
 681.7810644022597 1.0002414
 685.8943652409571 1.0002826
 690.0134676323183 1.0003363
 694.1267684710158 1.0004126
