 0.0E+0 0.0E+0
 3.945421435360043E-3 0.04351081659324984
 0.011882648722343687 0.1310287452430147
 0.019913261708823203 0.21935069293138706
 0.02803839463406372 0.30803373658783883
 0.03625894295011666 0.3965173217600149
 0.04457629958239534 0.4842761871500799
 0.05299145947762357 0.570908768816981
 0.06150551707719751 0.6561365569040305
 0.07011966631718573 0.7397655887939387
 0.07883510113365681 0.821656630782361
 0.08765311495735166 0.9017099235703513
 0.09657460324032172 0.9798542933398622
 0.10560066042396317 1.05603627806943
 0.1147332764017236 1.1302108826093424
 0.1239733466256544 1.2023350110832431
 0.13332186604247944 1.272364468916227
 0.14277982959892246 1.3402553166455786
 0.1523502221351549 1.4059677474033553
 0.16203204870445295 1.4694677253677881
 0.17182729920026418 1.530727801285998
 0.18173796351603621 1.589728942636286
 0.19176503659849283 1.6464615937402735
 0.2019105083410817 1.7009241219103565
 0.21217437874380276 1.753119248329182
 0.2225586377001036 1.803049404254078
 0.23306527510343186 1.8507111144177053
 0.24369528590051131 1.8960897499765225
 0.25444966503806576 1.9391559962030615
 0.26533040240954286 1.979865663441187
 0.2763394879083901 2.0181622631311553
 0.2874769215346076 2.053980121307985
 0.29874568812836665 2.087244666070062
 0.31014578768966732 2.117867864136337
 0.32168120000540484 2.1457418782135566
 0.3333509301288553 2.170738667227895
 0.3451569679534664 2.19271576686571
 0.3571022983194095 2.2115221082812763
 0.36918791617340834 2.2270002020598447
 0.38141481646218683 2.238989040423392
 0.3937859840259163 2.2473309416081832
 0.40630141886459686 2.251876620815479
 0.418963110871676 2.2524854074340936
 0.4317740448873251 2.2490258744036797
 0.44473521585826802 2.2413773368356575
 0.45784761873122853 2.2294326816498135
 0.47111423834637805 2.2131068597204794
 0.4845360696504404 2.192343373914812
 0.4981151025368631 2.1671150780742984
 0.5118533268990938 2.1374297910883632
 0.5257527326305802 2.103332851078714
 0.539814314678046 2.0649142328893383
 0.5540410578816625 2.022321392711766
 0.5684339571881536 1.975754262391951
 0.5829959974376907 1.9254454782397785
 0.5977281735769977 1.8716496402021782
 0.612632475499522 1.8146381639071813
 0.6277108930987114 1.754694845550102
 0.6429664112147372 1.6921277151787383
 0.658401019741047 1.6272863864559341
 0.6740157136243645 1.560552449279745
 0.6898124827581376 1.4923237377724745
 0.7057943119825373 1.423017699882205
 0.7219631911910115 1.353077434741081
 0.7383211102770076 1.2829684761825232
 0.7548700591339735 1.2131616068142252
 0.7716130226020803 1.1441133117826718
 0.7885509956280519 1.0762553840878645
 0.8056869630520598 1.0099862231180145
 0.8230239097142751 0.9456486522081259
 0.840562830561422 0.8835230976952665
 0.8583067104336716 0.8238538754644158
 0.8762575392244717 0.7668277771123027
 0.8944183017739935 0.7125374215062343
 0.9127909879756847 0.660990084966834
 0.9313785826697168 0.612157656885786
 0.9501820808028135 0.5659911129913578
 0.9692054621618699 0.5224580729654238
 0.9884517115870575 0.4815907087409258
 1.0079208290783763 0.44344048316194484
 1.0276207742096168 0.40799328655155925
 1.0475495570873314 0.3752011166486062
 1.06770717771152 0.34502447326022106
 1.0881035855494203 0.31726834346758003
 1.1087288311337948 0.2916495395684519
 1.1296028133991193 0.26798092106409804
 1.150715582878156 0.2462508852076183
 1.1720770890381424 0.22648895824427855
 1.1936873318790788 0.2086054136113176
 1.2155562608682035 0.19238547450498952
 1.2376739265382781 0.1775721749057829
 1.2600403288893025 0.16389031656908797
 1.2826753668557531 0.15106301001387281
 1.3055790404376295 0.13896898178178593
 1.3287414001676942 0.12761540133187362
 1.3521723955131847 0.11702537934079929
 1.3758819759413392 0.10731253540679193
 1.3998601919849198 0.09866217176825255
 1.4241269425784024 0.09105663029037742
 1.4486722782545491 0.0842430848467681
 1.4734961990133597 0.07793668771376498
 1.4986086543220722 0.07203161119524618
 1.524019593647925 0.06664889705846966
 1.5497190675236796 0.06187396938968912
 1.575726974883812 0.05757530494711675
 1.6020333662610848 0.053547456768000656
 1.6286382416554976 0.049669535335996765
 1.6555515505342881 0.0458675335774428
 1.6827832423646946 0.04204735744077978
 1.7103333171467174 0.03824630729699348
 1.7381918254131183 0.03465761144132252
 1.766388615565611 0.03145306555360046
 1.7948938392024815 0.028683309360672464
 1.823747294192682 0.02622550814288389
 1.8529191321344988 0.02385757700459108
 1.8824392014296456 0.021402590255551724
 1.9122975526108845 0.018781484965878343
 1.9425041351454532 0.01614191706888796
 1.9730589490333516 0.013872232267674419
 2.0039619942745807 0.012147270505232245
 2.0352331698036154 0.0107945540863044
 2.06685257668598 9.657045418873179E-3
 2.098850063323389 8.68773028421956E-3
 2.1312057307813656 7.864980982205474E-3
 2.1639494274616244 7.1630857090422715E-3
 2.1970612544296894 6.5558898516716295E-3
 2.230551161152798 6.020911544544184E-3
 2.264439046565427 5.54103123051391E-3
 2.298714961200338 5.104669439145553E-3
 2.3333789050575304 4.704427552443448E-3
 2.3684507770714815 4.335257053582512E-3
 2.4039206277749523 3.993226983021938E-3
 2.439808356102419 3.6750536998724735E-3
 2.476104012586644 3.378074127359741E-3
 2.5128175466948645 3.1003378781959403E-3
 2.549948958427082 2.8406078023562E-3
 2.587518146717771 2.5981978981800216E-3
 2.6255052126324556 2.3726939440216004E-3
 2.6639400045728502 2.1636696973605542E-3
 2.7028225225389554 1.9704916519597305E-3
 2.7421428170635326 1.7922561070114677E-3
 2.7819108376138195 1.627859330757128E-3
 2.822146483124292 1.4761618065068785E-3
 2.8628398041277134 1.3361631623675673E-3
 2.9040007500913205 1.2070906844037351E-3
 2.9456293210151134 1.088363226362169E-3
 2.9877454158335683 9.79488875711453E-4
 3.0303390850794476 8.799908495461126E-4
 3.0734202782199884 7.893993485383245E-4
 3.1169889952551916 7.072776582457527E-4
 3.1610651351195326 6.332336626490492E-4
 3.205648697813012 5.668972841961479E-4
 3.2507297338683907 5.078792309271272E-4
 3.2963380916873843 4.557320775056385E-4
 3.3424638218027533 4.0991307280913684E-4
 3.389116873681736 3.697509890692255E-4
 3.4363071967915717 3.344584818529368E-4
 3.4840347911322586 3.0322546596947395E-4
 3.532299656703798 2.753516420829814E-4
 3.581121692440665 2.503337486026935E-4
 3.6305108478100982 2.2786716837572173E-4
 3.6804472238776213 2.077847581761106E-4
 3.7309606690449483 1.89976185595531E-4
 3.78205118331208 1.7431814889226618E-4
 3.833718766679015 1.6062881015562152E-4
 3.885973368612992 1.48649201322583E-4
 3.9388249385812494 1.3804616556550134E-4
 3.9922834260510247 1.2842604834511253E-4
 4.04633888155508 1.1935322354701264E-4
 4.101011204027892 1.1037487353062562E-4
 4.156310342936696 1.010488434638143E-4
 4.212236298281496 9.097154218871727E-5
 4.268789070062289 7.98295867024805E-5
 4.325998506680791 6.751545148916839E-5
 4.383844709202524 5.429834396366628E-5
 4.442347576561965 4.0929648250170916E-5
 4.501507108759115 2.851048551024749E-5
 4.561343204728448 1.811026545002414E-5
 4.621855864469967 1.036263947896408E-5
 4.683055037450906 5.2841060649338164E-6
 4.744950673138505 2.3824670962252164E-6
 4.807532822065527 9.472629633017323E-7
 4.870831332633684 3.345947556596378E-7
 4.934836255375739 1.0927884820684347E-7
 4.999567489226169 3.910376981006756E-8
 5.065025034184973 2.0523312665453476E-8
 5.131218839719389 1.4161253140702585E-8
 5.198158855296654 1.0365445948676724E-8
 5.2658550303840074 7.599711049012526E-9
 5.334307364981449 5.51404233256207E-9
 5.403535758023455 3.941419852840741E-9
 5.473540209510024 2.7684630124612814E-9
 5.544320719441158 1.907788385340944E-9
 5.615907136218571 1.2885204400191181E-9
 5.688289510375022 8.524501180274924E-10
 5.76148774084499 5.522526031519422E-10
 5.835501827628473 3.5031312553476985E-10
 5.9103417201927115 2.1758690520513705E-10
 5.9860173680049415 1.323433221681834E-10
 6.062538720532402 7.883495920222026E-11
 6.139915727242329 4.5999345364316675E-11
 6.218158337601963 2.629494109089144E-11
 6.297276501078541 1.4728011615804487E-11
 6.377270217672063 8.083783707403704E-12
 6.458149436849766 4.348206181699836E-12
 6.539934057546128 2.292101940022102E-12
 6.6226340292283865 1.1840427145287806E-12
 6.706239402429303 5.9933621575444E-13
 6.790780025550591 2.97223648600577E-13
 6.876265848059489 1.4438662043469906E-13
 6.962686920488759 6.869182421583749E-14
 7.050073091240115 3.1996759550796756E-14
 7.138424360313557 1.4588337604146676E-14
 7.227750677176323 6.508384654219107E-15
 7.318061991295652 2.8403798629383797E-15
 7.409368252138779 1.2122457831915657E-15
 7.501689358640184 5.058298011762112E-16
 7.595025310799865 2.0631052485494935E-16
 7.689386058085058 8.223548071892368E-17
 7.784791499430243 3.2029116422410603E-17
 7.881241634835417 1.2187296726359479E-17
 7.97874641376782 4.5297035245682105E-18
 8.077325735161926 1.6441603723124986E-18
 8.176989548484974 5.826667982897635E-19
 8.277737853736966 2.0153493958856024E-19
 8.379590549852374 6.800465522126804E-20
 8.482557586298437 2.2372805362153635E-20
 8.586648912542396 7.170311200167391E-21
 8.691884427518724 2.2363701139452864E-21
 8.798254181760186 6.779393770934555E-22
 8.905788023668492 1.9943326335602851E-22
 9.014495902710882 5.682785553288619E-23
 9.124377818887357 1.5652016345992055E-23
 9.23546362059963 4.156512926238879E-24
 9.347743358380463 1.0611739121606088E-24
 9.461246880631569 2.5972198140790225E-25
 9.575984136820189 6.075872170532577E-26
 9.69195512694632 1.3535282948947013E-26
 9.809179749944438 2.8600652386047882E-27
 9.927667955281784 5.7182494513841485E-28
 10.047469490294544 1.080337281143377E-28
 10.168455011908627 1.9227118953357134E-29
 10.29083345893603 3.205933158738963E-30
 10.414505336704373 4.992976705841389E-31
 10.539570139886035 7.295277104367034E-32
 10.665828879136258 1.0111851093295111E-32
 10.793580038472182 1.3465706888520836E-33
 10.922624628549045 1.8039079631444365E-34
 11.053062144039227 3.8556878694161944E-35
 11.184892584942732 1.824341501844331E-35
 11.318115951259553 1.0154006169879636E-35
 11.452732242989699 5.872307396624284E-36
 11.58884095480554 3.423306330224715E-36
 11.726442086707085 1.9608385621986395E-36
 11.865336649349567 1.0953054332473204E-36
 12.005823126750132 5.960075682722789E-37
 12.147802024236395 3.1864267234331866E-37
 12.291273341808358 1.7062148303156277E-37
 12.436137584793642 9.189129276895879E-38
 12.582693237209385 4.886263161779001E-38
 12.73064181503845 2.5075375608590004E-38
 12.880281802297972 1.2344138725322943E-38
 13.031414209643197 5.944390984919015E-39
 13.184138531746498 2.8875518034460733E-39
 13.338454768607882 1.4479303717749625E-39
 13.494362920227347 7.496782500106303E-40
 13.651962481277272 3.9287190781548805E-40
 13.811153957085274 2.049195966539755E-40
 13.972036842323739 1.0600278166646995E-40
 14.134611136992662 5.456975513975031E-41
 14.298777346419667 2.8043338595763975E-41
 14.464734459949511 1.4361010415086405E-41
 14.632283488237436 7.287909590457868E-42
 14.80172291530058 3.6519125446041405E-42
 14.972754257121805 1.8063993918372237E-42
 15.145675997718248 8.80116090336681E-43
 15.320289147745152 4.194397393609044E-43
 15.496693201874896 1.9368871084446913E-43
 15.674987654779859 8.562698902700157E-44
 15.854973517115285 3.564292047465554E-44
 16.03684977822593 1.370820325595685E-44
 16.220616438111793 4.80403895768384E-45
 16.4061740021005 1.5314736127449287E-45
 16.593721459536801 4.480629390349135E-46
 16.78305982107595 1.2147248590108287E-46
 16.97438807606269 3.062318341601665E-47
 17.16760672982466 7.192536901060964E-48
 17.362715782361842 1.5866831541489582E-48
 17.559914223019006 3.3404341740095496E-49
 17.75900306245139 6.826157428906818E-50
 17.960081795331376 1.364963961066298E-50
 18.16315042165896 2.6562099911279337E-51
 18.368308436106524 4.926972713338886E-52
 18.57545634400169 8.454877375306123E-53
 18.784693640016836 1.312321087936368E-53
 18.996020324151963 1.8242026252064088E-54
 19.209436396407063 2.2700703732252795E-55
 19.42494185678215 2.5617004587426166E-56
 19.642536705277215 2.7366802207356816E-57
 19.86222094189226 3.195314397475766E-58
 20.08419355597205 5.614783214093048E-59
 20.308255558171811 1.3781817054190077E-59
 20.534506443163937 3.231102673959794E-60
 20.762946210948424 7.57158753078064E-61
 20.993574861525267 3.0259686965593376E-61
 21.226491889566855 1.581993934514676E-61
 21.461697295073182 8.26005204200768E-62
 21.699091583371867 4.1416706772727234E-62
 21.938774249135292 1.963142229539317E-62
 22.180844787035837 8.742084992642492E-63
 22.425104207728743 3.6553873431792926E-63
 22.67185099523115 1.436198741938547E-63
 22.920786665525916 5.3120602066052404E-64
 23.17220970263018 1.852444387138867E-64
 23.425921117199187 6.102657673225469E-65
 23.682020403905315 1.89952595299113E-65
 23.94060705742094 5.578771072671048E-66
 24.201581583073686 1.54360212197298E-66
 24.465043475535932 3.987993423432636E-67
 24.730893240135301 9.519130054635128E-68
 24.99932986621655 2.051837748955514E-68
 25.270154364434915 3.918520938516575E-69
 25.54356572413516 6.540308791922238E-70
 25.819464450644908 1.0003991280323287E-70
 26.09785054396415 1.8828509278073663E-71
 26.37882349876528 5.309533936313897E-72
 26.662482809720668 1.6363225041112266E-72
 26.948629487485554 4.791541788177495E-73
 27.237363026732317 1.3076165383130466E-73
 27.52868342746097 3.23987499967007E-74
 27.822690184343873 7.329536350096035E-75
 28.11938329738104 1.4726404244148654E-75
 28.41866327190009 2.4445944449952566E-76
 28.720729097245772 3.197019407572378E-77
 29.025381784073342 3.2872326429403317E-78
 29.332820321727552 2.8073056220513815E-79
 29.64294521553602 2.4413724253116034E-80
 29.955756465498744 2.6947349722924045E-81
 30.271453060960496 3.058603489653176E-82
 30.5898360125765 2.9198214553909953E-83
 30.91100481501915 2.218776972703615E-84
 31.234959468288437 1.373208507156036E-85
 31.561699972384364 7.7052933503081264E-87
 31.891325821979314 3.599622887869764E-88
 32.2237375224009 1.4594743789406237E-89
 32.55903456832151 5.560131318442292E-91
 32.89721695974114 2.2745529990132667E-92
 33.238185201987406 1.2182917904500593E-93
 33.582138284405075 9.21085023926731E-95
 33.92897671232176 1.5100520845397493E-95
 34.278700485737473 3.2812283409292433E-96
 34.631409099324585 6.892922914527784E-97
 34.98700305841071 1.2833954923182814E-97
 35.34548236299586 2.2231176429536714E-98
 35.70704600242478 4.704021502564175E-99
 36.07159448202511 1.131671041933472E-99
 36.43902830712446 2.4305123869385154E-100
 36.80954646706759 4.320748253104886E-101
 37.18304946718212 6.4065433999903574E-102
 37.55953730746805 7.7366028206583E-103
 37.93910948259776 7.585056231427903E-104
 38.32166649789887 7.922638803370577E-105
 38.70730784804376 1.4054924769956955E-105
 39.09593403836005 2.6812081911964224E-106
 39.4877440581925 4.107298479525499E-107
 39.882538918196345 5.0518432245898125E-108
 40.280517607716355 5.204865671568646E-109
 40.68158063208015 5.0413613769926984E-110
 41.085628496615335 4.887296515931595E-111
 41.49286019066669 4.497169578994767E-112
 41.9032757142342 3.9226899920588783E-113
 42.31677557264548 3.784729166443182E-114
 42.73335976590056 4.000232770590542E-115
 43.15312778867179 3.5640709650804675E-116
 43.57607964095917 2.524472706675071E-117
 44.002115828090346 1.7171359789526041E-118
 44.43133584473768 1.6433705021600114E-119
 44.86373969090117 2.906932151473654E-120
 45.29922787190844 6.3913500457162545E-121
 45.737999377104245 1.2465788689759695E-121
 46.17985521714384 2.107021192450496E-122
 46.62499438137197 2.9082012752738048E-123
 47.073217880443884 2.9288080779966443E-124
 47.52462520903195 2.015154867856532E-125
 47.979315861808565 9.57775484748028E-127
 48.437090849428955 3.403222686687392E-128
 48.89814916123788 9.824593113587164E-130
 49.362391302562976 2.4181678712414287E-131
 49.829817273404223 5.193618131968401E-133
 50.30042707376164 9.872068010772432E-135
 50.774220703635215 1.6822518778302051E-136
 51.251198163024945 2.6083627362226448E-138
 51.73145894660322 3.750579321726455E-140
 52.21480406502527 5.1248223127697996E-142
 52.70143250763586 6.835687606372434E-144
 53.19114528509023 9.076866845925051E-146
 53.684141386733145 1.203384341984712E-147
 54.18022182321983 1.5752507715955874E-149
 54.67958558389506 2.0072290753814286E-151
 55.182033679414075 0.0E+0
 55.687765099121634 0.0E+0
