 0.0E+0 0.0E+0
 2.791855721503542E-4 0.10469937010470223
 8.408389665238536E-4 0.3135916111123341
 1.4091005117303034E-3 0.5233872118987059
 1.9840504687109947E-3 0.7329958257991933
 2.565752201366947E-3 0.9404417022503155
 3.1543042757664115E-3 1.14327279212063
 3.749777096243855E-3 1.3389445527725141
 4.352248107567188E-3 1.5251112660794303
 4.961801794937771E-3 1.6998194304760911
 5.578522643556963E-3 1.861610868713925
 6.202502179059567E-3 2.009550450404026
 6.833803765346605E-3 2.1431977711137224
 7.472504847185988E-3 2.262543308846852
 8.118746233246647E-3 2.367927576199466
 8.7725912874296E-3 2.4599561339511142
 9.434110414069318E-3 2.539419001023307
 0.01010337401750026 2.607219200947302
 0.010780593310725827 2.664315810653849
 0.011465697889411553 2.711679408099833
 0.012158828562226368 2.7502580389646196
 0.012860126137839205 2.7809556038862455
 0.013569661020584527 2.8046170736159785
 0.01428757401913127 2.822023907044768
 0.01501386513347943 2.8338927630206174
 0.01574867517229794 2.8408788967476232
 0.01649214494425573 2.8435782763083792
 0.01724434485368727 2.842531217225317
 0.018005345304927016 2.8382249234561576
 0.01877528710664391 2.83109758097917
 0.01955431106750688 2.821542428423597
 0.020342417187515924 2.8099116286715526
 0.02113981667967444 2.796519804548022
 0.02194650954398243 2.7816462962806633
 0.022762777397777756 2.7655369260254367
 0.02358854983672595 2.7484067982712705
 0.024423967669495942 2.7304437636708964
 0.025269242109091136 2.7118133398227666
 0.026124443559845993 2.692662831418811
 0.026989642426094976 2.673125346275372
 0.02786504992084149 2.653322303014103
 0.02875066604408553 2.6333638249852162
 0.029646631604496025 2.613346138115389
 0.03055315781507638 2.5933515350817346
 0.03147031508016105 2.5734517520834154
 0.03239817380408451 2.5537102064006633
 0.03333694519985015 2.5341805879305776
 0.034286699671792444 2.5149033787931585
 0.03524757802858031 2.4959070789117583
 0.036219721078882695 2.4772122503594125
 0.037203269631368524 2.4588325109054807
 0.038198294090372265 2.4407730383443326
 0.03920500566889731 2.4230305613086904
 0.04022347477127811 2.4055977098145775
 0.0412539126105181 2.3884665285082173
 0.042296389590951714 2.371630337509219
 0.0433510465212479 2.355086275831268
 0.04441802421007559 2.338837353467959
 0.04549753387043816 2.322892771304371
 0.046589716311004565 2.3072692559814105
 0.047694641936109255 2.291987902075114
 0.048812451554421175 2.277068038481489
 0.04994335637894371 2.262528499397587
 0.0510874972183458 2.2483905784483875
 0.05224501488129637 2.2346770646552456
 0.05341605017646436 2.221403519852478
 0.05460081431685315 2.208568387930914
 0.05579937770679723 2.196155068359617
 0.05701195155929998 2.18414234797689
 0.058238747087364796 2.172513274179515
 0.05947983469532616 2.161260905756734
 0.06073542559618744 2.1503899312148395
 0.062005660598617604 2.1399091094087503
 0.06329075091562003 2.1298200030255967
 0.06459083735586364 2.120112316252154
 0.06590613113235184 2.110764892024201
 0.06723670264941911 2.1017508637493524
 0.06858283352440328 2.0930438368656876
 0.06994473497030779 2.084623335278685
 0.0713224069871326 2.0764791744205672
 0.07271641280955346 2.0686047020243742
 0.07412661162890143 2.0609880011362706
 0.0755530034451765 2.053613735739735
 0.07699629230172335 2.0464757471129022
 0.0784557741551973 2.0395832353444705
 0.07993285709228769 2.03295509182423
 0.08142683706964984 2.026607113943587
 0.08293841813062842 2.0205336946767502
 0.08446760027522342 2.014705391861745
 0.08601508754677951 2.0090888768631534
 0.08758017590195202 2.003654641953572
 0.08916286534074094 1.9983857631330128
 0.09076456394983562 1.9932811014584561
 0.09238527172923602 1.9883424278581611
 0.09402428463559752 1.9835605214914386
 0.09568230671226476 1.9789163262040687
 0.09736004200258239 1.9743885210043754
 0.09905678646320575 1.9699612151151095
 0.10077394818082416 1.9656379186342463
 0.10251082311209299 1.9614359042438771
 0.1042674112570122 1.9573667200978273
 0.10604441665892646 1.9534269838372417
 0.10784254336118045 1.949598244104526
 0.10966108732042947 1.9458509458480253
 0.11150145662336285 1.9421415456104915
 0.11336294722663597 1.9384292920746066
 0.11524555913024878 1.9347077584047378
 0.11714999637754597 1.9310042068445358
 0.11907696301187216 1.9273514840169896
 0.1210264590332274 1.9237654966721511
 0.122997780398267 1.9202521679192408
 0.12499303923702494 1.9168281115015664
 0.12701012341946724 1.9135035675420248
 0.12905184911897252 1.9102633901050176
 0.13111610420550684 1.9070864042021198
 0.13320500080910416 1.9039562293540823
 0.13531783488641982 1.9008411590753282
 0.13745531048079848 1.897679470019545
 0.1396174275922401 1.8944084150039668
 0.14180418622074475 1.891004307267005
 0.1440169944530017 1.8874728409484913
 0.14625444420232164 1.8838071561296063
 0.14851864759873853 1.8799879048562686
 0.1508081965555631 1.8760095104851395
 0.15312520320282926 1.871891451739962
 0.15546825945384776 1.8676927756649313
 0.15783806935196323 1.863487228547995
 0.16023604098386495 1.8593082751638272
 0.16266147030620833 1.855160738242329
 0.1651143573189933 1.8510531121948161
 0.16759611010890923 1.8469929551059431
 0.17010602463261143 1.8429578063469762
 0.1726455089767892 1.8389029864794483
 0.17521385909809797 1.834808828939224
 0.17781177903988226 1.830692451133351
 0.1804392688021422 1.826589775345061
 0.18309773647156704 1.8225487078056152
 0.18578577396146744 1.8185978334250287
 0.18850549340187744 1.8147441840204592
 0.19125689479279697 1.8109932345720471
 0.19403927409088145 1.8073609209977163
 0.19685333533947546 1.803854326737532
 0.19970048662526837 1.8004525347697812
 0.2025800239049155 1.797114667472408
 0.20549265122176152 1.793797123118456
 0.2084383685758064 1.7905071397593967
 0.21141858405373945 1.7872980317416611
 0.21443259361221606 1.784183076236049
 0.21748110129458086 1.7811022758866337
 0.22056410710083387 1.7779856719741555
 0.2236830191176644 1.7747967019274348
 0.2268378373450724 1.7715143397898771
 0.23002785773971323 1.768133846800121
 0.23325519243162096 1.764694345069475
 0.2365191373774508 1.7612823769624288
 0.23982039662054743 1.7579607564257186
 0.2431596742042556 1.754743305763057
 0.24653697012857522 1.751643543124286
 0.24995228439350633 1.7487082539077725
 0.2534070250857382 1.7460025710547883
 0.25690189624861553 1.743521214122288
 0.26043548979544905 1.7411602722127865
 0.2640099178562726 1.7388072066324622
 0.2676251804310863 1.736372555557332
 0.2712812775198901 1.7337813706846143
 0.2749789131660286 1.7309714411845726
 0.2787187914128466 1.727905812061037
 0.28250161630368864 1.7245707963354766
 0.28632668379521014 1.7209483850894167
 0.2901954019741004 1.7171129189433271
 0.29410847488370395 1.7132236698106508
 0.29806590252402093 1.7093282035698056
 0.3020676848950513 1.70530350441872
 0.3061159341268291 1.7010130178146021
 0.3102092421326649 1.696449841710101
 0.314349016999248 1.6917024238100792
 0.3185352587265785 1.6868046027930256
 0.3227693754013457 1.6817408081178237
 0.3270513670235496 1.6764959586510015
 0.33138193763653484 1.6710720693463345
 0.33576179128364597 1.6655018695354377
 0.3401902239215385 1.6598372609605522
 0.3446693476802463 1.6540973517652723
 0.3491984585164248 1.6482865092000578
 0.3537789645167632 1.6424721569699063
 0.3584108656812616 1.6367240482059615
 0.36309486605326463 1.6310223761958404
 0.36783166967611696 1.6253166195177437
 0.37262198059316314 1.6196034636152112
 0.37746579880440334 1.6138383164101428
 0.3823645323965267 1.608007825389307
 0.38731818136953333 1.6021547862643532
 0.39232674572342324 1.5962759470423386
 0.39739233758823033 1.5903448903616272
 0.40251425292061 1.5843109600390807
 0.40769389980725156 1.5779804745793963
 0.41293127824815495 1.5711372394001406
 0.4182270922866649 1.563849950823674
 0.42358204596612603 1.556196348434535
 0.428996843329883 1.5481787235951476
 0.4344721884212805 1.5398587658726201
 0.44000878528366316 1.5313208522205783
 0.4456073379603756 1.5228468933926535
 0.4512678464514179 1.5145233918994958
 0.45699101480013454 1.5062991965497174
 0.46277825109321513 1.4982635040595824
 0.4686302593740041 1.4904293132404451
 0.4745463355991569 1.4828778675387066
 0.4805285918987074 1.4755363979146955
 0.4865777323160003 1.4680941041811663
 0.492693052807691 1.4605216801601106
 0.49887666550381343 1.4528747280421778
 0.5051285704043675 1.4451370103228844
 0.5114494715526982 1.437387766289413
 0.5178400729921497 1.4298608747094767
 0.5243010787660669 1.4226194145243016
 0.5308338969611393 1.4155125940596033
 0.5374385275773665 1.4081969734050223
 0.5441156746580935 1.4003467818645611
 0.5508667462900095 1.3918679553388226
 0.5576917424731144 1.3826015385093195
 0.5645913672507531 1.372661917136467
 0.5715670287096146 1.3626445814473642
 0.5786194308930437 1.3526981862000635
 0.5857485738010405 1.3427094373034176
 0.5929558655202942 1.3328093298500007
 0.6002420100941495 1.3231307081667331
 0.607607711565951 1.3135879762514057
 0.615054378022388 1.3040121382041147
 0.622581305420116 1.2944724776613967
 0.6301906058891689 1.2849771255968791
 0.6378829834728912 1.2755828804932558
 0.6456584381712832 1.266003276787403
 0.6535190821143785 1.2554545803410255
 0.6614642112588328 1.2438466494719697
 0.6694959377346797 1.23127218150117
 0.6776149655852643 1.2175860337280763
 0.6858212948105863 1.2031424282389884
 0.694116333497335 1.1886833602110844
 0.7025007856888553 1.1749414637755963
 0.7109781716018702 1.16188323526115
 0.7195393386728993 1.1487419425466605
 0.7281990718121804 1.135074627362409
 0.7369503305862669 1.1208725051167092
 0.7458001554286053 1.1062596849454471
 0.7547344654723027 1.0910020733293384
 0.7637743820176985 1.0750009604039618
 0.7729058241978998 1.0584244966116433
 0.782135832446353 1.0415079522299623
 0.7914644067630583 1.0241704048617117
 0.8008915471480155 1.0058736396337808
 0.8104172536012247 0.9868087221644455
 0.8200485665561325 0.9670337411667724
 0.8297854860127387 0.9466450966715829
 0.8396139311041504 0.9260408838807977
 0.8495550231307072 0.9050487576467571
 0.8596017216589625 0.8835139735676654
 0.8697540266889164 0.8618745080406802
 0.8800048977871224 0.8403302599949378
 0.89037545625392 0.818637706801498
 0.9008445807889697 0.7965582432745097
 0.9114333926926108 0.7741588660727274
 0.9221278110979507 0.7521019975225709
 0.9329348764384355 0.7308763394645622
 0.9438545887140656 0.7097722819258416
 0.9548869479248409 0.6881137424667539
 0.9660389945042077 0.6666261982280054
 0.9773036880187196 0.6454790441134116
 0.9886880689018234 0.6239127557999297
 1.0001921371535187 0.6018630070582056
 1.0118088523403592 0.5796999137649786
 1.023552295329238 0.5576549055763791
 1.0354083852532618 0.5357420404194353
 1.0473982434127704 0.5135150838351132
 1.0595007485074243 0.491119677387188
 1.0717370218375628 0.46919869181838763
 1.0840929825362932 0.4481316107473577
 1.0965756710370617 0.4279607825218537
 1.1091921277733152 0.4091721006941341
 1.1219282718781602 0.39192453693263307
 1.1347981842184902 0.37465595566074066
 1.1478018647943051 0.3569533322743011
 1.160932273172158 0.3402438698529857
 1.1742034902189426 0.3254333257996399
 1.1876014350677652 0.31252487594918854
 1.2011401885855192 0.3012177977606213
 1.2148127103387582 0.2910669682397825
 1.228619000327482 0.28174074559292466
 1.2425731394185837 0.2728991165805504
 1.2566610467451702 0.2648612413187367
 1.270889762740688 0.2580535607398698
 1.2852592874051373 0.2521971763769911
 1.2997766611719647 0.2467261727128267
 1.3144348436077235 0.2417143138808206
 1.3292408751458602 0.2374119441771396
 1.344194755786375 0.23390396089437268
 1.3592964855292672 0.23106003148049655
 1.374546064374538 0.22850880490580688
 1.3899434923221865 0.22598379029590667
 1.4054887693722131 0.22359203923444362
 1.421195976391511 0.2213932015069671
 1.4370510325131862 0.2194042065134607
 1.4530609781706864 0.2177832231988612
 1.4692258133640112 0.21642720298265952
 1.4855455380931603 0.21533384553991158
 1.502027192791581 0.21461657479753437
 1.5186707774592722 0.21419945765164594
 1.5354692516627883 0.21400017281086042
 1.5524296558355754 0.21396927483462732
 1.56955903041108 0.21388880047014621
 1.5868432945224095 0.213716070346403
 1.604303569469903 0.213589882845349
 1.621918733953221 0.2135793364836339
 1.6397099092727034 0.21371132665775102
 1.6576630145614568 0.2140267804755771
 1.675785090252928 0.21459835214036554
 1.6940831767805635 0.21544439119137695
 1.7125502337109164 0.21653754586765056
 1.7311933014774338 0.21784857977284816
 1.750005339646669 0.21932507717897134
 1.7690004290855148 0.2208720216590777
 1.7881644889270784 0.22236263691317564
 1.8075116000382525 0.22369588532637216
 1.8270347219855911 0.22470830330919508
 1.846733854769094 0.22517703668729965
 1.8666160388222075 0.22510567378174181
 1.8866883145783788 0.2247986078106332
 1.906936601170714 0.2243705365813898
 1.92736793903266 0.22370880216488991
 1.947982328164217 0.22299124002016021
 1.9687868089988311 0.22251753251367284
 1.9897813815365028 0.2223082076216802
 2.0109590053437855 0.22211748945958703
 2.032333761287572 0.22184144497820026
 2.053891568500969 0.2214377437366779
 2.0756465078508705 0.22096601051110414
 2.097591538903829 0.22077416371700187
 2.119726661659845 0.22101371784377527
 2.142065956985812 0.22139778595093673
 2.164595344014836 0.2217286327159631
 2.187321863180364 0.22214100223424607
 2.2102455144823953 0.2229684567768709
 2.233366297920931 0.22432082362193067
 2.256691253929418 0.2256995895275666
 2.280213342074408 0.2264103448923801
 2.303939602789349 0.2263031927064717
 2.3278700360742403 0.22568214110318293
 2.3519976014956354 0.2247692574609163
 2.3763363799204282 0.22358450784903893
 2.400879330915171 0.22198221700520567
 2.4256264544798646 0.21994725811356982
 2.4505847910479552 0.21792825337081897
 2.475747300185996 0.21648717585741011
 2.501113981893988 0.2156922046743788
 2.526698917038823 0.21548527847555168
 2.5524950651870557 0.21569234602268022
 2.5784953859052386 0.21605719351280164
 2.6047139600602653 0.21588682216395946
 2.6311437472186893 0.21494629456416936
 2.65778474738051 0.21377500934102011
 2.6846440009791745 0.21266929610586676
 2.7117144675812356 0.21157515383945085
 2.7390031876201414 0.20958283893312396
 2.7665031206624437 0.20666692145445983
 2.7942283475750362 0.2040683403357283
 2.822164787491026 0.2023458877956815
 2.850326521277306 0.20116423254859577
 2.8787065085004295 0.1999191645459688
 2.9072977087269502 0.1989356128501042
 2.9361142028237612 0.19803153500111217
 2.9651559907908624 0.1968278386377885
 2.9944160321948074 0.19574842465199507
 3.023894327035596 0.194728784702094
 3.053597915746675 0.19365184442981422
 3.0835267983280436 0.19180915800882986
 3.1136739343462562 0.18946564423987671
 3.1440463642347595 0.18752879683936596
 3.1746440879935522 0.185609199396843
 3.205460065189189 0.18331015888987081
 3.2365083766885627 0.1805124736438255
 3.26777494162478 0.1772426017238379
 3.299273840864734 0.17378640970308031
 3.330990993541532 0.17025996194486206
 3.36293344008862 0.16641390854751464
 3.395108220939445 0.1627265048281848
 3.4275012552271135 0.15952610998430893
 3.460126623818519 0.15642209990501262
 3.4929772862802144 0.15282424263746094
 3.5260532426121997 0.14871794943853727
 3.5593544928144762 0.1436771231748139
 3.5928810368870425 0.1373665127666603
 3.626632874829899 0.13082448478446181
 3.6606170470764922 0.12442051225185848
 3.6948194727599297 0.11782641190269962
 3.7292542327471034 0.1111875740077738
 3.7639072461711204 0.10468164540341411
 3.798792593898875 0.09866336533500995
 3.8338961950634726 0.09305618611049908
 3.8692321305318073 0.0869873617947238
 3.904786319436986 0.08012557028317806
 3.9405728426459014 0.07323309638211231
 3.97657761929166 0.06676137157272577
 4.012807689807709 0.060549808753564075
 4.049256013760602 0.05474383485285989
 4.085936672017232 0.04941021730623478
 4.122828543277259 0.04443227297157644
 4.159952748841023 0.03972536285250673
 4.197288167408183 0.03570926328039744
 4.234848879845634 0.032338116221836625
 4.272634886153375 0.02916461694006362
 4.310632105464514 0.026030555716510202
 4.348847578212495 0.022870432075414757
 4.3872813043973204 0.02009136994001602
 4.42593328401899 0.01837826593956895
 4.4648035170775024 0.0170082677949437
 4.503884963139413 0.01553746186696892
 4.543184662638166 0.013887995179909013
 4.58268853470687 0.012020083552873397
 4.622410660212418 0.010160575280538242
 4.662343998721363 8.630490779303187E-3
 4.7024885502337054 7.378347641475357E-3
 4.742837274315997 6.269328655535334E-3
 4.783397211401687 5.318642583398299E-3
 4.824161321057328 4.545215978447892E-3
 4.865129603282918 3.919820292063293E-3
 4.90630205807846 3.405632463656206E-3
 4.947678685443952 2.9754739404675685E-3
 4.989259485379394 2.610791924458634E-3
 5.031037417451341 2.298539024421966E-3
 5.073005441226344 2.029141479132072E-3
 5.115177637571299 1.7953230135048085E-3
 5.157546966052757 1.5914021559785241E-3
 5.200106386237272 1.412848391939334E-3
 5.242855898124844 1.255988036141732E-3
 5.285795501715476 1.1178012725406138E-3
 5.32893223744261 9.957773613654147E-4
 5.372244984005908 8.878086472906475E-4
 5.415747822272264 7.921112840564542E-4
 5.459433711808231 7.071647146830986E-4
 5.503295612180362 6.316646337487812E-4
 5.547340563822104 5.644863367011909E-4
 5.59156152630001 5.046552987699272E-4
 5.635965540047526 4.513236584983129E-4
 5.680531483764315 4.037510412595004E-4
 5.725273438317267 3.612888836013598E-4
 5.7701843632729374 3.2336744127126407E-4
 5.815264258631324 2.894849792485083E-4
 5.860506083958984 2.591986896110766E-4
 5.905909839255914 2.3211704261521116E-4
 5.951475524522114 2.0789324545492733E-4
 5.99719609932414 1.8621970279395194E-4
 6.04307156366199 1.668232206508555E-4
 6.089101917535665 1.4946088626930563E-4
 6.135287160945164 1.3391649612734036E-4
 6.181613213023594 1.1999745598810095E-4
 6.228094154637849 1.0753205898404694E-4
 6.274708864487589 9.636712728985943E-5
 6.321471423439707 8.636592750724796E-5
 6.368367750627309 7.740634263384818E-5
 6.415397846050397 6.937926048110853E-5
 6.462561709708969 6.218714214434388E-5
 6.5098523011695794 5.5742775035021975E-5
 6.557276660865676 4.9968148601834024E-5
 6.6048207079303624 4.479346680876507E-5
 6.652491482797088 4.0156267492758825E-5
 6.700274904598959 3.600064303330179E-5
 6.7481780137694205 3.227654073055468E-5
 6.796193769875027 2.893914568157921E-5
 6.8443151324823334 2.5948327248893933E-5
 6.892549142024785 2.3268146595552992E-5
 6.940881717635487 2.0866413690198037E-5
 6.989319899747889 1.8714298840234175E-5
 7.0378566479285424 1.678597878731242E-5
 7.086477881310555 1.5058323821951208E-5
 7.13519768076082 1.351061779324739E-5
 7.183987884545549 1.2124306707190035E-5
 7.232918896999211 1.0882774804607063E-5
 7.281920313787338 9.77114487115455E-6
 7.330921730575466 8.77609735174062E-6
 7.380063956032524 7.885711099498998E-6
 7.429276585824047 7.08931962154365E-6
 7.478559619950038 6.377383359942688E-6
 7.527913058410493 5.7413742494068094E-6
 7.577266496870949 5.173674114164738E-6
 7.626760744000336 4.667483521197295E-6
 7.676254991129722 4.2167407003210395E-6
 7.725890046928041 3.816050331621986E-6
 7.775454698391894 3.4606200926212444E-6
 7.825160158524677 3.146206839004588E-6
 7.874865618657462 2.8690696157643305E-6
 7.924641483124713 2.625932281727733E-6
 7.974417347591962 2.4139537215390422E-6
 8.024193212059211 2.2307091461429482E-6
 8.074039480860929 2.0741816871581577E-6
 8.123956153997108 1.942768099534497E-6
 8.17387282713329 1.8353016538803122E-6
 8.223719095935005 1.7511000949704161E-6
 8.273706173405653 1.6900617203621611E-6
 8.323622846541834 1.6528568125942905E-6
 8.37360992401248 1.6407279791199548E-6
 8.423526597148662 1.6494251129378324E-6
