 6.926868825783945E-4 2.121000281040585
 2.086204233212229E-3 2.118148974016021
 3.4961170564517152E-3 2.117357091609602
 4.9226244875916584E-3 2.1186789814712594
 6.3658837387069065E-3 2.122090380032439
 7.826139361913885E-3 2.12751923808334
 9.30356603729576E-3 2.1348535802976265
 0.010798355912944004 2.143949881352981
 0.01231071860495842 2.1546418669495266
 0.013840863729438798 2.166749284566372
 0.015389018370493251 2.1800852258911325
 0.016955339740196626 2.1944619597546846
 0.018540019986640406 2.2096940332413597
 0.02014340846999091 2.225600104766745
 0.021765662402322982 2.2420033359678095
 0.023406956463719794 2.258731737336028
 0.0250674653342645 2.2756199210101297
 0.026747713054206593 2.2925119400727385
 0.028447524943462913 2.309264399694951
 0.030167250362199776 2.325749209057471
 0.03190723867058352 2.34185530192302
 0.033667664548697295 2.357487893163587
 0.03544887735670744 2.3725659171392843
 0.037250877094613936 2.387018118970049
 0.03907401312258313 2.400780586879292
 0.04091863480078133 2.4137964003226324
 0.04278491680929171 2.426016574137409
 0.04467303382819742 2.437400629747448
 0.046583335217664806 2.447917668768608
 0.04851617033786018 2.4575475804813033
 0.05047153918878354 2.4662825530423733
 0.052449965810684374 2.474126685757335
 0.05445145020356269 2.481093792415689
 0.056476691087751135 2.4872045015076205
 0.05852551378316655 2.4924845188807696
 0.060598267649975244 2.4969609925689426
 0.06269547672842672 2.500658058151572
 0.06481731569860415 2.5035938873002923
 0.06696395924059068 2.5057813427937967
 0.06913593139463578 2.507231970406398
 0.0713332321607395 2.5079609101748916
 0.07355621089906814 2.5079885140648827
 0.07580539164987117 2.5073385736971536
 0.07808094909323178 2.506035293958668
 0.08038305790923311 2.5041020488928982
 0.08271224213812467 2.501563107154858
 0.08506867645998961 2.498446756570346
 0.08745271023499425 2.4947861876990762
 0.08986469282330492 2.490617046605442
 0.09230497358508798 2.4859736926247824
 0.09477372720042654 2.480886933593646
 0.0972714777095701 2.4753833276078305
 0.09979839979260184 2.4694877598905824
 0.10235501748977124 2.463227578024876
 0.10494150548116148 2.456636181017209
 0.10755821312693885 2.449753467999266
 0.11020548978726971 2.4426208526495285
 0.11288385950240351 2.435273703484813
 0.11559367163250661 2.4277374026182902
 0.11833510085766216 2.420032879805209
 0.12110849653803649 2.4121823233197967
 0.12391438271387907 2.404208181734432
 0.12675310874535625 2.396127253100487
 0.12962502399263434 2.3879456491612462
 0.13253047781587967 2.379657573223837
 0.13546999425534173 2.3712495102220505
 0.13844374799110367 2.362706306402259
 0.14145226306341501 2.354016532637376
 0.1444960635125252 2.345174197267903
 0.14757532401851744 2.3361767176515275
 0.15069056862164117 2.3270231478536995
 0.15384214668206278 2.3177154954322576
 0.1570305822400317 2.3082605886142215
 0.16025622465571426 2.298668017798106
 0.16351959796936 2.2889469006074203
 0.16682087686105204 2.2791063130846036
 0.17016076005112301 2.2691576574482645
 0.17353977157982244 2.2591159934697224
 0.1769579114471503 2.248999949323241
 0.18041657709377195 2.2388323851700007
 0.18391541915952103 2.228639069277152
 0.18745443764439748 2.2184404660522063
 0.191035379349233 2.20824617281898
 0.19465649747319596 2.198061310580482
 0.1983212856179496 2.1878940464612153
 0.20202799698266227 2.1777563029005926
 0.20577837836816564 2.1676623780374186
 0.20957242977445963 2.157628584701977
 0.213411898002376 2.147671027585763
 0.217295036251083 2.137796626155992
 0.2212218445205807 2.1279959893348117
 0.2251958164125323 2.1182382087229414
 0.22921695192693786 2.108472767982367
 0.2332835042629657 2.0986514279154286
 0.23739722022144751 2.0887525721061175
 0.24155984660321483 2.078782021395499
 0.24576963660743611 2.0687534309519852
 0.2500300838357746 2.058676084520335
 0.2543394414873986 2.0485646809857285
 0.2586977095623082 2.0384457079656557
 0.26310663486133495 2.028350245411052
 0.26756796418531053 2.018307337076228
 0.2720799507334033 2.0083330040926803
 0.2766460881072765 1.9984233030717226
 0.28126462950609854 1.988559570610507
 0.2859355749298694 1.97872472459139
 0.2906606711794206 1.968908503152286
 0.29544166505558394 1.9590971425072902
 0.30027855655835933 1.9492844995734313
 0.30516959888691524 1.9394816680066344
 0.31012003244374636 1.929692966582327
 0.31512461682635795 1.9199023668165198
 0.3201903392380765 1.9100845154101171
 0.3253119592764071 1.9002171932529883
 0.33049471734384466 1.8902889064603338
 0.3357368666395576 1.8803151176105936
 0.3410401539643774 1.8703364685298047
 0.3464045793183042 1.8603876913973895
 0.35183014270133794 1.8504762458649075
 0.3573203377151419 1.84058163513901
 0.36287167075805276 1.8306664785923723
 0.36848938223256544 1.8206871253304037
 0.3741699785370167 1.8105941298298644
 0.37991870007390143 1.8003339970932232
 0.3857320532415564 1.7898598471617637
 0.39161178484081315 1.7791455693025524
 0.397561388473335 1.7681948311872301
 0.4035791173382903 1.7570340772758883
 0.4096649714356791 1.74569080091889
 0.4158224443671646 1.7341744792746316
 0.42204978933191517 1.7224759903635491
 0.428350499931594 1.7105719706648316
 0.43472282936536965 1.6984325427981055
 0.4411685244340736 1.6860235791032571
 0.4476875851377059 1.6733178330345943
 0.4542835050779298 1.6603197378799077
 0.460952790653082 1.6470662743538695
 0.4677006822656574 1.6336021184984068
 0.47452717991565607 1.6199816751183078
 0.48143053680224634 1.6062746784168056
 0.4884124997262598 1.592543010143399
 0.4954765622893597 1.5788091782009521
 0.5026209776907145 1.5650500246382057
 0.5098474927311558 1.5511930978381551
 0.5171561074106835 1.5371327571261597
 0.524550315330961 1.522765465619768
 0.5320283696911565 1.5080273229264073
 0.5395920172921018 1.4929141320427454
 0.5472412581337968 1.4774346192312264
 0.5549795858179047 1.461571301052509
 0.5628070003444258 1.4452856313251258
 0.5707217549125281 1.428542585148819
 0.5787290899247067 1.4113350336085936
 0.5868272585801299 1.3936898793179333
 0.5950180076796292 1.375674926705363
 0.6033030840240365 1.35738314578462
 0.6116824876133516 1.3388879786500118
 0.6201562184475747 1.3202143645053514
 0.6287277701283688 1.3013326169768784
 0.6373988894565656 1.2821842043422277
 0.6461660828305019 1.2627186729715862
 0.6550345906526727 1.242922689947311
 0.6640044129230778 1.2228388033622188
 0.6730755496417172 1.2025503184271886
 0.6822497476094226 1.1821427658478704
 0.6915287536270257 1.1616511777536284
 0.700914314495358 1.1410249176630313
 0.7104046834135881 1.1201904376259006
 0.7200033539833789 1.0991533377434541
 0.7297120730055622 1.0780175127964064
 0.7395308404801381 1.0568987480386347
 0.7494596564071063 1.0358321187462733
 0.7595037611889622 1.014776044070972
 0.7696596612240421 0.993667333513518
 0.7799308501140093 0.9724266507303957
 0.7903173278588639 0.9509673958976935
 0.8008225880602693 0.9292255472375636
 0.8114466307182252 0.9071419723629125
 0.8221912026335635 0.8846824475214403
 0.8330580506071155 0.8619252185785631
 0.8440454278380499 0.8390476561419711
 0.8551585747288614 0.8162152820050933
 0.8663957444787184 0.7935397238564147
 0.8777604306892842 0.771038836548157
 0.8892526333605589 0.7486351958028312
 0.9008740992933739 0.7262419744142419
 0.912626575288561 0.7038313928454253
 0.9245118081469517 0.6814444464412797
 0.936529797868546 0.6591466547849013
 0.9486840380550072 0.6369778822432166
 0.9609745287063354 0.6149846109838173
 0.9734012698225305 0.5932083137431633
 0.9859695018060874 0.571641051594682
 0.9986774778561744 0.5502822411512985
 1.011528691574455 0.5291715966086573
 1.0245231429609287 0.5083864598196158
 1.0376625788164277 0.4880835822366053
 1.0509487459417834 0.4684791081646792
 1.0643833911378273 0.4497000438133584
 1.0779682612053911 0.43171242954114746
 1.0917051029453066 0.414452136107228
 1.1055956631584051 0.397918429831586
 1.119639941844687 0.38214726706026946
 1.1338396858049832 0.367159423561611
 1.1481983886409581 0.35292406653192753
 1.1627177971534425 0.33938727150829406
 1.177396164541605 0.32649129189988224
 1.19223873120794 0.3142402911241818
 1.2072472439532802 0.3027169679588049
 1.222419955976793 0.2920179796314449
 1.2377621076809737 0.282209840761088
 1.2532736990658221 0.2732847363172985
 1.2689564769321701 0.2651589293588312
 1.2848121880808491 0.25772529189688636
 1.300842579312691 0.25088670461853856
 1.3170511442293588 0.24453439915650806
 1.3334378828308524 0.23850931811564296
 1.3500045419180037 0.23271673282287241
 1.3667546150924758 0.22723004963079776
 1.3836881023542688 0.22214599835386858
 1.4008067505042143 0.21748983865870075
 1.4181140531439755 0.21323818693700075
 1.435611757074384 0.20935511025356265
 1.4532998622954398 0.20580798550512155
 1.4711818624088064 0.20257829597188686
 1.489259504215315 0.1996562988915278
 1.5075345345157975 0.19702087985862182
 1.5260104469119173 0.19462944693676562
 1.5446854946028425 0.1924215141535791
 1.563564917991068 0.19033463048646023
 1.5826504638774254 0.18832735668459407
 1.6019421322619151 0.18638034163775524
 1.6214451635470314 0.1844788085090021
 1.6411578109319431 0.1826238625643871
 1.661085314819145 0.18084183632094766
 1.6812294220094685 0.17915873012068192
 1.701590132502914 0.17758360440277085
 1.7221709399011442 0.17611878111840048
 1.7429735910049912 0.17476421487126272
 1.764006819818613 0.17351138844889332
 1.7852479179311981 0.17234580228160026
 1.8067335681602114 0.17125046392933
 1.828446302497336 0.17021466829264678
 1.8504035889508885 0.1692597669647855
 1.8725704915042364 0.16844735639982033
 1.894999414182328 0.1678454719267987
 1.9176554209685314 0.16747391006792297
 1.9405559798711624 0.16728882011017223
 1.9637010908902214 0.16723245908510186
 1.9870907540257081 0.1672664881899855
 2.010724969277623 0.1673525396503917
 2.034621204654281 0.16741313796422804
 2.0587794601556836 0.1673469190122294
 2.0831647997651976 0.1671072995049496
 2.107829627507772 0.1667500152773341
 2.132756475375091 0.16638333791529685
 2.157945343367153 0.16606096751421667
 2.183378763475644 0.16577980139599451
 2.2091091397255104 0.1655325312341179
 2.2350840680918055 0.16528486110380852
 2.2613559525994766 0.16495691193635922
 2.2878898572318924 0.16448915857810361
 2.314703249997368 0.1638681484311082
 2.341796130895904 0.1631290877299367
 2.3691684999275004 0.16237239275864331
 2.396837825100474 0.16173043275376403
 2.424786638406507 0.16131735523260917
 2.453032407853917 0.16114785842603951
 2.4815751334427034 0.1611290336193713
 2.5103973471645506 0.1612342985575998
 2.5395339850360905 0.16152249179246644
 2.5689501110406904 0.16195629777794245
 2.5986981292033 0.16238836382764576
 2.6287256354989696 0.16271278517227036
 2.659085033952648 0.16293289323014167
 2.6897413885477035 0.16305503153043476
 2.7207121672924516 0.16305937473419016
 2.7520148381952087 0.16291887160290602
 2.783614465239343 0.1625940123363657
 2.8155459844414862 0.1620396402561507
 2.847809395801639 0.1613053114021692
 2.880387231311484 0.16058618087316584
 2.9133144269876543 0.1600503552695288
 2.9465560468135176 0.1596611762320889
 2.9801470268057066 0.1593271688766432
 3.0140698989559044 0.15893501288203834
 3.0483246632641116 0.15845622206697962
 3.0829462557469606 0.15813311161367715
 3.1178997403878185 0.15815992976867143
 3.153202585195002 0.15851549051313035
 3.1888547901685106 0.15910792206509935
 3.224873823316661 0.15980967748246321
 3.2612422166311372 0.16037783393043941
 3.2979774381202546 0.1605715708083347
 3.3350794877840144 0.16030512146229844
 3.372548365622415 0.15965914194680205
 3.4103840716354576 0.15901619736679137
 3.448586605823142 0.15877045493824923
 3.4871559681854682 0.15887031801409956
 3.526127094739069 0.15891045693649347
 3.5654650494673103 0.15864357177819937
 3.6051873003785104 0.15834944281713697
 3.6452938474726686 0.15858574790093052
 3.685784690749784 0.1595650201333079
 3.7266772982181746 0.16096377527735505
 3.7679716698778387 0.16227645376587
 3.809650337720461 0.16308949377094553
 3.8517307697543574 0.16341574459159655
 3.894230433987844 0.16344673988539945
 3.9371143944042894 0.16328609623497183
 3.980435055028641 0.16296432167692243
 4.024140011835951 0.16262840126018224
 4.068281668851167 0.16254364356335881
 4.112825090057658 0.1624799759748855
 4.157787743463739 0.1622288089179792
 4.203187097077727 0.1621350638855172
 4.249005682891306 0.1622001528304475
 4.295260968912791 0.16245719700336716
 4.341935487133867 0.16301262896130458
 4.389064173571166 0.16343728998244144
 4.436612092208055 0.16337798924447816
 4.484614179061166 0.16308921361949008
 4.533052966122186 0.16283476528234755
 4.581928453391112 0.16270719960183988
 4.631258108876261 0.16301963589355195
 4.68105940058595 0.16333505632774755
 4.731297392503544 0.16351159826961497
 4.781989552637362 0.163741672929968
 4.833135880987403 0.1636496685285226
 4.884753845561984 0.16340522308782895
 4.936843446361103 0.1632118313358641
 4.989387215376446 0.16285691814371106
 5.042420088624644 0.1623988900502927
 5.095907130089065 0.16222145556296962
 5.149883275786343 0.16222640885873038
 5.204331057708159 0.16229269132243956
 5.259250475854515 0.1619853403836237
 5.314676466242043 0.16097380230822846
 5.370574092854109 0.15998424268850117
 5.426960823699031 0.15983819043925442
 5.483836658776809 0.16028039121302761
 5.541201598087443 0.16030388844828577
 5.5990731096392485 0.16025235361194031
 5.657433725423909 0.16065615714803316
 5.716300913449741 0.1608945624729725
 5.775674673716747 0.16104012541541765
 5.835537538216606 0.1609400040907362
 5.895924442965955 0.16050942916186528
 5.9568179199564754 0.16013780959103507
 6.018217969188167 0.15957830322928331
 6.080142058669348 0.159066659052779
 6.1425727203916995 0.15913127409822871
 6.2055099543552234 0.15903249299570185
 6.268988696576551 0.15749668926283097
 6.332991479047368 0.155585483381709
 6.397500833759357 0.15436983988435282
 6.462551696729149 0.15322515000162867
 6.528126599948431 0.15188339838034506
 6.594225543417198 0.1507375979871581
 6.660865995143772 0.14969988865753913
 6.728030487119834 0.14854512282708234
 6.7957364873537 0.14745280336518942
 6.863966527837054 0.14674599605910645
 6.932755544586528 0.14609995944120332
 7.002068601585491 0.14489784585987305
 7.0719406348505744 0.14354117589309428
 7.142354176373463 0.14235110712065013
 7.2132917581458384 0.14061807488021185
 7.284788316184335 0.1385756309103389
 7.356843850488953 0.1365587329531875
 7.429440893051374 0.13438374483664708
 7.5025794438716 0.13281545702445032
 7.576276970957947 0.1318691088427371
 7.650533474310413 0.1300268908010817
 7.725331485920686 0.1272815466415761
 7.800688473797079 0.12488244736542464
 7.876604437939592 0.12233685863683881
 7.953061910339909 0.11861370404404512
 8.030095827014664 0.1144018066147341
 8.107671251947222 0.11034600401342841
 8.185823121154218 0.10663106468321612
 8.264516498619018 0.10310092202915523
 8.343768852349939 0.09823063683386092
 8.423597650355298 0.0916730394456098
 8.50396795661846 0.08529499669418171
 8.58491470715606 0.0794610898822339
 8.666420433959779 0.073515421302534
 8.748485137029618 0.06736132555476117
 8.83110881636558 0.06081476316867213
 8.914291471967662 0.05380156717033268
 8.998033103835864 0.04688562615850361
 9.082351179978504 0.04019768093185774
 9.167210764378948 0.03411021478030782
 9.25264679305383 0.0286036152577836
 9.338624329986514 0.023952034302865573
 9.425178311193637 0.01916916352254558
 9.512273800658562 0.014819187348141239
 9.599945734397926 0.011783868329388431
 9.688159176395093 9.93107838323303E-3
 9.776949062666699 8.646603450289213E-3
 9.866280457196108 7.630130135223121E-3
 9.956170827991638 6.778845739732171E-3
 10.046602707044972 6.050788919182872E-3
 10.137611030372744 5.420959636222652E-3
 10.229143393950004 4.871397071842911E-3
 10.321252201801698 4.38851643050183E-3
 10.413885049902882 3.961782466809214E-3
 10.507076874270188 3.5828560304036077E-3
 10.600827674903615 3.2450187476647436E-3
 10.695102515786528 2.942775894940375E-3
 10.789918864927246 2.671575729209662E-3
 10.885276722325768 2.427606396373128E-3
 10.981176087982096 2.207645526847431E-3
 11.077616961896227 2.008946816030914E-3
 11.174581876059847 1.8291525857721687E-3
 11.27208829848127 1.6662255000167987E-3
 11.370101293143867 1.5183948524148274E-3
 11.468655796064267 1.3841134817053617E-3
 11.567734339234155 1.262022764782214E-3
 11.667336922653531 1.1509244801755601E-3
 11.767446078314078 1.0497575378872366E-3
 11.868079274224115 9.575788101114525E-4
 11.969219042375325 8.735471427341347E-4
 12.070865382767703 7.96910052095476E-4
 12.173018295401256 7.26992475025051E-4
 12.27567778027598 6.631872944642236E-4
 12.378843837391877 6.049472269368703E-4
 12.482498998740628 5.517779002743994E-4
 12.586625796313918 5.032319777771023E-4
 12.691259166128381 4.589039745714143E-4
 12.7963816401757 4.1842578051859305E-4
 12.901975750447555 3.814628304347426E-4
 13.008041496943951 3.4771068457628535E-4
 13.114578879664888 3.1689203068271785E-4
 13.22160536661868 2.8875405017872516E-4
 13.329068553780377 2.6306608532910413E-4
 13.437003377166617 2.396175544782612E-4
 13.545392368769077 2.1821610612675611E-4
 13.654218060579444 1.9868594475708765E-4
 13.763497920606035 1.8086635820158318E-4
 13.873214480840533 1.6461037748165076E-4
 13.983385209291251 1.4978354556696002E-4
 14.093957701933247 1.362628647592699E-4
 14.204966894783148 1.239357748292999E-4
 14.31639531983264 1.1269927191742612E-4
 14.428242977081721 1.0245908987393132E-4
 14.54049239852208 9.31289578484228E-5
 14.65314358415371 8.46299245599736E-5
 14.766196533976615 7.688974325202308E-5
 14.879633779982477 6.98423046501867E-5
 14.993455322171299 6.342712425523237E-5
 15.107661160543078 5.758887306571554E-5
 15.222251295097815 5.2276940840365724E-5
 15.337190789818877 4.744504793332761E-5
 15.452514580722896 4.305087799715324E-5
 15.568170263784927 3.905574854440756E-5
 15.684192775021598 3.5424306961077675E-5
 15.800547178416277 3.2124250333041655E-5
 15.917233473968967 2.912606943651084E-5
 16.034251661679665 2.640281453651031E-5
 16.151584273540056 2.3929880296554557E-5
 16.269248777558455 2.1684806408815785E-5
 16.387210237718235 1.9647097132598314E-5
 16.505486122027704 1.779805496962483E-5
 16.624041494470233 1.6120627899029565E-5
 16.742893823054142 1.4599268794526093E-5
 16.862025639771108 1.3219807237886456E-5
 16.98141947661282 1.196933180836675E-5
 17.10109280158759 1.0836081988036761E-5
 17.22101067867879 9.809349345500084E-6
 17.341190575894735 8.879386773398044E-6
 17.461615025227107 8.037325367663423E-6
 17.58224909065927 7.275098817360049E-6
 17.703127708207865 6.585373073838529E-6
 17.824181005839623 5.961483681151915E-6
 17.945583663637705 5.397376950120208E-6
 18.06716100151895 4.8875566983139314E-6
 18.1887383394002 4.427036434944305E-6
 18.31066503744777 4.011294215249822E-6
 18.4327664155785 3.636232712673007E-6
 18.555042473792397 3.2981423161945113E-6
 18.677493212089455 2.9936674659549494E-6
 18.799943950386513 2.719776408784103E-6
 18.9227440488499 2.4737332670403037E-6
 19.04554414731328 2.2530731984840933E-6
 19.16869360594299 2.055579610848838E-6
 19.29166838448954 1.8792635762037251E-6
 19.41499252320241 1.7223456639766187E-6
 19.53831666191528 1.5832389266018256E-6
 19.66181548071132 1.4605347097170138E-6
 19.785314299507355 1.3529889669390448E-6
 19.90881311830339 1.2595107834042145E-6
 20.032486617182588 1.1791521425789687E-6
 20.156334796144946 1.1110988610070723E-6
 20.280182975107305 1.0546628021989112E-6
 20.403856473986504 1.0092752598013708E-6
 20.52787933303203 9.744814740089881E-7
 20.65172751199439 9.499362814478492E-7
