 0.0E+0 0.44174475160684145
 4.532621210451192E-3 0.4469411741143031
 9.118561480812234E-3 0.452198370590499
 0.013758444396035126 0.4575170434142428
 0.0184529007479874 0.462897902886948
 0.02320256861674372 0.46834166730799753
 0.028008093452650855 0.4738490630680213
 0.03287012815934973 0.4794208247279907
 0.03778933317760906 0.485057695114745
 0.04276637657013911 0.49076042539932956
 0.04780193410720935 0.4965297751925277
 0.05289668935324623 0.502366512629168
 0.05805133375429608 0.5082714144621635
 0.06326656672645292 0.5142452661527853
 0.06854309574521247 0.5202888619579935
 0.07388163643572239 0.5264030050296598
 0.07928291266405037 0.5325885075026429
 0.08474765662935622 0.5388461905917765
 0.09027660895705895 0.5451768846859127
 0.09587051879296883 0.551581429444918
 0.10153014389841468 0.558060673892202
 0.1072562507463207 0.5646154765214422
 0.11304961461837822 0.5712467053838733
 0.11891101970311314 0.577955238195007
 0.12484125919504849 0.5847419624331237
 0.1308411353948774 0.5916077754363115
 0.13691145981063204 0.5985535845135884
 0.14305305325999237 0.6055803070367666
 0.14926674597353786 0.6126888705508357
 0.1555533776991316 0.6198802128747164
 0.16191379780733833 0.6271552822124561
 0.16834886539798327 0.6345150372509816
 0.1748594494077141 0.6419604472720295
 0.18144642871871147 0.6494924922640665
 0.18811069226854768 0.6571121630185731
 0.19485313916103344 0.664820461254649
 0.20167467877834327 0.6726183997190144
 0.20857623089416682 0.6805070023009087
 0.2155587257880391 0.6884873041462938
 0.2226231043608428 0.6965603517675157
 0.22977031825143537 0.7047272031582518
 0.23700132995445605 0.7129889279113704
 0.24431711293934185 0.7213466073309314
 0.25171865177049285 0.72980133455151
 0.25920694222866186 0.7383542146538951
 0.26678299143353134 0.7470063647830023
 0.27444781796749995 0.7557589142732278
 0.2822024520007554 0.7646130047573559
 0.2900479354174651 0.7735697903009611
 0.29798532194334526 0.7826304375127849
 0.3060156772743631 0.7917961256738383
 0.3141400792067634 0.8010680468613149
 0.3223596177683667 0.8104474060694083
 0.33067539535110695 0.8199354213354908
 0.3390885268448642 0.8295333238729118
 0.3476001397726593 0.8392423581874089
 0.35621137442704386 0.8490637822129105
 0.3649233840078829 0.8589988674368987
 0.3737373347614242 0.8690488990340481
 0.3826544061207389 0.8792151759884683
 0.39167579084741643 0.8894990112348972
 0.4008026951747077 0.8999017317846881
 0.41003633895196145 0.9104246788594583
 0.4193779557904323 0.9210692080261081
 0.42882879321047323 0.9318366893311808
 0.4383901127901074 0.9427285074366356
 0.448063190314993 0.9537460617534238
 0.4578493159297583 0.9648907665811234
 0.4677497942907702 0.9761640512450261
 0.47776594472030853 0.9875673602337627
 0.4878991013621531 0.9991021533399606
 0.4981506133386137 1.0107699057971677
 0.5085218449089653 1.0225721084243526
 0.5190141756293655 1.0345102677640725
 0.5296290005141902 1.0465859062272353
 0.540367730198854 1.0588005622326122
 0.5512317911040631 1.0711557903530846
 0.5622226256015675 1.0836531614582995
 0.5733416921813782 1.0962942628606546
 0.5845904656204811 1.1090806984589098
 0.5959704371530258 1.1220140888834584
 0.6074831146420037 1.1350960716486144
 0.6191300227524896 1.1483283012899805
 0.6309127031262926 1.1617124495218074
 0.6428327145582206 1.1752502053795992
 0.65489163317381 1.188943275370816
 0.6670910526086002 1.2027933836218844
 0.6794325841889167 1.2168022720311226
 0.691917857114224 1.2309717004180991
 0.7045485186410102 1.245303446671987
 0.7173262342681945 1.2597993069054358
 0.7302526879241136 1.2744610956044422
 0.7433295821550446 1.2892906457783468
 0.7565586383152689 1.3042898091181513
 0.7699415967587592 1.3194604561411416
 0.7834802170323505 1.3348044763499193
 0.7971762780705438 1.350323778379337
 0.8110315783918164 1.3660202901577873
 0.8250479362965879 1.3818959590503627
 0.8392271900666546 1.3979527520223757
 0.8535711981663019 1.4141926557839963
 0.8680818394449012 1.4306176769531071
 0.8827610133411772 1.4472298421999092
 0.8976106400889592 1.4640311984074327
 0.9126326609245793 1.4810238128223052
 0.927829038295818 1.498209773209048
 0.9432017560724324 1.5155911880026355
 0.95875281975825 1.533170186465514
 0.9744842567048737 1.5509489188343157
 0.9903981163268923 1.5689295564806171
 1.0064964703187402 1.5871142920567826
 1.0227814128730534 1.6055053396540002
 1.0392550609006481 1.6241049349500358
 1.0559195542520141 1.642915335362207
 1.0727770559403781 1.661938820200529
 1.0898297523663393 1.6811776908166686
 1.1070798535440327 1.7006342707503467
 1.1245295933287935 1.720310905887702
 1.1421812296464493 1.7402099646012008
 1.1600370447240442 1.7603338379008128
 1.178099345322118 1.780684939582829
 1.1963704629685083 1.801265706374216
 1.2148527541936378 1.822078598078747
 1.2335486007672975 1.8431260977186134
 1.2524604099368852 1.8644107116841115
 1.2715906146671793 1.8859349698659568
 1.29094167388147 1.907701425807099
 1.3105160727042477 1.9297126568347258
 1.3303163227052481 1.9519712641997102
 1.3503449621449243 1.9744798732155914
 1.3706045562213498 1.9972411333941948
 1.391097697318508 2.020257718574835
 1.4118270052559114 2.043532327061579
 1.4327951275396275 2.067067681749433
 1.4540047396145987 2.0908665302562736
 1.4754585451183184 2.114931645047682
 1.4971592761357845 2.139265823559076
 1.5191096934557106 2.1638718883212413
 1.54131258682802 2.188752687080492
 1.5637707752225764 2.2139110929134582
 1.5864871070890926 2.239350004345718
 1.6094644606182526 2.265072345461833
 1.6327057440039671 2.2910810660167717
 1.6562138957067704 2.31737914154293
 1.6799918847183143 2.3439695734584256
 1.7040427108269755 2.370855389159235
 1.728369404884407 2.3980396421300622
 1.7529750290732268 2.425525412029924
 1.777862677175586 2.453315804787652
 1.8030354748427162 2.481413952692294
 1.8284965798654033 2.5098230144751645
 1.8542491824453057 2.538546175393328
 1.8802965054671267 2.5675866473035324
 1.9066418047715476 2.596947668743877
 1.9332883694289961 2.6266325049904306
 1.9602395220139992 2.6566444481343012
 1.9874986188803227 2.686986817138484
 2.0150690504366983 2.7176629578888054
 2.042954241423071 2.748676243254405
 2.0711576511874647 2.7800300731278957
 2.0996827739632673 2.811727874471081
 2.128533139146977 2.8437731013452602
 2.157712311576263 2.8761692349533145
 2.1872238918084585 2.908919783653002
 2.2170715163991894 2.9420282829867976
 2.247258858181309 2.9754982956901216
 2.2777896265439174 3.009333411703208
 2.308667567711502 3.0435372481706384
 2.3398964650230755 3.078113449438561
 2.371480139211281 3.113065687043443
 2.403422448681387 3.1483976596920504
 2.4357272897900736 3.1841130932432437
 2.4683985971240307 3.220215740667166
 2.5014403437781425 3.2567093820132786
 2.5348565416333386 3.293597824360699
 2.5686512416339395 3.330884901764863
 2.602828534064452 3.3685744751938715
 2.6373925488257126 3.406670432456177
 2.6723474557102897 3.445176688129085
 2.7076974646771514 3.4840971834584553
 2.7434468261253033 3.5234358862747243
 2.7795998311665663 3.5631967908804682
 2.8161608118972005 3.6033839179333404
 2.8531341416683253 3.6440013143279572
 2.890524235355132 3.6850530530562592
 2.9283355496246596 3.726543233063313
 2.966572583202094 3.7684759790964243
 3.0052398771355157 3.810855441532223
 3.0443420150588784 3.853685796208771
 3.0838836234532585 3.8969712442289945
 3.123869371906092 3.9407160117686736
 3.164303973368442 3.984924349865344
 3.205192184410095 4.029600534186247
 3.246538805472282 4.0747488648098455
 3.288348681118155 4.12037366595965
 3.3306267002805314 4.166479285760767
 3.373377796507143 4.213070095953744
 3.4166069482029475 4.260150491614399
 3.460319178869564 4.307724890851744
 3.5045195573416116 4.3557977344935334
 3.5492131980198204 4.404373485754966
 3.5944052611007406 4.4534566298965234
 3.6401009528029457 4.503051673866935
 3.6863055255895686 4.553163145926113
 3.73302427838697 4.603795595257273
 3.7802625567994252 4.654953591560772
 3.8280257533196473 4.706641724629122
 3.876319307534946 4.758864603915826
 3.9251487063289625 4.8116268580690304
 3.974519484078623 4.864933134469679
 4.024437222846348 4.91878809872961
 4.074907552567118 4.973196434190206
 4.125936151230387 5.0281628413939
 4.17752874505658 5.083692037533127
 4.229691108667937 5.139788755890833
 4.282429065253607 5.1964577452517
 4.335748486728713 5.253703769299297
 4.3896552938872215 5.31153160598703
 4.444155456548364 5.369946046898423
 4.499254993696489 5.428951896573849
 4.554959973614011 5.488553971827144
 4.611276514007344 5.548757101028429
 4.66821078212548 5.609566123379448
 4.725768994871124 5.670985888152255
 4.783957418904027 5.733021253913449
 4.842782370736353 5.795677087721983
 4.902250216819819 5.8589582643007505
 4.96236737362433 5.922869665192113
 5.02314030770795 5.987416177876699
 5.084575535777838 6.052602694878292
 5.146679624741992 6.118434112836177
 5.209459191751476 6.184915331555151
 5.2729209042329 6.252051253024682
 5.337071479910841 6.319846780421847
 5.401917686820021 6.388306817068579
 5.467466343306802 6.457436265384898
 5.533724318019924 6.52724002579205
 5.60069852989 6.597722995601352
 5.668395948097608 6.668890067869787
 5.7368235920296335 6.740746130224234
 5.805988531223555 6.813296063663335
 5.875897885299434 6.886544741314327
 5.946558823879149 6.960497027180798
 6.017978566492778 7.035157774839685
 6.090164382471616 7.110531826117152
 6.1631235908276025 7.186624009734875
 6.2368635601188584 7.263439139914189
 6.311391708300906 7.340982014955816
 6.386715502563308 7.419257415789214
 6.462842459151426 7.4982701044757744
 6.539780143172827 7.578024822692394
 6.617536168388111 7.658526290176466
 6.696118196985809 7.739779203127282
 6.775533939340858 7.821788232591428
 6.855791153756515 7.904558022792066
 6.936897646189134 7.988093189440591
 7.018861269955611 8.0723983179982
 7.101689925422997 8.157477961915964
 7.18539155968005 8.243336640819411
 7.26997416619016 8.32997883867664
 7.355445784425478 8.417409001915262
 7.441814499481724 8.505631537504483
 7.529088441673318 8.594650811009274
 7.617275786108536 8.684471144584341
 7.706384752244094 8.775096814961284
 7.796423603419072 8.866532051366331
 7.887400646367477 8.958781033415836
 7.979324230709208 9.051847888978823
 8.07220274841909 9.145736691976937
 8.166044633273335 9.240451460169076
 8.260858360273275 9.335996152885789
 8.356652445045839 9.432374668721001
 8.453435443220355 9.529590843191121
 8.551215949781332 9.62764844634792
 8.650002598396735 9.726551180358179
 8.74980406072145 9.826302677034324
 8.850629045675383 9.926906495330279
 8.952486298695893 10.028366118800523
 9.055384600964123 10.130684953009684
 9.159332768604784 10.233866322908574
 9.26433965185899 10.337913470167097
 9.370414134229733 10.442829550466193
 9.477565131599583 10.54861763075778
 9.585801591320255 10.655280686468103
 9.695132491273496 10.762821598679762
 9.805566838903044 10.871243151258852
 9.917113670217121 10.980548027952578
 10.029782048761147 11.090738809443573
 10.143581064560205 11.201817970362965
 10.258519833030894 11.313787876270167
 10.374607493862161 11.426650780587098
 10.4918532098647 11.540408821503624
 10.610266165788579 11.655064018834937
 10.72985556710863 11.770618270847532
 10.850630638777286 11.887073351050734
 10.972600623944455 12.004430904944913
 11.095774782644083 12.122692446738174
 11.220162390446985 12.241859356030279
 11.345772737079667 12.361932874453883
 11.472615125008687 12.482914102291204
 11.600698867990296 12.604803995051421
 11.730033289584961 12.727603360020552
 11.86062772163649 12.851312852771445
 11.99249150271534 12.975932973653832
 12.125633976525924 13.101464064244341
 12.260064490277472 13.227906303780117
 12.395792393018324 13.355259705546215
 12.532827033933128 13.483524113259303
 12.671177760602955 13.612699197400163
 12.810853917227773 13.742784451547767
 12.951864842811295 13.873779188668808
 13.094219869307784 14.005682537397043
 13.237928319730647 14.13849343828603
 13.382999506222607 14.272210640049982
 13.529442728087284 14.406832695777236
 13.677267269781941 14.542357959134613
 13.826482398871267 14.678784580553067
 13.977097363942034 14.8161105034019
 14.12912139247849 14.954333460154158
 14.282563688698417 15.09345096853348
 14.437433431349639 15.233460327666508
 14.593739771467067 15.374358614214435
 14.751491830090037 15.516142678513816
 14.910698695940052 15.658809140702706
 15.071369423058787 15.802354386862557
 15.233513028406492 15.946774565144349
 15.397138489420655 16.09206558191358
 15.562254741535112 16.2382230978894
 15.728870675659529 16.385242524309362
 15.896995135619544 16.533119019086807
 16.06663691555748 16.68184748299203
 16.237804757293872 16.83142255585352
 16.410507347650007 16.981838612766377
 16.58475331573157 17.13308976033559
 16.76055123017375 17.28516983292679
 16.937909596347854 17.43807238896894
 17.116836853530006 17.591790707260393
 17.297341372031937 17.7463177833223
 17.479431450294335 17.901646325790942
 17.663115311943226 18.057768752835126
 17.848401102809557 18.21467718863419
 18.035296887912632 18.372363459881633
 18.22381064840773 18.530819092350007
 18.4139502784984 18.690035307512374
 18.605723582314151 18.850003019196524
 18.799138270753783 19.010712830327662
 18.994201958295292 19.172155029703503
 19.190922159772718 19.3343195888662
 19.389306287120842 19.49719615900639
 19.589361646088168 19.660774067987524
 19.791095432919352 19.82504231739094
 19.994514731007303 19.98998957969569
 20.19962650751635 20.15560419550388
 20.40643760997696 20.32187417086707
 20.614954762853 20.48878717471781
 20.825184564082647 20.656330536368592
 21.037133481593645 20.82449124314252
 21.250807849794245 20.993255938077844
 21.466213866040593 21.162610917770436
 21.683357587081982 21.332542130293543
 21.902244925484744 21.503035173277694
 22.122881646036486 21.67407529205711
 22.345273362131234 21.84564737800159
 22.569425532137536 22.017735966913367
 22.795343455750053 22.19032523761595
 23.023032270326726 22.363399010630164
 23.252496947212307 22.536940747037245
 23.483742288050265 22.71093354743347
 23.716772921083936 22.88536015109409
 23.951593297449122 23.06020293524644
 24.1882076874592 23.235443914514604
 24.42662017688457 23.411064740537575
 24.666834663228144 23.587046701730567
 24.90885485199842 23.763370723245426
 25.152684252982137 23.940017367072353
 25.398326176517965 24.116966832354982
 25.64578372977345 24.294198955853236
 25.895059813026673 24.471693212630345
 26.146157115955002 24.649428716883033
 26.39907811393233 24.82738422302308
 26.65382506433742 25.005538126894592
 26.910400002874737 25.183868467258452
 27.16880473991053 25.362352927412164
 27.429040856825512 25.540968837091085
 27.69110970238705 25.719693174512485
 27.955012389142332 25.898502568689245
 28.22074978983531 26.077373301943882
 28.488322533849352 26.25628131261894
 28.757731003677804 26.435202198069347
 29.028975331425193 26.61411121781803
 29.302055395340822 26.792983297002173
 29.57697081638773 26.971793029998494
 29.85372095484886 27.15051468433977
 30.132304906973395 27.32912220481476
 30.412721501665174 27.507589217863007
 30.694969297216193 27.68588903615403
 30.97904657808711 27.863994663480568
 31.264951351737927 28.04187879982191
 31.552681345510663 28.21951384672941
 31.84223400356725 28.39687191289567
 32.1336064838846 28.573924820041526
 32.42679565531006 28.750644108976253
 32.72179809467908 28.927001045988532
 33.01861008399839 29.102966629444011
 33.31722760769695 29.278511596633293
 33.61764634994712 29.453606430917975
 33.919861692059164 29.628221369067787
 34.223868709951034 29.80232640891619
 34.529662171696713 29.975891317204563
 34.837236535155064 30.148885637745522
 35.14658594568238 30.32127869977047
 35.45770423393066 30.49303962658513
 35.770584913734644 30.66413734442851
 36.08522118008976 30.834540591618825
 36.401605907223945 31.004217927896025
 36.71973164676529 31.173137744068604
 37.03959062600866 31.341268271826734
 37.36117474628307 31.508577593868928
 37.68447558142287 31.675033654200625
 38.00948437634471 31.840604268684412
 38.33619204573264 32.0052571358488
 38.66458917283423 32.16895984785464
 38.99466600836914 32.331679901750923
 39.32641246955318 32.49338471087536
 39.65981813923943 32.65404161653687
 39.994872265179104 32.81361789983231
 40.33156375940379 32.97208079371048
 40.66988119773138 33.12939749522177
 41.00981281939773 33.28553517791857
 41.351346526815554 33.44046100449938
 41.69446988546309 33.594142139560545
 42.03917012390352 33.74654576257981
 42.38543413393768 33.89763908099022
 42.73324847089094 34.04738934349641
 43.082599354036624 34.19576385343048
 43.43347266715657 34.34272998235269
 43.78585395924117 34.48825518368999
 44.1397284453294 34.632307006574194
 44.49508100749084 34.77485310971728
 44.85189619594997 34.915861275469104
 45.21015823035489 35.0552994238919
 45.569851001190265 35.1931356269985
 45.93095807133649 35.329338122990655
 46.2934626777749 35.46387533062165
 46.65734773344034 35.59671586359845
 47.02259582922157 35.727828544998104
 47.389189236109515 35.8571824217868
 47.75710990749456 35.98474677928324
 48.1263394816122 36.11049115572158
 48.496859284138125 36.23438535672784
 48.86865033093191 36.35639946989209
 49.2416933309301 36.47650387920962
 49.61596868918757 36.59466927960182
 49.99145651006789 36.71086669130162
 50.36813660058119 36.82506747426873
 50.74598847387005 36.93724334246
 51.12499135284175 37.04736637811603
 51.50512417394713 37.155409045859656
 51.886365591104116 37.261344206795776
 52.26869397976591 37.36514513241074
 52.65208744113177 37.46678551841983
 53.03652380649998 37.56623949844721
 53.421980641761024 37.66348165754249
 53.80843525202961 37.75848704560715
 54.19586468641435 37.85123119055434
 54.58424574292251 37.94169011138895
 54.97355497349897 38.02984033100634
 55.363768689196504 38.11565888887104
 55.75486296547617 38.199123353388145
 56.1468136476346 38.2802118341523
 56.539596356357016 38.35890299384909
 56.93318649339231 38.43517606002293
 57.32755924734896 38.50901083646087
 57.72268959960765 38.58038771444286
 58.11855233034938 38.64928768357464
 58.51512202469476 38.71569234245237
 58.91237307895264 38.77958390892966
 59.31027970697417 38.84094523013665
 59.70881594660963 38.89975979216511
 60.10795566626464 38.95601172938634
 60.50767257155195 39.009685833514083
 60.90794021203632 39.06076756219894
 61.30873198806743 39.10924304741237
 61.71002115769895 39.155099103334805
 62.11178084368849 39.19832323395809
 62.51398404057557 39.238903640293344
 62.916603621833523 39.27682922713239
 63.31961234709081 39.312089609539533
 63.72298286941893 39.34467511880045
 64.12668774268137 39.37457680809275
 64.53069942894072 39.40178645765072
 64.93499030591884 39.42629657959492
 65.33953267450654 39.448100422255905
 65.74429876631754 39.46719197417767
 66.14926075128375 39.48356596757565
 66.55439074528572 39.497217881465715
 66.95966081781548 39.50814394429728
 67.36504299966619 39.516341136168364
 67.77050929064463 39.521807190591665
 68.1760316673018 39.52454059585379
 68.5815820906774 19.76227029792628
