 5.424204548902323E-4 2.229484392270597
 1.633638340256627E-3 2.2266191094762337
 2.7376949842780073E-3 2.2257044797958793
 3.854746323294311E-3 2.226812211750096
 4.984915464942334E-3 2.22994334108375
 6.12839390999042E-3 2.2350521208254074
 7.285318444701676E-3 2.2420514503873625
 8.455839533965516E-3 2.250820411991046
 9.640121321297664E-3 2.261213187644682
 0.010838327950213849 2.2730670374594375
 0.012050637242856101 2.2862091440692013
 0.013277172306861219 2.3004609207559583
 0.014518083607118617 2.3156416974211073
 0.015773644716154503 2.3315708643469412
 0.01704397874160567 2.348070241087334
 0.018329222469735225 2.3649659119564545
 0.01962951268680627 2.3820903767800847
 0.02094525975160812 2.39928428256657
 0.022276326877877672 2.4163977690203983
 0.023622987638141131 2.433292035866206
 0.024985515604924707 2.4498401507549383
 0.026364047564491507 2.4659289416345804
 0.027758857089367736 2.48146097010333
 0.029169944179553403 2.49635633353429
 0.030597582407574704 2.5105539184478025
 0.03204204534595786 2.5240113748498682
 0.03350346978096596 2.53670451832627
 0.03498199249886212 2.548624962889718
 0.03647788707217256 2.559775136329792
 0.03799142707342346 2.5701610546588322
 0.039522612502614844 2.579786697643056
 0.04107185371853602 2.5886517357597575
 0.04263915072118698 2.596752188691005
 0.04422505065562015 2.6040816761634215
 0.04582941673557242 2.610635338925578
 0.047452522533570004 2.6164142722495822
 0.04909477840840221 2.621428325412303
 0.05075632114633215 2.6256956813324254
 0.05243728753362292 2.6292401430650347
 0.054138087929063834 2.632087811540423
 0.05585872233265491 2.6342627014565596
 0.05759946431692233 2.635785585167904
 0.05936072424065543 2.636675770821878
 0.0611426388901173 2.6369510219612313
 0.06294534505157104 2.6366243089743743
 0.06476925308380597 2.635702919228964
 0.06661449977308521 2.634193260774112
 0.06848135869193495 2.6321059335184235
 0.0703701034128814 2.629458274363618
 0.07228100750845079 2.626273142911719
 0.0742142077649062 2.622574759021855
 0.07617011454103693 2.6183863719695006
 0.07814886462310612 2.6137322914931737
 0.08015086836990308 2.6086397604064166
 0.0821762625676909 2.603137204512395
 0.08422532078899579 2.5972518834921043
 0.08629831660634396 2.5910103224332936
 0.08839566037852471 2.584439461339742
 0.09051762567806429 2.5775679086881915
 0.09266434929122576 2.5704252320278926
 0.09483610479053535 2.563040964843546
 0.09703330253478237 2.5554434124799767
 0.09925621609649304 2.5476548881411846
 0.10150511904819355 2.539688267934988
 0.10378028496241012 2.5315528920022773
 0.10608212419793206 2.5232618105244073
 0.10841077354102248 2.5148308852902143
 0.11076664335047069 2.5062717778497964
 0.11315014398506598 2.4975876667449914
 0.1155614122310715 2.4887745453818852
 0.11800085844727652 2.4798243154681602
 0.12046875620620728 2.470730566880911
 0.1229655158666531 2.461494060670769
 0.12549141100114014 2.4521246565871472
 0.12804685196845777 2.4426401633699703
 0.13063197555486905 2.4330660247518376
 0.13324732890542642 2.423435240345522
 0.13589332237891918 2.413780131346707
 0.13856995597534735 2.4041212083344016
 0.14127832398481576 2.3944678535249117
 0.1440181528347982 2.384828047541915
 0.14678944252529466 2.37521370231509
 0.14959356091893621 2.365637607953847
 0.15242914015309177 2.356108731696132
 0.15529891595302344 2.346631694321554
 0.15820152045610022 2.3372066310766936
 0.16113832152495308 2.327827807237402
 0.16410931915958204 2.3184806036985494
 0.1671158812226182 2.309138230227078
 0.17015663985143045 2.2997674701818056
 0.17323159504601881 2.2903447734385755
 0.17634348253164541 2.280864166655526
 0.1794923023083102 2.271334150574491
 0.18267668651338214 2.2617669998711056
 0.18589800300949232 2.2521682043472144
 0.1891576196592717 2.242537719035926
 0.19245416860008932 2.232873993206526
 0.1957903855572072 2.2231759164023934
 0.1991649026679944 2.2134529226961867
 0.20257771993245077 2.2037273251714553
 0.20603020521320747 2.1940303278634316
 0.20952372637289554 2.1843963381608713
 0.21305691554888386 2.174860262618563
 0.21663250846643455 2.165463386071177
 0.22024913726291664 2.1562424287613737
 0.22390680193833004 2.147220307785948
 0.22760687035530582 2.138406848817863
 0.231350710376475 2.1298025766467096
 0.23513832200183765 2.1214014684773077
 0.23896833736876271 2.113180800507083
 0.24284486006514324 2.10509780964861
 0.24676378650308616 2.0971100336308423
 0.2507305881331156 2.089186645354747
 0.25474116136733854 2.081295561191439
 0.258799609793648 2.0733968355145147
 0.26290456554941304 2.0654642044508282
 0.2670573964972646 2.057492211599159
 0.27125810263720273 2.0494710768735693
 0.27550668396922745 2.0413808818035432
 0.27980587621860075 2.033204801508235
 0.28415294366006066 2.0249367071728476
 0.28855198988150027 2.01657540959545
 0.2930002791576575 2.008116573644649
 0.29750191507642537 1.9995607563449584
 0.30205416191254202 1.9909213614507423
 0.3066583875286383 1.9822030784092181
 0.3113173276499764 1.973384797439297
 0.31602961441392524 1.9644286914156772
 0.3207952478204848 1.955297459027516
 0.3256169635949172 1.945981436287183
 0.33049339387459136 1.936495413584877
 0.3354272743847694 1.9268550857755795
 0.3404172372628203 1.9170682103285094
 0.345464650371375 1.9071268247763437
 0.3505695137104337 1.8970025624773048
 0.35573456300525835 1.8866575633300917
 0.3609570625305868 1.8760676879207338
 0.36624111587431223 1.865234475767514
 0.37158672303643475 1.854173517553221
 0.3769925161543233 1.842913191273906
 0.3824598630906087 1.831495459746494
 0.3879914995705533 1.8199728953299167
 0.3935860577315259 1.8084127005461705
 0.39924490543615764 1.7968984252291346
 0.40496804268444847 1.785525497267102
 0.41075820520166045 1.7743584911181655
 0.4166140251251626 1.7633812287386592
 0.42253687031758596 1.7525101422605848
 0.4285267407789305 1.741659144905741
 0.4345863722344583 1.7307837312512437
 0.44071576468416934 1.7198774470822264
 0.44691355026543266 1.708955621591606
 0.4531838325661414 1.6980497954555335
 0.45952524372366443 1.6872006959274803
 0.4659391516006327 1.676414189521015
 0.47242692405967756 1.6656074586436113
 0.47898856110079873 1.6546146357068667
 0.4856240627239964 1.6432600178916885
 0.49233616465453244 1.6314211632420965
 0.4991262347550381 1.6190264540851275
 0.5059915373002511 1.6060452159291054
 0.5129361758780648 1.5925196656983151
 0.5199601504884792 1.5785692237459925
 0.527063461131494 1.564327437379457
 0.5342474756697405 1.5498529830812584
 0.5415135619658498 1.5351329446156574
 0.5488630878824526 1.5201666308990253
 0.5562946855569183 1.5049932511228623
 0.5638110907145086 1.4896775907423935
 0.5714136712178547 1.4743020539623827
 0.5791024270669568 1.458931074199944
 0.5868773582618145 1.4435646927636163
 0.5947425683903214 1.428110165473078
 0.6026953217272148 1.412418530721036
 0.6107383539977574 1.3963642827868205
 0.6188716652019489 1.3798406876814002
 0.6270979910650515 1.362708678703305
 0.6354173315870651 1.3448463366877523
 0.6438310546306207 1.326269335872739
 0.6523405280583494 1.3071189539188003
 0.6609443840076203 1.2874687384972842
 0.6696467260663264 1.2673090418098922
 0.6784461863718366 1.2467083667366694
 0.6873455006494131 1.2257806617107007
 0.696344668899056 1.2045874155823654
 0.705445058983396 1.183157492192486
 0.7146480387650644 1.1615447229787472
 0.7239549761066922 1.1398441201779792
 0.7333658710082794 1.118119158641985
 0.742883459195088 1.09634399703856
 0.7525077406671182 1.074448994908615
 0.7622387154243699 1.0523508424607463
 0.7720804870547362 1.0299225320954221
 0.7820316876955861 1.0070379807754976
 0.7920950530721815 0.9836121107818578
 0.8022705831845227 0.9595696511323832
 0.8125596458952405 0.9348917495095864
 0.8229636090669662 0.9098252955076535
 0.8334838405623306 0.8848394963769622
 0.8441217082439648 0.8602685919665408
 0.8548785799745 0.8361267835579289
 0.8657558236165671 0.812143611601666
 0.8767534391701661 0.7879405650992537
 0.887872794497928 0.7633138540246698
 0.899116625325115 0.7383027200187516
 0.9104862995143582 0.7129930908040031
 0.9219804492030265 0.6874875195417275
 0.9336031779790128 0.6620434172676556
 0.9453558537049485 0.6370251937310495
 0.9572371085182023 0.6127556789764224
 0.9692510460066674 0.589379711758262
 0.981397666170344 0.5668597035695924
 0.9936783368718629 0.5451094528941666
 1.0060944259738551 0.5240541483824901
 1.0186473013389518 0.5036994813133856
 1.0313396986924152 0.48407502435048244
 1.044171618034245 0.46508528196730164
 1.0571444272270726 0.4466065372918584
 1.0702608619961597 0.4285407698398618
 1.0835209223415065 0.4107603731352143
 1.0969259761257441 0.39321557153318603
 1.1104787590741347 0.376015354291247
 1.1241806390493087 0.35931925448538243
 1.1380316160512671 0.343231340221123
 1.1520344258052712 0.32780196861202143
 1.1661904361739521 0.3130508242944653
 1.1805010150199413 0.29897980700191534
 1.1949688980685007 0.285579870658343
 1.2095927174569991 0.2728259405163922
 1.2243765767733294 0.2607071888856659
 1.2393218438801234 0.24929623756300461
 1.2544285187773807 0.2387556954298163
 1.269700705052994 0.22921373351501753
 1.285137034844333 0.22063697971770315
 1.3007416117392902 0.21287566170611335
 1.3165158036004973 0.20575178702718438
 1.3324596104279538 0.1990883446728683
 1.3485757679469216 0.19280206095461194
 1.3648656440200326 0.1869573163153117
 1.3813360779604413 0.1816345188150384
 1.3979692875539442 0.17682440471775326
 1.4147939979157932 0.17244490698939604
 1.4317965304196784 0.16839943836537013
 1.4489905636919095 0.16462152193685902
 1.4663487404798662 0.16108010576601247
 1.4839120966624796 0.15775273648862297
 1.5016532749871287 0.1546356597013342
 1.5195859540801242 0.15176714927387222
 1.5377101339414658 0.14919806660293277
 1.5560258145711536 0.1469342735164262
 1.5745329959691878 0.1449305146022307
 1.5932453567618785 0.14313916367700604
 1.6121628969492263 0.1415364102939223
 1.6312582592786095 0.14011387432126481
 1.65057247962896 0.13885689322302316
 1.6700918793739671 0.13772853910133181
 1.689816458513631 0.1366790254631279
 1.7097325384216413 0.13565937520900031
 1.7298811549769288 0.13464684599714868
 1.750221272300563 0.13365828965476778
 1.7707939262714742 0.13273534362512912
 1.7915717596370428 0.13190615178560563
 1.812568451023578 0.13115150909985151
 1.8337840004310803 0.1304153885060139
 1.8552184078595501 0.12964273734859851
 1.8768853519352974 0.1288354846200965
 1.8987711540320117 0.12804631835157442
 1.920889492776004 0.1273133099666045
 1.9432403681672736 0.12665068091218054
 1.9658101015795104 0.12607691699024611
 1.9886260502653352 0.12561901389750168
 2.011660856972127 0.12529456583578346
 2.034955557578818 0.1251125749972198
 2.058469116206475 0.1250774092672699
 2.082242568734031 0.12517206130711522
 2.106248557908865 0.12536917152286886
 2.1305007623572862 0.12559702473366401
 2.1550128607056064 0.12573377307805183
 2.179757495701204 0.1256977154862783
 2.2047620245967003 0.1255159780559646
 2.2300264473920954 0.12528997433174415
 2.255537085461078 0.12510857368980002
 2.28132129605627 0.12503973560519332
 2.3073517219250492 0.1251063277565041
 2.333655720320038 0.12524336875938196
 2.3602196126149252 0.1252855628550193
 2.387043398809711 0.125109694327883
 2.4141544361570157 0.12475555796743917
 2.4415253674042194 0.12436710834133836
 2.4691698711776317 0.12410622732332686
 2.4970879474772527 0.12402601738398505
 2.5252932749293934 0.1241160798042556
 2.5537721749077433 0.12432367037840177
 2.582538326038612 0.1245379068239581
 2.6115917283220007 0.12471931596122937
 2.6409323817579082 0.12492495329757117
 2.6705602863463355 0.12515966865323013
 2.700475442087282 0.1252612858647966
 2.730677848980748 0.12508996555875911
 2.7611948642793544 0.12475861570667332
 2.7919991307304794 0.12448850780785706
 2.823104326960435 0.12433001374759449
 2.8545104529692206 0.12424192444566826
 2.886217508756835 0.1241535833445429
 2.918239172949591 0.12398994963483302
 2.950575445547486 0.12378488492354761
 2.9832126479242115 0.1236098156661659
 3.0161644587060774 0.1234039804263585
 3.0494445565193935 0.12314830373971383
 3.08302558411154 0.12295436475036074
 3.116948577361447 0.12278479660364838
 3.1511725003901842 0.1226892294941306
 3.1857383890766826 0.12271459648538081
 3.2206188861683213 0.12287707938231526
 3.255827670291411 0.12310305700666758
 3.2913784200722613 0.12332813617619567
 3.327257456884562 0.1236153134256515
 3.3634784593546247 0.12406594173660633
 3.400027748856138 0.12473968899947263
 3.436932682641723 0.12550355571088997
 3.474165903458758 0.12605698141270943
 3.511754768559865 0.12629945834774347
 3.5496855993187335 0.12641789866604877
 3.5879583957353622 0.12664504889996466
 3.626586836436063 0.12681993943168531
 3.6655846000471465 0.12689183175672205
 3.7049243293159905 0.12698356230650481
 3.744619702868906 0.12688507812735155
 3.784670720705894 0.1266015557724684
 3.8250910614532633 0.12640276779231965
 3.8658807251110145 0.1264820224421121
 3.907026033052838 0.12676284940024792
 3.948554342531353 0.12704284873141072
 3.9904382962939406 0.12704112819067611
 4.032705251593221 0.1266892992933702
 4.075341529802882 0.1261933056415142
 4.118347130922926 0.12552866663600267
 4.161749412205973 0.12504135683856926
 4.205521016399402 0.1250708224024615
 4.249675622129523 0.12510679878582298
 4.294213229396337 0.12486618373196838
 4.339133838199843 0.12443088960355642
 4.384451127166352 0.12398165685448988
 4.4301514176695544 0.12375368278514957
 4.476248388335759 0.12354073097737726
 4.522742039164967 0.12330975885469321
 4.5696186915308665 0.12318875596275276
 4.616905702686081 0.12337499698197396
 4.664589394004297 0.123476885582515
 4.712669765485517 0.12309628925356089
 4.76116049575605 0.12246037057115129
 4.8100479061895855 0.12185794656389495
 4.859331996786124 0.12105246910890628
 4.909040124798286 0.11961334996613322
 4.959158611599762 0.11766936201005954
 5.009673778564242 0.11645135544620158
 5.0606129829443444 0.11635579328340892
 5.111962546113761 0.11666356798212855
 5.16372246807249 0.11678014830961254
 5.215906427446844 0.11624968805974267
 5.268500745610511 0.11486956806710331
 5.321519101189802 0.11321207986343722
 5.374947815558405 0.11166214884272228
 5.428814245968944 0.1104222490307146
 5.483091035168796 0.10973619085793793
 5.537805540410582 0.10876906052168928
 5.592944083067992 0.10738036373196241
 5.648492984514715 0.10583517865080753
 5.704479602003373 0.10452579946099386
 5.760903935533965 0.10427059146818207
 5.81775230648018 0.10473565252277942
 5.87502471484202 0.1049162767491581
 5.932734839245794 0.1039767318517759
 5.990882679691501 0.10206886827827338
 6.049454557552833 0.09966103861979107
 6.1084641514561 0.09712443947722552
 6.1679114614013 0.09481135708774788
 6.227782808762125 0.09299206616590008
 6.288105550791194 0.09160145371371195
 6.348852330235887 0.08969274064857835
 6.410050504348824 0.08679610062433125
 6.471672715877387 0.08391138987242153
 6.533732643447881 0.08125233847118594
 6.5962439656866225 0.07824421489495709
 6.659179325340987 0.07446613144357385
 6.722566079663596 0.07056059081837995
 6.786390550028139 0.06671685822808819
 6.850652736434617 0.06273862061049983
 6.915352638883029 0.058183042046712984
 6.980490257373376 0.05329636730517161
 7.046065591905656 0.04841019535774503
 7.112092321106181 0.04377857410670349
 7.178543087722331 0.040384668549717
 7.245445249006725 0.03766630078317839
 7.3127714477067424 0.03404060179950439
 7.380549041075006 0.029321061698429382
 7.448750671858891 0.02482194799192385
 7.517403697311022 0.020900595377314305
 7.586480760178777 0.01746940946457141
 7.656009217714777 0.014464620472721793
 7.7259617126664 0.01123854871405349
 7.796351923659958 8.348611749923525E-3
 7.867166172069139 6.765125894858174E-3
 7.938431815146566 5.9384157996103855E-3
 8.010107817013306 5.3187741149020974E-3
 8.08223521354829 4.774963343272292E-3
 8.154772968872587 4.292686197345974E-3
 8.227748440238821 3.8669849008623777E-3
 8.301161627646987 3.4906243832314304E-3
 8.374985173844466 3.1565030674461486E-3
 8.44923275745757 2.858619701025309E-3
 8.523904378486298 2.5920588173639633E-3
 8.599000036930649 2.3527825124791557E-3
 8.674519732790625 2.13743638194869E-3
 8.750449787439912 1.9431998989824226E-3
 8.826803879504824 1.7676760355517704E-3
 8.90355465173274 1.6088089319040781E-3
 8.98072946137628 1.464821425788034E-3
 9.058314629809132 1.3341669467655543E-3
 9.136310157031298 1.2154919253374448E-3
 9.214702364416468 1.1076054835085021E-3
 9.293504930590949 1.0094551895405638E-3
 9.372704176928435 9.201071468344836E-4
 9.452300103428923 8.38729587727472E-4
 9.532292710092415 7.64579331831331E-4
 9.612681996918909 6.969903872398125E-4
 9.693467963908406 6.353643120201174E-4
 9.774636932434596 5.791621615822746E-4
 9.856175223871167 5.278975524642842E-4
 9.938110195470742 4.811306353683673E-4
 10.02042816860701 4.3846311078465623E-4
 10.103115464653659 3.995336937673158E-4
 10.186172083610689 3.64014282634686E-4
 10.269598025478103 3.316065859165398E-4
 10.353406968882208 3.0203913221070764E-4
 10.437557877944075 2.750646666108747E-4
 10.522078109916324 2.5045781166734573E-4
 10.606953986172645 2.2801302294736197E-4
 10.692171828086726 2.0754272183110821E-4
 10.77774531428488 1.8887565955461713E-4
 10.863660766140795 1.718554532378813E-4
 10.94993186228078 1.5633922063102207E-4
 11.036517566825907 1.421964118561316E-4
 11.123445237028795 1.2930770882977707E-4
 11.210701194263134 1.1756404644747095E-4
 11.298285438528922 1.0686572430160151E-4
 11.386184291199852 9.712159767185112E-5
 11.474397752275921 8.824834094167904E-5
 11.56292582175713 8.016977518528856E-5
 11.651754821017171 7.28162670319461E-5
 11.740884750056042 6.612416092991415E-5
 11.83031560887374 6.003527860405994E-5
 11.920047397470269 5.449645011975795E-5
 12.010052758593007 4.945908732468169E-5
 12.100359049494575 4.4878803180874415E-5
 12.19092523429604 4.071504869898683E-5
 12.281778670250027 3.693078944968996E-5
 12.37289200010391 3.349220865220883E-5
 12.464265223857693 3.036843216785236E-5
 12.555898341511375 2.7531280372752048E-5
 12.647777674438643 2.495503823076931E-5
 12.739916901265811 2.261624387502529E-5
 12.832288664740258 2.049349846617991E-5
 12.92490664348829 1.856728906656692E-5
 13.017743480257291 1.6819826025201434E-5
 13.11081285367357 1.5234897138442687E-5
 13.204101085110814 1.3797729924857178E-5
 13.297594495942716 1.2494869151285432E-5
 13.391306764795585 1.1314062575815867E-5
 13.4852105344168 1.0244156613731456E-5
 13.579319483432672 9.275001851105917E-6
 13.67361993321689 8.397364986237203E-6
 13.768084526516834 7.602850100213652E-6
 13.862740620585125 6.883824950996754E-6
 13.957533500916517 6.233354989379217E-6
 14.05259995377412 5.645142120774855E-6
 14.14780319289483 5.113469088484633E-6
 14.24300643201554 4.633149085356879E-6
 14.338483243662456 4.199479563327353E-6
 14.434096841572474 3.80819959625814E-6
 14.5298472257456 3.4554518383053246E-6
 14.62573439618183 3.137747429792844E-6
 14.72162156661806 2.8519345047308136E-6
 14.817782309580501 2.595169105280113E-6
 14.913943052542937 2.364889200291868E-6
 15.010377368031586 2.15879120309898E-6
 15.10667489725713 1.9748084404026043E-6
 15.203245999008882 1.8110921109555944E-6
 15.299817100760635 1.66599422825401E-6
 15.396524988775493 1.53805194126036E-6
 15.49323287679035 1.4259741250532042E-6
 15.589940764805204 1.3286292229300375E-6
 15.686785439083168 1.2450345473315608E-6
 15.783766899624231 1.1743470130904856E-6
 15.880748360165297 1.1158551694183371E-6
 15.97759303444326 1.068972323614251E-6
 16.07471128124743 1.0332309807385827E-6
 16.171692741788497 1.0082784558288651E-6
