 0.0E+0 0.0E+0
 5.3963981034266745E-3 0.023162079774148105
 0.016252637159175676 0.06976893702143781
 0.02723660564000717 0.11695848656611213
 0.038349854915456574 0.16477006409827493
 0.049593609750946586 0.21324882852846296
 0.06096977533713473 0.26243862961550595
 0.07247971252449066 0.31237201560704486
 0.08412491824853102 0.3630592642297185
 0.0959070255298194 0.41447807190378366
 0.10782766738891938 0.46656579106394235
 0.11988861293144155 0.5192152571379921
 0.13209108692280857 0.5722747094088955
 0.14443658629853711 0.6255515173399843
 0.15692783275956648 0.6788188912601668
 0.16956605107131933 0.7318243867468243
 0.18235260208426537 0.7842991360262522
 0.19528884664887427 0.8359667346245309
 0.20837886731655497 0.8865512036533564
 0.22162130323683787 0.9357832377291601
 0.23501887611066224 0.9834050448146621
 0.24857430763896742 1.0291730674091525
 0.2622889586722231 1.072859117042655
 0.2761655509113686 1.1142496038511233
 0.2902040843564039 1.1531436326330213
 0.3044072807082683 1.189350128618109
 0.3187778616679011 1.2226845710053824
 0.33331718808577204 1.2529658718595495
 0.3480266208123508 1.280014230722887
 0.36290888154857664 1.303650508106695
 0.3779666919953889 1.323696999901709
 0.3932000521527876 1.339980394570885
 0.40861304457218167 1.3523359005718438
 0.4242056692535712 1.3606128810500743
 0.4399833695988348 1.3646809520263192
 0.4559447847575027 1.3644363292088472
 0.4720926364305144 1.3598074931080277
 0.48843100716927884 1.3507601504677804
 0.5049612578242656 1.3373009569710785
 0.5216847492459443 1.3194798651037233
 0.5386055639857241 1.2973911122810601
 0.5557237020436051 1.2711731732999931
 0.5730418851205262 1.2410079032421172
 0.5905641957678968 1.2071192386630094
 0.6082919948361862 1.1697717657539421
 0.6262266431758644 1.129268248476744
 0.6443722233383402 1.085946749608565
 0.6627300961740833 1.0401762064495503
 0.681302983384033 0.9923512115428501
 0.7000936066691287 0.9428856158904061
 0.7191046877303097 0.8922055513167244
 0.7383375874180456 0.8407423836823977
 0.7577963882837454 0.7889258899688496
 0.7774824511778787 0.7371770616064857
 0.7973998586518547 0.6859008167547879
 0.817549971556143 0.6354788926145105
 0.8379355115916828 0.5862637264206396
 0.8585592004594135 0.5385727981282392
 0.879425120710744 0.4926836962339552
 0.9005359940466138 0.44883134810410096
 0.9218931813174923 0.40720737290180014
 0.9434994042243191 0.3679588829525488
 0.9653587453185031 0.33118589423265665
 0.9874739263009835 0.2969417662832578
 1.0098476688726996 0.26523886775717103
 1.032482694734591 0.23605597709443862
 1.0553830864380666 0.20934587707599927
 1.078550204833596 0.18504369370395273
 1.1019881324725881 0.16306874357453546
 1.1257009519064518 0.14331609954838131
 1.1496900239856573 0.12565129619996201
 1.1739594312616128 0.10991924094521771
 1.1985118954352584 0.09595896812485277
 1.2233514990580025 0.08361305745995984
 1.2484809638307847 0.07273085520905266
 1.273904372305014 0.06316917135494096
 1.29962308533116 0.05479266667858765
 1.3256425463111012 0.04747441925211559
 1.3519668377962468 0.041096462984060895
 1.3785959597865968 0.03555015843586962
 1.4055407990859083 0.030736330585502812
 1.4327986339932423 0.0265651680780339
 1.4603694645085985 0.022955937963029793
 1.4882668991366736 0.01983654290216201
 1.5164773293727711 0.01714297814537559
 1.545027972226284 0.014818722473093297
 1.5739052191925162 0.012814099281192879
 1.6031226787761636 0.011085630625302417
 1.6326803509772265 9.595405680282118E-3
 1.6625918443004017 8.310477068858603E-3
 1.6928435502409926 7.202294996421147E-3
 1.7234354687989987 6.246182626126828E-3
 1.7543948169838137 5.420859189517949E-3
 1.7857215947954376 4.708006767088546E-3
 1.8174021937291737 4.091882074105303E-3
 1.849450222289719 3.5589693553938124E-3
 1.8818792889817688 3.0976735190620043E-3
 1.914675785300628 2.698049900815909E-3
 1.947866928255689 2.351569595077466E-3
 1.9814391093422556 2.0509160894138346E-3
 2.0153923285603276 1.7898116660637142E-3
 2.0497401944146016 1.5628683987452874E-3
 2.0844963154097744 1.3654601195006133E-3
 2.1196470830411486 1.1936116268379563E-3
 2.1552197143181186 1.0439022790387124E-3
 2.1912006007359874 9.133828518387968E-4
 2.227589742294755 7.995048369426552E-4
 2.2644007474991174 7.000618718207297E-4
 2.3016472248537716 6.1314230549397E-4
 2.339329174358718 5.370907006522514E-4
 2.37743298750926 4.704759644221679E-4
 2.4159994898194865 4.1206384703394054E-4
 2.4549878557753084 3.607920733528383E-4
 2.4944525193955122 3.157473175971524E-4
 2.5343526551660082 2.7614376247225505E-4
 2.574729088600886 2.4130333184615312E-4
 2.6155682111954483 2.106382202760452E-4
 2.656883631454393 1.836358473460183E-4
 2.698675349377719 1.5984675861876042E-4
 2.740943364965427 1.388754167058218E-4
 2.78371489522691 1.2037364857722142E-4
 2.826962723152775 1.0403622205090542E-4
 2.870727674257111 8.959784127224645E-5
 2.914982531530526 7.683071728529446E-5
 2.9597681204871086 6.554192040292002E-5
 3.005057224117467 5.5569907695992143E-5
 3.050863450926297 4.6779987068394834E-5
 3.0972140179229912 3.905904580874551E-5
 3.1440953166028542 3.2310182023663313E-5
 3.1915073469658854 2.6447934939682906E-5
 3.239477326021478 2.139454522368275E-5
 3.2879916452649355 1.7077351695777917E-5
 3.337077521705651 1.3427252463709344E-5
 3.3867213468389283 1.0378004963056446E-5
 3.4369367291694632 7.866072099750202E-6
 3.4877236686972565 5.83063689801791E-6
 3.5391093824317017 4.2134486011435015E-6
 3.5910666533634043 2.9584242561352315E-6
 3.6436363070064552 2.0112338192441456E-6
 3.696818343360854 1.3192618612678403E-6
 3.7505991539219043 8.322280945560132E-7
 3.8049923471943025 5.034478307053095E-7
 3.860025140187442 2.914088366641586E-7
 3.915683924396626 1.611734672175049E-7
 3.9719823083265515 8.515209953903653E-8
 4.028920291977218 4.30178825619975E-8
 4.086525092358019 2.0838192430710353E-8
 4.144783100964258 9.732151499518757E-9
 4.203707926300631 4.427514924277222E-9
 4.263299568367139 2.0002267970075252E-9
 4.323585244173175 9.280190817392491E-10
 4.384564953718738 4.6207012432474204E-10
 4.446225088499132 2.5339440940524906E-10
 4.508606474028448 1.5049883687184234E-10
 4.571695501801988 9.322361171335317E-11
 4.635505780324447 5.850802763203006E-11
 4.700050918100526 3.664975564622965E-11
 4.765330915130222 2.2762075322660263E-11
 4.8313457714135354 1.3977885421997856E-11
 4.898122703959859 8.477356986315367E-12
 4.965675321273891 5.074973742811944E-12
 5.0339764063462375 2.9978473080934714E-12
 5.103066784690987 1.7468066123750238E-12
 5.172946456308141 1.003641374428921E-12
 5.243615421197699 5.683608624708094E-13
 5.315087287864357 3.1708252574945884E-13
 5.387375664812814 1.741796434355854E-13
 5.460494160547764 9.415969836135088E-14
 5.534429166564512 5.006548843900805E-14
 5.60920789987245 2.6168713435632763E-14
 5.684843968976274 1.34389286982182E-14
 5.761337373875987 6.7772785031710834E-15
 5.838688114571586 3.3544686555139993E-15
 5.9169370165771635 1.6286756296566387E-15
 5.996056862883323 7.752532004464961E-16
 6.076074870499461 3.6157025601030484E-16
 6.156991039425575 1.6512241195159451E-16
 6.2388325866710605 7.378793983162944E-17
 6.321599512235916 3.2240850003438184E-17
 6.405305424624838 1.3763063652884578E-17
 6.489963932342523 5.734872620446663E-18
 6.575561426884276 2.330281955536146E-18
 6.662138733764185 9.223720303141516E-19
 6.749682244477554 3.5523245907189266E-19
 6.838219176033777 1.329480398966311E-19
 6.927749528432853 4.8286574417665175E-20
 7.01828691017948 1.699492726715966E-20
 7.109844929778354 5.7876204211614794E-21
 7.202437195734169 1.9040714470537457E-21
 7.296063708046929 6.04190365303116E-22
 7.390751683726024 1.8462483399237561E-22
 7.486501122771457 5.425000453638958E-23
 7.583312025183226 1.5309968679949712E-23
 7.681225216475422 4.1464560304531014E-24
 7.780227088143347 1.0777446436668002E-24
 7.880344857196395 2.692359391248819E-25
 7.981578523634566 6.492030547304573E-26
 8.083941695962556 1.5253555140929995E-26
 8.187447982685065 3.554688943979467E-27
 8.292110992306783 8.426514611167336E-28
 8.397944333332413 2.0738771370314816E-28
 8.50496161426665 5.287790253490784E-29
 8.613176443614188 1.365347667959325E-29
 8.722588821375028 3.4901319342407946E-30
 8.833212356053869 8.86028699550893E-31
 8.945074264660102 2.51861603940321E-31
 9.058188155698424 1.0949161944005043E-31
 9.17254042066414 6.583366657812951E-32
 9.288171885071335 4.147481748245868E-32
 9.405096157424712 2.5753365709283365E-32
 9.52329962921957 1.5825327558973817E-32
 9.642823125970002 9.723458582740841E-33
 9.763666647676006 6.015551483147563E-33
 9.88584380284228 3.770018976273996E-33
 10.009368199973517 2.4077997526724183E-33
 10.134253447574416 1.5689189373788122E-33
 10.260526762654372 1.0354846859219952E-33
 10.388188145213384 6.838922198306401E-34
 10.517251203756148 4.473967339976548E-34
 10.647743155292055 2.889869663323018E-34
 10.779663999821109 1.855363717949381E-34
 10.913027345848006 1.198493923207864E-34
 11.047860410382137 7.831633329582135E-35
 11.184176801928198 5.147981686949851E-35
 11.321976520486194 3.373188651614589E-35
 11.461286783065514 2.1807459872560563E-35
 11.602121198170853 1.3728503527176807E-35
 11.744493374306913 8.34060284789643E-36
 11.888430528483084 4.93105028862186E-36
 12.03391905219467 2.9297746088957698E-36
 12.180999770955761 1.813842335170688E-36
 12.329686293271052 1.1688682321748623E-36
 12.479978619140548 7.581672593888488E-37
 12.631917574078331 4.838028765479023E-37
 12.785489549579712 3.034852886242385E-37
 12.940735371158775 1.8849665202549697E-37
 13.097668647320221 1.1665374570026282E-37
 13.256289378064048 7.227733878604442E-38
 13.416624780399646 4.4947095360781123E-38
 13.57868846283172 2.8108760727094334E-38
 13.742548467883745 1.7727804085815714E-38
 13.908027884994668 1.1234378982730107E-38
 14.07541249276312 7.032167286042438E-39
 14.244566206142132 4.2648906829672944E-39
 14.415625110178668 2.497326155201778E-39
 14.588317034778804 1.4314024385643712E-39
 14.76305023508343 8.178902317384542E-40
 14.939552540998617 4.701450023257271E-40
 15.117960037571331 2.706661098560477E-40
 15.298272724801574 1.5448597740605767E-40
 15.480490602689342 8.686826614415437E-41
 15.664613671234639 4.81448311330545E-41
 15.850778015484426 2.646987639749107E-41
 16.03898363543871 1.4545812711490423E-41
 16.228958361003552 7.976877268595171E-42
 16.421110447319854 4.310155948189824E-42
 16.615303809340652 2.2649401291834973E-42
 16.811538447065942 1.1529304066531206E-42
 17.00967827544876 5.725449391555158E-43
 17.21013154963 2.8153029670073264E-43
 17.412490014468772 1.3879017448267449E-43
 17.617161925105964 6.845122675200246E-44
 17.823875111447655 3.3313771292500116E-44
 18.0327656585408 1.5899167786846257E-44
 18.24383356638541 7.550623653306853E-45
 18.457078834981476 3.6670936123321593E-45
 18.67263754937597 1.8477773086985512E-45
 18.89037362452192 9.574954455336002E-46
 19.1104231454663 5.029251693176639E-46
 19.332786112209102 2.6586996717727762E-46
 19.557326439703366 1.409820102577386E-46
 19.784316298043023 7.456913418917556E-47
 20.013483517134137 3.9061321727226946E-47
 20.24523635211761 2.0143116677443008E-47
 20.479166547852543 1.0162634676703406E-47
 20.715682359479831 4.962319156725062E-48
 20.95451161690555 2.3080245085068464E-48
 21.19579040517666 1.0065467272777335E-48
 21.439654809340122 4.0778220218413303E-49
 21.685832659302015 1.5285401191710749E-49
 21.934596125156264 5.269412402600343E-50
 22.185945206902875 1.6555425301859447E-50
 22.43974381949488 4.718042548394522E-51
 22.6962641330262 1.2287492377350055E-51
 22.95523397740292 2.967267893838043E-52
 23.21692552271896 6.724992146180902E-53
 23.48120268392736 1.4395006186943715E-53
 23.748065461028115 2.9235788957922703E-54
 24.017786024115167 5.673906688953324E-55
 24.290092203094573 1.0623552491188978E-55
 24.565120083013304 1.9434127162486337E-56
 24.842869663871358 3.53711433164919E-57
 25.123477030715704 6.618438522036321E-58
 25.406806098499373 1.3512466423017785E-58
 25.692992952269335 3.1580427764200317E-59
 25.982037592025587 8.135789409143142E-60
 26.27394001776813 2.1470971832647046E-60
 26.56870022949696 5.627950827820044E-61
 26.866318227212083 1.4909707855255791E-61
 27.1667940109135 4.164141972375426E-62
 27.47039975069514 1.2269102976494511E-62
 27.776863276463064 3.598791887672313E-63
 28.086320673264246 9.976600294346842E-64
 28.398771941098694 2.554711751777727E-64
 28.71421707996639 6.022541756916099E-65
 29.032792174914312 1.3211046176181963E-65
 29.354497225942456 2.7654607299629106E-66
 29.679196148003857 5.742687556199661E-67
 30.00702502614548 1.2317498830028092E-67
 30.338119945414295 2.7797777843498374E-68
 30.672208735716367 6.523980750791528E-69
 31.00969965219259 1.5582364959176152E-69
 31.350184439702072 3.7333516792401686E-70
 31.694071353385712 8.89909960799202E-71
 32.04108822314957 2.095422114398294E-71
 32.391371134040625 4.826819244957935E-72
 32.74505617110583 1.0742628779984548E-72
 33.102007249298225 2.2831188382072062E-73
 33.46236045366478 4.587466413028117E-74
 33.825979699158516 8.699970955006421E-75
 34.19313715587338 1.5612797127431264E-75
 34.563560653715434 2.6695495478063793E-76
 34.9375223627786 4.409403457808891E-77
 35.314886198015933 7.142779053258908E-78
 35.69565215942742 1.1414971541945156E-78
 36.07995633206002 1.8147317937689394E-79
 36.46793480096072 2.8949167984584675E-80
 36.85931539603557 4.494761376176202E-81
 37.25423420233153 6.31716857104732E-82
 37.652691219848634 7.41921928314779E-83
 38.05482253363381 6.90574114539542E-84
 38.460628143687074 5.081464637246368E-85
 38.869971964961465 3.0910472692160322E-86
 39.28312616755091 1.66104324786519E-87
 39.69981858136148 8.527153217818132E-89
 40.120321376487105 4.918715792735524E-90
 40.54449846788081 4.7467375068083594E-91
 40.9723498555426 7.52514715112965E-92
 41.40414770956642 1.3234534930116312E-92
 41.839619859858323 2.28274063578539E-93
 42.27890239146529 3.7654053310091044E-94
 42.7219953043873 5.6534117184667095E-95
 43.16889859862437 8.083755332303041E-96
 43.61974835922345 1.348236406696729E-96
 44.07440850113759 2.681697152151025E-97
 44.53301510941375 5.4510689253666543E-98
 44.99556818405194 1.0605952137268303E-98
 45.46193164000517 2.002547506725624E-99
 45.9323776473674 3.7633626997692184E-100
 46.40677012109164 6.926505648763954E-101
 46.88510906117791 1.1626080187592706E-101
 47.36753055267316 1.6669132271476332E-102
 47.85389851053043 2.0295278501030697E-103
 48.34421293474972 2.37510168632912E-104
 48.83874599542496 4.0531006444871694E-105
 49.33736160750919 9.392225277985375E-106
 49.83992368595544 2.0209769078583326E-106
 50.34670440085765 3.750490369272458E-107
 50.857567667168844 6.1396281291618276E-108
 51.37251348488901 8.891252615641373E-109
 51.89167793906515 1.1090757868156523E-109
 52.41492494465026 1.1802662276883862E-110
 52.94239058669133 1.070082065438791E-111
 53.47393878014139 8.325706347335977E-113
 54.00984169509436 5.9858455506593166E-114
 54.54982716145633 4.197892497527755E-115
 55.094167349321203 3.0058835356065234E-116
 55.64272617364204 2.2377440223999934E-117
 56.19536754937186 1.9194589960565592E-118
 56.7523636466046 2.2021347993556864E-119
 57.313714465340254 2.9653631666883704E-120
 57.87928392053187 3.968171008800657E-121
 58.44907201217943 5.089810786703847E-122
 59.023214825329915 6.611176479144243E-123
 59.60171235998331 9.298185301225579E-124
 60.18442853109267 1.3228891853365392E-124
 60.771499423704945 1.7399121981601631E-125
 61.36292503782013 2.0945550268463303E-126
 61.95856928839128 2.1399687943040137E-127
 62.55870434551231 1.7057426598349797E-128
 63.1630580390893 9.761739604284295E-130
 63.771902539216164 3.972252580475162E-131
 64.384965675799 1.2157917584904299E-132
 65.00238353388472 3.002356677515469E-134
 65.62429219852035 6.32183004769032E-136
 66.25041949961194 1.229344194407901E-137
 66.88103760725339 2.7927793319377397E-139
 67.51601043639778 8.569609181686834E-141
 68.15533798704509 2.7383623779881457E-142
 68.7990202591953 7.890927792330877E-144
 69.44705725284845 2.0105240656211012E-145
 70.09944896800451 4.55239909589876E-147
 70.75633148971045 9.237020710668447E-149
 71.41743264787236 1.6933498393992592E-150
 72.08302461258414 2.8313116898992612E-152
 72.75283521375187 0.0E+0
 73.4271366214695 0.0E+0
 74.10565666564305 0.0E+0
 74.78866751636652 0.0E+0
 75.47589700354592 0.0E+0
 76.16761729727523 0.0E+0
