 0.0E+0 0.0E+0
 4.725067488989427E-4 0.011827124
 1.423075280572764E-3 0.03561572
 2.3848277564678496E-3 0.059650701
 3.357900013963405E-3 0.08387494
 4.342399293095646E-3 0.10820012
 5.338492411698683E-3 0.13251188
 6.3462985253683124E-3 0.15667827
 7.365948705259907E-3 0.18055957
 8.39758593808842E-3 0.20401764
 9.441353210568805E-3 0.22692402
 0.010497405424975596 0.24916582
 0.011565849821345005 0.27064955
 0.012646817470832409 0.29130281
 0.013740546684629396 0.31107429
 0.014847144702772177 0.32993251
 0.015966730680856553 0.34786381
 0.017099423774478313 0.36486982
 0.018245581450424843 0.38096484
 0.01940508455310035 0.39617318
 0.020578171393696421 0.41052664
 0.021765080283404642 0.42406233
 0.022965930377820811 0.43682069
 0.02418095998813652 0.448844
 0.02541016911435176 0.46017519
 0.026653796067658126 0.47085696
 0.02791207915924721 0.48093108
 0.029185137544714797 0.49043786
 0.030473090379656685 0.49941572
 0.03177617597526447 0.50790103
 0.03309463264272973 0.51592796
 0.034428460382052473 0.52352847
 0.03577801666002008 0.53073228
 0.03714330147663255 0.5375669
 0.038524791454273066 0.54405775
 0.03992236743734582 0.5502283
 0.041336267737042416 0.55610038
 0.04276684982015023 0.56169445
 0.044214232842265055 0.56702973
 0.045678535958982684 0.57212429
 0.04716011663709051 0.57699512
 0.04865897487658853 0.58165819
 0.05017534898866832 0.58612854
 0.051709596440117286 0.59042026
 0.0532618363865312 0.59454636
 0.054832187983505864 0.59851867
 0.05642100869782867 0.60234777
 0.0580284176850954 0.60604313
 0.05965465325649765 0.60961324
 0.061299953723227 0.61306591
 0.06296455739647507 0.61640853
 0.06464858343183762 0.61964812
 0.06635238929610203 0.62279148
 0.06807609414486411 0.62584505
 0.06982005544491125 0.62881487
 0.07158439235183923 0.63170652
 0.07336934317683966 0.63452524
 0.0751751462311041 0.63727603
 0.07700215898141995 0.63996355
 0.07885061973897879 0.64259192
 0.08072064765937642 0.64516474
 0.08261248105380443 0.64768537
 0.08452647738905023 0.65015733
 0.08646287497630535 0.65258429
 0.08842191212676141 0.65496991
 0.09040382715161001 0.65731773
 0.09240897751763852 0.65963121
 0.09443748238044274 0.66191373
 0.09648969920681004 0.66416846
 0.09856598546352781 0.66639822
 0.10066646030619186 0.66860522
 0.10279148120158955 0.67079091
 0.10494128646091248 0.67295627
 0.10711623355094806 0.67510217
 0.10931656078288782 0.67722962
 0.11154262562351919 0.67933968
 0.11379454722843795 0.68143333
 0.11607280222002725 0.68351145
 0.11837774806507452 0.68557504
 0.12070938476357973 0.68762508
 0.12306866556030926 0.68966229
 0.12545535214407152 0.69168736
 0.12786944451486645 0.69370138
 0.1303121342286521 0.69570607
 0.13278222972947043 0.69770333
 0.13528211412923735 0.69969464
 0.13781059587199498 0.70168089
 0.14036886651370117 0.70366245
 0.14295692605435597 0.70563945
 0.14557596604991734 0.70761208
 0.14822479494442733 0.70958069
 0.15090341273788587 0.71154544
 0.15361420254220894 0.71350625
 0.15635716435739652 0.71546277
 0.15913110662749063 0.7174145
 0.16193722090844925 0.71936093
 0.16477669875623027 0.72130202
 0.1676483486148758 0.72323842
 0.17055455359630172 0.72517127
 0.17349412214455006 0.72710175
 0.17646705425962086 0.72903106
 0.17947454149747205 0.73096054
 0.18251777541406155 0.73289133
 0.18559556445343142 0.73482403
 0.18871029172749756 0.73675877
 0.19186076568030205 0.73869532
 0.19504698631184486 0.74063327
 0.19827014517808394 0.74257247
 0.2015314338349772 0.74451336
 0.2048308522825247 0.74645657
 0.2081672089647685 0.74840275
 0.2115440785495824 0.75035263
 0.21495788636909252 0.75230668
 0.2184133986471307 0.75426542
 0.22190704071582312 0.75622976
 0.22544238724304357 0.75820059
 0.22901824667283415 0.7601781
 0.23263581056115276 0.76216159
 0.2362950789079994 0.76414996
 0.2399960517133741 0.76614218
 0.24374111208919274 0.76813758
 0.24752787692353941 0.7701358
 0.251359920884288 0.77213689
 0.2552348608595225 0.77414155
 0.2591562715171169 0.77615045
 0.2631217697451552 0.77816388
 0.26713254709959544 0.78018229
 0.27119098669235336 0.7822063
 0.2752958969674712 0.78423673
 0.2794472779249488 0.78627477
 0.28364751267670212 0.78832109
 0.2878954096667732 0.79037566
 0.2921933520070779 0.79243785
 0.2965401481416584 0.79450655
 0.30093698962647252 0.79658016
 0.30538387646152026 0.79865653
 0.30988319175871764 0.80073378
 0.3144325524061486 0.8028115
 0.319035533071687 0.80489119
 0.323692133755333 0.80697634
 0.32840116290112852 0.80907126
 0.3331638120650315 0.81117969
 0.33798246435895784 0.8133044
 0.34285592822694965 0.81544647
 0.3477853952249649 0.81760418
 0.3527708653530034 0.81977408
 0.3578147217229812 0.82195335
 0.3629157727789403 0.82414012
 0.36807521007683874 0.82633246
 0.37329303361667642 0.82852882
 0.37857162651036924 0.83072949
 0.38391098875791723 0.83293653
 0.3893099288033624 0.83515222
 0.39477202131457866 0.83737736
 0.400296074735608 0.83961185
 0.40588328062240836 0.84185625
 0.41153483053093775 0.84411245
 0.4172507244611961 0.84638303
 0.4230309624131835 0.84866996
 0.42887792749881564 0.8509744
 0.4347928112740507 0.8532953
 0.44077323062697265 0.85562877
 0.44682276022545536 0.85797138
 0.4529414000694989 0.86032278
 0.45912915015910316 0.8626847
 0.46538720205022604 0.8650593
 0.4717167472988257 0.86744893
 0.4781189774608599 0.86985672
 0.48459270098037077 0.87228483
 0.4911403009692742 0.87473251
 0.49776296898352806 0.87719766
 0.5044607050231324 0.87967992
 0.5112335090880873 0.8821794
 0.5180849558462666 0.88469216
 0.525012662185754 0.88721009
 0.532019011218466 0.88972628
 0.5391040029444022 0.89223881
 0.5462700204754787 0.89474759
 0.5535170638116954 0.89725202
 0.5608463245090102 0.89975216
 0.568258994123381 0.90224648
 0.5757538810988502 0.90473079
 0.5833345601032911 0.90720356
 0.5909998395807462 0.90966676
 0.5987521026431312 0.91212208
 0.6065913492904462 0.9145712
 0.6145187710786489 0.91701433
 0.6225355595636975 0.91944956
 0.63064290630155 0.92187472
 0.638840811292206 0.9242864
 0.6471316576475818 0.92668044
 0.6555154453676773 0.92905481
 0.6639921744524924 0.93141158
 0.6725654195699009 0.93375485
 0.6812339891639451 0.93608569
 0.6900002663465405 0.9383997
 0.6988642511176875 0.94069257
 0.7078271350333437 0.94296559
 0.7168901096494674 0.94522175
 0.7260543665220163 0.94746198
 0.7353210972069484 0.9496865
 0.7446914932602215 0.95189557
 0.7541667462377939 0.95408744
 0.7637468561396653 0.9562573
 0.7734330145217937 0.95839775
 0.7832276044960951 0.96049987
 0.7931318176185274 0.96255458
 0.8031444623331325 0.96455349
 0.8132691133077844 0.96649264
 0.8235069620984411 0.968372
 0.8338568171491444 0.9701913
 0.8443222531277683 0.97195382
 0.8549032700343129 0.97366521
 0.865601059424736 0.97532373
 0.8764168128549955 0.97692321
 0.8873517218810494 0.97846157
 0.8984081696148137 0.97993719
 0.9095861560562883 0.98134478
 0.9208868727614312 0.98268231
 0.9323127028421582 0.98395462
 0.9438636462984692 0.98516651
 0.9555408946863225 0.98631688
 0.9673468311176338 0.98740145
 0.9792826471483608 0.9884186
 0.9913483427785038 0.9893704
 1.0035463011199785 0.99025815
 1.0158777137287431 0.99108272
 1.0283437721607553 0.99184864
 1.0409468595279314 0.99256197
 1.0536857842743128 0.99322738
 1.0665641210677736 0.9938463
 1.079583061464272 0.99441607
 1.092742605463808 0.99493273
 1.106046327734255 0.99539781
 1.1194930367196553 0.99581797
 1.1330863070878827 0.99619851
 1.1468273303948954 0.99654446
 1.1607161066406932 0.99686124
 1.1747550189371915 0.99715232
 1.1889452588403492 0.99741931
 1.2032927841299554 0.99766181
 1.2177821045785568 0.99787974
 1.2324382428612705 0.99807468
 1.2472492834185171 0.99824872
 1.2622271418098758 0.99840379
 1.277347986916188 0.99854234
 1.2926475654161913 0.99866715
 1.3081020461907277 0.99877944
 1.3237233447993761 0.99887971
 1.339511461242137 0.99896953
 1.3554663955190098 0.99904971
 1.371588147629995 0.99911915
 1.3878886331346715 0.99917669
 1.40436785203304 0.99922286
 1.4210019732059411 0.99926045
 1.4378267433321132 0.99929322
 1.454830246851977 0.99932287
 1.4720124837655323 0.99934859
 1.4893615385132001 0.99937011
 1.5069131577737182 0.99938871
 1.5246315948683486 0.99940567
 1.5425525964758293 0.99942346
 1.560652331477002 0.99944559
 1.5789427154314452 0.99947324
 1.59742374833916 0.99950321
 1.6160954302001457 0.99952907
 1.634969676573982 0.99954337
 1.6540345719010891 0.99954155
 1.673302031741047 0.99952477
 1.6927720560938552 0.99949833
 1.7124327293999348 0.99946808
 1.7323078827784441 0.99943644
 1.7523736851102245 0.99940207
 1.7726658830740145 0.99936507
 1.7931487299910753 0.99932919
 1.8138579725401455 0.99929906
 1.8347697796020663 0.99928252
 1.855896066736417 0.99929047
 1.8772487495027772 0.99932763
 1.8988039967819878 0.99938899
 1.920585639693208 0.99946555
 1.9425936782364374 0.99954669
 1.964816196852097 0.99961989
 1.9872770266593451 0.99967716
 2.0099523365390234 0.99971807
 2.0328659576102903 0.99974416
 2.056005974313567 0.99975716
 2.0793723866488527 0.99976445
 2.1029890257353067 0.99977749
 2.1268320604537707 0.99979992
 2.1509134063638226 0.99982889
 2.175233063465464 0.99985975
 2.1998029473182736 0.99988519
 2.2246111423626717 0.99989861
 2.2496695641582382 0.99989385
 2.2749782127049735 0.9998685
 2.3005370880028763 0.99982967
 2.326346190051948 0.99979235
 2.3524055188521875 0.9997699
 2.378715074403596 0.99976399
 2.405298687825331 0.99977002
 2.4321325279982346 0.9997915
 2.4592285104818856 0.9998214
 2.486586635276285 0.99984256
 2.5142069023814315 0.99985897
 2.5421012273569054 0.99988844
 2.5702696102027062 0.99993921
 2.598700135359255 1.000008
 2.627404718386131 1.0000795
 2.656395274842913 1.000142
 2.6856479736104437 1.0002001
 2.7151985613674596 1.0002533
 2.745011291435224 1.0002956
 2.775121910492474 1.0003352
 2.805506587420051 1.0003921
 2.836177237777535 1.0004669
 2.867145777124505 1.0005438
 2.898400289901381 1.0006191
 2.929952691667744 1.0007021
 2.9617910668640132 1.0008027
 2.9939392466093477 1.0009232
 3.0263733997845894 1.0010405
 3.0591173575088954 1.0011361
 3.0921592042226886 1.0012183
 3.125498939925967 1.0012824
 3.1591484801783114 1.0013231
 3.1931197405393012 1.0013512
 3.2273888898897764 1.0013745
 3.261967843789317 1.0013896
 3.2968566022379235 1.0013919
 3.332067080795175 1.0014023
 3.367599279461071 1.001439
 3.4034412826760327 1.0014884
 3.4396169215592187 1.0015363
 3.4761023649914704 1.0016
 3.5129214440919467 1.001689
 3.5500622433010673 1.0017631
 3.5875247626188326 1.001783
 3.625332833164403 1.0017439
 3.663462623818617 1.0016721
 3.701926050141056 1.0015873
 3.7407231121317194 1.0014908
 3.779853809790607 1.001402
 3.819330058677299 1.0013544
 3.8591399432322144 1.0013363
 3.899295379014934 1.0013187
 3.939796366025458 1.0013005
 3.9806309887042052 1.0012701
 4.021823078170337 1.0011897
 4.0633607188642715 1.0010886
 4.105243910786011 1.0009914
 4.147484569495133 1.0009185
 4.190070779432058 1.0008914
 4.233002540596789 1.000864
 4.2763036841084804 1.0008553
 4.319962294407556 1.000812
 4.3639664559344355 1.0006699
 4.408339999808278 1.0004921
 4.453071010469504 1.0003552
 4.4981594879181114 1.0002616
 4.543617347713684 1.000142
 4.589432674296638 0.99997491
 4.635617383226556 0.99983616
 4.682159558943856 0.99976981
 4.729083032567699 0.9997639
 4.776363972978925 0.99976534
 4.824026211296694 0.99974429
 4.872057831961425 0.9997377
 4.920446919413538 0.99981019
 4.969217304772195 0.99996534
 5.018368988037393 1.0001959
 5.067890053649554 1.0004123
 5.117780501608678 1.0005672
 5.168052247474344 1.0007271
 5.218705291246552 1.0009168
 5.269727717365723 1.0011401
 5.321131441391437 1.0014549
 5.372916463323691 1.0019034
 5.425070867602909 1.0023398
 5.477618485348248 1.0026929
 5.53053548544055 1.0029874
 5.583845698998974 1.0033129
 5.6375252949043614 1.0036744
 5.691586188716289 1.004031
 5.74604029599434 1.0043319
 5.800863785619352 1.0045586
 5.856080488710487 1.0047341
 5.911678489708163 1.0048449
 5.967657788612382 1.0048718
 6.024018385423143 1.0048259
 6.080760280140447 1.0047268
 6.137883472764291 1.0045845
 6.195399878854259 1.0044243
 6.2532856672911885 1.0042596
 6.311564669194239 1.0040852
 6.370213053444252 1.0038941
 6.429254651160389 1.0036995
 6.488665631223486 1.0035263
 6.548469824752705 1.0033947
 6.608643400628888 1.0033049
 6.669210189971192 1.0032468
 6.730146361660458 1.0032076
 6.791463831256267 1.003186
 6.853150683199038 1.003184
 6.915230748607932 1.0031959
 6.977668280804209 1.0032156
 7.040499026466606 1.0032409
 7.103687238916387 1.0032702
 7.1672567492727115 1.003302
 7.231207557535577 1.0033354
 7.295515832585825 1.0033699
 7.360193489983037 1.0034053
 7.425240529727211 1.0034413
 7.490656951818347 1.0034778
 7.556442756256447 1.0035149
 7.62258602748193 1.0035525
 7.689098681054375 1.0035904
 7.755956885854625 1.0036287
 7.823184473001837 1.0036673
 7.890769526936433 1.0037063
 7.958712047658411 1.0037456
 8.027000119608193 1.0037851
 8.095645658345358 1.0038249
 8.164636748310329 1.0038651
 8.2339733895031 1.0039055
 8.303655581923678 1.0039461
 8.37368332557206 1.0039871
 8.444056620448244 1.0040283
 8.514763550992653 1.0040698
 8.585792201645708 1.0041116
 8.657166403526565 1.0041537
 8.728874241075648 1.0041961
 8.800903798733374 1.0042388
 8.873255076499746 1.0042817
 8.945928074374764 1.0043251
 9.018934707918005 1.0043687
 9.092239230450732 1.0044127
 9.165865473092106 1.004457
 9.239801520282544 1.0045016
 9.314035456462467 1.0045467
 9.388579197191456 1.0045921
 9.463420826909932 1.0046378
 9.538572261177473 1.004684
 9.613997753315342 1.0047306
 9.689721134442696 1.0047776
 9.765730488999957 1.004825
 9.842025816987123 1.0048729
 9.91859520284462 1.0049212
 9.99543864657244 1.00497
 10.07255614817059 1.0050193
 10.149935792079486 1.0050691
 10.227577578299131 1.0051194
 10.305481506829523 1.0051703
 10.383647577670661 1.0052217
 10.462051959703391 1.0052737
 10.540718484046867 1.0053263
 10.619611404022352 1.0053795
 10.698754550749008 1.0054333
 10.778124093107671 1.0054878
 10.857720031098344 1.005543
 10.937542364721025 1.0055989
 11.017579178416138 1.0056556
 11.09784238774326 1.005713
 11.178308161583232 1.0057712
 11.258988415495635 1.0058303
 11.339859318361308 1.0058902
 11.420932785739831 1.005951
 11.502196902071626 1.0060128
 11.583639751797111 1.0060755
 11.665273250475868 1.0061393
 11.747073566988739 1.0062041
 11.8290526168953 1.0062701
 11.911198484635975 1.0063372
 11.993487339091601 1.0064056
 12.07594301138134 1.0064753
 12.158517839266873 1.0065463
 12.241330978343994 1.0066188
 12.324263273016912 1.0066928
 12.40719556768983 1.0067684
 12.490366173554335 1.0068456
 12.573655935014633 1.0069247
 12.657064852070729 1.0070057
 12.740592924722618 1.0070887
 12.824120997374505 1.0071738
 12.907887381217984 1.0072613
 12.99165376506146 1.0073512
 13.075658460096527 1.0074438
 13.159543999535801 1.0075392
 13.24366785016666 1.0076378
 13.32779170079752 1.0077397
 13.412034707024178 1.0078453
 13.496277713250832 1.0079549
 13.580520719477487 1.0080691
 13.664882881299938 1.0081882
 13.749364198718181 1.0083128
 13.833845516136424 1.0084438
 13.918207677958874 1.0085821
 14.002808150972914 1.0087288
 14.087289468391159 1.0088857
 14.171889941405196 1.0090547
 14.25637125882344 1.0092302
