 1.9051194419295112E-3 0.5233806267075448
 3.192650302148037E-3 0.6132642374308529
 4.495335340293658E-3 0.6748235314758211
 5.813318122262528E-3 0.7217938788685411
 7.14682197278199E-3 0.7601389159204647
 8.496006409514437E-3 0.7924478443843074
 9.861046901888496E-3 0.8200118354253549
 0.011242134871099041 0.8436296765030447
 0.012639461738340935 0.8638996574167805
 0.014053234876575288 0.8813164780910954
 0.01548359785169825 0.896301395602996
 0.016930726133138451 0.9092129762694371
 0.018394938756220675 0.9203558680830431
 0.019876379286841067 0.9299890654198648
 0.021375207242662026 0.9383337100826253
 0.022891582141345935 0.9455801547266947
 0.024425982535879967 0.9518932991644474
 0.025978248908601737 0.9574155286182529
 0.02754870029483602 0.962267563630348
 0.029137655729907598 0.9665501580666498
 0.030745274731478863 0.9703461015081223
 0.032371876334874594 0.9737230772214627
 0.034017460540094794 0.976736582475289
 0.03568234638246424 0.9794331727630057
 0.03736685289730772 0.981852978349907
 0.03907113960228761 0.984030884308527
 0.040795366015066315 0.9859943673370835
 0.04253985117096862 0.9877636796743914
 0.04430491410531928 0.9893538233072008
 0.04609055481811833 0.990779498257656
 0.04789725186235291 0.9920572874687447
 0.04972500523802304 0.9932064054524139
 0.051574453015778273 0.9942453381229192
 0.05344543567795622 0.9951874360730197
 0.055338272259881665 0.9960378043176714
 0.05725344131454178 0.9967937337543046
 0.05919110235959894 0.9974493092359243
 0.061151414912715564 0.9980041938548198
 0.0631348575268788 0.998469043167638
 0.06514143020208867 0.9988633770608495
 0.06717145197366992 0.9992097651774747
 0.06922540139460975 0.9995313395752774
 0.07130343798257054 0.9998525396507344
 0.07340572125521468 1.00019400515882
 0.07553272976552936 1.0005653033691965
 0.07768462303117694 1.0009646376144303
 0.07986172008748221 1.0013824945352471
 0.08206433996976997 1.0018050889873513
 0.08429280171336499 1.002209666231404
 0.08654726483592966 1.0026179577928266
 0.08882820789045114 1.0030034557234768
 0.09113579039459183 1.0033748880776913
 0.0934704909013389 1.0037200647493222
 0.09583246892835476 1.004023683403539
 0.09822204351096415 1.0042862579497175
 0.1006395336844919 1.004529371826211
 0.10308541800192512 1.0047782698662908
 0.10556001549858866 1.0050438832425778
 0.10806348569214486 1.0053242934932287
 0.11059614761791853 1.0056142390993292
 0.11315847982889682 1.0059063937085948
 0.11575080136040453 1.0061882286171555
 0.1183734312477664 1.006449690917508
 0.12102668852630727 1.006692166181912
 0.12371105174901428 1.0069216580215454
 0.12642668043354982 1.0071395829297062
 0.1291740531329011 1.0073456569851038
 0.1319536484000552 1.0075404151193474
 0.13476562575267461 1.0077234764511051
 0.13761046374374641 1.007896746326523
 0.1404884814085955 1.0080718854239358
 0.14340015730020894 1.008266859383234
 0.14634581045391154 1.0084904092260318
 0.14932591942269052 1.0087313855674451
 0.15234064372420821 1.0089699812055628
 0.1553906214291142 1.0091889831563654
 0.15847633109039563 1.009371725431345
 0.16159777270805256 1.0095067792132286
 0.16475622242338408 1.0095915409449998
 0.16795136120106543 1.009633710263227
 0.17118318904109655 1.0096510425246634
 0.1744533011201014 1.0096645221018154
 0.17776010226145608 1.0096850175111371
 0.18110678281840836 1.0097072172596568
 0.18449174761433437 1.0097190959199133
 0.18791659182585801 1.0097109942049822
 0.19138131545297923 1.0096865365368496
 0.19488751367232201 1.00967125115986
 0.1984335913072624 1.0097013650925741
 0.2020195483578004 1.0098003504622112
 0.20564857517718382 1.0099704229643431
 0.2093206717654127 1.0102070887458873
 0.21303424294586306 1.01051967349445
 0.2167908838951589 1.0109272634162707
 0.22059218978992406 1.011431175915472
 0.22443656545353463 1.012007976659684
 0.22832720123923846 1.0126213219653248
 0.23226250197041162 1.0132430490925803
 0.23624246764705411 1.0138614940298174
 0.24026869344578985 1.0144923768674847
 0.24434277454324274 1.0150802250192751
 0.24846311576278884 1.0155677412964243
 0.25263290745767597 1.0159028669993157
 0.25685055445128035 1.016075770238174
 0.2611160567436018 1.0161119712129471
 0.2654310095112643 1.0160609074936366
 0.26979700793089173 1.015996459790924
 0.27421405200248416 1.015995075520028
 0.27868054654941765 1.0161113218192483
 0.28320127710156384 1.016383107594999
 0.2877714581290511 1.016819254481881
 0.29239747033837504 1.0173737235018323
 0.2970745281996639 1.0179750633293076
 0.3018074172427895 1.0185576653405554
 0.3065945422911278 1.0190695547635051
 0.31143749852130286 1.0195133719699966
 0.3163362859333145 1.0199378481452621
 0.3212909045271628 1.0203845499928543
 0.32630454465609565 1.0208929721625381
 0.3313740159668651 1.021494332325305
 0.33650410398934293 1.0221761718996293
 0.3416916183702814 1.0229022467817094
 0.3469413446395521 1.0236546646671298
 0.3522500924439073 1.0244522980420724
 0.3576194569599709 1.0253128394857617
 0.3630526285409907 1.0261978842645507
 0.36854801201034276 1.0270668837731953
 0.37410560736802705 1.0279545524319921
 0.37972860496729154 1.0288992860139052
 0.38541540963151216 1.0299115652021944
 0.39116921171393675 1.0309818443464398
 0.39698841603794154 1.032070076440111
 0.40287461778015026 1.033159790639115
 0.408827816940563 1.034251772046612
 0.4148512038724276 1.035296492263237
 0.4209415882224961 1.0362870881664802
 0.4271037555206404 1.037308827960851
 0.43333770576686037 1.0383553276351236
 0.4396418437845322 1.039342933173075
 0.4460177647502797 1.040290731195893
 0.4524686590173507 1.0413295733657152
 0.4589929314091214 1.0425799532548671
 0.4655921771022156 1.0440619617223927
 0.4722663960966333 1.0457922009315416
 0.4790187787456223 1.0478129434974854
 0.4858477298725588 1.0501572803936802
 0.4927548446540666 1.052872007860898
 0.4997401230901458 1.0559123951330131
 0.5068067555340441 1.0593030837260721
 0.5139547419857615 1.0628576184171611
 0.5211824872686741 1.0670422430927124
 0.5284947769126539 1.0715794403983762
 0.5358900157410765 1.0760789039617866
 0.5433697989305661 1.0803181252878992
 0.5509357216577467 1.0843443741348626
 0.5585877839226181 1.0883316495137438
 0.5663259857251803 1.0925797353522632
 0.5741535174186811 1.0973434954543273
 0.5820719741797447 1.1026671964341605
 0.5900781656551228 1.108515800143307
 0.5981768773746875 1.1149862806180848
 0.6063681093384388 1.1221260143725897
 0.6146518615463764 1.1298188492983243
 0.6230297291751243 1.138019302791666
 0.6315033074013068 1.146820474992513
 0.6400741914015472 1.156214051314632
 0.6487407859992221 1.1660866131662874
 0.6575062815475791 1.1763619236176776
 0.6663722732232419 1.1870212972688463
 0.6753387610262108 1.198118623814871
 0.6844057449564858 1.2096787386223388
 0.6935780105439384 1.2217419881171744
 0.702852367435321 1.2345589770458367
 0.7122320059838811 1.248229519632201
 0.7217169261896191 1.262837724624848
 0.7313103184057828 1.27899686675582
 0.7410121826323718 1.2971874242646326
 0.7508241140460102 1.3171298596517655
 0.760747707823322 1.3381358365560835
 0.7707813687876833 1.3595462080665481
 0.7809298824689657 1.3810759975249795
 0.7911916536905452 1.4031904049749412
 0.8015698728056699 1.4262948500573184
 0.8120645398143397 1.4495111566848652
 0.8226772498931784 1.4726934221868546
 0.83340959821881 1.4973177856546033
 0.8442631799678583 1.524422016739879
 0.8552379951403233 1.5543628676721445
 0.866337234089453 1.5866787767904517
 0.8775608968152471 1.6195960281332957
 0.888908983317706 1.6522790644814286
 0.9003862791267011 1.6862514779263748
 0.9119911890656085 1.7227490155792881
 0.9237269034876762 1.7615902483217442
 0.935593422392904 1.8023820085011026
 0.947592340957916 1.8451453257056515
 0.959725254359336 1.89134001142003
 0.9719937577737879 1.9425396226348763
 0.9843994463778956 1.9967328552700966
 0.996943915348283 2.0626277442028024
 1.009628759861574 2.133384995304466
 1.0224539799177687 2.2128407683941655
 1.0354211706934906 2.301383825242662
 1.0485335225419882 2.398088957312888
 1.061792630639885 2.5003581376262076
 1.0751968998105572 2.6081449695812275
 1.0887511155838762 2.721968546234617
 1.1024568731364665 2.839563104935699
 1.1163125772917035 2.9544562814053714
 1.1303230135794595 3.0606970042655126
 1.1444881819997341 3.157635735627257
 1.1588096777291516 3.243457871359927
 1.1732890959443353 3.3149192174397246
 1.1879280318219098 3.371531343495135
 1.2027296757151226 3.4127871338850832
 1.2176940276239736 3.4373049729688407
 1.2328226827250867 3.4402514448050243
 1.24811883137171 3.415524071195459
 1.263582473563843 3.3682017343729273
 1.2792152044781104 3.3104271701619483
 1.2950202144677591 3.2437527798835734
 1.3109990987094135 3.1591539427231123
 1.3271518572030736 3.050093621914532
 1.3434816803019871 2.9113673568064553
 1.359990163182778 2.743904530517586
 1.37667890102207 2.5545293194448026
 1.3935510841731113 2.3463040216274326
 1.4106051174592775 2.1233306288742666
 1.4278457864104405 1.9015966934581576
 1.4452746862032246 1.700984910180146
 1.4628918168376292 1.5319052739446761
 1.4807019638435263 1.3951240372462141
 1.4987035320442922 1.287398269358543
 1.516901306969798 1.2000763594852157
 1.5352968837966685 1.1211049899705236
 1.553890262524903 1.0479836600819385
 1.5726846335077493 0.9815341827824849
 1.5916815919218316 0.9161648299345404
 1.6108891136502696 0.8472663514375112
 1.6302864613969518 0.7778029296827935
 1.649907133870981 0.7137289368131832
 1.669735179306118 0.6560037483011958
 1.6897865494686012 0.6025119987638895
 1.7100293408259532 0.5531232367349284
 1.730511408676891 0.5118501476879436
 1.7512008494889363 0.4822886705336645
 1.7721136150283283 0.4630297038133875
 1.793249705295067 0.44872301538830455
 1.8146091202891523 0.43089332766339893
 1.8361918600105844 0.4078658930682051
