 0.0E+0 0.0E+0
 5.424204548902323E-4 0.07132686223556581
 1.633638340256627E-3 0.19694235746183427
 2.7376949842780073E-3 0.3084002585212971
 3.854746323294311E-3 0.4072143378340083
 4.984915464942334E-3 0.49473921014838534
 6.12839390999042E-3 0.5722525448010405
 7.285318444701676E-3 0.640988773927565
 8.455839533965516E-3 0.7021274599926128
 9.640121321297664E-3 0.7567631279473713
 0.010838327950213849 0.8058769961842791
 0.012050637242856101 0.8503193979268925
 0.013277172306861219 0.8908051145176215
 0.014518083607118617 0.9279193319698364
 0.015773644716154503 0.9621310774688332
 0.01704397874160567 0.9938104514480084
 0.018329222469735225 1.0232463792954566
 0.01962951268680627 1.0506634436945836
 0.02094525975160812 1.0762362935610194
 0.022276326877877672 1.100102384308248
 0.023622987638141131 1.1223726995809772
 0.024985515604924707 1.1431402348084294
 0.026364047564491507 1.1624863197118053
 0.027758857089367736 1.1804852645883623
 0.029169944179553403 1.1972073162029943
 0.030597582407574704 1.2127201172906578
 0.03204204534595786 1.2270884719434851
 0.03350346978096596 1.2403734317645971
 0.03498199249886212 1.2526316143592046
 0.03647788707217256 1.2639161574513553
 0.03799142707342346 1.2742790033701596
 0.039522612502614844 1.2837727970935541
 0.04107185371853602 1.2924514832637938
 0.04263915072118698 1.3003699417248026
 0.04422505065562015 1.307582741267493
 0.04582941673557242 1.314141432548514
 0.047452522533570004 1.3200920351891927
 0.04909477840840221 1.325474323738149
 0.05075632114633215 1.330322921821917
 0.05243728753362292 1.3346688475370585
 0.054138087929063834 1.3385417663238712
 0.05585872233265491 1.3419715372214513
 0.05759946431692233 1.3449875246630018
 0.05936072424065543 1.347617555562057
 0.0611426388901173 1.3498891597790618
 0.06294534505157104 1.351830894688364
 0.06476925308380597 1.3534722846261977
 0.06661449977308521 1.354842923575941
 0.06848135869193495 1.3559721821895787
 0.0703701034128814 1.3568891047831408
 0.07228100750845079 1.3576231858608638
 0.0742142077649062 1.3582067851742651
 0.07617011454103693 1.3586724853933265
 0.07814886462310612 1.3590449271301423
 0.08015086836990308 1.359335408634418
 0.0821762625676909 1.3595440532288105
 0.08422532078899579 1.359665572311441
 0.08629831660634396 1.3596927343317117
 0.08839566037852471 1.3596175287123828
 0.09051762567806429 1.3594312132034163
 0.09266434929122576 1.3591239527432235
 0.09483610479053535 1.358687856056871
 0.09703330253478237 1.3581217892569765
 0.09925621609649304 1.3574341683780308
 0.10150511904819355 1.3566402024504171
 0.10378028496241012 1.3557548955939902
 0.10608212419793206 1.3547874810554478
 0.10841077354102248 1.3537382448986807
 0.11076664335047069 1.3526008421733708
 0.11315014398506598 1.3513677150485936
 0.1155614122310715 1.3500336111943536
 0.11800085844727652 1.3485979276474115
 0.12046875620620728 1.3470662694221111
 0.1229655158666531 1.345449574622043
 0.12549141100114014 1.3437646712202784
 0.12804685196845777 1.3420326007064196
 0.13063197555486905 1.3402708085719261
 0.13324732890542642 1.3384864934191815
 0.13589332237891918 1.3366694492385142
 0.13856995597534735 1.3347901978690384
 0.14127832398481576 1.3328113079645502
 0.1440181528347982 1.330704491462291
 0.14678944252529466 1.32846511911365
 0.14959356091893621 1.3261154704546647
 0.15242914015309177 1.3236947464494397
 0.15529891595302344 1.3212395413327073
 0.15820152045610022 1.3187700960011787
 0.16113832152495308 1.316295451231116
 0.16410931915958204 1.3138238183947636
 0.1671158812226182 1.3113675437827625
 0.17015663985143045 1.3089341398565763
 0.17323159504601881 1.3065155765151932
 0.17634348253164541 1.3040962175966215
 0.1794923023083102 1.30166293522298
 0.18267668651338214 1.2992091881447638
 0.18589800300949232 1.2967369753499846
 0.1891576196592717 1.2942476596097658
 0.19245416860008932 1.2917363179589138
 0.1957903855572072 1.2891985106439403
 0.1991649026679944 1.2866336883649696
 0.20257771993245077 1.2840477039525812
 0.20603020521320747 1.2814495541539712
 0.20952372637289554 1.2788447148510992
 0.21305691554888386 1.2762289033501852
 0.21663250846643455 1.2735946845092966
 0.22024913726291664 1.2709475662487113
 0.22390680193833004 1.268309264397464
 0.22760687035530582 1.2657051352225467
 0.231350710376475 1.2631456757403802
 0.23513832200183765 1.260629764792015
 0.23896833736876271 1.2581491730048912
 0.24284486006514324 1.2556703870734242
 0.24676378650308616 1.2531275644117583
 0.2507305881331156 1.250455128415998
 0.25474116136733854 1.247618228805218
 0.258799609793648 1.2446139238580671
 0.26290456554941304 1.2414531303128837
 0.2670573964972646 1.2381556362979515
 0.27125810263720273 1.2347426383028394
 0.27550668396922745 1.2312117883316822
 0.27980587621860075 1.2275440965057866
 0.28415294366006066 1.223733653147565
 0.28855198988150027 1.2198137958539447
 0.2930002791576575 1.2158656689562001
 0.29750191507642537 1.211979125667559
 0.30205416191254202 1.2081898888355313
 0.3066583875286383 1.2044667967593065
 0.3113173276499764 1.2007513964690446
 0.31602961441392524 1.1969853095068021
 0.3207952478204848 1.193119982661121
 0.3256169635949172 1.1891070017877276
 0.33049339387459136 1.1848997899200888
 0.3354272743847694 1.1805014063812306
 0.3404172372628203 1.1759746048939891
 0.345464650371375 1.1714007548397724
 0.3505695137104337 1.1668339462432142
 0.35573456300525835 1.1622656092516181
 0.3609570625305868 1.1576452650047821
 0.36624111587431223 1.152952776956471
 0.37158672303643475 1.1481748973563137
 0.3769925161543233 1.1432362683276746
 0.3824598630906087 1.1380411662193752
 0.3879914995705533 1.1325538141977573
 0.3935860577315259 1.1268269530526917
 0.39924490543615764 1.1209446374277585
 0.40496804268444847 1.1149445449337715
 0.41075820520166045 1.1088260655251847
 0.4166140251251626 1.1026238435876007
 0.42253687031758596 1.0964054085894205
 0.4285267407789305 1.0902237138167047
 0.4345863722344583 1.0840924819595176
 0.44071576468416934 1.0779927549772074
 0.44691355026543266 1.0719291781845858
 0.4531838325661414 1.0658916467027668
 0.45952524372366443 1.0598125930980262
 0.4659391516006327 1.0536487129561851
 0.47242692405967756 1.047379741279799
 0.47898856110079873 1.0409539025482124
 0.4856240627239964 1.0343286602198082
 0.49233616465453244 1.027494139216891
 0.4991262347550381 1.0204356660463904
 0.5059915373002511 1.0131095421699725
 0.5129361758780648 1.0054369825651436
 0.5199601504884792 0.9973631219290409
 0.527063461131494 0.9888881305429085
 0.5342474756697405 0.9800939323216498
 0.5415135619658498 0.9710965338706636
 0.5488630878824526 0.9619438343009618
 0.5562946855569183 0.9526741905936146
 0.5638110907145086 0.9433793143612842
 0.5714136712178547 0.9340640418527113
 0.5791024270669568 0.9246372611641148
 0.5868773582618145 0.9150833266538179
 0.5947425683903214 0.9054256100501847
 0.6026953217272148 0.8956166985805634
 0.6107383539977574 0.8855820478773299
 0.6188716652019489 0.875279534968434
 0.6270979910650515 0.8647872834016339
 0.6354173315870651 0.854279581589099
 0.6438310546306207 0.84383509175859
 0.6523405280583494 0.8333068171404828
 0.6609443840076203 0.8225405347653996
 0.6696467260663264 0.8115321084785744
 0.6784461863718366 0.8002812263294403
 0.6873455006494131 0.7887079341377922
 0.696344668899056 0.776780321651702
 0.705445058983396 0.7645625571353546
 0.7146480387650644 0.7520209194620846
 0.7239549761066922 0.7389710054470331
 0.7333658710082794 0.7253707229760887
 0.742883459195088 0.7114411991573207
 0.7525077406671182 0.6974226557168506
 0.7622387154243699 0.6834736153334398
 0.7720804870547362 0.6696719766613108
 0.7820316876955861 0.6559932939054347
 0.7920950530721815 0.6424225459175134
 0.8022705831845227 0.6291065135976364
 0.8125596458952405 0.6162428824900796
 0.8229636090669662 0.6037687951852593
 0.8334838405623306 0.5914439977746545
 0.8441217082439648 0.5791457435076709
 0.8548785799745 0.5667952575316115
 0.8657558236165671 0.5545255815270083
 0.8767534391701661 0.5426563780374043
 0.887872794497928 0.5313509656789789
 0.899116625325115 0.5206272873613931
 0.9104862995143582 0.5104358416271054
 0.9219804492030265 0.5005155738275061
 0.9336031779790128 0.4905472910249697
 0.9453558537049485 0.480518381682495
 0.9572371085182023 0.47063361250137814
 0.9692510460066674 0.4610568466042423
 0.981397666170344 0.45179528363853976
 0.9936783368718629 0.4427842943172835
 1.0060944259738551 0.43408398932452912
 1.0186473013389518 0.4257657877746367
 1.0313396986924152 0.41794013657675294
 1.044171618034245 0.41070404778102292
 1.0571444272270726 0.40400217880452504
 1.0702608619961597 0.3977485542353175
 1.0835209223415065 0.39187441146226525
 1.0969259761257441 0.3863829044212804
 1.1104787590741347 0.38125502615121065
 1.1241806390493087 0.3764049040542365
 1.1380316160512671 0.3718247135794916
 1.1520344258052712 0.36753438588413633
 1.1661904361739521 0.36351732624926763
 1.1805010150199413 0.3598085602782081
 1.1949688980685007 0.3565088851333234
 1.2095927174569991 0.3537161209939869
 1.2243765767733294 0.35140855927833836
 1.2393218438801234 0.34951552550677417
 1.2544285187773807 0.34794924472420096
 1.269700705052994 0.3465444020101371
 1.285137034844333 0.3452040051971275
 1.3007416117392902 0.34393955277250493
 1.3165158036004973 0.34280801611590155
 1.3324596104279538 0.34183894709036
 1.3485757679469216 0.3410006555629279
 1.3648656440200326 0.34028130352853797
 1.3813360779604413 0.3397037378307098
 1.3979692875539442 0.3392550309233009
 1.4147939979157932 0.33893936454098583
 1.4317965304196784 0.33878198209612075
 1.4489905636919095 0.33877596679892163
 1.4663487404798662 0.33886732105248262
 1.4839120966624796 0.33897584899592703
 1.5016532749871287 0.33902743159811277
 1.5195859540801242 0.3389766723352023
 1.5377101339414658 0.33883612206611846
 1.5560258145711536 0.338647532117638
 1.5745329959691878 0.338389499777576
 1.5932453567618785 0.33803677073734555
 1.6121628969492263 0.33770105048823007
 1.6312582592786095 0.3375061804436097
 1.65057247962896 0.33739243050335204
 1.6700918793739671 0.33721776674397996
 1.689816458513631 0.3369774464348962
 1.7097325384216413 0.33681348979447295
 1.7298811549769288 0.33681781148077283
 1.750221272300563 0.3368982418729664
 1.7707939262714742 0.336847897452632
 1.7915717596370428 0.3366411700488265
 1.812568451023578 0.3364346088245541
 1.8337840004310803 0.33641291800938383
 1.8552184078595501 0.33662224429924514
 1.8768853519352974 0.33686163239107713
 1.8987711540320117 0.3369535484982436
 1.920889492776004 0.336964830077804
 1.9432403681672736 0.3368674390374995
 1.9658101015795104 0.33655396553095845
 1.9886260502653352 0.3361535497160681
 2.011660856972127 0.3359202893875496
 2.034955557578818 0.3359646427247481
 2.058469116206475 0.3362360853337299
 2.082242568734031 0.33651419419885514
 2.106248557908865 0.3366079134826316
 2.1305007623572862 0.33653556392055505
 2.1550128607056064 0.3363737737410576
 2.179757495701204 0.33635143522057
 2.2047620245967003 0.3365363288871077
 2.2300264473920954 0.3368007172801003
 2.255537085461078 0.3369499925803202
 2.28132129605627 0.33683080477882593
 2.3073517219250492 0.33655122036622087
 2.333655720320038 0.33648693135610935
 2.3602196126149252 0.3368791234494639
 2.387043398809711 0.337697359948803
 2.4141544361570157 0.33860125642102473
 2.4415253674042194 0.33926096680845985
 2.4691698711776317 0.33974640044803616
 2.4970879474772527 0.3400260393856355
 2.5252932749293934 0.33986462948764722
 2.5537721749077433 0.33915805633238316
 2.582538326038612 0.33795809208757043
 2.6115917283220007 0.336764040041336
 2.6409323817579082 0.33597749715104874
 2.6705602863463355 0.33540115702193784
 2.700475442087282 0.3350311350045074
 2.730677848980748 0.3350470197326572
 2.7611948642793544 0.3356299537602786
 2.7919991307304794 0.3368477617432179
 2.823104326960435 0.3380900266363183
 2.8545104529692206 0.33886948655598525
 2.886217508756835 0.33929288548063785
 2.918239172949591 0.3398334087832876
 2.950575445547486 0.3408853614238229
 2.9832126479242115 0.3416582328623847
 3.0161644587060774 0.342155320668675
 3.0494445565193935 0.3426027220990169
 3.08302558411154 0.3429766552668886
 3.116948577361447 0.343444809214209
 3.1511725003901842 0.34370158036848386
 3.1857383890766826 0.34330898961189076
 3.2206188861683213 0.34232970016007235
 3.255827670291411 0.34103828108536204
 3.2913784200722613 0.3401208282663287
 3.327257456884562 0.3400395893476098
 3.3634784593546247 0.3409660389555502
 3.400027748856138 0.34267035732206646
 3.436932682641723 0.34487536663778495
 3.474165903458758 0.3472649139830111
 3.511754768559865 0.3485420429678632
 3.5496855993187335 0.3488954606834965
 3.5879583957353622 0.34894836938205525
 3.626586836436063 0.34844250887335725
 3.6655846000471465 0.3479089641828513
 3.7049243293159905 0.34823089150632235
 3.744619702868906 0.34976407048073027
 3.784670720705894 0.3524466137696434
 3.8250910614532633 0.35480686425294183
 3.8658807251110145 0.35525357072349245
 3.907026033052838 0.35413492257079615
 3.948554342531353 0.35290603676558773
 3.9904382962939406 0.3525302486988751
 4.032705251593221 0.35215436707081665
 4.075341529802882 0.35001599277853806
 4.118347130922926 0.34666857853493215
 4.161749412205973 0.34625831918419913
 4.205521016399402 0.348222704101031
 4.249675622129523 0.3494130117737775
 4.294213229396337 0.3493410758568252
 4.339133838199843 0.3480736596763598
 4.384451127166352 0.347039808525049
 4.4301514176695544 0.34595976013277
 4.476248388335759 0.3448314058857884
 4.522742039164967 0.3449333630940427
 4.5696186915308665 0.3456700404466764
 4.616905702686081 0.3447545012094246
 4.664589394004297 0.3426879450676974
 4.712669765485517 0.3408199980588367
 4.76116049575605 0.3381113608035372
 4.8100479061895855 0.33563605411414826
 4.859331996786124 0.33296320826788766
 4.909040124798286 0.3320965292574353
 4.959158611599762 0.33241465499302186
 5.009673778564242 0.3326822683434368
 5.0606129829443444 0.3325233787682093
 5.111962546113761 0.3332317384652961
 5.16372246807249 0.33345759358493803
 5.215906427446844 0.33232062917751126
 5.268500745610511 0.3304683648609253
 5.321519101189802 0.328647171698715
 5.374947815558405 0.32594374474107823
 5.428814245968944 0.3226373580670991
 5.483091035168796 0.32007498042409715
 5.537805540410582 0.3202474692047423
 5.592944083067992 0.3193043378217199
 5.648492984514715 0.3161104173504398
 5.704479602003373 0.3131446041594001
 5.760903935533965 0.3092460087740564
 5.81775230648018 0.30495413141562655
 5.87502471484202 0.30017816097484456
 5.932734839245794 0.294824567635399
 5.990882679691501 0.28883683170836554
 6.049454557552833 0.28256472106824903
 6.1084641514561 0.2775441291399701
 6.1679114614013 0.27294035913589015
 6.227782808762125 0.2662543215241504
 6.288105550791194 0.25830921747794532
 6.348852330235887 0.250922606024734
 6.410050504348824 0.24298640274067967
 6.471672715877387 0.23309269843619154
 6.533732643447881 0.22143427899594883
 6.5962439656866225 0.20729924518335124
 6.659179325340987 0.1945862786924178
 6.722566079663596 0.18419345603059483
 6.786390550028139 0.17204186700555382
 6.850652736434617 0.1585455389457991
 6.915352638883029 0.14566056503831822
 6.980490257373376 0.1318943311794003
 7.046065591905656 0.11731870677298625
 7.112092321106181 0.10411768509705668
 7.178543087722331 0.09265703468251757
 7.245445249006725 0.0811442272337614
 7.3127714477067424 0.0707759484322637
 7.380549041075006 0.06278986107881591
 7.448750671858891 0.05518631568766888
 7.517403697311022 0.048739023095176775
 7.586480760178777 0.043798978906796265
 7.656009217714777 0.039831870875163835
 7.7259617126664 0.036225441820416814
 7.796351923659958 0.03172007851383989
 7.867166172069139 0.02692761372701705
 7.938431815146566 0.023235532986930356
 8.010107817013306 0.02053236713733963
 8.08223521354829 0.01839069662366945
 8.154772968872587 0.016592256921516213
 8.227748440238821 0.015033478542510081
 8.301161627646987 0.013658994403665022
 8.374985173844466 0.01243454951667339
 8.44923275745757 0.011336266043340953
 8.523904378486298 0.010346264998903941
 8.599000036930649 9.450546972182618E-3
 8.674519732790625 8.637802536279377E-3
 8.750449787439912 7.898679261012873E-3
 8.826803879504824 7.225302217813559E-3
 8.90355465173274 6.610943843554681E-3
 8.98072946137628 6.049788226093172E-3
 9.058314629809132 5.536759554368173E-3
 9.136310157031298 5.0673908661353255E-3
 9.214702364416468 4.63772394815649E-3
 9.293504930590949 4.244230568985145E-3
 9.372704176928435 3.8837498035986274E-3
 9.452300103428923 3.553437424425476E-3
 9.532292710092415 3.250724654419742E-3
 9.612681996918909 2.9732841299498946E-3
 9.693467963908406 2.7190011956634376E-3
 9.774636932434596 2.4859504881773954E-3
 9.856175223871167 2.2723748669357555E-3
 9.938110195470742 2.0766686676850737E-3
 10.02042816860701 1.8973621560100214E-3
 10.103115464653659 1.7331087680622528E-3
 10.186172083610689 1.5826734940070771E-3
 10.269598025478103 1.444922811316313E-3
 10.353406968882208 1.318815723558177E-3
 10.437557877944075 1.203395759442908E-3
 10.522078109916324 1.0977837545886083E-3
 10.606953986172645 1.0011715305397086E-3
 10.692171828086726 9.128159307542868E-4
 10.77774531428488 8.320336042734188E-4
 10.863660766140795 7.581961397110832E-4
 10.94993186228078 6.907257383392799E-4
 11.036517566825907 6.290910971587435E-4
 11.123445237028795 5.728038187970943E-4
 11.210701194263134 5.21414995691366E-4
 11.298285438528922 4.7451208414510794E-4
 11.386184291199852 4.3171606859054325E-4
 11.474397752275921 3.92678794133543E-4
 11.56292582175713 3.5708058780798676E-4
 11.651754821017171 3.2462795572551784E-4
 11.740884750056042 2.9505157570016863E-4
 11.83031560887374 2.6810433289011675E-4
 11.920047397470269 2.4355959737253041E-4
 12.010052758593007 2.2120957739868313E-4
 12.100359049494575 2.0086382129447214E-4
 12.19092523429604 1.8234782375746913E-4
 12.281778670250027 1.6550175580691035E-4
 12.37289200010391 1.501792765946522E-4
 12.464265223857693 1.3624644068204467E-4
 12.555898341511375 1.2358069115421942E-4
 12.647777674438643 1.1206993441129209E-4
 12.739916901265811 1.0161168227644126E-4
 12.832288664740258 9.211226025954815E-5
 12.92490664348829 8.348608192108376E-5
 13.017743480257291 7.565497993029403E-5
 13.11081285367357 6.854759057473501E-5
 13.204101085110814 6.209877872252594E-5
 13.297594495942716 5.624912497639813E-5
 13.391306764795585 5.0944439027164434E-5
 13.4852105344168 4.613532074906315E-5
 13.579319483432672 4.177675428833097E-5
 13.67361993321689 3.782773515674173E-5
 13.768084526516834 3.425092874121526E-5
 13.862740620585125 3.1012355878540355E-5
 13.957533500916517 2.8081108941139683E-5
 14.05259995377412 2.5429083568992522E-5
 14.14780319289483 2.3030739202841462E-5
 14.24300643201554 2.08628818391645E-5
 14.338483243662456 1.8904456079599326E-5
 14.434096841572474 1.7136365934327053E-5
 14.5298472257456 1.5541303914211436E-5
 14.62573439618183 1.41035984125172E-5
 14.72162156661806 1.2809073568293315E-5
 14.817782309580501 1.16449221581749E-5
 14.913943052542937 1.0599589871513085E-5
 15.010377368031586 9.66267093280536E-6
 15.10667489725713 8.824812342530907E-6
 15.203245999008882 8.077628980805396E-6
 15.299817100760635 7.413625853639092E-6
 15.396524988775493 6.826130232538316E-6
 15.49323287679035 6.3092275310662495E-6
 15.589940764805204 5.857708454091255E-6
 15.686785439083168 5.4670198033655365E-6
 15.783766899624231 5.1332226309951065E-6
 15.880748360165297 4.852956292500416E-6
 15.97759303444326 4.6234083610198415E-6
 16.07471128124743 4.4422908030809064E-6
 16.171692741788497 4.30782176704857E-6
 16.268810988592665 4.21871393314991E-6
 16.365792449133731 4.174189136236864E-6
