 3.4961170564517152E-3 0.19221050936332695
 4.9226244875916584E-3 0.2295975449012691
 6.3658837387069065E-3 0.26232694459269545
 7.826139361913885E-3 0.2911437361119793
 9.30356603729576E-3 0.31631572409341285
 0.010798355912944004 0.3380075291262541
 0.01231071860495842 0.3564001284058888
 0.013840863729438798 0.3717163571854467
 0.015389018370493251 0.3842167533044894
 0.016955339740196626 0.39418670917934406
 0.018540019986640406 0.4019227187126637
 0.02014340846999091 0.40771978584641244
 0.021765662402322982 0.4118611587502145
 0.023406956463719794 0.4146108177853066
 0.0250674653342645 0.41620857516720516
 0.026747713054206593 0.41686825586575804
 0.028447524943462913 0.41677761076773833
 0.030167250362199776 0.41609959299681514
 0.03190723867058352 0.41497416617380966
 0.033667664548697295 0.41352045967409034
 0.03544887735670744 0.4118386028986787
 0.037250877094613936 0.4100119761881536
 0.03907401312258313 0.40810918700622283
 0.04091863480078133 0.40618621640236035
 0.04278491680929171 0.40428819414741706
 0.04467303382819742 0.40245144715324676
 0.046583335217664806 0.40070474131360223
 0.04851617033786018 0.39907027245818643
 0.05047153918878354 0.39756390826186777
 0.052449965810684374 0.39619565876174184
 0.05445145020356269 0.39497084803051674
 0.056476691087751135 0.3938916392785872
 0.05852551378316655 0.3929583590488317
 0.060598267649975244 0.39216921548725786
 0.06269547672842672 0.3915192188916518
 0.06481731569860415 0.3910005201664635
 0.06696395924059068 0.390604759098198
 0.06913593139463578 0.3903246861243796
 0.0713332321607395 0.39015490212362835
 0.07355621089906814 0.3900927591880672
 0.07580539164987117 0.3901389987719026
 0.07808094909323178 0.39029643048655254
 0.08038305790923311 0.3905664960934571
 0.08271224213812467 0.39094554387643076
 0.08506867645998961 0.39142501124875306
 0.08745271023499425 0.3919939707672819
 0.08986469282330492 0.392641748863001
 0.09230497358508798 0.3932982174939586
 0.09477372720042654 0.3941404880576098
 0.0972714777095701 0.3949843934414301
 0.09979839979260184 0.3958957885018043
 0.10235501748977124 0.39688320358177586
 0.10494150548116148 0.3979536088781116
 0.10755821312693885 0.3991095994227915
 0.11020548978726971 0.4003506593815406
 0.11288385950240351 0.4016741064300692
 0.11559367163250661 0.4030738746932975
 0.11833510085766216 0.40454059203623166
 0.12110849653803649 0.4060626029052457
 0.12391438271387907 0.40762595111608757
 0.12675310874535625 0.4092149425344255
 0.12962502399263434 0.4108123681092485
 0.13253047781587967 0.4123997849037479
 0.13546999425534173 0.4139597973914785
 0.13844374799110367 0.4154807810624204
 0.14145226306341501 0.41696118065803355
 0.1444960635125252 0.4184074341744738
 0.14757532401851744 0.4198290441942169
 0.15069056862164117 0.42123671356060304
 0.15384214668206278 0.42264175413924953
 0.1570305822400317 0.4240536221481532
 0.16025622465571426 0.425477257200991
 0.16351959796936 0.4269139410207477
 0.16682087686105204 0.42836161606142503
 0.17016076005112301 0.42981770677324515
 0.17353977157982244 0.4312838266698817
 0.1769579114471503 0.43276529530258106
 0.18041657709377195 0.43426958943805266
 0.18391541915952103 0.43580558007743552
 0.18745443764439748 0.4373809392714465
 0.191035379349233 0.43899651959568164
 0.19465649747319596 0.440643883838482
 0.1983212856179496 0.44230775714032977
 0.20202799698266227 0.4439703645404393
 0.20577837836816564 0.4456181091062957
 0.20957242977445963 0.44724840819000555
 0.213411898002376 0.44886442233348022
 0.217295036251083 0.4504612211182543
 0.2212218445205807 0.4520256353097589
 0.2251958164125323 0.45354713131383656
 0.22921695192693786 0.45502304686529665
 0.2332835042629657 0.4564604572477961
 0.23739722022144751 0.45787617532499996
 0.24155984660321483 0.45928779328508007
 0.24576963660743611 0.4607005114960735
 0.2500300838357746 0.4621020496026276
 0.2543394414873986 0.46347059664444484
 0.2586977095623082 0.4647699920835632
 0.26310663486133495 0.4660597763120882
 0.26756796418531053 0.46727305196353147
 0.2720799507334033 0.46842425228395007
 0.2766460881072765 0.46950551119791616
 0.28126462950609854 0.4705174051283835
 0.2859355749298694 0.47146956500686276
 0.2906606711794206 0.4723722132143384
 0.29544166505558394 0.4732303296768064
 0.30027855655835933 0.4740503172528926
 0.30516959888691524 0.47484936491904794
 0.31012003244374636 0.47563891862033813
 0.31512461682635795 0.47640249328840994
 0.3201903392380765 0.47711049850124653
 0.3253119592764071 0.47775162336445164
 0.33049471734384466 0.47834142975790344
 0.3357368666395576 0.4789066044235689
 0.3410401539643774 0.47945955635567344
 0.3464045793183042 0.4800051455558422
 0.35183014270133794 0.48055828202874545
 0.3573203377151419 0.48113025664780073
 0.36287167075805276 0.4817032611193102
 0.36848938223256544 0.48223879427996385
 0.3741699785370167 0.4827035600649614
 0.37991870007390143 0.48309325810819614
 0.3857320532415564 0.4834422196341745
 0.39161178484081315 0.4837945497929738
 0.397561388473335 0.48414697921818733
 0.4035791173382903 0.48445199306091674
 0.4096649714356791 0.4846527012155659
 0.4158224443671646 0.48472657005165653
 0.42204978933191517 0.48471505094948763
 0.428350499931594 0.48466536395821685
 0.43472282936536965 0.4846002736833175
 0.4411685244340736 0.4845201706544887
 0.4476875851377059 0.4844175295743338
 0.4542835050779298 0.4842885970266326
 0.460952790653082 0.48413092749972547
 0.4677006822656574 0.48397054994234983
 0.47452717991565607 0.4838526041213853
 0.48143053680224634 0.4837904543567168
 0.4884124997262598 0.4837489482576536
 0.4954765622893597 0.4836697305323555
 0.5026209776907145 0.4835144082422286
 0.5098474927311558 0.4832758069372178
 0.5171561074106835 0.48294257789434646
 0.524550315330961 0.4825093809863271
 0.5320283696911565 0.4820114720667036
 0.5395920172921018 0.4815017181144661
 0.5472412581337968 0.4809745631098217
 0.5549795858179047 0.4804578505462336
 0.5628070003444258 0.4798579107432738
 0.5707217549125281 0.47928738023326594
 0.5787290899247067 0.4786516522706894
 0.5868272585801299 0.477924919914901
 0.5950180076796292 0.4771257079883294
 0.6033030840240365 0.47626956827493643
 0.6116824876133516 0.4753901627842153
 0.6201562184475747 0.4745566020088752
 0.6287277701283688 0.4738039322351127
 0.6373988894565656 0.473097028391864
 0.6461660828305019 0.47241592859846104
 0.6550345906526727 0.4717339633008247
 0.6640044129230778 0.47100036972962833
 0.6730755496417172 0.4701526185387279
 0.6822497476094226 0.469151011871621
 0.6915287536270257 0.4680606616784683
 0.700914314495358 0.4668872648666701
 0.7104046834135881 0.465538889611168
 0.7200033539833789 0.464020708793669
 0.7297120730055622 0.4624033649816288
 0.7395308404801381 0.46076047612701115
 0.7494596564071063 0.4591659168122442
 0.7595037611889622 0.4576363481889576
 0.7696596612240421 0.45619133673303885
 0.7799308501140093 0.45478975729645965
 0.7903173278588639 0.45339207725142877
 0.8008225880602693 0.4520042242486088
 0.8114466307182252 0.45060214239507206
 0.8221912026335635 0.44910599764060665
 0.8330580506071155 0.4473826680081428
 0.8440454278380499 0.44532041174787534
 0.8551585747288614 0.44282525880025
 0.8663957444787184 0.4399085225739185
 0.8777604306892842 0.4367805143641833
 0.8892526333605589 0.4335997375985626
 0.9008740992933739 0.4303630732480428
 0.912626575288561 0.4270330677196989
 0.9245118081469517 0.4236009783071821
 0.936529797868546 0.4200860376337443
 0.9486840380550072 0.4163037126303627
 0.9609745287063354 0.412220928124989
 0.9734012698225305 0.4080764424687678
 0.9859695018060874 0.40378922005889106
 0.9986774778561744 0.3990449739371069
 1.011528691574455 0.39364372538015757
 1.0245231429609287 0.3875311783277408
 1.0376625788164277 0.38080710831314162
 1.0509487459417834 0.37363412006643204
 1.0643833911378273 0.3661609600769013
 1.0779682612053911 0.35930098989055925
 1.0917051029453066 0.35066077294322223
 1.1055956631584051 0.3427766379319791
 1.119639941844687 0.33505509845023973
 1.1338396858049832 0.327533184487333
 1.1481983886409581 0.3201585311724597
 1.1627177971534425 0.3128883358838199
 1.177396164541605 0.30558314607900183
 1.19223873120794 0.2981104518872092
 1.2072472439532802 0.29063872257328843
 1.222419955976793 0.28313715335328065
 1.2377621076809737 0.2752183362367241
 1.2532736990658221 0.26678821282445414
 1.2689564769321701 0.25813447799974015
 1.2848121880808491 0.24956977895138296
 1.300842579312691 0.24111455886573052
 1.3170511442293588 0.23261813346709414
 1.3334378828308524 0.22418812346467675
 1.3500045419180037 0.21584643992765698
 1.3667546150924758 0.2076717445094342
 1.3836881023542688 0.19963013423263703
 1.4008067505042143 0.19182030994044771
 1.4181140531439755 0.18452519708201317
 1.435611757074384 0.1778595430402438
 1.4532998622954398 0.1716240301576751
 1.4711818624088064 0.16512526272108635
 1.489259504215315 0.15804804206577058
 1.5075345345157975 0.1509378382657313
 1.5260104469119173 0.14363770078825627
 1.5446854946028425 0.13714545272506847
 1.563564917991068 0.1322577664367795
 1.5826504638774254 0.12778409887150446
 1.6019421322619151 0.12369356807510166
 1.6214451635470314 0.12022316433769793
 1.6411578109319431 0.1172357998749573
 1.661085314819145 0.11399567893745009
 1.6812294220094685 0.1110276517390153
 1.701590132502914 0.10900576252653335
 1.7221709399011442 0.10748928045112212
 1.7429735910049912 0.10577609774240386
