 0.0E+0 0.0E+0
 2.4756914971001483E-4 9.939180000000047E-3
 7.456180001782157E-4 0.02993203
 1.2495266601998558E-3 0.05014205000000005
 1.7593663015508882E-3 0.07053812999999998
 2.2751931124754863E-3 0.09106959999999997
 2.7970944969090295E-3 0.11166715000000005
 3.325132886233934E-3 0.13224599999999997
 3.8593769549708544E-3 0.15271091000000003
 4.39990162077869E-3 0.17296177999999995
 4.946781801316337E-3 0.19289931999999998
 5.5000986573809345E-3 0.21242992000000004
 6.059908377216656E-3 0.23146944999999996
 6.626279635344158E-3 0.24994583999999997
 7.19933729452827E-3 0.26780054
 7.779137543013162E-3 0.2849889
 8.365742812181255E-3 0.30147987
 8.959215533414958E-3 0.31725502000000005
 9.559743000861516E-3 0.33230720999999996
 0.010167262783138517 0.34663906
 0.010781899743010788 0.36026133000000004
 0.01140377874324316 0.37319126999999996
 0.012032962215218044 0.38545116999999995
 0.012669575021700274 0.39706693000000004
 0.013313617162689848 0.40806699
 0.013965213500951593 0.41848133
 0.014624488899250342 0.42834070999999995
 0.015291505788968509 0.4376761
 0.015966326601488504 0.44651817000000004
 0.016649076199575164 0.45489692000000003
 0.017339879445993314 0.46284139999999995
 0.018038736340742954 0.47037951
 0.018745834177971328 0.47753785000000004
 0.019461172957678435 0.48434164999999995
 0.020185002405393937 0.49081470000000004
 0.020917260089735417 0.49697936
 0.021658070873467705 0.5028566
 0.022407622050738044 0.50846601
 0.023165976052928846 0.5138259000000001
 0.023933195311422534 0.5189533399999999
 0.024709467120366344 0.52386418
 0.025494791479760282 0.52857305
 0.026289293252369172 0.53309332
 0.02709315973234026 0.5374371600000001
 0.027906453351055963 0.54161567
 0.02872923653989869 0.5456391300000001
 0.029561696593015687 0.5495171
 0.030403895941789375 0.5532585
 0.03125595944898457 0.55687144
 0.03211801197736612 0.56036329
 0.03299017838969884 0.56374077
 0.03387252111736515 0.56701015
 0.03476522745451229 0.57017758
 0.03566835983252268 0.57324921
 0.03658210554554356 0.57623121
 0.03750652702495734 0.57912966
 0.038441749133528865 0.58195034
 0.03938789673402295 0.58469862
 0.04034515712058684 0.58737938
 0.041313655155985375 0.58999698
 0.04229345327160096 0.59255517
 0.043284676330198425 0.59505707
 0.044287511625925014 0.5975053699999999
 0.04530208402154556 0.5999026000000001
 0.046328518379824885 0.60225125
 0.04736693956352783 0.6045537599999999
 0.048417534866801635 0.60681238
 0.04948036672102871 0.60902905
 0.05055562242035631 0.6112052800000001
 0.05164348925893165 0.61334221
 0.05274402966813718 0.61544081
 0.053857430942120115 0.6175022299999999
 0.05498381794364531 0.61952801
 0.05612337796686 0.62151986
 0.057276235874529 0.62347945
 0.058442578960799573 0.6254085300000001
 0.059622469657054123 0.62730911
 0.06081615768882231 0.62918352
 0.06202383035025138 0.63103409
 0.06324548764134133 0.63286286
 0.06448162901315149 0.63467155
 0.06573212960291702 0.63646157
 0.0669969894106379 0.63823377
 0.06827683275013832 0.63998825
 0.0695710353075941 0.6417245899999999
 0.07088084571065355 0.64344238
 0.07220563964549252 0.6451414
 0.07354604142593514 0.64682171
 0.07490205105198143 0.64848364
 0.07627429283745553 0.65012772
 0.0776621424685333 0.65175492
 0.07906559994521471 0.6533668
 0.0804859138951481 0.65496531
 0.08192308431833345 0.65655242
 0.0833764869009466 0.6581299
 0.08484674595681171 0.6596991
 0.08633448579975292 0.6612608600000001
 0.08783908211594608 0.66281568
 0.0893617835330395 0.66436421
 0.09090196573720902 0.6659073099999999
 0.09245962872845465 0.66744542
 0.09403539682060051 0.66897801
 0.0956298943274708 0.67050381
 0.09724249693524131 0.67202143
 0.09887445327156036 0.67352944
 0.10052513902260382 0.6750266
 0.10219455418837169 0.6765127799999999
 0.10388332308268809 0.67798932
 0.10559207001937716 0.67945798
 0.10732079499843894 0.68091965
 0.10906887370604927 0.6823740899999999
 0.11083817908368057 0.68382067
 0.11262683818986041 0.6852591800000001
 0.11443734827988537 0.68669033
 0.11626783641228304 0.68811601
 0.11812017552852583 0.6895382800000001
 0.11999374131478961 0.69095783
 0.12188915808489852 0.69237461
 0.12380642583885254 0.6937896800000001
 0.1257455445766517 0.69520499
 0.1277077629259443 0.69662198
 0.129691832259082 0.69804138
 0.13169962551753727 0.69946443
 0.13372989407366184 0.7008926799999999
 0.1357845108689281 0.70232611
 0.1378622272756878 0.70376247
 0.13996366760776504 0.70519786
 0.1420900804928082 0.70662868
 0.14424084161699302 0.70805376
 0.14641595098031956 0.70947413
 0.14861665721043615 0.71089128
 0.15084233599351856 0.71230657
 0.15309423595721513 0.7137210199999999
 0.15537173278770172 0.7151347699999999
 0.15767545079880246 0.71654741
 0.16000538999051736 0.71795778
 0.16236279899049471 0.71936321
 0.1647464291710862 0.72076049
 0.16715815347376428 0.72214807
 0.169597971898529 0.72352705
 0.17206526013155612 0.72490078
 0.17456064248666985 0.72627286
 0.17708536759151846 0.72764449
 0.17963881113227783 0.7290152
 0.18222159742277208 0.73038366
 0.18483372646300122 0.73174805
 0.18747644688061351 0.73310739
 0.19014913436178487 0.73446225
 0.1928524132203394 0.73581527
 0.19558628345627712 0.73717097
 0.1983519936972463 0.73853545
 0.20114954394324693 0.7399137499999999
 0.20397830988045492 0.74130613
 0.2068401644503427 0.74270899
 0.2097344833390861 0.7441187300000001
 0.21266189086050918 0.7455325500000001
 0.21562301132843625 0.74694631
 0.21861784474286721 0.74835818
 0.2216463911038021 0.74977451
 0.2247098990388892 0.75120391
 0.2278089928619526 0.75264835
 0.23094242394534411 0.75410546
 0.2341120652305361 0.7555698200000001
 0.2373179167175286 0.75703073
 0.2405599784063216 0.7584809
 0.24383887461073922 0.75992507
 0.24715522964460567 0.7613746
 0.25050966782174505 0.76283819
 0.2539015648283332 0.76431773
 0.25733216929201846 0.76581003
 0.2608021055266249 0.76731088
 0.26431137353215267 0.7688173
 0.26785997330860156 0.7703272
 0.2714497777974442 0.77184287
 0.2750795383710322 0.77337111
 0.27875050365701387 0.77491523
 0.28246267365538924 0.77647433
 0.28621729699380654 0.77804406
 0.29001437367226584 0.77962287
 0.2938545280045912 0.78121547
 0.2977383843046068 0.78282159
 0.3016653182584886 0.78443423
 0.3056372028077089 0.78604696
 0.30965341363844356 0.78765573
 0.31371519937834096 0.7892581599999999
 0.3178225600274011 0.79085559
 0.3219761198994481 0.79245382
 0.326176503308306 0.79405507
 0.33042433456779907 0.79565376
 0.3347196136779273 0.79724901
 0.3390635892663389 0.79885199
 0.343456261333034 0.80047355
 0.3478976298780125 0.80211722
 0.3523895678427469 0.80377649
 0.356931450913413 0.80544457
 0.3615245277176591 0.80712055
 0.3661687982554852 0.80880154
 0.3708648868407155 0.81048747
 0.3756134177871741 0.8121782399999999
 0.38041501540868516 0.81387651
 0.3852703040190728 0.81558884
 0.39017990793216122 0.81731053
 0.39514445146177457 0.81903188
 0.4001639346079128 0.82075595
 0.4052389816843999 0.8224930500000001
 0.41037084131888457 0.82424668
 0.41556013782519063 0.82600588
 0.42080624688949402 0.82776167
 0.42611104145326716 0.82952495
 0.4314751458303343 0.8313033599999999
 0.43689793570687113 0.83309415
 0.44238128402435022 0.83490065
 0.44792519078277154 0.8367241599999999
 0.4535302802959592 0.83856359
 0.45919717687773736 0.84042002
 0.46492650484193015 0.8422853
 0.47071951281618595 0.8441468599999999
 0.47657620080050466 0.84599353
 0.4824971931087105 0.8478181
 0.48848373836845165 0.84962704
 0.4945358365797282 0.85143862
 0.5006541120563643 0.85325611
 0.5068398134260084 0.85508591
 0.5130935650024843 0.85694255
 0.5194153667857921 0.8588217499999999
 0.5258064674035803 0.86071244
 0.5322674911696728 0.86260967
 0.5387990623978939 0.86450214
 0.5454024297158919 0.86637369
 0.5520769688098427 0.86823801
 0.5588245526212184 0.87012122
 0.5656458054638436 0.8720313
 0.572540727337718 0.87397211
 0.5795111911843142 0.87593665
 0.5865565726898079 0.8779094199999999
 0.5936787447956716 0.87988093
 0.6008783318157296 0.8818602
 0.6081553337499817 0.88387032
 0.6155109992260762 0.88591564
 0.6229459525578375 0.88797354
 0.6304633153143859 0.89002945
 0.6380549714160079 0.8920859
 0.6457340314530103 0.8941505
 0.6534942522871519 0.89621747
 0.6613418770566739 0.89827831
 0.6692644194850935 0.900319772
 0.6772806089871352 0.902351524
 0.6853779592863158 0.904390314
 0.693562713520877 0.906419618
 0.7018348716908187 0.908439665
 0.7101944337961408 0.91047936
 0.7186413998368436 0.912533589
 0.7271820129511682 0.914572657
 0.735816273139115 0.916594575
 0.7445316941242007 0.91861494
 0.7533470053211498 0.920635861
 0.762255963591721 0.922664283
 0.7712585689359142 0.924712871
 0.7803485782154879 0.92676552
 0.7895447208451664 0.928809698
 0.7988282674102255 0.930867326
 0.8082179473253894 0.932945016
 0.8177012743141755 0.9350210999999999
 0.8272844915148249 0.93708154
 0.8369675989273376 0.939147503
 0.846750596551714 0.941245722
 0.8566397275261953 0.943351301
 0.8666287487125399 0.945446419
 0.8767239032489895 0.947546298
 0.886925191135544 0.949639889
 0.897226369233962 0.951710986
 0.9076399238207264 0.95375383
 0.9181533686193541 0.955762367
 0.9287854330445698 0.957737033
 0.9395173876816489 0.95969395
 0.9503679619453157 0.961632002
 0.9613246695590876 0.963533564
 0.9723937536612057 0.965397978
 0.9835814573899118 0.967236386
 0.9948752944687227 0.969046771
 1.0062877511741215 0.970828151
 1.0178188275061081 0.972566687
 1.0294622803264412 0.974234161
 1.0412305959116034 0.975854858
 1.053111287985112 0.9774458
 1.0651168428234503 0.978998563
 1.0772410172883761 0.980504949
 1.0894838113798896 0.981963506
 1.1018577113744743 0.983376813
 1.1143502309956465 0.984709155
 1.1269676133816481 0.985967207
 1.1397098585324791 0.987175771
 1.1525832095863808 0.988333776
 1.1655814234051118 0.98942403
 1.1787107431269137 0.9904350424
 1.1919711687517862 0.991377467
 1.2053627002797295 0.9922633632
 1.2188853377107435 0.9930729457
 1.2325390810448284 0.9937989381
 1.2463239302819841 0.9944710027
 1.2602523716986935 0.9951019887
 1.2743119190184735 0.9956636882
 1.288508815379566 0.9961372865
 1.3028430607819707 0.9965427545
 1.3173146552256875 0.9969036496
 1.331929841848958 0.9972331542
 1.3466886206517825 0.9975460984
 1.361584748495919 0.9978460186
 1.3766244685196091 0.9981239695
 1.3918140238610943 0.9983743377
 1.407140928243892 0.9985992375
 1.4226239110827263 0.9988062533
 1.4382442429628727 0.9989994144
 1.4540206532990558 0.9991719181
 1.4699406558147927 0.99931199971
 1.486010493648325 0.99942191735
 1.5022364099378933 0.99951049488
 1.5186121615452572 0.99958381386
 1.5351439916086575 0.99964938588
 1.5518256569898534 0.99971007659
 1.5686696439653271 0.99976267529
 1.585663466258596 0.99980851942
 1.6028196101461427 0.9998482871
 1.6201318324897264 0.99987831682
 1.6376001332893466 0.99989855232
 1.6552307556832448 0.999912936509
 1.673029942809663 0.99992434158
 1.6909852083921177 0.999933689341
 1.70910279556885 0.999941983183
 1.727382704339861 0.999950847062
 1.7458311778433912 0.999960555669
 1.7644482160794412 0.99996984639
 1.783227575909769 0.999977108979
 1.802181743610858 0.999981812538
 1.8212982329062252 0.99998472796
 1.8405895300723538 0.999986837336
 1.8600493919710012 0.999988615561
 1.8796778186021685 0.9999901524203
 1.8994872962423385 0.9999913871937
 1.9194653386150277 0.9999922202118
 1.9396181888584782 0.9999929471906
 1.9599458469726895 0.9999940517261
 1.980448312957662 0.9999953155704
 2.001131829951637 0.9999962561996
 2.021990154816373 0.9999968443253
 2.043029530690111 0.999997276041
 2.0642499575728523 0.9999976934251
 2.0856451923263543 0.9999981751727
 2.1072277212271006 0.9999987017397
 2.128991301136849 0.9999991435483
 2.1509359320556 0.99999942763841
 2.1730678571215946 0.9999995970428
 2.1953808331965922 0.99999971156756
 2.217874860280592 0.99999979764314
 2.2405624246500774 0.99999986423801
 2.2634372831668065 0.99999991383741
 2.2864931926925384 0.999999947701546
 2.3097426395037556 0.99999996930855
 2.333179380462217 0.999999982300796
 2.356803415567922 0.999999989909496
 2.3806209879591126 0.9999999939061887
 2.404625854497547 0.9999999954315572
 2.4288242583214674 0.9999999957704476
 2.453209956292631 0.999999995955342
 2.477795434687522 0.999999996367967
 2.502568207229657 0.9999999969028343
 2.5275407601955186 0.999999997489619
 2.552706850446866 0.9999999980842792
 2.5780602348454566 0.9999999986176524
 2.603613399667775 0.9999999990660898
 2.62936634491382 0.9999999994185669
 2.65531282744535 0.9999999996713314
 2.6814528472623657 0.999999999829861
 2.7077926475031084 0.9999999999186209
 2.734332228167578 0.9999999999646614
 2.7610653461175327 0.999999999985459
 2.787998244491215 0.9999999999937567
 2.8151309232886232 0.9999999999972393
 2.8424571393715174 0.9999999999989153
 2.86998937901638 0.9999999999996864
 2.8977151559467282 0.9999999999999386
 2.9256469564390443 0.9999999999999915
 2.9537722942168462 0.999999999999999
 2.9820974124183745 0.9999999999999999
 3.0106285541818715 1.0
 3.0393532332308543 1.0
 3.068283935841805 1.0
 3.0974144188764825 1.0
 3.126744682334887 1.0
 3.1562747262170183 1.0
 3.186004550522877 1.0
 3.2159341552524622 1.0
 3.2460697835440157 1.0
 3.276398949121055 1.0
 3.3069341382600625 1.0
 3.337662864684555 1.0
 3.3685976146710165 1.0
 3.3997259019429626 1.0
 3.4310602127768774 1.0
 3.462588060896278 1.0
 3.4943219325776473 1.0
