 6.325609095029556E-4 0.9999738558056745
 1.9051194419295112E-3 1.0002352519653243
 3.192650302148037E-3 1.000943314931007
 4.495335340293658E-3 1.0021236410097524
 5.813318122262528E-3 1.003714157646498
 7.14682197278199E-3 1.005613173565141
 8.496006409514437E-3 1.0077153104478315
 9.861046901888496E-3 1.0098806743163308
 0.011242134871099041 1.011987506070341
 0.012639461738340935 1.0139348870381517
 0.014053234876575288 1.015664609501839
 0.01548359785169825 1.017135991815089
 0.016930726133138451 1.0182773641296936
 0.018394938756220675 1.019096979542443
 0.019876379286841067 1.0196428399185222
 0.021375207242662026 1.019927243353746
 0.022891582141345935 1.019919595968246
 0.024425982535879967 1.0197156493954566
 0.025978248908601737 1.0193672192057094
 0.02754870029483602 1.0188273413786124
 0.029137655729907598 1.0181523542149413
 0.030745274731478863 1.0173674331271245
 0.032371876334874594 1.016510114727335
 0.034017460540094794 1.015591472488108
 0.03568234638246424 1.0145905568392477
 0.03736685289730772 1.013533236406665
 0.03907113960228761 1.0124371369193547
 0.040795366015066315 1.0112933309803904
 0.04253985117096862 1.0100984354855431
 0.04430491410531928 1.0088819349850117
 0.04609055481811833 1.0076384313046298
 0.04789725186235291 1.0063711153254464
 0.04972500523802304 1.0050740242998044
 0.051574453015778273 1.0037561552635276
 0.05344543567795622 1.002430856467933
 0.055338272259881665 1.0010704724794112
 0.05725344131454178 0.9996844947645587
 0.05919110235959894 0.9982854364861616
 0.061151414912715564 0.9968624504401078
 0.0631348575268788 0.9954197924656322
 0.06514143020208867 0.9939582282611414
 0.06717145197366992 0.9924595110394093
 0.06922540139460975 0.9909247827896132
 0.07130343798257054 0.9893576416415916
 0.07340572125521468 0.9877452889134607
 0.07553272976552936 0.986083868849561
 0.07768462303117694 0.9843725892755768
 0.07986172008748221 0.9826043486963905
 0.08206433996976997 0.9807778150298695
 0.08429280171336499 0.9787595889609979
 0.08654726483592966 0.9769660897317226
 0.08882820789045114 0.9749948108153106
 0.09113579039459183 0.9729939768984037
 0.0934704909013389 0.9709731332203275
 0.09583246892835476 0.9689408192527105
 0.09822204351096415 0.9668992526605515
 0.1006395336844919 0.9648495513051891
 0.10308541800192512 0.9627963177061636
 0.10556001549858866 0.9607507749858658
 0.10806348569214486 0.9587213421057466
 0.11059614761791853 0.9567121249354362
 0.11315847982889682 0.9547260889707447
 0.11575080136040453 0.9527625692303104
 0.1183734312477664 0.9508158557574173
 0.12102668852630727 0.9488790635977438
 0.12371105174901428 0.9469496021733432
 0.12642668043354982 0.9450228256302287
 0.1291740531329011 0.9430892097695266
 0.1319536484000552 0.9411421542655302
 0.13476562575267461 0.9391706848068357
 0.13761046374374641 0.9371624134560803
 0.1404884814085955 0.9351087597560584
 0.14340015730020894 0.9330035911347587
 0.14634581045391154 0.9308422515053014
 0.14932591942269052 0.9286227259247596
 0.15234064372420821 0.9263403992022676
 0.1553906214291142 0.9239886825621865
 0.15847633109039563 0.9215710379512217
 0.16159777270805256 0.919087938488875
 0.16475622242338408 0.9165505025369283
 0.16795136120106543 0.9139719162811769
 0.17118318904109655 0.9113403625786728
 0.1744533011201014 0.9086589170146573
 0.17776010226145608 0.9059172926600585
 0.18110678281840836 0.9031086303671894
 0.18449174761433437 0.9002247427170531
 0.18791659182585801 0.8972461367428075
 0.19138131545297923 0.8941724663979823
 0.19488751367232201 0.8910138693860115
 0.1984335913072624 0.8877791466586865
 0.2020195483578004 0.8844516523253733
 0.20564857517718382 0.8810403184651056
 0.2093206717654127 0.8775782890641325
 0.21303424294586306 0.8740763721479812
 0.2167908838951589 0.8705367350119232
 0.22059218978992406 0.8669778655014765
 0.22443656545353463 0.8633942872414224
 0.22832720123923846 0.8597806454632866
 0.23226250197041162 0.8561380543733391
 0.23624246764705411 0.8524388185297087
 0.24026869344578985 0.8486961600597283
 0.24434277454324274 0.8448974742570896
 0.24846311576278884 0.8410422533849881
 0.25263290745767597 0.8371221355645244
 0.25685055445128035 0.8331310830532311
 0.2611160567436018 0.8290427858940533
 0.2654310095112643 0.824841295030659
 0.26979700793089173 0.8205235859732062
 0.27421405200248416 0.8160927072738968
 0.27868054654941765 0.8115328595156287
 0.28320127710156384 0.8068523159358558
 0.2877714581290511 0.8020442349407584
 0.29239747033837504 0.7971081696557564
 0.2970745281996639 0.7920555437429133
 0.3018074172427895 0.7868961908423513
 0.3065945422911278 0.781667210362142
 0.31143749852130286 0.7763821664921491
 0.3163362859333145 0.771043518416872
 0.3212909045271628 0.765621425704559
 0.32630454465609565 0.7600957030024227
 0.3313740159668651 0.7544539691503112
 0.33650410398934293 0.7486954839632696
 0.3416916183702814 0.7428206065277304
 0.3469413446395521 0.7368309499131216
 0.3522500924439073 0.7307310366413605
 0.3576194569599709 0.7245016926096459
 0.3630526285409907 0.7181516770102643
 0.36854801201034276 0.7116837270157502
 0.37410560736802705 0.7050738470452658
 0.37972860496729154 0.6983150065901366
 0.38541540963151216 0.691409609610728
 0.39116921171393675 0.6843758892165734
 0.39698841603794154 0.67723757934035
 0.40287461778015026 0.6700048888787699
 0.408827816940563 0.6626720262696733
 0.4148512038724276 0.6552314954743705
 0.4209415882224961 0.6476812333727299
 0.4271037555206404 0.6400296594175722
 0.43333770576686037 0.6323019923381412
 0.4396418437845322 0.6245044053460785
 0.4460177647502797 0.6166172800105594
 0.4524686590173507 0.608605676701784
 0.4589929314091214 0.6004267931059737
 0.4655921771022156 0.5920498731162334
 0.4722663960966333 0.5834703142365266
 0.4790187787456223 0.5747022899151363
 0.4858477298725588 0.5657497128552049
 0.4927548446540666 0.5566175448118769
 0.4997401230901458 0.5473165151337693
 0.5068067555340441 0.5378330008386935
 0.5139547419857615 0.5282444764837877
 0.5211824872686741 0.5184925624285664
 0.5284947769126539 0.5086255283524442
 0.5358900157410765 0.4986620585183927
 0.5433697989305661 0.48862378280104973
 0.5509357216577467 0.4785455584983744
 0.5585877839226181 0.46844685165694804
 0.5663259857251803 0.45830613536929976
 0.5741535174186811 0.44808264306726686
 0.5820719741797447 0.4377664625594733
 0.5900781656551228 0.4273591844176717
 0.5981768773746875 0.41682649446998876
 0.6063681093384388 0.4061309973614804
 0.6146518615463764 0.3952682838930508
 0.6230297291751243 0.38425441810573074
 0.6315033074013068 0.37313267922503207
 0.6400741914015472 0.36198589776460277
 0.6487407859992221 0.3508519493610566
 0.6575062815475791 0.3397079328056264
 0.6663722732232419 0.3285248144062803
 0.6753387610262108 0.31730123776973823
 0.6844057449564858 0.30606351753079785
 0.6935780105439384 0.29484411455411874
 0.702852367435321 0.28366683607645565
 0.7122320059838811 0.27256558268924724
 0.7217169261896191 0.26156949314289434
 0.7313103184057828 0.2506440681224376
 0.7410121826323718 0.23975202236026552
 0.7508241140460102 0.22891980140226128
 0.760747707823322 0.21822769715118783
 0.7707813687876833 0.20776858525607472
 0.7809298824689657 0.1976200332467921
 0.7911916536905452 0.1877911717278505
 0.8015698728056699 0.1782111245449743
 0.8120645398143397 0.1688663743087852
 0.8226772498931784 0.1597732252526619
 0.83340959821881 0.1508865049445352
 0.8442631799678583 0.14214998128409506
 0.8552379951403233 0.13355467985569163
 0.866337234089453 0.12515566944469347
 0.8775608968152471 0.11702725951533062
 0.888908983317706 0.10919531803394597
 0.9003862791267011 0.10165339451682713
 0.9119911890656085 0.09441550401303073
 0.9237269034876762 0.08750351835584294
 0.935593422392904 0.08093254408167375
 0.947592340957916 0.07469834624154854
 0.959725254359336 0.06876885809344216
 0.9719937577737879 0.063113220934791
 0.9843994463778956 0.05787491439653045
 0.996943915348283 0.05259565529427551
 1.009628759861574 0.04768437933178648
 1.0224539799177687 0.04299375086248774
 1.0354211706934906 0.03857720569882061
 1.0485335225419882 0.0344747266623894
 1.061792630639885 0.030702018938283746
 1.0751968998105572 0.027253784418600355
 1.0887511155838762 0.024108991878746176
 1.1024568731364665 0.021262699639687174
 1.1163125772917035 0.018739915008202785
 1.1303230135794595 0.016550612581269802
 1.1444881819997341 0.014662954062020835
 1.1588096777291516 0.013042239407474494
 1.1732890959443353 0.011655548441477679
 1.1879280318219098 0.010458993376457967
 1.2027296757151226 9.428579156563883E-3
 1.2176940276239736 8.551817378847897E-3
 1.2328226827250867 7.79933512358284E-3
 1.24811883137171 7.140153646011345E-3
 1.263582473563843 6.548881104214349E-3
 1.2792152044781104 6.002384117617172E-3
 1.2950202144677591 5.49667987275971E-3
 1.3109990987094135 5.048871796906645E-3
 1.3271518572030736 4.678182882053184E-3
 1.3434816803019871 4.3999261466039E-3
 1.359990163182778 4.214385407468944E-3
 1.37667890102207 4.103027281158439E-3
 1.3935510841731113 4.041661157782805E-3
 1.4106051174592775 4.006622515954032E-3
 1.4278457864104405 3.974495450699889E-3
 1.4452746862032246 3.925211005393789E-3
 1.4628918168376292 3.8460850099735397E-3
 1.4807019638435263 3.728737976467812E-3
 1.4987035320442922 3.569693320846476E-3
 1.516901306969798 3.37862028768308E-3
 1.5352968837966685 3.1731503715029E-3
 1.553890262524903 2.9695365209565054E-3
 1.5726846335077493 2.781150461502923E-3
 1.5916815919218316 2.617090406840221E-3
 1.6108891136502696 2.48436841887603E-3
 1.6302864613969518 2.384428238773868E-3
 1.649907133870981 2.307558461829372E-3
 1.669735179306118 2.245436502122754E-3
 1.6897865494686012 2.1958813435925864E-3
 1.7100293408259532 2.1480250899298045E-3
 1.730511408676891 2.0781674381768642E-3
 1.7512008494889363 1.9612848760161257E-3
 1.7721136150283283 1.7866068399038273E-3
 1.793249705295067 1.5754247869217672E-3
 1.8146091202891523 1.3868361106520474E-3
 1.8361918600105844 1.1954854922981712E-3
 1.8580138762256022 1.1415845393619498E-3
 1.8800751689342056 1.1691846737701737E-3
 1.9023438346039167 1.2116178700886867E-3
 1.9248677285334525 1.3771785573090337E-3
 1.9476308989565742 1.5545094141895855E-3
 1.9706333458732814 1.715189150997063E-3
 1.9938591175173356 1.8448365037377642E-3
 2.0173560691874534 1.9407057636215412E-3
 2.041076345584918 2.0146559700276217E-3
 2.065067802008446 2.0910731902181864E-3
 2.08929853492556 2.1749252059022E-3
 2.113784496102499 2.2347944257842342E-3
 2.1385256855392622 2.2468300201133892E-3
 2.163522103235851 2.2234623442878424E-3
 2.188789700958503 2.1938885821019332E-3
 2.21431252694098 2.1663208502515564E-3
 2.2401065329495204 2.1996851958575305E-3
 2.266171718984125 2.2564387400798224E-3
 2.2924921332785546 2.465127013965544E-3
 2.3190996793652867 2.7862530976095734E-3
 2.3459624537118437 3.1340069732876322E-3
 2.373128311616943 3.389898304105033E-3
 2.4005493977818663 3.505979736101779E-3
 2.4282735675053315 3.549655145314949E-3
 2.456268917254861 3.6385467713104815E-3
 2.484551398796693 3.8142468228943393E-3
 2.5131369638970673 4.010181390208823E-3
 2.5419937090235054 4.166521653533009E-3
 2.571153537708485 4.313497752964359E-3
 2.6006164499520072 4.494274412225311E-3
 2.630366493987832 4.722886634471145E-3
 2.6604355733484377 5.021827968545772E-3
 2.6907917845013455 5.463292216097729E-3
 2.7214670309790354 5.979148611773542E-3
 2.752445361015267 6.3928006836559934E-3
 2.78372677461004 6.75144904296671E-3
 2.8153431752958333 7.060007562904938E-3
 2.8472626595401684 7.272573527380066E-3
 2.8795011791092846 7.4293545632348094E-3
 2.9120587340031813 7.52947582829408E-3
 2.9449512759880986 7.629849813037957E-3
 2.978162853297797 7.87898372757323E-3
 3.0117094176985146 8.188891969001294E-3
 3.045590969190253 8.383840889478968E-3
 3.079807507773011 8.492466263985723E-3
 3.114359033446789 8.507133888308904E-3
 3.149245546211587 8.491165137098779E-3
 3.1844670460674056 8.360948220155434E-3
 3.2200554365467217 8.049407786503385E-3
 3.255978814117058 7.756447744575545E-3
 3.292253130544653 7.74641755550544E-3
 3.328878385829508 7.7781812420584925E-3
 3.365854579971621 7.817845094406991E-3
 3.403197664737233 7.93290890412994E-3
 3.4409076401263423 8.054571437946105E-3
 3.4789685543727113 8.029906262990745E-3
 3.5173963592425776 8.172300408028176E-3
 3.5562070065021815 8.281394128586325E-3
 3.595368592619045 8.493618285286067E-3
 3.634928972891884 8.576230165776194E-3
 3.6748402920219822 8.643298903249864E-3
 3.715150405308057 8.596094322156465E-3
 3.755827409217629 8.493196044724611E-3
 3.796887255516939 8.242722849513837E-3
 3.838345895972225 7.592318626501876E-3
 3.880187378817248 6.857948145204221E-3
 3.9224276558182475 6.3481658265108435E-3
 3.965050775208984 5.871963092217956E-3
 4.008088640521936 5.280003343313672E-3
 4.0515093482246244 4.602042614771932E-3
 4.095344801849528 4.122574344767204E-3
 4.139579049630409 3.8399379119826264E-3
 4.184212091567265 3.505444251265351E-3
 4.229259879426337 3.1868640388645185E-3
 4.274738364973864 2.703716929554976E-3
 4.320615644677366 2.25289930605636E-3
 4.366907670303083 2.4191983573955255E-3
 4.413614441851016 2.5699491656859057E-3
 4.460751911087403 2.983264611466713E-3
 4.508320078012244 3.3608339376808276E-3
 4.556302990859301 3.53819602323962E-3
 4.604732553161051 3.5135714856173176E-3
 4.653576861385016 3.4394190635480227E-3
 4.702867819063675 3.245577822255059E-3
 4.7525894744307874 2.749845383805919E-3
 4.802741827486354 2.1981731558471636E-3
 4.853356781762854 1.7597353895844971E-3
 4.904402433727808 1.4457023377809406E-3
 4.955894735147455 7.680450200496366E-4
 5.007833686021796 -2.635107276593E-4
 5.060219286350829 -1.0284047584968405E-3
 5.113067487900795 -1.6730003635118167E-3
 5.166362338905455 -2.408230795109651E-3
 5.220119791131046 -2.9099630416621752E-3
 5.274339844577572 -3.200799718203496E-3
 5.329006547478789 -3.5922826436496032E-3
 5.384151803367178 -3.9051208993851364E-3
 5.4397596604765 -2.9204093018034517E-3
 5.4958301188067535 -1.9463922720424533E-3
 5.55237913012418 -3.1378561092243583E-3
 5.609390742662537 -3.3063144108977874E-3
 5.666864956421827 -3.0973353952629344E-3
 5.724833674934528 -2.927959068749538E-3
 5.7832809464344 -2.8965130826499765E-3
 5.8421908191552045 -2.769684264179121E-3
 5.90159519662942 -2.784809008221879E-3
 5.961478127090807 -3.572081153573185E-3
 6.021839610539364 -5.00655339064603E-3
 6.082695598741332 -5.9635694961199204E-3
 6.1440301399304715 -6.225368048936995E-3
 6.205859185873023 -6.861041171069111E-3
 6.2681667848027444 -7.927827629268604E-3
 6.330984840252116 -8.815941132420234E-3
 6.394281448688659 -8.565953113212153E-3
 6.458088513644851 -8.338500100200498E-3
 6.522390083354454 -7.356391797050128E-3
 6.587170206051228 -6.642256350000946E-3
 6.652460785267651 -6.3665041659412965E-3
 6.718261821003725 -5.431759312950575E-3
 6.784557361493208 -3.3922754173644413E-3
 6.851347406736103 -1.0254201426068648E-3
 6.918647908498647 4.266412457334043E-4
 6.98645886678084 1.2376818423131727E-3
 7.054764329816443 2.018710816044816E-3
 7.123580249371697 2.8445532817748444E-3
 7.1929066254466 3.570549987114557E-3
 7.2627275062749134 3.834140102373792E-3
 7.333074795389115 4.0138981004001804E-3
 7.403916589256728 3.791221009868631E-3
 7.475284791410228 2.903445586875514E-3
 7.547147498317141 1.6410510655214694E-3
 7.619520661743701 3.844495726337587E-4
 7.692420233456152 -8.545388944138696E-4
 7.765814309922011 -1.804909292415274E-3
 7.83973479467376 -2.712764952996302E-3
 7.914165735945159 -3.7913324708442634E-3
 7.989107133736206 -4.758608850709761E-3
 8.064558988046903 -5.458218460816534E-3
 8.140521298877251 -5.334532756439915E-3
 8.216994066227247 -5.199490762175962E-3
 8.293993241863133 -4.305749367864335E-3
 8.371486922252428 -3.256504935099701E-3
 8.449507010927613 -2.4450530348703583E-3
 8.528021604356207 -1.9435861760658907E-3
 8.60706260607069 -1.4802609761885806E-3
 8.686598112538583 -9.890978443928661E-4
 8.766660027292366 -6.007538051764533E-4
 8.847216446799559 -3.6700147277717997E-4
 8.928299274592641 -2.0629654023919866E-4
 9.009876607139132 -1.6694811126802177E-4
 9.091964396205272 -1.246833603754557E-4
 9.174546690024824 -9.57802581025349E-5
 9.257655392130266 -7.388807561295372E-5
 9.341242647222877 -5.658455408155656E-5
 9.425356310601378 -4.26406866329812E-5
 9.50994852696705 -3.128710007028202E-5
 9.59505119985237 -2.2031083068279403E-5
 9.680664329257343 -1.4483114971240553E-5
 9.766756011649486 -8.259463116430028E-6
 9.853342198795037 -3.125215188446521E-6
 9.940422890694 1.0853688226128016E-6
 10.027998087346376 4.528147647829785E-6
 10.11606778875216 7.386913296385952E-6
 10.204616043145114 9.763057334575873E-6
 10.29365880229148 1.1715270205711959E-5
 10.38316416265878 1.3338617134851048E-5
 10.47316402777949 1.468820901799841E-5
 10.563642445887371 1.578798317912569E-5
 10.654599416982423 1.6703571558993607E-5
 10.746018989298406 1.746543517309333E-5
 10.837917114601561 1.8099743712204712E-5
 10.930277841125651 1.8656702229052924E-5
 11.02310116887067 1.9099902030838882E-5
 11.116387097836625 1.9470565897659652E-5
 11.210135628023512 1.980719817659278E-5
 11.304346759431327 2.0069961186724943E-5
 11.39900454029384 2.0294983622166694E-5
 11.494093018844804 2.050969285952075E-5
 11.589644098616704 2.0694090900557096E-5
 11.685641827843295 2.0858366729873312E-5
 11.78207025475834 2.1004756692385983E-5
 11.87892937936184 2.1134809830374124E-5
 11.976219201653794 2.124952002986566E-5
 12.073955673400441 2.1381228771879933E-5
 12.172090939303065 2.150519624010393E-5
 12.270656902894142 2.1619221614373283E-5
 12.369637612407436 2.173010046211746E-5
 12.469017116076705 2.1835191912362476E-5
 12.568811365668191 2.1959855152889033E-5
 12.66900440941565 2.208025065594682E-5
 12.769612199085326 2.2200495273654093E-5
 12.870586879378502 2.2319379714756407E-5
 12.971960353827653 2.243376564596893E-5
 13.07371667066654 2.2571362394410037E-5
 13.175855829895164 2.2732284045973606E-5
 13.278361879747289 2.2869143829287337E-5
 13.38123482022291 2.3004105201941235E-5
 13.484474651322028 2.316277530139263E-5
 13.588065421278406 2.3352763657241E-5
 13.692007130092044 2.352928602614267E-5
 13.79629977776294 2.3682947096565101E-5
 13.900943364291095 2.386308789683155E-5
 14.005905986144032 2.4065278272246128E-5
 14.111219546854226 2.4291532100411524E-5
 14.216836191122963 2.4518150544372942E-5
 14.322787822482722 2.4720281114124857E-5
 14.42904253740102 2.497049581425264E-5
 14.535600335877861 2.5219340994958767E-5
 14.642461217913244 2.5468464210030113E-5
 14.74960923174093 2.576157986242177E-5
 14.857060329127158 2.6054950896821703E-5
 14.964782606539451 2.6348668985454275E-5
 15.072792015744044 2.6665268453943343E-5
 15.181056653208463 2.700473011637555E-5
 15.289592470698947 2.7342516388263075E-5
 15.398383516449254 2.7705023355447624E-5
 15.507413838693148 2.8110471002884565E-5
 15.616699389196866 2.8516193202479015E-5
 15.72620826442793 2.8944370772229334E-5
 15.835956416152582 2.9415071130474383E-5
 15.94592789260458 2.989029202929619E-5
 16.056090790251445 3.0385809491676897E-5
 16.16647701262566 3.092802056704311E-5
 16.27702275266226 3.147668985589201E-5
 16.387887528023643 3.204464545323799E-5
 16.49891182104742 3.272283447337797E-5
 16.609936114071196 3.3420366836673493E-5
 16.72127944241975 3.411307823806681E-5
 16.832782288430696 3.4871098783273734E-5
 16.944444652104031 3.5670480505218204E-5
 17.05626653343976 3.6580811342023674E-5
 17.168088414775485 3.750689492466048E-5
 17.280229331435993 3.849521924148134E-5
 17.3923702480965 3.9588779346460116E-5
 17.50483020008179 4.0772989487953895E-5
 17.617130634404691 4.2042511312526195E-5
 17.729750104052367 4.338734096873293E-5
 17.842369573700047 4.4910876690192794E-5
 17.95514856101012 4.6583336859269195E-5
 18.06792754832019 4.846083721914324E-5
 18.180706535630257 5.049756659776414E-5
 18.29364504060272 5.2751838765098815E-5
 18.406743063237566 5.5338314613742716E-5
 18.519841085872418 5.834840064985544E-5
 18.63277959084488 6.179397395245609E-5
 18.746037131142124 6.587836733140921E-5
 18.859135153776975 7.084417311278852E-5
