 3.945421435360043E-3 5.706690531564156E-6
 0.011882648722343687 7.256238946963244E-5
 0.019913261708823203 2.810797975880053E-4
 0.02803839463406372 7.086120460017152E-4
 0.03625894295011666 1.4174353890109396E-3
 0.04457629958239534 2.4531629519266135E-3
 0.05299145947762357 3.8506623626473157E-3
 0.06150551707719751 5.638879064431542E-3
 0.07011966631718573 7.841551778094775E-3
 0.07883510113365681 0.010476198521170788
 0.08765311495735166 0.013553519285590399
 0.09657460324032172 0.017077452709946604
 0.10560066042396317 0.021045420876852911
 0.1147332764017236 0.025448557427194037
 0.1239733466256544 0.030272017748559372
 0.13332186604247944 0.03549501753921044
 0.14277982959892246 0.04109014117170884
 0.1523502221351549 0.04702227950711838
 0.16203204870445295 0.05324829287946377
 0.17182729920026418 0.05971791483392336
 0.18173796351603621 0.06637541456916325
 0.19176503659849283 0.07316145303785557
 0.2019105083410817 0.08001488455463415
 0.21217437874380276 0.08687428174950126
 0.2225586377001036 0.09367908661842013
 0.23306527510343186 0.10037058049092987
 0.24369528590051131 0.10689279531346234
 0.25444966503806576 0.11319391285068124
 0.26533040240954286 0.11922816773343918
 0.2763394879083901 0.12495680317449136
 0.2874769215346076 0.1303472913056766
 0.29874568812836665 0.13537231877790484
 0.31014578768966732 0.1400100801826484
 0.32168120000540484 0.14424525891806952
 0.3333509301288553 0.148069203241915
 0.3451569679534664 0.1514791298417545
 0.3571022983194095 0.1544775369919984
 0.36918791617340834 0.1570705110927201
 0.38141481646218683 0.15926412177705082
 0.3937859840259163 0.16106354164670583
 0.40630141886459686 0.16247659248029194
 0.418963110871676 0.16351728305814355
 0.4317740448873251 0.16420399833254872
 0.44473521585826802 0.16455237347724988
 0.45784761873122853 0.16457215008575307
 0.47111423834637805 0.16426968282920936
 0.4845360696504404 0.16364756220021206
 0.4981151025368631 0.16270373424832304
 0.5118533268990938 0.16143531505945801
 0.5257527326305802 0.15969662862132272
 0.539814314678046 0.1579376554337661
 0.5540410578816625 0.15573094976745913
 0.5684339571881536 0.15323398317864012
 0.5829959974376907 0.150450000070654
 0.5977281735769977 0.1473842484964567
 0.612632475499522 0.14404799584130817
 0.6277108930987114 0.14045432032024232
 0.6429664112147372 0.13661609056151366
 0.658401019741047 0.1325478015867848
 0.6740157136243645 0.12826656406072506
 0.6898124827581376 0.12379062880008368
 0.7057943119825373 0.11913594116703663
 0.7219631911910115 0.11431686204770763
 0.7383211102770076 0.10935128176958543
 0.7548700591339735 0.10426203690815225
 0.7716130226020803 0.09907427787693486
 0.7885509956280519 0.09381303772086352
 0.8056869630520598 0.08850569685679767
 0.8230239097142751 0.083188772846831
 0.840562830561422 0.07789733961932083
 0.8583067104336716 0.07265732138218334
 0.8762575392244717 0.06749543541970801
 0.8944183017739935 0.06243466250308134
 0.9127909879756847 0.05749531410626751
 0.9313785826697168 0.05269530906055721
 0.9501820808028135 0.048053653533452575
 0.9692054621618699 0.043597799201318065
 0.9884517115870575 0.039347958613157985
 1.0079208290783763 0.03532151070471931
 1.0276207742096168 0.03153540685471906
 1.0475495570873314 0.027997491477136222
 1.06770717771152 0.024716366013396946
 1.0881035855494203 0.021703531747607005
 1.1087288311337948 0.018964363323137056
 1.1296028133991193 0.01650293929871403
 1.150715582878156 0.014323664350093569
 1.1720770890381424 0.012433239385786311
 1.1936873318790788 0.010835887160223398
 1.2155562608682035 9.520756108315159E-3
 1.2376739265382781 8.470075786210724E-3
 1.2600403288893025 7.670872269257612E-3
 1.2826753668557531 7.113952494468819E-3
 1.3055790404376295 6.793877349580342E-3
 1.3287414001676942 6.812917133996324E-3
 1.3521723955131847 6.832177740654244E-3
 1.3758819759413392 7.162531775716386E-3
 1.3998601919849198 7.67499182315858E-3
 1.4241269425784024 8.349145136684832E-3
 1.4486722782545491 9.166698646851188E-3
 1.4734961990133597 0.010161946371149063
 1.4986086543220722 0.011168762105068036
 1.524019593647925 0.012324687685963568
 1.5497190675236796 0.013563233213641541
 1.575726974883812 0.01486646979664587
 1.6020333662610848 0.01621668316038255
 1.6286382416554976 0.017596944561506736
 1.6555515505342881 0.018991897157519012
 1.6827832423646946 0.020389691750259807
 1.7103333171467174 0.021781380660943427
 1.7381918254131183 0.023158163759876865
 1.766388615565611 0.024509897885284796
 1.7948938392024815 0.025825567994389623
 1.823747294192682 0.027094406356813437
 1.8529191321344988 0.028306878450788244
 1.8824392014296456 0.029454933628944142
 1.9122975526108845 0.030532026915334353
 1.9425041351454532 0.03153277192972857
 1.9730589490333516 0.032450806455851653
 2.0039619942745807 0.03327732533392788
 2.0352331698036154 0.03400306902004383
 2.06685257668598 0.034621147139240304
 2.098850063323389 0.03512768904287552
 2.1312057307813656 0.03552088054778709
 2.1639494274616244 0.03580001325066069
 2.1970612544296894 0.035965051940917355
 2.230551161152798 0.036016514717075766
 2.264439046565427 0.03595544867468574
 2.298714961200338 0.03578341397773304
 2.3333789050575304 0.03550249224211058
 2.3684507770714815 0.03511531755446172
 2.4039206277749523 0.03462512258127176
 2.439808356102419 0.03403577713283536
 2.476104012586644 0.03335183259565372
 2.5128175466948645 0.03257854372945971
 2.549948958427082 0.03172187872738322
 2.587518146717771 0.030788499933967473
 2.6255052126324556 0.029785703484176594
 2.6639400045728502 0.028721322893477025
 2.7028225225389554 0.027603587377174724
 2.7421428170635326 0.026440965079504143
 2.7819108376138195 0.0252419895357749
 2.822146483124292 0.024015073559311685
 2.8628398041277134 0.022768333188559582
 2.9040007500913205 0.021509490438818414
 2.9456293210151134 0.020245925279764043
 2.9877454158335683 0.018984870131979643
 3.0303390850794476 0.01773359094993308
 3.0734202782199884 0.016499402312225054
 3.1169889952551916 0.01528947208671068
 3.1610651351195326 0.014135749780541882
 3.205648697813012 0.012968745343986036
 3.2507297338683907 0.011869558257659701
 3.2963380916873843 0.0108179532386846
 3.3424638218027533 9.818570538356412E-3
 3.389116873681736 8.875845012927019E-3
 3.4363071967915717 7.993905773454527E-3
 3.4840347911322586 7.176223912344477E-3
 3.532299656703798 6.42511930374057E-3
 3.581121692440665 5.741337573569164E-3
 3.6305108478100982 5.123875807173525E-3
 3.6804472238776213 4.570130769084212E-3
 3.7309606690449483 4.0762381820975534E-3
 3.78205118331208 3.637317440799264E-3
 3.833718766679015 3.247468006671835E-3
 3.885973368612992 2.8996724951677486E-3
 3.9388249385812494 2.5858746419914094E-3
 3.9922834260510247 2.297342894244029E-3
 4.04633888155508 2.0252683195878676E-3
 4.101011204027892 1.761527585957926E-3
 4.156310342936696 1.499565321903171E-3
 4.212236298281496 1.2352762254236343E-3
 4.268789070062289 9.676743164743562E-4
 4.325998506680791 6.989925074525382E-4
 4.383844709202524 4.333192914984424E-4
 4.442347576561965 1.7311094183180154E-4
 4.501507108759115 -8.425205771784794E-5
 4.561343204728448 -3.460167820412926E-4
 4.621855864469967 -6.199189114963739E-4
 4.683055037450906 -9.108197108293765E-4
 4.744950673138505 -1.2207910962570463E-3
 4.807532822065527 -1.5512608232214114E-3
 4.870831332633684 -1.9045091958822292E-3
 4.934836255375739 -2.283348198141212E-3
 4.999567489226169 -2.6901065067868007E-3
 5.065025034184973 -3.1263349801517654E-3
 5.131218839719389 -3.592588017184947E-3
 5.198158855296654 -4.087866224287505E-3
 5.2658550303840074 -4.610284913304457E-3
 5.334307364981449 -5.157033190185343E-3
 5.403535758023455 -5.723385040724356E-3
 5.473540209510024 -6.304443176399568E-3
 5.544320719441158 -6.8970054465607574E-3
 5.615907136218571 -7.498729928535024E-3
 5.688289510375022 -8.105561621149454E-3
 5.76148774084499 -8.711342026478464E-3
 5.835501827628473 -9.311695810915522E-3
 5.9103417201927115 -9.905632886514795E-3
 5.9860173680049415 -0.010491586382513563
 6.062538720532402 -5.356381082850866E-3
 6.139915727242329 -1.6375442630728716E-4
 6.218158337601963 -0.012127692041932706
 6.297276501078541 -0.012581405501955014
 6.377270217672063 -0.012971842198238293
 6.458149436849766 -0.013314104115758226
 6.539934057546128 -0.013629306703364747
 6.6226340292283865 -0.01392832248482546
 6.706239402429303 -0.014211353501795693
 6.790780025550591 -0.014476020525155826
 6.876265848059489 -0.014725168905022843
 6.962686920488759 -0.014972510646851527
 7.050073091240115 -0.015239077364780043
 7.138424360313557 -0.015542903582001302
 7.227750677176323 -0.015894010061611472
 7.318061991295652 -0.016294082719663961
 7.409368252138779 -0.016736459211615536
 7.501689358640184 -0.0172084243267342
 7.595025310799865 -0.017691864737197991
 7.689386058085058 -0.018161958661550264
 7.784791499430243 -0.01859148580723103
 7.881241634835417 -0.018961807202775626
 7.97874641376782 -0.019275257644906448
 8.077325735161926 -0.019555534691595505
 8.176989548484974 -0.019825843791056802
 8.277737853736966 -0.020081644455301642
 8.379590549852374 -0.02029164118643159
 8.482557586298437 -0.02042786337121645
 8.586648912542396 -0.02041510635474083
 8.691884427518724 -0.020402209111072062
 8.798254181760186 -0.02017902937151852
 8.905788023668492 -0.019808884028868607
 9.014495902710882 -0.019351206025327364
 9.124377818887357 -0.018880879040476413
 9.23546362059963 -0.018428454119973788
 9.347743358380463 -0.01796174711797645
 9.461246880631569 -0.01742646499845711
 9.575984136820189 -0.016797070031520734
 9.69195512694632 -0.016089306376035044
 9.809179749944438 -0.015337567222497857
 9.927667955281784 -0.014567849715024644
 10.047469490294544 -0.01380240945454521
 10.168455011908627 -0.013070289300253111
 10.29083345893603 -0.01238873992078634
 10.414505336704373 -0.011747943433051172
 10.539570139886035 -0.011109100294099913
 10.665828879136258 -0.010397631982701737
 10.793580038472182 -9.521753741385053E-3
 10.922624628549045 -8.41655654457295E-3
 11.053062144039227 -7.06196097278337E-3
 11.184892584942732 -5.475235551447908E-3
 11.318115951259553 -3.718844884199723E-3
 11.452732242989699 -1.9440901621782E-3
 11.58884095480554 -3.320595349042171E-4
 11.726442086707085 9.381660069611314E-4
 11.865336649349567 1.8260217135463632E-3
 12.005823126750132 2.4067193599610257E-3
 12.147802024236395 2.783869679621112E-3
 12.291273341808358 3.075692358978466E-3
 12.436137584793642 3.444304867758631E-3
 12.582693237209385 4.040772745636387E-3
 12.73064181503845 4.897398010059506E-3
 12.880281802297972 5.915162728460827E-3
 13.031414209643197 6.921406126260261E-3
 13.184138531746498 7.720827697298651E-3
 13.338454768607882 8.222596471620052E-3
 13.494362920227347 8.47907125078212E-3
 13.651962481277272 8.54190201385461E-3
 13.811153957085274 8.547035213255418E-3
 13.972036842323739 8.63022942781339E-3
 14.134611136992662 8.734110695844219E-3
 14.298777346419667 8.800653659953254E-3
 14.464734459949511 8.837335538081999E-3
 14.632283488237436 8.836892890803928E-3
 14.80172291530058 8.68597448104828E-3
 14.972754257121805 8.321572906004897E-3
 15.145675997718248 7.79383297632867E-3
 15.320289147745152 7.2024338289583805E-3
 15.496693201874896 6.657854859078887E-3
 15.674987654779859 6.15769831009926E-3
 15.854973517115285 5.602026750333799E-3
 16.03684977822593 5.04963555900463E-3
 16.220616438111793 4.9190194320876E-3
 16.4061740021005 4.923990359728273E-3
 16.593721459536801 4.929014594903965E-3
 16.78305982107595 5.025829183576764E-3
 16.97438807606269 4.993112603479357E-3
 17.16760672982466 4.819150798007532E-3
 17.362715782361842 4.639035860031679E-3
 17.559914223019006 4.6344799446458844E-3
 17.75900306245139 4.66945712551975E-3
 17.960081795331376 4.704783903403849E-3
 18.16315042165896 4.882467802408206E-3
 18.368308436106524 5.536315342730668E-3
 18.57545634400169 6.605919674319736E-3
 18.784693640016836 7.697173649542043E-3
 18.996020324151963 8.516262843958339E-3
 19.209436396407063 9.080205536385626E-3
 19.42494185678215 9.608528536482116E-3
 19.642536705277215 0.010230275262665015
 19.86222094189226 0.010773468025585627
 20.08419355597205 0.010846606189796104
 20.308255558171811 0.010920432790334873
 20.534506443163937 0.010768297938911648
 20.762946210948424 0.010206753757587695
 20.993574861525267 9.246453961532937E-3
 21.226491889566855 8.289549219800152E-3
 21.461697295073182 7.354590225902526E-3
 21.699091583371867 6.113827270098611E-3
 21.938774249135292 4.689993699721181E-3
 22.180844787035837 3.3962338763684402E-3
 22.425104207728743 1.8937197523139714E-3
 22.67185099523115 1.350101695900622E-4
 22.920786665525916 -1.6557200477550844E-3
 23.17220970263018 -3.426872780804404E-3
 23.425921117199187 -5.005523410372971E-3
 23.682020403905315 -6.3417855882222365E-3
 23.94060705742094 -7.700282995166353E-3
 24.201581583073686 -9.5142547264185E-3
 24.465043475535932 -0.011812281544241032
 24.730893240135301 -0.013656821255762995
 24.99932986621655 -0.013381376722133522
 25.270154364434915 -0.01310348197767858
 25.54356572413516 -0.011498003653505178
 25.819464450644908 -0.010052715858207615
 26.09785054396415 -9.378613516186109E-3
 26.37882349876528 -9.123269751120338E-3
 26.662482809720668 -8.988322692301286E-3
 26.948629487485554 -9.115901518304121E-3
 27.237363026732317 -9.401508775966613E-3
 27.52868342746097 -0.010147488484806177
 27.822690184343873 -0.011711492100379757
 28.11938329738104 -0.013276772518613377
 28.41866327190009 -0.012399625990712034
 28.720729097245772 -0.011514314535024384
 29.025381784073342 -6.72263385701787E-3
 29.332820321727552 1.1170872224762928E-4
 29.64294521553602 6.5601361130398034E-3
 29.955756465498744 0.011375871568725115
 30.271453060960496 0.014565415993342372
 30.5898360125765 0.015681427867970974
 30.91100481501915 0.014699961483892113
 31.234959468288437 0.012120986941686477
 31.561699972384364 8.909871845734456E-3
 31.891325821979314 4.995138050115376E-3
 32.2237375224009 3.13625958483355E-4
 32.55903456832151 -3.640417313101146E-3
 32.89721695974114 -2.9419907227106333E-3
 33.238185201987406 -2.237810691740281E-3
 33.582138284405075 7.432199371963326E-4
 33.92897671232176 2.9573015658799282E-3
 34.278700485737473 3.5750862219647563E-3
 34.631409099324585 4.198143577817029E-3
 34.98700305841071 4.646365696549912E-3
 35.34548236299586 3.7240980204914357E-3
 35.70704600242478 1.1008683914705951E-3
 36.07159448202511 -2.528270554023333E-3
 36.43902830712446 -5.8113011615872605E-3
 36.80954646706759 -8.867111951003419E-3
 37.18304946718212 -0.012196093621601367
 37.55953730746805 -0.014667437807466457
 37.93910948259776 -0.014901789269869403
 38.32166649789887 -0.014661298466441985
 38.70730784804376 -0.014418868725457671
 39.09593403836005 -0.012911997627598542
 39.4877440581925 -0.012043898409185681
 39.882538918196345 -0.01347816110154024
 40.280517607716355 -0.016902880336269063
 40.68158063208015 -0.019046100490404713
 41.085628496615335 -0.02026969996567087
 41.49286019066669 -0.02354279154898259
 41.9032757142342 -0.027026827195667096
 42.31677557264548 -0.03384819277354619
 42.73335976590056 -0.04371161320599772
 43.15312778867179 -0.06199397779561299
 43.57607964095917 -0.07699852671590911
 44.002115828090346 -0.10752189099047774
 44.43133584473768 -0.11412913936114409
 44.86373969090117 -0.11639375876041186
 45.29922787190844 -0.10074613602902296
 45.737999377104245 -0.08498053944564983
 46.17985521714384 -0.08357783297714726
 46.62499438137197 -0.07699663518353088
 47.073217880443884 -0.07036983677936409
 47.52462520903195 -0.04584546063935908
 47.979315861808565 -0.027511385122838596
 48.437090849428955 -0.017262822156151172
 48.89814916123788 -0.011657185650798594
 49.362391302562976 -8.332135828181991E-3
 49.829817273404223 -6.165621612542011E-3
 50.30042707376164 -4.6626463975728855E-3
 50.774220703635215 -3.579967288173096E-3
 51.251198163024945 -2.780589981862514E-3
 51.73145894660322 -2.1797020864768586E-3
 52.21480406502527 -1.7216598211130384E-3
 52.70143250763586 -1.3685236192965502E-3
 53.19114528509023 -1.0936861040450535E-3
 53.684141386733145 -8.780722795580435E-4
 54.18022182321983 -7.077603356311034E-4
 54.67958558389506 -5.724359367744382E-4
 55.182033679414075 -4.6435922766156073E-4
 55.687765099121634 -3.255288276253838E-4
 56.19658085367296 -3.078306492960435E-4
 56.70858043774045 -2.514017982347156E-4
 57.223664356651724 -2.0566302145780127E-4
 57.74203159975154 -1.6849141447686485E-4
 58.26338368302276 -1.3821242922541145E-4
 58.78801909048251 -1.134980484179889E-4
 59.315639338113655 -9.328987558562272E-5
 59.84644341526098 -7.67407173719706E-5
 60.38043132192445 -6.316980238369088E-5
 60.91740406875932 -5.2028146555974845E-5
 61.45746115043797 -4.287166149205686E-5
 62.0006025669604 -3.534010692048098E-5
 62.54682831832662 -2.914052830944642E-5
 63.09613840453661 -2.403415853144289E-5
 63.648433330918 -1.9826014813868786E-5
 64.20381259214317 -1.6356589880749075E-5
 64.76207719886737 -1.3495197991663251E-5
 65.32342614043534 -1.1134619580358375E-5
 65.88775992217472 -9.18678628213499E-6
 66.4550785440855 -7.579283601176823E-6
 67.02528251149528 -6.2525165427810185E-6
 67.59847131907648 -5.157400805396393E-6
 68.1745454721567 -4.2534835417247175E-6
 68.75350497073592 -3.507406500784805E-6
 69.33534981481418 -2.891648926409738E-6
 69.92008000439147 -2.3834978154823674E-6
 70.50769553946775 -1.9642018580242775E-6
 71.09809692537068 -1.6182770342783097E-6
 71.69118466742788 -1.3329346943049664E-6
 72.2871577549841 -1.0976116644230182E-6
 72.88591669336695 -9.035818409899407E-7
 73.48736198790407 -7.436368053005383E-7
 74.09149363859544 -6.118218532300378E-7
 74.69831164544108 -5.032182932546023E-7
 75.30791550311335 -4.1376350362601735E-7
 75.92000672759512 -3.4010236049551836E-7
 76.53478430823115 -2.7946445359495244E-7
 77.15214875034907 -2.295625456339E-7
 77.77200055927648 -1.885087040540343E-7
 78.39443922968579 -1.5474490265472993E-7
 79.01936526690457 -1.269856954171643E-7
 79.64687816560524 -1.0417079120787726E-7
 80.27667944177067 -8.542584428408304E-8
 80.90896808474558 -7.00300404407169E-8
 81.54364459985761 -5.7389327748624494E-8
 82.18070898710677 -4.701426071693894E-8
 82.82006175182067 -3.850171426575274E-8
 83.4617028939993 -3.1519762459158313E-8
 84.10563241364268 -2.5795194678320503E-8
 84.75175081607841 -1.4713439590501093E-8
 85.40005810130651 -1.441232194771323E-8
 86.05055426932697 -1.4110187640078637E-8
 86.70323932013979 -1.1532134441355194E-8
 87.35791426440021 -9.422037381834254E-9
 88.01477809145298 -7.695547423803405E-9
 88.67353231728097 -6.283408879550619E-9
 89.33437593122895 -5.128776952092191E-9
 89.99710994395214 -4.1850114570634675E-9
 90.66173435545056 -3.413858866994418E-9
 91.32824916572419 -2.783955610200662E-9
 91.99655488010066 -2.269596622702487E-9
 92.66675099325236 -1.849722038063859E-9
 93.33863851583453 -1.507083954192277E-9
 94.01231694251952 -1.227561755247867E-9
 94.6875872839626 -9.995990777192297E-10
 95.36454903483613 -8.137414033038081E-10
 96.04310270046774 -6.622568828900877E-10
 96.72314878618506 -5.388243456777976E-10
 97.40478678666045 -4.382778464277195E-10
 98.08781771254918 -3.563969529302298E-10
 98.7723410585236 -2.897348764627302E-10
 99.45825732991133 -2.3547758755654115E-10
 100.14536753736763 -1.9132840913269955E-10
 100.83387067023725 -1.5541348448098231E-10
 101.52336874983065 -1.2620446488872567E-10
 102.21485672287167 -1.02455155749151E-10
 102.9073396426365 -8.314973688999617E-11
 103.59982256240131 -6.746043358920286E-11
 104.29429537561373 -5.4712888647225813E-11
 104.98976313554994 -4.435788326206342E-11
 105.68622584220996 -3.5948228829309323E-11
 106.38368349559377 -2.9119904132007383E-11
 107.0811411489776 -2.3576651550713632E-11
 107.78058869580902 -1.9077408563509913E-11
 108.48003624264042 -1.5426055599103206E-11
 109.18147368291943 -1.2463048494245316E-11
 109.88191617647468 -1.0058598539931518E-11
 110.58434856347748 -8.107106024209418E-12
 111.28678095048029 -6.522627373149011E-12
 111.99020828420693 -5.235168734401259E-12
 112.69363561793354 -4.18766633471535E-12
 113.39706295166015 -3.3335153679749904E-12
 114.10148523211058 -2.6345484887938363E-12
 114.80690245928477 -2.0593730348425272E-12
 115.512319686459 -1.5820000778073463E-12
 116.21674196690941 -1.1807014209301415E-12
 116.92315414080744 -8.370446782429573E-13
 117.62857136798166 -5.350718872126664E-13
