 2.086204233212229E-3 0.519185606385339
 3.4961170564517152E-3 0.608041677390243
 4.9226244875916584E-3 0.6693997022528014
 6.3658837387069065E-3 0.7165961288598048
 7.826139361913885E-3 0.7553819676625237
 9.30356603729576E-3 0.7882125286319382
 0.010798355912944004 0.8162978566653767
 0.01231071860495842 0.8403894446760949
 0.013840863729438798 0.8610568541419663
 0.015389018370493251 0.8787822246095804
 0.016955339740196626 0.8939905430792952
 0.018540019986640406 0.9070568158368003
 0.02014340846999091 0.9183051347673438
 0.021765662402322982 0.9280087008016444
 0.023406956463719794 0.9363941787286775
 0.0250674653342645 0.9436490169650751
 0.026747713054206593 0.9499303823583111
 0.028447524943462913 0.9553741961776258
 0.030167250362199776 0.9601006988295163
 0.03190723867058352 0.9642178728798433
 0.033667664548697295 0.9678206651045748
 0.03544887735670744 0.9709886029133267
 0.037250877094613936 0.973784555338141
 0.03907401312258313 0.9762554737832511
 0.04091863480078133 0.9784367921215594
 0.04278491680929171 0.9803588504900059
 0.04467303382819742 0.9820526400877913
 0.046583335217664806 0.983550716263638
 0.04851617033786018 0.9848856967893813
 0.05047153918878354 0.986087239916837
 0.052449965810684374 0.9871799179366193
 0.05445145020356269 0.9881838182701947
 0.056476691087751135 0.9891156173682434
 0.05852551378316655 0.9899891250535565
 0.060598267649975244 0.9908159296174983
 0.06269547672842672 0.991605210901336
 0.06481731569860415 0.992363634846779
 0.06696395924059068 0.9930951739309916
 0.06913593139463578 0.9938007274874701
 0.0713332321607395 0.9944787034437629
 0.07355621089906814 0.9951294260642527
 0.07580539164987117 0.9957606977379948
 0.07808094909323178 0.9963878206703407
 0.08038305790923311 0.9970270146867364
 0.08271224213812467 0.9976867590388366
 0.08506867645998961 0.9983653516000763
 0.08745271023499425 0.9990529744143263
 0.08986469282330492 0.9997371652977504
 0.09230497358508798 1.000387689676071
 0.09477372720042654 1.0010444050956404
 0.0972714777095701 1.00165347592716
 0.09979839979260184 1.0022405128331037
 0.10235501748977124 1.0028277135884093
 0.10494150548116148 1.0034414190846263
 0.10755821312693885 1.0040964509130412
 0.11020548978726971 1.0047913950617346
 0.11288385950240351 1.005513347485354
 0.11559367163250661 1.00624343373278
 0.11833510085766216 1.0069670769598204
 0.12110849653803649 1.0076809289870216
 0.12391438271387907 1.0083905522756262
 0.12675310874535625 1.0091063461311211
 0.12962502399263434 1.0098384599024892
 0.13253047781587967 1.0105879500202534
 0.13546999425534173 1.0113408362287084
 0.13844374799110367 1.0120776829991986
 0.14145226306341501 1.0127850870133803
 0.1444960635125252 1.0134544477104072
 0.14757532401851744 1.0140784423143183
 0.15069056862164117 1.0146529270440518
 0.15384214668206278 1.015179745897838
 0.1570305822400317 1.0156685480093321
 0.16025622465571426 1.0161294700358531
 0.16351959796936 1.0165601739204666
 0.16682087686105204 1.0169430072988263
 0.17016076005112301 1.0172564251868954
 0.17353977157982244 1.017490226935555
 0.1769579114471503 1.0176534303644102
 0.18041657709377195 1.0177669627697143
 0.18391541915952103 1.0178630121265943
 0.18745443764439748 1.0179832464309341
 0.191035379349233 1.018170648418283
 0.19465649747319596 1.0184554305654147
 0.1983212856179496 1.0188442107427213
 0.20202799698266227 1.019318903548024
 0.20577837836816564 1.0198482851108086
 0.20957242977445963 1.020411899959605
 0.213411898002376 1.020993284358864
 0.217295036251083 1.0215625502213012
 0.2212218445205807 1.0220885345282537
 0.2251958164125323 1.0225485477330036
 0.22921695192693786 1.0229418037386623
 0.2332835042629657 1.0233050100057468
 0.23739722022144751 1.0236889451277062
 0.24155984660321483 1.0241113500728913
 0.24576963660743611 1.0245469267631472
 0.2500300838357746 1.0249713278137686
 0.2543394414873986 1.0253857223920965
 0.2586977095623082 1.0258073428100547
 0.26310663486133495 1.0262385301703367
 0.26756796418531053 1.02667488073049
 0.2720799507334033 1.0270908432010354
 0.2766460881072765 1.02748583551662
 0.28126462950609854 1.027876452732584
 0.2859355749298694 1.0282778657883182
 0.2906606711794206 1.028704948270389
 0.29544166505558394 1.0291651180409275
 0.30027855655835933 1.0296496206818488
 0.30516959888691524 1.0301588449219512
 0.31012003244374636 1.030689984862006
 0.31512461682635795 1.0312079503038764
 0.3201903392380765 1.0316733339828421
 0.3253119592764071 1.0320995060612088
 0.33049471734384466 1.0325628583656614
 0.3357368666395576 1.0331335400079688
 0.3410401539643774 1.033854199272295
 0.3464045793183042 1.0347468063465137
 0.35183014270133794 1.0358247532350053
 0.3573203377151419 1.0371135441594268
 0.36287167075805276 1.0386201766779445
 0.36848938223256544 1.0403243200520948
 0.3741699785370167 1.0421817675489568
 0.37991870007390143 1.044172176122425
 0.3857320532415564 1.0463517647500433
 0.39161178484081315 1.0487680563913148
 0.397561388473335 1.051343507108393
 0.4035791173382903 1.0539141480445937
 0.4096649714356791 1.0563420746712888
 0.4158224443671646 1.058614913411918
 0.42204978933191517 1.060830520260893
 0.428350499931594 1.063102806681779
 0.43472282936536965 1.0655472245151287
 0.4411685244340736 1.0682072222008087
 0.4476875851377059 1.0710648900191501
 0.4542835050779298 1.0741009419088973
 0.460952790653082 1.0772562818749555
 0.4677006822656574 1.08048554101311
 0.47452717991565607 1.0838474803412025
 0.48143053680224634 1.087376700566602
 0.4884124997262598 1.0910165525045856
 0.4954765622893597 1.094610946877877
 0.5026209776907145 1.0980458969513582
 0.5098474927311558 1.1013590282717415
 0.5171561074106835 1.1045475338990897
 0.524550315330961 1.1075678154631298
 0.5320283696911565 1.1106028791526734
 0.5395920172921018 1.113950088551316
 0.5472412581337968 1.117704310955326
 0.5549795858179047 1.121996910088878
 0.5628070003444258 1.1265348135144468
 0.5707217549125281 1.131773485137542
 0.5787290899247067 1.1374902710944525
 0.5868272585801299 1.1435778698105343
 0.5950180076796292 1.1500157182173678
 0.6033030840240365 1.1567905554279482
 0.6116824876133516 1.1638702936813218
 0.6201562184475747 1.171418585121452
 0.6287277701283688 1.1796359394566318
 0.6373988894565656 1.1883694346068711
 0.6461660828305019 1.1974140262048886
 0.6550345906526727 1.2068618484390578
 0.6640044129230778 1.2168646299912788
 0.6730755496417172 1.227346525432855
 0.6822497476094226 1.2382009518347416
 0.6915287536270257 1.249597639936776
 0.700914314495358 1.2615952942348394
 0.7104046834135881 1.2740490837533733
 0.7200033539833789 1.2870101650795247
 0.7297120730055622 1.300754396102929
 0.7395308404801381 1.3155173600331773
 0.7494596564071063 1.3314552638073717
 0.7595037611889622 1.3487430404515601
 0.7696596612240421 1.3675469011651861
 0.7799308501140093 1.387802664980988
 0.7903173278588639 1.4095644401450666
 0.8008225880602693 1.43323259382872
 0.8114466307182252 1.4590284910496718
 0.8221912026335635 1.4865623207488536
 0.8330580506071155 1.5154970536865473
 0.8440454278380499 1.5460885214496196
 0.8551585747288614 1.5782708854231177
 0.8663957444787184 1.612034015353554
 0.8777604306892842 1.6488601215855447
 0.8892526333605589 1.6899312794703782
 0.9008740992933739 1.735139993758519
 0.912626575288561 1.7843132742592411
 0.9245118081469517 1.837543112444622
 0.936529797868546 1.8952878479485733
 0.9486840380550072 1.9576893657544518
 0.9609745287063354 2.024837339807862
 0.9734012698225305 2.0982476737771427
 0.9859695018060874 2.1795767151781162
 0.9986774778561744 2.2691623165900045
 1.011528691574455 2.3661739051761077
 1.0245231429609287 2.4687176155845604
 1.0376625788164277 2.574662459961869
 1.0509487459417834 2.6834639452386057
 1.0643833911378273 2.7976015437087782
 1.0779682612053911 2.903317431042241
 1.0917051029453066 3.039785593595233
 1.1055956631584051 3.157747492233894
 1.119639941844687 3.2820600409526354
 1.1338396858049832 3.4231517887888864
 1.1481983886409581 3.584700295084899
 1.1627177971534425 3.7680430125462875
 1.177396164541605 3.9697388508182802
 1.19223873120794 4.174857737803597
 1.2072472439532802 4.358416921523339
 1.222419955976793 4.498552222933478
 1.2377621076809737 4.580191833818775
 1.2532736990658221 4.5891028984962094
 1.2689564769321701 4.5198307883537864
 1.2848121880808491 4.391439844348852
 1.300842579312691 4.225781761720894
 1.3170511442293588 4.040577055839986
 1.3334378828308524 3.8541728767622513
 1.3500045419180037 3.6472806378767432
 1.3667546150924758 3.396166750025642
 1.3836881023542688 3.1127775278143223
 1.4008067505042143 2.820522798012795
 1.4181140531439755 2.547362549731277
 1.435611757074384 2.305205566835495
 1.4532998622954398 2.085491602770368
 1.4711818624088064 1.885763150102223
 1.489259504215315 1.7051221170352175
 1.5075345345157975 1.53998209349723
 1.5260104469119173 1.3870776468753627
 1.5446854946028425 1.2372743093655518
 1.563564917991068 1.081715397854482
 1.5826504638774254 0.9481790742032343
 1.6019421322619151 0.8228012117005031
 1.6214451635470314 0.7146978093650117
 1.6411578109319431 0.6236102442535115
 1.661085314819145 0.5463101301417788
 1.6812294220094685 0.4815361073879603
 1.701590132502914 0.43047077895671076
 1.7221709399011442 0.3922440137613866
 1.7429735910049912 0.3633692362856791
 1.764006819818613 0.34171389214088
 1.7852479179311981 0.32809994744712633
 1.8067335681602114 0.3244917912771292
 1.828446302497336 0.3319254447141227
