 2.791855721503542E-4 7.120684420027259E-5
 8.408389665238536E-4 8.966898030786134E-4
 1.4091005117303034E-3 3.469630892465891E-3
 1.9840504687109947E-3 8.788608706235901E-3
 2.565752201366947E-3 0.017716479474005255
 3.1543042757664115E-3 0.030873623883860043
 3.749777096243855E-3 0.04858495241034146
 4.352248107567188E-3 0.07087324324076989
 4.961801794937771E-3 0.09748780015579676
 5.578522643556963E-3 0.12795781850061282
 6.202502179059567E-3 0.161658637108892
 6.833803765346605E-3 0.19787968451610588
 7.472504847185988E-3 0.2358853478739473
 8.118746233246647E-3 0.2749638776480599
 8.7725912874296E-3 0.3144627593126191
 9.434110414069318E-3 0.35381035076350264
 0.01010337401750026 0.3925256679937955
 0.010780593310725827 0.43021982364136884
 0.011465697889411553 0.46659233294077595
 0.012158828562226368 0.5014240038646437
 0.012860126137839205 0.5345667488916424
 0.013569661020584527 0.5659315734302012
 0.01428757401913127 0.5954766471215068
 0.01501386513347943 0.6231970445680879
 0.01574867517229794 0.6491165343647131
 0.01649214494425573 0.6732798713249443
 0.01724434485368727 0.6957471429299527
 0.018005345304927016 0.7165893293668553
 0.01877528710664391 0.7358855803522296
 0.01955431106750688 0.7537214391474469
 0.020342417187515924 0.7701875401699193
 0.02113981667967444 0.7853768266171229
 0.02194650954398243 0.7993807616993134
 0.022762777397777756 0.8122854806727505
 0.02358854983672595 0.8241703108524783
 0.024423967669495942 0.8351080084102787
 0.025269242109091136 0.845166415960361
 0.026124443559845993 0.8544107713394252
 0.026989642426094976 0.8629033524097294
 0.02786504992084149 0.870701819473402
 0.02875066604408553 0.8778592744719316
 0.029646631604496025 0.8844256817738976
 0.03055315781507638 0.8904491113642369
 0.03147031508016105 0.8959747324529332
 0.03239817380408451 0.9010430966898411
 0.03333694519985015 0.9056887173769531
 0.034286699671792444 0.9099400102689121
 0.03524757802858031 0.9138222535474518
 0.036219721078882695 0.9173604293968622
 0.037203269631368524 0.9204080584741636
 0.038198294090372265 0.9234912468599544
 0.03920500566889731 0.9261171585863637
 0.04022347477127811 0.9284685622830287
 0.0412539126105181 0.9305552850650969
 0.042296389590951714 0.9323838980758291
 0.0433510465212479 0.9339625116451965
 0.04441802421007559 0.9353051560520536
 0.04549753387043816 0.936432136721072
 0.046589716311004565 0.9373661862559658
 0.047694641936109255 0.9381260708946967
 0.048812451554421175 0.9387235713355436
 0.04994335637894371 0.9391673899033659
 0.0510874972183458 0.9394689520995092
 0.05224501488129637 0.9396438865890269
 0.05341605017646436 0.9397085916303275
 0.05460081431685315 0.9396791694843747
 0.05579937770679723 0.9395737351947534
 0.05701195155929998 0.9394111733984029
 0.058238747087364796 0.9392077047552649
 0.05947983469532616 0.9389762939533952
 0.06073542559618744 0.9387286624915838
 0.062005660598617604 0.9384762950706653
 0.06329075091562003 0.9382241052482133
 0.06459083735586364 0.9379672978656319
 0.06590613113235184 0.9376941514241311
 0.06723670264941911 0.9373941876141865
 0.06858283352440328 0.9370652160547109
 0.06994473497030779 0.9367122095027669
 0.0713224069871326 0.936344166280658
 0.07271641280955346 0.9359720382938193
 0.07412661162890143 0.9356027518824448
 0.0755530034451765 0.9352324590797599
 0.07699629230172335 0.9348510367731734
 0.0784557741551973 0.9344551105918216
 0.07993285709228769 0.9340574676252935
 0.08142683706964984 0.9336784132982606
 0.08293841813062842 0.9333238083601181
 0.08446760027522342 0.9329848912865176
 0.08601508754677951 0.9326506509725355
 0.08758017590195202 0.9323151674692877
 0.08916286534074094 0.9319804535593948
 0.09076456394983562 0.9316466276418346
 0.09238527172923602 0.9313007250285512
 0.09402428463559752 0.930919953916342
 0.09568230671226476 0.9304891592360643
 0.09736004200258239 0.9300121297550037
 0.09905678646320575 0.9295015933632604
 0.10077394818082416 0.928972823528955
 0.10251082311209299 0.9284390809375872
 0.1042674112570122 0.9278982694271407
 0.10604441665892646 0.9273511719312022
 0.10784254336118045 0.9267740361145157
 0.10966108732042947 0.9261572366403072
 0.11150145662336285 0.9254916567872961
 0.11336294722663597 0.9247804933278791
 0.11524555913024878 0.9240418613056414
 0.11714999637754597 0.92329677653912
 0.11907696301187216 0.9225572565245495
 0.1210264590332274 0.9218186245023117
 0.122997780398267 0.9210672053904846
 0.12499303923702494 0.9202948888590975
 0.12701012341946724 0.9194974717444431
 0.12905184911897252 0.9186707508828135
 0.13111610420550684 0.917812831890566
 0.13320500080910416 0.9169234779697452
 0.13531783488641982 0.9159995515474428
 0.13745531048079848 0.9150304559151566
 0.1396174275922401 0.913995530451282
 0.14180418622074475 0.912875712920413
 0.1440169944530017 0.9116721873123265
 0.14625444420232164 0.910402654274185
 0.14851864759873853 0.9090814400822873
 0.1508081965555631 0.9077187862482028
 0.15312520320282926 0.9063244014881009
 0.15546825945384776 0.9049045017483096
 0.15783806935196323 0.9034625797986704
 0.16023604098386495 0.902001654813114
 0.16266147030620833 0.9005214899936851
 0.1651143573189933 0.8990072262686851
 0.16759611010890923 0.8974322238681369
 0.17010602463261143 0.8957709678123511
 0.1726455089767892 0.894017064556533
 0.17521385909809797 0.8921888067427337
 0.17781177903988226 0.890330297990138
 0.1804392688021422 0.888502632171227
 0.18309773647156704 0.8867507416980295
 0.18578577396146744 0.8850665162405742
 0.18850549340187744 0.8834082201592303
 0.19125689479279697 0.8817261850828622
 0.19403927409088145 0.8799906928680727
 0.19685333533947546 0.8781918572002262
 0.19970048662526837 0.8763502795014384
 0.2025800239049155 0.8745360519664938
 0.20549265122176152 0.8728361386444964
 0.2084383685758064 0.8713110414130391
 0.21141858405373945 0.8699641346429855
 0.21443259361221606 0.8687336140679885
 0.21748110129458086 0.8675289636696141
 0.22056410710083387 0.866284886411673
 0.2236830191176644 0.8649147276289912
 0.2268378373450724 0.863528795009308
 0.23002785773971323 0.8619724996472329
 0.23325519243162096 0.8603103555991144
 0.2365191373774508 0.8585799545403652
 0.23982039662054743 0.8567998259109916
 0.2431596742042556 0.8549763040562994
 0.24653697012857522 0.8531386335237747
 0.24995228439350633 0.8513253531806516
 0.2534070250857382 0.8495584852367779
 0.25690189624861553 0.8478162442802609
 0.26043548979544905 0.8460167574180372
 0.2640099178562726 0.8440669630536525
 0.2676251804310863 0.8419000249642081
 0.2712812775198901 0.8394832650318653
 0.2749789131660286 0.8368147296734925
 0.2787187914128466 0.8339368057230978
 0.28250161630368864 0.8309028319201249
 0.28632668379521014 0.8277403952263725
 0.2901954019741004 0.8244959672405788
 0.29410847488370395 0.8211959509347656
 0.29806590252402093 0.8177944667050834
 0.3020676848950513 0.8142689595462843
 0.3061159341268291 0.8106965071928365
 0.3102092421326649 0.8072010141748787
 0.314349016999248 0.8038860795978783
 0.3185352587265785 0.8007959846794864
 0.3227693754013457 0.797942569317471
 0.3270513670235496 0.7952653316342388
 0.33138193763653484 0.7926337959563899
 0.33576179128364597 0.7899574462654905
 0.3401902239215385 0.787186495791427
 0.3446693476802463 0.7842288893290558
 0.3491984585164248 0.7809966564379627
 0.3537789645167632 0.7774356887853494
 0.3584108656812616 0.77354527597735
 0.36309486605326463 0.7693833151140483
 0.36783166967611696 0.7650447029760528
 0.37262198059316314 0.7606152788221787
 0.37746579880440334 0.7560476830613557
 0.3823645323965267 0.7512547740460134
 0.38731818136953333 0.7462401037454821
 0.39232674572342324 0.741095608965928
 0.39739233758823033 0.7359782867517507
 0.40251425292061 0.7309980705537233
 0.40769389980725156 0.7261287349982906
 0.41293127824815495 0.7212569130643265
 0.4182270922866649 0.7162771112627211
 0.42358204596612603 0.7111345700662987
 0.428996843329883 0.7058122992217625
 0.4344721884212805 0.7001982305919319
 0.44000878528366316 0.6945213583140627
 0.4456073379603756 0.6886961286123547
 0.4512678464514179 0.6828141266008506
 0.45699101480013454 0.6768635123817827
 0.46277825109321513 0.6708947239196412
 0.4686302593740041 0.6648855614061121
 0.4745463355991569 0.6589620605529322
 0.4805285918987074 0.6531979839231943
 0.4865777323160003 0.647438110457164
 0.492693052807691 0.6415889049624764
 0.49887666550381343 0.6355039079037451
 0.5051285704043675 0.6290154071290905
 0.5114494715526982 0.6221947380225633
 0.5178400729921497 0.6152739033809212
 0.5243010787660669 0.6084254697141287
 0.5308338969611393 0.6016455890554111
 0.5374385275773665 0.5947876242709156
 0.5441156746580935 0.5876364680979985
 0.5508667462900095 0.5800017705002486
 0.5576917424731144 0.5717659553728835
 0.5645913672507531 0.563115708303956
 0.5715670287096146 0.5544584934551919
 0.5786194308930437 0.545993475666891
 0.5857485738010405 0.5375553877260627
 0.5929558655202942 0.5286860611087905
 0.6002420100941495 0.5193385447004764
 0.607607711565951 0.5099594039252247
 0.615054378022388 0.5007844066672837
 0.622581305420116 0.4918597758875385
 0.6301906058891689 0.48310693018450473
 0.6378829834728912 0.4743713352125186
 0.6456584381712832 0.4655418853709279
 0.6535190821143785 0.4564558412649157
 0.6614642112588328 0.44719901847350213
 0.6694959377346797 0.4376589557277408
 0.6776149655852643 0.42777093614643335
 0.6858212948105863 0.4177195614956251
 0.694116333497335 0.40777845181272737
 0.7025007856888553 0.39834919867017393
 0.7109781716018702 0.38903768147102246
 0.7195393386728993 0.3793729860414094
 0.7281990718121804 0.3693957528304224
 0.7369503305862669 0.35910528920404205
 0.7458001554286053 0.34875822494638325
 0.7547344654723027 0.33844276137586642
 0.7637743820176985 0.327931560615454
 0.7729058241978998 0.31720678585915884
 0.782135832446353 0.30663526673956886
 0.7914644067630583 0.29620190738703017
 0.8008915471480155 0.2854917808735259
 0.8104172536012247 0.2746696739483792
 0.8200485665561325 0.26373390037396593
 0.8297854860127387 0.25321004276283987
 0.8396139311041504 0.24304226415712837
 0.8495550231307072 0.23280500311136717
 0.8596017216589625 0.2225558370484006
 0.8697540266889164 0.21239462958595023
 0.8800048977871224 0.2022582918287609
 0.89037545625392 0.19206751422163567
 0.9008445807889697 0.18191618715387244
 0.9114333926926108 0.17186052646007221
 0.9221278110979507 0.16207923763719175
 0.9329348764384355 0.15273870676856057
 0.9438545887140656 0.1437588606255757
 0.9548869479248409 0.1349152147465615
 0.9660389945042077 0.1263374100921255
 0.9773036880187196 0.1181656310518372
 0.9886880689018234 0.11024458552657547
 1.0001921371535187 0.1023520623150361
 1.0118088523403592 0.09464378567260881
 1.023552295329238 0.08733235872355925
 1.0354083852532618 0.08047252915516527
 1.0473982434127704 0.07394538887414588
 1.0595007485074243 0.0677199883877363
 1.0717370218375628 0.06159564142877403
 1.0840929825362932 0.05548796978182779
 1.0965756710370617 0.049527510095771123
 1.1091921277733152 0.043990715103556475
 1.1219282718781602 0.03908932835287162
 1.1347981842184902 0.03461167496743585
 1.1478018647943051 0.030300772334180787
 1.160932273172158 0.026202846965960882
 1.1742034902189426 0.022558058165106358
 1.1876014350677652 0.019498211225536576
 1.2011401885855192 0.016891423302001797
 1.2148127103387582 0.014565804534695236
 1.228619000327482 0.012488048699201459
 1.2425731394185837 0.01068254539292704
 1.2566610467451702 9.133287666084941E-3
 1.270889762740688 7.865667955422656E-3
 1.2852592874051373 6.89781373641742E-3
 1.2997766611719647 6.129516850322535E-3
 1.3144348436077235 5.431602591704672E-3
 1.3292408751458602 4.761984386362856E-3
 1.344194755786375 4.1846917502304254E-3
 1.3592964855292672 3.774543898076426E-3
 1.374546064374538 3.5133005793973846E-3
 1.3899434923221865 3.3091480637644117E-3
 1.4054887693722131 3.111734403544391E-3
 1.421195976391511 2.9225946869620563E-3
 1.4370510325131862 2.731674632393069E-3
 1.4530609781706864 2.598528766048963E-3
 1.4692258133640112 2.5118752774636594E-3
 1.4855455380931603 2.4308838647888247E-3
 1.502027192791581 2.348686321728395E-3
 1.5186707774592722 2.2708289891921586E-3
 1.5354692516627883 2.209075338407726E-3
 1.5524296558355754 2.226603572561005E-3
 1.56955903041108 2.2443064342027355E-3
 1.5868432945224095 2.3186789296290046E-3
 1.604303569469903 2.3732478344505535E-3
 1.621918733953221 2.3909345105338976E-3
 1.6397099092727034 2.3742770767634993E-3
 1.6576630145614568 2.3246450541141482E-3
 1.675785090252928 2.265906314897282E-3
 1.6940831767805635 2.255412992872238E-3
 1.7125502337109164 2.2683943044621845E-3
 1.7311933014774338 2.2814993418583647E-3
 1.750005339646669 2.3260444708308016E-3
 1.7690004290855148 2.354670502057634E-3
 1.7881644889270784 2.3553190916573486E-3
 1.8075116000382525 2.329331640847537E-3
 1.8270347219855911 2.2838199618208333E-3
 1.846733854769094 2.229894200246026E-3
 1.8666160388222075 2.180337893742899E-3
 1.8866883145783788 2.12346322803058E-3
 1.906936601170714 2.0320601052562746E-3
 1.92736793903266 1.915745304783331E-3
 1.947982328164217 1.7844491264679843E-3
 1.9687868089988311 1.6228352915322451E-3
 1.9897813815365028 1.445846579751794E-3
 2.0109590053437855 1.2686455194048788E-3
 2.032333761287572 1.0849386128330795E-3
 2.053891568500969 8.794610942409235E-4
 2.0756465078508705 6.760322331595124E-4
 2.097591538903829 5.013945402790488E-4
 2.119726661659845 3.2909612111998705E-4
 2.142065956985812 1.3790237359376095E-4
 2.164595344014836 -6.230566825800519E-5
 2.187321863180364 -2.7690097964203763E-4
 2.2102455144823953 -5.062813811233312E-4
 2.233366297920931 -7.223550635822806E-4
 2.256691253929418 -9.484693463850699E-4
 2.280213342074408 -1.242443292849561E-3
 2.303939602789349 -1.5630558253015985E-3
 2.3278700360742403 -1.8653726373291212E-3
 2.3519976014956354 -2.1229175863419556E-3
 2.3763363799204282 -2.3451059958429312E-3
 2.400879330915171 -2.5071031474688996E-3
 2.4256264544798646 -2.5045109415919647E-3
 2.4505847910479552 -2.5018966116250422E-3
 2.475747300185996 -2.36870676006073E-3
 2.501113981893988 -2.221374446610345E-3
 2.526698917038823 -2.1021776374222766E-3
 2.5524950651870557 -1.996025021203349E-3
 2.5784953859052386 -1.95133881984901E-3
 2.6047139600602653 -2.0310273109739986E-3
 2.6311437472186893 -2.128381995159193E-3
 2.65778474738051 -2.083586130510664E-3
 2.6846440009791745 -2.038423280713058E-3
 2.7117144675812356 -1.831710091190376E-3
 2.7390031876201414 -1.5892501783249008E-3
 2.7665031206624437 -1.3223521836714948E-3
 2.7942283475750362 -1.0617315252160566E-3
 2.822164787491026 -9.13751806155734E-4
 2.850326521277306 -8.642937116045903E-4
 2.8787065085004295 -8.56837772783337E-4
 2.9072977087269502 -8.323452274656749E-4
 2.9361142028237612 -7.185689602736146E-4
 2.9651559907908624 -4.338637948972825E-4
 2.9944160321948074 -2.5149429949752703E-5
 3.023894327035596 3.8519746982955806E-4
 3.053597915746675 7.734585487262016E-4
 3.0835267983280436 1.2051805889965916E-3
 3.1136739343462562 1.6463405077750588E-3
 3.1440463642347595 1.9868448972696745E-3
 3.1746440879935522 2.148945766400088E-3
 3.205460065189189 2.2003676855944713E-3
 3.2365083766885627 2.172753373631889E-3
 3.26777494162478 2.041873308523588E-3
 3.299273840864734 1.9063604098177643E-3
 3.330990993541532 1.811092803611571E-3
 3.36293344008862 1.760873462833453E-3
 3.395108220939445 1.6802770291481485E-3
 3.4275012552271135 1.5803221258147007E-3
 3.460126623818519 1.523354516904905E-3
 3.4929772862802144 1.4257802026161198E-3
 3.5260532426121997 1.169420782566765E-3
 3.5593544928144762 7.931262765040374E-4
 3.5928810368870425 3.4852593207212984E-4
 3.626632874829899 -2.7280220831312223E-5
 3.6606170470764922 -2.555286913823306E-4
 3.6948194727599297 -4.562279528326319E-4
 3.7292542327471034 -6.84446611705061E-4
 3.7639072461711204 -8.399422978683191E-4
 3.798792593898875 -8.060063510536319E-4
 3.8338961950634726 -7.718580905454528E-4
 3.8692321305318073 -6.904835979783442E-4
 3.904786319436986 -6.737247554835656E-4
 3.9405728426459014 -5.202411593067969E-4
 3.97657761929166 -5.756515809605575E-4
 4.012807689807709 -5.807394138898895E-4
 4.049256013760602 -5.490220914949413E-4
 4.085936672017232 -5.17102591846944E-4
 4.122828543277259 -4.343325897294456E-4
 4.159952748841023 -3.9170049223882465E-4
 4.197288167408183 -3.866627341376463E-4
 4.234848879845634 -3.742067117699116E-4
 4.272634886153375 -3.473951922355702E-4
 4.310632105464514 -3.099988218567523E-4
 4.348847578212495 -2.5298050266481746E-4
 4.3872813043973204 -1.854034514428817E-4
 4.42593328401899 -1.355944756014433E-4
 4.4648035170775024 -1.0409871955342039E-4
 4.503884963139413 -7.75330377363786E-5
 4.543184662638166 -5.6376441038269934E-5
 4.58268853470687 -4.312679861109477E-5
 4.622410660212418 -3.059270632545939E-5
 4.662343998721363 -1.713424539733999E-5
 4.7024885502337054 -8.28137919793923E-6
 4.742837274315997 -4.639352230837489E-6
 4.783397211401687 -3.3336563561461047E-6
 4.824161321057328 -2.6762462693925624E-6
 4.865129603282918 -2.198369406848728E-6
 4.90630205807846 -1.809397448650214E-6
 4.947678685443952 -1.4880895590022794E-6
 4.989259485379394 -1.2228941416478688E-6
 5.031037417451341 -1.0043631949663131E-6
 5.073005441226344 -8.244729978389095E-7
 5.115177637571299 -6.764879508245913E-7
 5.157546966052757 -5.548055859782009E-7
 5.200106386237272 -4.547891625359522E-7
 5.242855898124844 -3.7261103690786102E-7
 5.285795501715476 -3.0511536722323156E-7
 5.32893223744261 -2.497016738560596E-7
 5.372244984005908 -2.0422761018456451E-7
 5.415747822272264 -1.6692842760657285E-7
 5.459433711808231 -1.3635054779309304E-7
 5.503295612180362 -1.1129677948134423E-7
 5.547340563822104 -9.07812972634945E-8
 5.59156152630001 -7.399246430767025E-8
 5.635965540047526 -6.02622499020224E-8
 5.680531483764315 -4.904101520844013E-8
 5.725273438317267 -3.9876696354295825E-8
 5.7701843632729374 -3.2397660852472276E-8
 5.815264258631324 -2.6298541163683646E-8
 5.860506083958984 -2.132855286134296E-8
 5.905909839255914 -1.7281855770789445E-8
 5.951475524522114 -1.398959933397328E-8
 5.99719609932414 -1.1478388393173364E-8
 6.04307156366199 -9.139745146327444E-9
 6.089101917535665 -7.375905848302672E-9
 6.135287160945164 -5.945889507863735E-9
 6.181613213023594 -4.787599353988896E-9
 6.228094154637849 -3.850307403891933E-9
 6.274708864487589 -3.0926024903400324E-9
 6.321471423439707 -2.4807063321937692E-9
 6.368367750627309 -1.987088147969312E-9
 6.415397846050397 -1.5893274336578351E-9
 6.462561709708969 -1.2691800907890905E-9
 6.5098523011695794 -1.0118135098361265E-9
 6.557276660865676 -8.051787004366669E-10
 6.6048207079303624 -6.394967358274351E-10
 6.652491482797088 -5.068382470350393E-10
 6.700274904598959 -4.007794738458185E-10
 6.7481780137694205 -3.161214875502316E-10
 6.796193769875027 -2.4866071596427243E-10
 6.8443151324823334 -1.9500182568514898E-10
 6.892549142024785 -1.5240518868834223E-10
 6.940881717635487 -1.1866265812022744E-10
 6.989319899747889 -9.199642005144458E-11
 7.0378566479285424 -7.097684234623726E-11
 7.086477881310555 -5.4455640215538764E-11
 7.13519768076082 -4.1511709276679596E-11
 7.183987884545549 -3.140714743711922E-11
 7.232918896999211 -2.3551652913853462E-11
 7.281920313787338 -1.747369585833481E-11
 7.330921730575466 -1.2797210925721843E-11
 7.380063956032524 -9.222770653438769E-12
 7.429276585824047 -6.512386584411066E-12
 7.478559619950038 -4.4772585840447145E-12
 7.527913058410493 -2.967909363810243E-12
 7.577266496870949 -1.8662427514160692E-12
 7.626760744000336 -1.0791611571188642E-12
 7.676254991129722 -5.334380573573965E-13
 7.725890046928041 -1.716008183025377E-13
 7.775454698391894 5.137509417469661E-14
 7.825160158524677 1.707225702058231E-13
 7.874865618657462 2.1402260368911106E-13
 7.924641483124713 2.0293642197340583E-13
 7.974417347591962 1.5462091307653834E-13
 8.024193212059211 8.290514271061899E-14
 8.074039480860929 -7.028675390484692E-16
 8.123956153997108 -8.61133050895503E-14
 8.17387282713329 -1.637909020577236E-13
 8.223719095935005 -2.2388409597946992E-13
 8.273706173405653 -2.343113572297935E-13
 8.323622846541834 -2.0238203686843912E-13
