 0.0E+0 0.0E+0
 3.945421435360043E-3 7.178000000000018E-3
 0.011882648722343687 0.02161831000000003
 0.019913261708823203 0.03622749000000003
 0.02803839463406372 0.051005610000000034
 0.03625894295011666 0.06595163999999998
 0.04457629958239534 0.08106354000000005
 0.05299145947762357 0.09633829999999999
 0.06150551707719751 0.11177205999999995
 0.07011966631718573 0.12736013000000001
 0.07883510113365681 0.14309700000000002
 0.08765311495735166 0.15897640000000001
 0.09657460324032172 0.17499127999999997
 0.10560066042396317 0.19113385000000004
 0.1147332764017236 0.2073956
 0.1239733466256544 0.22376743
 0.13332186604247944 0.24023967000000001
 0.14277982959892246 0.25680227
 0.1523502221351549 0.27344495999999995
 0.16203204870445295 0.29015734000000004
 0.17182729920026418 0.30692912000000005
 0.18173796351603621 0.32375018
 0.19176503659849283 0.34061078
 0.2019105083410817 0.35750158
 0.21217437874380276 0.37441374000000005
 0.2225586377001036 0.39133896999999995
 0.23306527510343186 0.40826942
 0.24369528590051131 0.42519766000000003
 0.25444966503806576 0.44211656
 0.26533040240954286 0.45901912
 0.2763394879083901 0.47589835999999996
 0.2874769215346076 0.4927471
 0.29874568812836665 0.50955772
 0.31014578768966732 0.52632184
 0.32168120000540484 0.54303015
 0.3333509301288553 0.55967218
 0.3451569679534664 0.57623623
 0.3571022983194095 0.5927092700000001
 0.36918791617340834 0.60907691
 0.38141481646218683 0.62532334
 0.3937859840259163 0.64143132
 0.40630141886459686 0.65738213
 0.418963110871676 0.67315564
 0.4317740448873251 0.68873048
 0.44473521585826802 0.70408426
 0.45784761873122853 0.71919393
 0.47111423834637805 0.73403615
 0.4845360696504404 0.7485875799999999
 0.4981151025368631 0.76282512
 0.5118533268990938 0.77672606
 0.5257527326305802 0.7902681300000001
 0.539814314678046 0.80342968
 0.5540410578816625 0.8161898599999999
 0.5684339571881536 0.82852909
 0.5829959974376907 0.8404293899999999
 0.5977281735769977 0.85187477
 0.612632475499522 0.8628513
 0.6277108930987114 0.87334719
 0.6429664112147372 0.88335284
 0.658401019741047 0.89286094
 0.6740157136243645 0.9018665889999999
 0.6898124827581376 0.910367527
 0.7057943119825373 0.918364256
 0.7219631911910115 0.925859972
 0.7383211102770076 0.932860438
 0.7548700591339735 0.939373897
 0.7716130226020803 0.945411078
 0.7885509956280519 0.95098519
 0.8056869630520598 0.956111763
 0.8230239097142751 0.960808412
 0.840562830561422 0.965094486
 0.8583067104336716 0.968990625
 0.8762575392244717 0.972518597
 0.8944183017739935 0.975701132
 0.9127909879756847 0.97856159
 0.9313785826697168 0.98112359
 0.9501820808028135 0.983410618
 0.9692054621618699 0.985445563
 0.9884517115870575 0.987250395
 1.0079208290783763 0.988846178
 1.0276207742096168 0.9902531395
 1.0475495570873314 0.9914904494
 1.06770717771152 0.9925759576
 1.0881035855494203 0.9935263715
 1.1087288311337948 0.9943572872
 1.1296028133991193 0.9950827899
 1.150715582878156 0.9957153346
 1.1720770890381424 0.9962660435
 1.1936873318790788 0.9967449872
 1.2155562608682035 0.9971612713
 1.2376739265382781 0.9975230166
 1.2600403288893025 0.9978374113
 1.2826753668557531 0.9981108188
 1.3055790404376295 0.9983487685
 1.3287414001676942 0.9985559613
 1.3521723955131847 0.9987363776
 1.3758819759413392 0.9988934105
 1.3998601919849198 0.99903001122
 1.4241269425784024 0.99914881794
 1.4486722782545491 0.99925222398
 1.4734961990133597 0.99934237532
 1.4986086543220722 0.99942110476
 1.524019593647925 0.99948990003
 1.5497190675236796 0.99955000752
 1.575726974883812 0.99960257563
 1.6020333662610848 0.99964867692
 1.6286382416554976 0.9996892458
 1.6555515505342881 0.99972505317
 1.6827832423646946 0.99975671909
 1.7103333171467174 0.99978473033
 1.7381918254131183 0.99980948063
 1.766388615565611 0.9998313181
 1.7948938392024815 0.9998505684
 1.823747294192682 0.99986754471
 1.8529191321344988 0.9998825483
 1.8824392014296456 0.99989586139
 1.9122975526108845 0.999907732913
 1.9425041351454532 0.999918336791
 1.9730589490333516 0.999927753966
 2.0039619942745807 0.999936045232
 2.0352331698036154 0.999943325819
 2.06685257668598 0.999949746194
 2.098850063323389 0.999955437204
 2.1312057307813656 0.999960493362
 2.1639494274616244 0.999964986855
 2.1970612544296894 0.999968980919
 2.230551161152798 0.999972533509
 2.264439046565427 0.999975696607
 2.298714961200338 0.999978515603
 2.3333789050575304 0.99998102959
 2.3684507770714815 0.99998327214
 2.4039206277749523 0.999985272175
 2.439808356102419 0.999987054719
 2.476104012586644 0.999988641536
 2.5128175466948645 0.9999900516717
 2.549948958427082 0.9999913020153
 2.587518146717771 0.9999924078589
 2.6255052126324556 0.9999933834106
 2.6639400045728502 0.9999942421549
 2.7028225225389554 0.9999949969849
 2.7421428170635326 0.9999956600955
 2.7819108376138195 0.9999962427167
 2.822146483124292 0.9999967548271
 2.8628398041277134 0.9999972049933
 2.9040007500913205 0.9999976004145
 2.9456293210151134 0.9999979471442
 2.9877454158335683 0.9999982503828
 3.0303390850794476 0.9999985147277
 3.0734202782199884 0.9999987443296
 3.1169889952551916 0.9999989429721
 3.1610651351195326 0.99999911411685
 3.205648697813012 0.99999926092277
 3.2507297338683907 0.99999938623064
 3.2963380916873843 0.99999949253642
 3.3424638218027533 0.99999958201043
 3.389116873681736 0.99999965659078
 3.4363071967915717 0.99999971810592
 3.4840347911322586 0.99999976835052
 3.532299656703798 0.99999980908023
 3.581121692440665 0.99999984195025
 3.6305108478100982 0.99999986844571
 3.6804472238776213 0.99999988983783
 3.7309606690449483 0.999999907174775
 3.78205118331208 0.999999921299515
 3.833718766679015 0.999999932882489
 3.885973368612992 0.999999942458603
 3.9388249385812494 0.999999950461465
 3.9922834260510247 0.999999957250025
 4.04633888155508 0.99999996312449
 4.101011204027892 0.999999968331489
 4.156310342936696 0.999999973062957
 4.212236298281496 0.999999977453921
 4.268789070062289 0.999999981579391
 4.325998506680791 0.999999985449397
 4.383844709202524 0.999999989008816
 4.442347576561965 0.999999992154062
 4.501507108759115 0.9999999947711816
 4.561343204728448 0.9999999967844814
 4.621855864469967 0.9999999981935148
 4.683055037450906 0.9999999990787897
 4.744950673138505 0.9999999995734472
 4.807532822065527 0.9999999998184507
 4.870831332633684 0.9999999999266703
 4.934836255375739 0.9999999999701742
 4.999567489226169 0.9999999999867749
 5.065025034184973 0.999999999993229
 5.131218839719389 0.9999999999960197
 5.198158855296654 0.9999999999974399
 5.2658550303840074 0.999999999998279
 5.334307364981449 0.9999999999988248
 5.403535758023455 0.9999999999991972
 5.473540209510024 0.999999999999456
 5.544320719441158 0.999999999999636
 5.615907136218571 0.9999999999997603
 5.688289510375022 0.9999999999998449
 5.76148774084499 0.9999999999999015
 5.835501827628473 0.9999999999999387
 5.9103417201927115 0.9999999999999625
 5.9860173680049415 0.9999999999999775
 6.062538720532402 0.9999999999999868
 6.139915727242329 0.9999999999999923
 6.218158337601963 0.9999999999999957
 6.297276501078541 0.9999999999999976
 6.377270217672063 0.9999999999999987
 6.458149436849766 0.9999999999999993
 6.539934057546128 0.9999999999999997
 6.6226340292283865 0.9999999999999998
 6.706239402429303 0.9999999999999999
 6.790780025550591 1.0
 6.876265848059489 1.0
 6.962686920488759 1.0
 7.050073091240115 1.0
 7.138424360313557 1.0
 7.227750677176323 1.0
 7.318061991295652 1.0
 7.409368252138779 1.0
 7.501689358640184 1.0
 7.595025310799865 1.0
 7.689386058085058 1.0
 7.784791499430243 1.0
 7.881241634835417 1.0
 7.97874641376782 1.0
 8.077325735161926 1.0
 8.176989548484974 1.0
 8.277737853736966 1.0
 8.379590549852374 1.0
 8.482557586298437 1.0
 8.586648912542396 1.0
 8.691884427518724 1.0
 8.798254181760186 1.0
 8.905788023668492 1.0
 9.014495902710882 1.0
 9.124377818887357 1.0
 9.23546362059963 1.0
 9.347743358380463 1.0
 9.461246880631569 1.0
 9.575984136820189 1.0
 9.69195512694632 1.0
 9.809179749944438 1.0
 9.927667955281784 1.0
 10.047469490294544 1.0
 10.168455011908627 1.0
 10.29083345893603 1.0
 10.414505336704373 1.0
 10.539570139886035 1.0
 10.665828879136258 1.0
 10.793580038472182 1.0
 10.922624628549045 1.0
 11.053062144039227 1.0
 11.184892584942732 1.0
 11.318115951259553 1.0
 11.452732242989699 1.0
 11.58884095480554 1.0
 11.726442086707085 1.0
 11.865336649349567 1.0
 12.005823126750132 1.0
 12.147802024236395 1.0
 12.291273341808358 1.0
 12.436137584793642 1.0
 12.582693237209385 1.0
 12.73064181503845 1.0
 12.880281802297972 1.0
 13.031414209643197 1.0
 13.184138531746498 1.0
 13.338454768607882 1.0
 13.494362920227347 1.0
 13.651962481277272 1.0
 13.811153957085274 1.0
 13.972036842323739 1.0
 14.134611136992662 1.0
 14.298777346419667 1.0
 14.464734459949511 1.0
 14.632283488237436 1.0
 14.80172291530058 1.0
 14.972754257121805 1.0
 15.145675997718248 1.0
 15.320289147745152 1.0
 15.496693201874896 1.0
 15.674987654779859 1.0
 15.854973517115285 1.0
 16.03684977822593 1.0
 16.220616438111793 1.0
 16.4061740021005 1.0
 16.593721459536801 1.0
 16.78305982107595 1.0
 16.97438807606269 1.0
 17.16760672982466 1.0
 17.362715782361842 1.0
 17.559914223019006 1.0
 17.75900306245139 1.0
 17.960081795331376 1.0
 18.16315042165896 1.0
 18.368308436106524 1.0
 18.57545634400169 1.0
 18.784693640016836 1.0
 18.996020324151963 1.0
 19.209436396407063 1.0
 19.42494185678215 1.0
 19.642536705277215 1.0
 19.86222094189226 1.0
 20.08419355597205 1.0
 20.308255558171811 1.0
 20.534506443163937 1.0
 20.762946210948424 1.0
 20.993574861525267 1.0
 21.226491889566855 1.0
 21.461697295073182 1.0
 21.699091583371867 1.0
 21.938774249135292 1.0
 22.180844787035837 1.0
 22.425104207728743 1.0
 22.67185099523115 1.0
 22.920786665525916 1.0
 23.17220970263018 1.0
 23.425921117199187 1.0
 23.682020403905315 1.0
 23.94060705742094 1.0
 24.201581583073686 1.0
 24.465043475535932 1.0
 24.730893240135301 1.0
 24.99932986621655 1.0
 25.270154364434915 1.0
 25.54356572413516 1.0
 25.819464450644908 1.0
 26.09785054396415 1.0
 26.37882349876528 1.0
 26.662482809720668 1.0
 26.948629487485554 1.0
 27.237363026732317 1.0
 27.52868342746097 1.0
 27.822690184343873 1.0
 28.11938329738104 1.0
 28.41866327190009 1.0
 28.720729097245772 1.0
 29.025381784073342 1.0
 29.332820321727552 1.0
 29.64294521553602 1.0
 29.955756465498744 1.0
 30.271453060960496 1.0
 30.5898360125765 1.0
 30.91100481501915 1.0
 31.234959468288437 1.0
 31.561699972384364 1.0
 31.891325821979314 1.0
 32.2237375224009 1.0
 32.55903456832151 1.0
 32.89721695974114 1.0
 33.238185201987406 1.0
 33.582138284405075 1.0
 33.92897671232176 1.0
 34.278700485737473 1.0
 34.631409099324585 1.0
 34.98700305841071 1.0
 35.34548236299586 1.0
 35.70704600242478 1.0
 36.07159448202511 1.0
 36.43902830712446 1.0
 36.80954646706759 1.0
 37.18304946718212 1.0
 37.55953730746805 1.0
 37.93910948259776 1.0
 38.32166649789887 1.0
 38.70730784804376 1.0
 39.09593403836005 1.0
 39.4877440581925 1.0
 39.882538918196345 1.0
 40.280517607716355 1.0
 40.68158063208015 1.0
 41.085628496615335 1.0
 41.49286019066669 1.0
 41.9032757142342 1.0
 42.31677557264548 1.0
 42.73335976590056 1.0
 43.15312778867179 1.0
 43.57607964095917 1.0
 44.002115828090346 1.0
 44.43133584473768 1.0
 44.86373969090117 1.0
 45.29922787190844 1.0
 45.737999377104245 1.0
 46.17985521714384 1.0
 46.62499438137197 1.0
 47.073217880443884 1.0
 47.52462520903195 1.0
 47.979315861808565 1.0
 48.437090849428955 1.0
 48.89814916123788 1.0
 49.362391302562976 1.0
 49.829817273404223 1.0
 50.30042707376164 1.0
 50.774220703635215 1.0
 51.251198163024945 1.0
 51.73145894660322 1.0
 52.21480406502527 1.0
 52.70143250763586 1.0
 53.19114528509023 1.0
 53.684141386733145 1.0
 54.18022182321983 1.0
 54.67958558389506 1.0
 55.182033679414075 1.0
 55.687765099121634 1.0
