 0.0E+0 0.0E+0
 4.574037526336682E-3 7.825239999999956E-3
 0.013775887331366095 0.02356776000000005
 0.02308600179225434 0.03949517999999996
 0.03250569586433573 0.05560891000000001
 0.04203600767024263 0.07190976999999998
 0.05167855206740314 0.08839777000000004
 0.061434482525408784 0.10507200000000005
 0.07130506786081019 0.12193049
 0.0812916922371172 0.13897008
 0.09139573981783959 0.15618635000000002
 0.10161871011344634 0.17357356999999995
 0.1119616412465698 0.19112470999999997
 0.12242580203376065 0.20883141000000005
 0.13301349941420184 0.22668410000000005
 0.1437257715105258 0.24467209
 0.154563771792324 0.26278373
 0.16552865372918793 0.28100656
 0.17662387772989213 0.29932757
 0.18784829032484515 0.31773335
 0.1992041984532299 0.33621035
 0.21069390905422943 0.35474505999999994
 0.2223185755974353 0.37332422
 0.23408050502203048 0.39193491
 0.24597969732801497 0.41056464000000003
 0.25801845945457174 0.42920132
 0.2701990983408839 0.44783320000000004
 0.28252276745654286 0.46644869
 0.29499062027114025 0.48503618000000003
 0.307604963723859 0.5035837400000001
 0.32036810475388205 0.52207884
 0.33328004336120953 0.54050804
 0.34634423995461594 0.55885669
 0.3595606945341012 0.5771086000000001
 0.3729340209780314 0.59524585
 0.38646306581681505 0.61324858
 0.4001501359896351 0.6310949299999999
 0.4139986919052661 0.64876098
 0.4280098870332996 0.66622095
 0.4421848748433271 0.68344727
 0.45652711574412296 0.70041095
 0.4710366097356875 0.7170818400000001
 0.48571566375720343 0.73342907
 0.5005677382174454 0.7494214699999999
 0.515593986586005 0.76502802
 0.5307955623324734 0.7802183
 0.5461759258656256 0.7949629300000001
 0.5617362306550527 0.80923396
 0.5774787836399379 0.82300529
 0.5934058917594642 0.83625295
 0.6095198619528147 0.84895552
 0.6258218476895808 0.86109432
 0.642315309378537 0.8726537400000001
 0.6590014004892748 0.88362149
 0.6758835814305687 0.8939888
 0.6929630056720104 0.903750567
 0.7102419801527828 0.912905489
 0.7277228118120689 0.92145611
 0.7454089610586431 0.929408833
 0.7633027348316886 0.936773834
 0.7814052866007968 0.943564857
 0.7997189233051507 0.949798933
 0.818247105353525 0.955496084
 0.8369921396851026 0.960679013
 0.8559563332390663 0.965372745
 0.8751419929545995 0.969604201
 0.8945525792404764 0.973401742
 0.9141892455662888 0.976794714
 0.934055452340811 0.979813011
 0.9541546599728175 0.982486644
 0.9744880219319 0.9848453
 0.9950589986268327 0.986917932
 1.015869896996799 0.988732411
 1.0369241774505733 0.9903152414
 1.0582241469273383 0.9916913419
 1.0797732658358691 0.9928838994
 1.1015726876457567 0.9939142974
 1.1236270262353673 0.994802101
 1.1459397420134753 0.995565074
 1.168510834980081 0.9962192254
 1.1913495328919163 0.9967788908
 1.2144535288097981 0.9972568369
 1.2378228227337266 0.9976643747
 1.2614689493596167 0.99801147
 1.2853803739915534 0.9983068442
 1.3095801660213666 0.9985580731
 1.3340567907531417 0.9987716914
 1.3588217828827933 0.9989533056
 1.3838751424103217 0.99910771026
 1.409228404031642 0.99923899805
 1.4348700330508388 0.99935065807
 1.4608000294679122 0.99944565826
 1.4870414626746928 0.99952651716
 1.51359433267118 0.99959536828
 1.540447104761459 0.99965401849
 1.5676113136414451 0.99970399993
 1.5950984940070527 0.99974661423
 1.6228971111623673 0.99978296627
 1.651030234499219 0.999813989
 1.6794863293216926 0.999840467
 1.7082653956297881 0.99986306435
 1.7373789681194204 0.9998823533
 1.766838581486505 0.99989883457
 1.7966327010351266 0.99991294513
 1.8267843961571148 0.999925057524
 1.8572821321565557 0.999935479806
 1.8881259090334485 0.999944461782
 1.9193272614837082 0.999952206215
 1.9508977242032501 0.999958880658
 1.9828372971920742 0.999964627433
 2.0151344457542657 0.999969571076
 2.0478237739775693 0.99997382295
 2.0808706777742402 0.999977482737
 2.114321295927938 0.999980637689
 2.1481410243509184 0.999983361756
 2.182364467130926 0.999985716239
 2.216980089572046 0.999987751847
 2.251999426370194 0.999989511063
 2.2874224775253684 0.9999910300554
 2.3232492430375706 0.9999923400055
 2.3595027922986302 0.9999934680227
 2.3961600559167175 0.9999944378172
 2.433255637979577 0.9999952702161
 2.4707664690953792 0.9999959835593
 2.508727153351869 0.9999965939944
 2.5471146213572164 0.9999971156995
 2.5859404078073366 0.9999975610632
 2.6252275820940593 0.9999979408488
 2.6649646095214696 0.9999982643611
 2.7051514900895674 0.9999985396156
 2.7458112931901834 0.9999987735061
 2.786932484127402 0.9999989719592
 2.8285381322930533 0.99999914006865
 2.8706167029912226 0.99999928220963
 2.913179730917825 0.99999940213779
 2.9562272160728597 0.99999950307887
 2.999782227848158 0.99999958781216
 3.0438216968518885 0.99999965874402
 3.0883802271717972 0.99999971796621
 3.1334578188078845 0.99999976729638
 3.1790429370642345 0.99999980830453
 3.2251471166367626 0.99999984233332
 3.271793426917299 0.99999987051964
 3.3189703332099282 0.99999989382037
 3.3666893702105662 0.999999913040698
 3.414950537919212 0.999999928860574
 3.463776905727696 0.999999941856529
 3.5131569389401033 0.999999952518081
 3.5631021722523494 0.99999996126022
 3.6136126056644335 0.999999968433492
 3.664711308568186 0.999999974332365
 3.7163982809636073 0.999999979201858
 3.768661988154782 0.999999983242518
 3.8215370342294554 0.999999986614409
 3.875011884491712 0.999999989441033
 3.929098073637467 0.9999999918138427
 3.9838071363626363 0.9999999937975437
 4.039139072667219 0.9999999954363705
 4.0950938825512155 0.9999999967614899
 4.1516946354064554 0.9999999977990379
 4.208952865928855 0.9999999985772104
 4.266845504726583 0.9999999991305102
 4.325407155887385 0.9999999995000579
 4.38463781941126 0.9999999997302403
 4.44453749529821 0.9999999998633577
 4.505117718244149 0.999999999934751
 4.566390022944992 0.999999999970348
 4.628365944096654 0.9999999999869607
 4.69103394700322 0.9999999999943083
 4.754417101056521 0.9999999999974524
 4.81852694095247 0.9999999999987942
 4.883363466691069 0.9999999999993873
 4.948926678272318 0.9999999999996677
 5.015251179783961 0.9999999999998114
 5.082313901834167 0.9999999999998902
 5.150137913814769 0.9999999999999355
 5.218723215725765 0.9999999999999621
 5.288092876958986 0.9999999999999779
 5.358246897514433 0.9999999999999872
 5.429196812088017 0.9999999999999928
 5.500954155375657 0.9999999999999959
 5.573507392681437 0.9999999999999977
 5.646891128093102 0.9999999999999988
 5.721093826914736 0.9999999999999993
 5.79613855853817 0.9999999999999997
 5.872025322963405 0.9999999999999998
 5.948765654886355 0.9999999999999999
 6.026371089002935 0.9999999999999999
 6.10485316000906 1.0
 6.18421186790473 1.0
 6.264470282081774 1.0
 6.3456284025401954 1.0
 6.427686229279991 1.0
 6.510678366388908 1.0
 6.59459327917103 1.0
 6.679454037018187 1.0
 6.765260639930381 1.0
 6.852024622603525 1.0
 6.939757519733535 1.0
 7.028470866016325 1.0
 7.118176196147812 1.0
 7.208885044823909 1.0
 7.300608946740533 1.0
 7.393347901897681 1.0
 7.487113444991271 1.0
 7.581928645413133 1.0
 7.677805037859181 1.0
 7.7747310876335005 1.0
 7.872741398823836 1.0
 7.971847506126103 1.0
 8.072037874844385 1.0
 8.17334710906643 1.0
 8.275775208792238 1.0
 8.379333708717722 1.0
 8.484034143538796 1.0
 8.589888047951378 1.0
 8.696918491347297 1.0
 8.805125473726553 1.0
 8.914520529785062 1.0
 9.025126728914651 1.0
 9.136944071115323 1.0
 9.249984091082993 1.0
 9.364269858209491 1.0
 9.479812907190729 1.0
 9.59661323802671 1.0
 9.714693920109266 1.0
 9.834066488134306 1.0
 9.954742476797751 1.0
 10.07674495549143 1.0
 10.200062389519426 1.0
 10.324729382969483 1.0
 10.45075747053752 1.0
 10.578146652223536 1.0
 10.706931532115272 1.0
 10.837100575516818 1.0
 10.968688386515918 1.0
 11.101706499808486 1.0
 11.236154915394524 1.0
 11.372056702665857 1.0
 11.509423396318406 1.0
 11.648312669831745 1.0
 11.788574572158975 1.0
 11.930451331914314 1.0
 12.073827602138614 1.0
 12.218818729791023 1.0
 12.36519402095324 1.0
 12.513299516502716 1.0
 12.662904522521153 1.0
 12.814124385967698 1.0
 12.966959106842355 1.0
 13.121408685145118 1.0
 13.277473120875994 1.0
 13.435267760994128 1.0
 13.594792605499523 1.0
 13.755816960473876 1.0
 13.91868686679464 1.0
 14.083286977502665 1.0
 14.24961729259795 1.0
 14.417562465121346 1.0
 14.587468535950302 1.0
 14.75898946420737 1.0
 14.932471290769994 1.0
 15.107683321719884 1.0
 15.28474090401618 1.0
 15.46364403765889 1.0
 15.644392722648012 1.0
 15.827102305942695 1.0
 16.011657440583785 1.0
 16.198173473530442 1.0
 16.386650404782656 1.0
 16.576972887381288 1.0
 16.769371615244626 1.0
 16.963615894454378 1.0
 17.160051765887992 1.0
 17.358333188668016 1.0
 17.558806203671903 1.0
 17.76124011698135 1.0
 17.96575027555551 1.0
 18.172452026353536 1.0
 18.381114675457123 1.0
 18.59196891678457 1.0
 18.805014750335882 1.0
 19.02013682915191 1.0
 19.237565847150946 1.0
 19.457071110414695 1.0
 19.67888331286146 1.0
 19.902887107532087 1.0
 20.129082494426576 1.0
 20.357700167463232 1.0
 20.588509432723746 1.0
 20.821625637167276 1.0
 21.05704878079382 1.0
 21.294894210562532 1.0
 21.535046579514254 1.0
 21.77762123460814 1.0
 22.022618175844193 1.0
 22.270037403222406 1.0
 22.519878916742786 1.0
 22.77214271640533 1.0
 23.02682880221004 1.0
 23.284167868075215 1.0
 23.54392922008255 1.0
 23.806228205191203 1.0
 24.071064823401176 1.0
 24.338439074712457 1.0
 24.608466306084206 1.0
 24.881146517516423 1.0
 25.156364362049952 1.0
 25.43423518664395 1.0
 25.71487433825756 1.0
 25.998051122972487 1.0
 26.28411158166618 1.0
 26.57270967346119 1.0
 26.86419143923497 1.0
 27.15832618506921 1.0
 27.45522925792307 1.0
 27.755016004755695 1.0
 28.057571078607935 1.0
 28.363009826438943 1.0
 28.671216901289572 1.0
 28.982422997078113 1.0
 29.296397419886275 1.0
 29.61337086363235 1.0
 29.9332279813572 1.0
 30.255968773060804 1.0
 30.581708585702333 1.0
 30.910562766240936 1.0
 31.2423006207583 1.0
 31.577037496213577 1.0
 31.914773392606782 1.0
 32.25562365689705 1.0
 32.59958828908439 1.0
 32.946551942209644 1.0
 33.29674531019111 1.0
 33.64993769911051 1.0
 34.006359802886123 1.0
 34.3658962745588 1.0
 34.728547114128545 1.0
 35.09454301551367 1.0
 35.46365328479585 1.0
 35.83599326893426 1.0
 36.211562967928884 1.0
 36.59036238177973 1.0
 36.97250685744594 1.0
 37.35788104796837 1.0
 37.74660030030617 1.0
 38.13866461445935 1.0
 38.533958643468736 1.0
 38.93271308125265 1.0
 39.33481258085193 1.0
 39.740257142266585 1.0
 40.149162112455755 1.0
 40.5614121444603 1.0
 40.97700723828021 1.0
 41.39617808783379 1.0
 41.81880934616189 1.0
 42.24478566630537 1.0
 42.67433774218251 1.0
 43.10735022683418 1.0
 43.543823120260356 1.0
 43.98387176942022 1.0
 44.42738082735459 1.0
 44.874465641022645 1.0
 45.32501086346521 1.0
 45.7792471886006 1.0
 46.23694392251051 1.0
 46.698331759113244 1.0
 47.163295351449654 1.0
 47.63171935256057 1.0
 48.103834456364324 1.0
 48.57964066286089 1.0
 49.05902262509113 1.0
 49.54198034305504 1.0
 50.02862916371178 1.0
 50.51896908706132 1.0
 51.01288476614455 1.0
 51.5104915479206 1.0
 52.01178943238946 1.0
 52.51666307259201 1.0
 53.02534316244652 1.0
 53.537599008034703 1.0
 54.05366130327486 1.0
 54.57329935424869 1.0
 55.096628507915333 1.0
 55.62376411123396 1.0
 56.15447547028626 1.0
 56.688993278990515 1.0
 57.22720219038761 1.0
 57.76910220447751 1.0
 58.31469332126025 1.0
 58.86397554073581 1.0
 59.41694886290418 1.0
 59.97372863472453 1.0
 60.53408416227855 1.0
 61.09824613948454 1.0
 61.6659838724242 1.0
 62.237528055015843 1.0
 62.81264799334114 1.0
 63.39157438131842 1.0
 63.97407652502937 1.0
 64.5603851183923 1.0
