 4.725067488989427E-4 7.6868591E-8
 1.423075280572764E-3 1.2143832E-6
 2.3848277564678496E-3 5.4825908E-6
 3.357900013963405E-3 1.5201865E-5
 4.342399293095646E-3 3.2558232E-5
 5.338492411698683E-3 5.9259654E-5
 6.3462985253683124E-3 9.6289828E-5
 7.365948705259907E-3 1.4381909E-4
 8.39758593808842E-3 2.0126151E-4
 9.441353210568805E-3 2.6742991E-4
 0.010497405424975596 3.4073453E-4
 0.011565849821345005 4.1938155E-4
 0.012646817470832409 5.0154367E-4
 0.013740546684629396 5.8548979E-4
 0.014847144702772177 6.6967173E-4
 0.015966730680856553 7.5277261E-4
 0.017099423774478313 8.3372427E-4
 0.018245581450424843 9.1170262E-4
 0.01940508455310035 9.8610903E-4
 0.020578171393696421 1.056545E-3
 0.021765080283404642 1.1227839E-3
 0.022965930377820811 1.1847424E-3
 0.02418095998813652 1.2424495E-3
 0.02541016911435176 1.2960155E-3
 0.026653796067658126 1.3456033E-3
 0.02791207915924721 1.3914064E-3
 0.029185137544714797 1.4336341E-3
 0.030473090379656685 1.4725047E-3
 0.03177617597526447 1.5082406E-3
 0.03309463264272973 1.5410649E-3
 0.034428460382052473 1.5711957E-3
 0.03577801666002008 1.5988399E-3
 0.03714330147663255 1.6241888E-3
 0.038524791454273066 1.647417E-3
 0.03992236743734582 1.6686873E-3
 0.041336267737042416 1.6881562E-3
 0.04276684982015023 1.7059722E-3
 0.044214232842265055 1.7222693E-3
 0.045678535958982684 1.7371622E-3
 0.04716011663709051 1.7507487E-3
 0.04865897487658853 1.7631188E-3
 0.05017534898866832 1.7743638E-3
 0.051709596440117286 1.7845802E-3
 0.0532618363865312 1.7938677E-3
 0.054832187983505864 1.8023227E-3
 0.05642100869782867 1.8100324E-3
 0.0580284176850954 1.8170704E-3
 0.05965465325649765 1.8234936E-3
 0.061299953723227 1.8293401E-3
 0.06296455739647507 1.8343441069743444E-3
 0.06464858343183762 1.8394065E-3
 0.06635238929610203 1.8436794E-3
 0.06807609414486411 1.8474858E-3
 0.06982005544491125 1.8508593E-3
 0.07158439235183923 1.8538355E-3
 0.07336934317683966 1.8564472E-3
 0.0751751462311041 1.8587234E-3
 0.07700215898141995 1.8606922E-3
 0.07885061973897879 1.8623807E-3
 0.08072064765937642 1.8638102E-3
 0.08261248105380443 1.8649868E-3
 0.08452647738905023 1.8658934E-3
 0.08646287497630535 1.866495E-3
 0.08842191212676141 1.8667609E-3
 0.09040382715161001 1.8666861E-3
 0.09240897751763852 1.8662924E-3
 0.09443748238044274 1.8656125E-3
 0.09648969920681004 1.8646744E-3
 0.09856598546352781 1.8634893E-3
 0.10066646030619186 1.8620522E-3
 0.10279148120158955 1.8603597E-3
 0.10494128646091248 1.8584289E-3
 0.10711623355094806 1.8563034E-3
 0.10931656078288782 1.8540379E-3
 0.11154262562351919 1.8516792E-3
 0.11379454722843795 1.8492565E-3
 0.11607280222002725 1.8467823E-3
 0.11837774806507452 1.8442677E-3
 0.12070938476357973 1.8417202E-3
 0.12306866556030926 1.8391309E-3
 0.12545535214407152 1.8364855E-3
 0.12786944451486645 1.8337848E-3
 0.1303121342286521 1.8310514E-3
 0.13278222972947043 1.8283218E-3
 0.13528211412923735 1.8256486E-3
 0.13781059587199498 1.8230869E-3
 0.14036886651370117 1.820647E-3
 0.14295692605435597 1.8182674E-3
 0.14557596604991734 1.8158362E-3
 0.14822479494442733 1.8132529E-3
 0.15090341273788587 1.8104715E-3
 0.15361420254220894 1.8075057E-3
 0.15635716435739652 1.8044262E-3
 0.15913110662749063 1.8013338E-3
 0.16193722090844925 1.7982992E-3
 0.16477669875623027 1.7952986E-3
 0.1676483486148758 1.7922283E-3
 0.17055455359630172 1.7890024E-3
 0.17349412214455006 1.7856191E-3
 0.17646705425962086 1.7821059172942817E-3
 0.17947454149747205 1.7785519E-3
 0.18251777541406155 1.7748866E-3
 0.18559556445343142 1.7710613E-3
 0.18871029172749756 1.7669898E-3
 0.19186076568030205 1.7626233E-3
 0.19504698631184486 1.7579595E-3
 0.19827014517808394 1.7530131E-3
 0.2015314338349772 1.747804E-3
 0.2048308522825247 1.7423572E-3
 0.2081672089647685 1.7366719E-3
 0.2115440785495824 1.7307269E-3
 0.21495788636909252 1.7245301E-3
 0.2184133986471307 1.7181498E-3
 0.22190704071582312 1.7117001E-3
 0.22544238724304357 1.7052785E-3
 0.22901824667283415 1.6989507E-3
 0.23263581056115276 1.6927552E-3
 0.2362950789079994 1.6866431E-3
 0.2399960517133741 1.6804935E-3
 0.24374111208919274 1.674218E-3
 0.24752787692353941 1.6678246E-3
 0.251359920884288 1.661362E-3
 0.2552348608595225 1.654814E-3
 0.2591562715171169 1.64816E-3
 0.2631217697451552 1.6414211E-3
 0.26713254709959544 1.6346213E-3
 0.27119098669235336 1.6277976E-3
 0.2752958969674712 1.6209531E-3
 0.2794472779249488 1.6140426E-3
 0.28364751267670212 1.6070217E-3
 0.2878954096667732 1.5998341E-3
 0.2921933520070779 1.5924454E-3
 0.2965401481416584 1.5848114E-3
 0.30093698962647252 1.5769105E-3
 0.30538387646152026 1.5688271E-3
 0.30988319175871764 1.5607206E-3
 0.3144325524061486 1.5527919E-3
 0.319035533071687 1.5450792E-3
 0.323692133755333 1.5373852E-3
 0.32840116290112852 1.5295475E-3
 0.3331638120650315 1.5215414E-3
 0.33798246435895784 1.5134103E-3
 0.34285592822694965 1.5051574E-3
 0.3477853952249649 1.4966455E-3
 0.3527708653530034 1.4877094E-3
 0.3578147217229812 1.4782991E-3
 0.3629157727789403 1.4684763E-3
 0.36807521007683874 1.458308E-3
 0.37329303361667642 1.4478675E-3
 0.37857162651036924 1.4372464370441028E-3
 0.38391098875791723 1.4265031E-3
 0.3893099288033624 1.4155532E-3
 0.39477202131457866 1.4042654E-3
 0.400296074735608 1.3927499E-3
 0.40588328062240836 1.3813443E-3
 0.41153483053093775 1.3702826E-3
 0.4172507244611961 1.3593777E-3
 0.4230309624131835 1.3481101E-3
 0.42887792749881564 1.3360537E-3
 0.4347928112740507 1.3233819E-3
 0.44077323062697265 1.3106163E-3
 0.44682276022545536 1.2981148E-3
 0.4529414000694989 1.2860203E-3
 0.45912915015910316 1.2740313E-3
 0.46538720205022604 1.2617224E-3
 0.4717167472988257 1.2492188E-3
 0.4781189774608599 1.2366322E-3
 0.48459270098037077 1.2238608E-3
 0.4911403009692742 1.2108182E-3
 0.49776296898352806 1.1973402E-3
 0.5044607050231324 1.1834886E-3
 0.5112335090880873 1.1693602E-3
 0.5180849558462666 1.1550147E-3
 0.525012662185754 1.1404961E-3
 0.532019011218466 1.1256118E-3
 0.5391040029444022 1.1101851E-3
 0.5462700204754787 1.0943838E-3
 0.5535170638116954 1.0782352E-3
 0.5608463245090102 1.0614858E-3
 0.568258994123381 1.0444324E-3
 0.5757538810988502 1.027419E-3
 0.5833345601032911 1.0105104E-3
 0.5909998395807462 9.938634E-4
 0.5987521026431312 9.7744205E-4
 0.6065913492904462 9.6099317E-4
 0.6145187710786489 9.4438581E-4
 0.6225355595636975 9.2790416E-4
 0.63064290630155 9.1162509E-4
 0.638840811292206 8.9506903E-4
 0.6471316576475818 8.7794521E-4
 0.6555154453676773 8.6045497E-4
 0.6639921744524924 8.425506E-4
 0.6725654195699009 8.2406761E-4
 0.6812339891639451 8.052298E-4
 0.6900002663465405 7.8621645E-4
 0.6988642511176875 7.6710907E-4
 0.7078271350333437 7.4788921E-4
 0.7168901096494674 7.2841354E-4
 0.7260543665220163 7.0880602E-4
 0.7353210972069484 6.894628046595487E-4
 0.7446914932602215 6.699032E-4
 0.7541667462377939 6.506001E-4
 0.7637468561396653 6.3083504E-4
 0.7734330145217937 6.1063428E-4
 0.7832276044960951 5.902645E-4
 0.7931318176185274 5.6959126E-4
 0.8031444623331325 5.4868089E-4
 0.8132691133077844 5.2790661E-4
 0.8235069620984411 5.0742502E-4
 0.8338568171491444 4.8732561E-4
 0.8443222531277683 4.6756206E-4
 0.8549032700343129 4.4827622E-4
 0.865601059424736 4.294308E-4
 0.8764168128549955 4.107405E-4
 0.8873517218810494 3.9227094E-4
 0.8984081696148137 3.7410289E-4
 0.9095861560562883 3.5639855E-4
 0.9208868727614312 3.3919165E-4
 0.9323127028421582 3.2217788E-4
 0.9438636462984692 3.0538782E-4
 0.9555408946863225 2.8904405E-4
 0.9673468311176338 2.7317494E-4
 0.9792826471483608 2.5766959E-4
 0.9913483427785038 2.4250694E-4
 1.0035463011199785 2.2791799E-4
 1.0158777137287431 2.1401855E-4
 1.0283437721607553 2.0056228E-4
 1.0409468595279314 1.874064E-4
 1.0536857842743128 1.7467428E-4
 1.0665641210677736 1.6253582E-4
 1.079583061464272 1.5092952E-4
 1.092742605463808 1.3980767E-4
 1.106046327734255 1.2921754E-4
 1.1194930367196553 1.1931306E-4
 1.1330863070878827 1.1026742E-4
 1.1468273303948954 1.0181877E-4
 1.1607161066406932 9.3728265E-5
 1.1747550189371915 8.6112736E-5
 1.1889452588403492 7.8896406E-5
 1.2032927841299554 7.1874349E-5
 1.2177821045785568 6.5114009E-5
 1.2324382428612705 5.8684532E-5
 1.2472492834185171 5.2664696E-5
 1.2622271418098758 4.7218245E-5
 1.277347986916188 4.2388546E-5
 1.2926475654161913 3.8073022E-5
 1.3081020461907277 3.4188915E-5
 1.3237233447993761 3.0680927E-5
 1.339511461242137 2.7430088E-5
 1.3554663955190098 2.4594194930534931E-5
 1.371588147629995 2.1728651E-5
 1.3878886331346715 1.9372629E-5
 1.40436785203304 1.7367178E-5
 1.4210019732059411 1.5569994E-5
 1.4378267433321132 1.3838038E-5
 1.454830246851977 1.2183425E-5
 1.4720124837655323 1.0709521E-5
 1.4893615385132001 9.4763912E-6
 1.5069131577737182 8.4372555E-6
 1.5246315948683486 7.5046484E-6
 1.5425525964758293 6.6255212E-6
 1.560652331477002 5.7758384E-6
 1.5789427154314452 4.9911671E-6
 1.59742374833916 4.320939E-6
 1.6160954302001457 3.7411527E-6
 1.634969676573982 3.218322E-6
 1.6540345719010891 2.7609311E-6
 1.673302031741047 2.3738555E-6
 1.6927720560938552 2.0405424E-6
 1.7124327293999348 1.7554525E-6
 1.7323078827784441 1.5267847E-6
 1.7523736851102245 1.3470672E-6
 1.7726658830740145 1.19178E-6
 1.7931487299910753 1.0427598E-6
 1.8138579725401455 8.9494424E-7
 1.8347697796020663 7.551762E-7
 1.855896066736417 6.3375505E-7
 1.8772487495027772 5.333035E-7
 1.8988039967819878 4.514861E-7
 1.920585639693208 3.8647733E-7
 1.9425936782364374 3.3602949E-7
 1.964816196852097 2.9656754E-7
 1.9872770266593451 2.6454355E-7
 2.0099523365390234 2.365957E-7
 2.0328659576102903 2.0953951E-7
 2.056005974313567 1.8200247E-7
 2.0793723866488527 1.551442E-7
 2.1029890257353067 1.3092933E-7
 2.1268320604537707 1.1021857E-7
 2.1509134063638226 9.1778436E-8
 2.175233063465464 7.4015853E-8
 2.1998029473182736 5.7757729E-8
 2.2246111423626717 4.4222679E-8
 2.2496695641582382 3.3096158E-8
 2.2749782127049735 2.3914924E-8
 2.3005370880028763 1.6832771E-8
 2.326346190051948 1.1648195E-8
 2.3524055188521875 7.8390631E-9
 2.378715074403596 5.1186259E-9
 2.405298687825331 3.758126069573936E-9
 2.4321325279982346 2.3848201E-9
 2.4592285104818856 1.8452372E-9
 2.486586635276285 1.5691142E-9
 2.5142069023814315 1.456377E-9
 2.5421012273569054 1.3525663E-9
 2.5702696102027062 1.1637839E-9
 2.598700135359255 9.2790903E-10
 2.627404718386131 7.1571956E-10
 2.656395274842913 5.6853845E-10
 2.6856479736104437 4.8271959E-10
 2.7151985613674596 4.2287821E-10
 2.745011291435224 3.4224133E-10
 2.775121910492474 1.9931057E-10
 2.805506587420051 3.8320657E-11
 2.836177237777535 -6.9893775E-11
 2.867145777124505 -1.596968E-10
 2.898400289901381 -2.5482378E-10
 2.929952691667744 -3.0361914E-10
 2.9617910668640132 -3.3035663E-10
 2.9939392466093477 -4.0057014E-10
 3.0263733997845894 -5.2003862E-10
 3.0591173575088954 -6.7901748E-10
 3.0921592042226886 -8.0277627E-10
 3.125498939925967 -7.896581839345429E-10
 3.1591484801783114 -7.764182E-10
 3.1931197405393012 -7.9074764E-10
 3.2273888898897764 -7.982372755970925E-10
 3.261967843789317 -7.421549430957619E-10
 3.2968566022379235 -6.8557015E-10
 3.332067080795175 -5.417617E-10
 3.367599279461071 -4.3640078E-10
 3.4034412826760327 -3.8488294E-10
 3.4396169215592187 -3.4058841E-10
 3.4761023649914704 -2.5284756E-10
 3.5129214440919467 -1.9183037E-10
 3.5500622433010673 -2.4431704E-10
 3.5875247626188326 -3.7670089E-10
 3.625332833164403 -5.1533501E-10
 3.663462623818617 -6.5186066E-10
 3.701926050141056 -8.4236778E-10
 3.7407231121317194 -1.0280521E-9
 3.779853809790607 -1.0333188454903744E-9
 3.819330058677299 -9.892166786779891E-10
 3.8591399432322144 -9.4474178E-10
 3.899295379014934 -8.4806689E-10
 3.939796366025458 -8.0339506E-10
 3.9806309887042052 -8.5769642E-10
 4.021823078170337 -1.0013261E-9
 4.0633607188642715 -9.949446286987574E-10
 4.105243910786011 -9.8851007E-10
 4.147484569495133 -1.067635441028235E-9
 4.190070779432058 -1.0941799772362726E-9
 4.233002540596789 -1.1209399E-9
 4.2763036841084804 -1.1675343E-9
 4.319962294407556 -1.1703338211091473E-9
 4.3639664559344355 -1.1731555E-9
 4.408339999808278 -1.1940718E-9
 4.453071010469504 -1.310817E-9
 4.4981594879181114 -1.4873068E-9
 4.543617347713684 -1.628913E-9
 4.589432674296638 -1.6592566E-9
 4.635617383226556 -1.8030213E-9
 4.682159558943856 -2.1056767E-9
 4.729083032567699 -2.3687111E-9
 4.776363972978925 -2.547158E-9
 4.824026211296694 -2.6760069E-9
 4.872057831961425 -2.8199401E-9
 4.920446919413538 -3.1275117E-9
 4.969217304772195 -3.4664776E-9
 5.018368988037393 -3.5053038075836247E-9
 5.067890053649554 -3.4500558536680615E-9
 5.117780501608678 -3.3943958E-9
 5.168052247474344 -3.1055424E-9
 5.218705291246552 -2.7161464E-9
 5.269727717365723 -2.3031299E-9
 5.321131441391437 -2.0179013E-9
 5.372916463323691 -1.9968141E-9
 5.425070867602909 -2.1019187E-9
 5.477618485348248 -2.1906862E-9
 5.53053548544055 -2.1735966441839593E-9
 5.583845698998974 -2.1563801E-9
 5.6375252949043614 -2.0113257E-9
 5.691586188716289 -1.890789E-9
 5.74604029599434 -1.8440065E-9
 5.800863785619352 -1.7873483E-9
 5.856080488710487 -1.6543422E-9
 5.911678489708163 -1.4936666E-9
 5.967657788612382 -1.3558399E-9
 6.024018385423143 -1.2309902E-9
 6.080760280140447 -1.12145E-9
 6.137883472764291 -1.0198209E-9
 6.195399878854259 -9.0201458E-10
 6.2532856672911885 -7.5406115E-10
 6.311564669194239 -6.3236255E-10
 6.370213053444252 -5.795411E-10
 6.429254651160389 -5.6872292E-10
 6.488665631223486 -5.5531587E-10
 6.548469824752705 -5.2072052E-10
 6.608643400628888 -4.5997415E-10
 6.669210189971192 -4.7512535E-11
 6.730146361660458 -1.467288477553603E-10
 6.791463831256267 -1.9307792322866417E-10
 6.853150683199038 -2.3970621E-10
 6.915230748607932 -2.5019594E-10
 6.977668280804209 -2.4889642199372206E-10
 7.040499026466606 -2.4758872E-10
 7.103687238916387 -2.3197708E-10
 7.1672567492727115 -2.1353963E-10
 7.231207557535577 -1.9584156E-10
 7.295515832585825 -1.7996482E-10
 7.360193489983037 -1.6581354E-10
 7.425240529727211 -1.5304728E-10
 7.490656951818347 -1.4138765E-10
 7.556442756256447 -1.3065146E-10
 7.62258602748193 -1.2072139E-10
 7.689098681054375 -1.1151786E-10
 7.755956885854625 -1.0298153E-10
 7.823184473001837 -9.5063845E-11
 7.890769526936433 -8.7722266E-11
 7.958712047658411 -8.0917954E-11
 8.027000119608193 -7.4614707E-11
 8.095645658345358 -6.8778486E-11
 8.164636748310329 -6.3377208E-11
 8.2339733895031 -5.8380648E-11
 8.303655581923678 -5.3760382E-11
 8.37368332557206 -4.9489727E-11
 8.444056620448244 -4.5543683E-11
 8.514763550992653 -4.1898873E-11
 8.585792201645708 -3.8533459E-11
 8.657166403526565 -3.5427074E-11
 8.728874241075648 -3.2560736E-11
 8.800903798733374 -2.991677E-11
 8.873255076499746 -2.7478728E-11
 8.945928074374764 -2.5231314E-11
 9.018934707918005 -2.3160309E-11
 9.092239230450732 -2.1252501E-11
 9.165865473092106 -1.9495618E-11
 9.239801520282544 -1.7878264E-11
 9.314035456462467 -1.6389861E-11
 9.388579197191456 -1.5020595E-11
 9.463420826909932 -1.3761359E-11
 9.538572261177473 -1.2603709E-11
 9.613997753315342 -1.1539815E-11
 9.689721134442696 -1.0562422E-11
 9.765730488999957 -9.6648062E-12
 9.842025816987123 -8.8407406E-12
 9.91859520284462 -8.0844595E-12
 9.99543864657244 -7.390626E-12
 10.07255614817059 -6.754302E-12
 10.149935792079486 -6.1723931E-12
 10.227577578299131 -5.636258E-12
 10.305481506829523 -5.1464118E-12
 10.383647577670661 -4.6977759E-12
 10.462051959703391 -4.2870199E-12
 10.540718484046867 -3.9110694E-12
 10.619611404022352 -3.5670872E-12
 10.698754550749008 -3.2524563E-12
 10.778124093107671 -2.9647636E-12
 10.857720031098344 -2.7017848E-12
 10.937542364721025 -2.4614707E-12
 11.017579178416138 -2.2419343E-12
 11.09784238774326 -2.041438E-12
 11.178308161583232 -1.8583832E-12
 11.258988415495635 -1.6912992E-12
 11.339859318361308 -1.5388337E-12
 11.420932785739831 -1.399744E-12
 11.502196902071626 -1.2728879E-12
 11.583639751797111 -1.1572166E-12
 11.665273250475868 -1.051767E-12
 11.747073566988739 -9.5565527E-13
 11.8290526168953 -8.6807033E-13
 11.911198484635975 -7.8826826E-13
 11.993487339091601 -7.1556688E-13
 12.07594301138134 -6.4934076E-13
 12.158517839266873 -5.8901667E-13
 12.241330978343994 -5.3406926E-13
 12.324263273016912 -4.8401716E-13
 12.40719556768983 -4.3841933E-13
 12.490366173554335 -3.9687165E-13
 12.573655935014633 -3.5900385E-13
 12.657064852070729 -3.2447657E-13
 12.740592924722618 -2.9297872E-13
 12.824120997374505 -2.64225E-13
 12.907887381217984 -2.379536E-13
 12.99165376506146 -2.1392407E-13
 13.075658460096527 -1.919154E-13
 13.159543999535801 -1.7172413E-13
 13.24366785016666 -1.5316272E-13
 13.32779170079752 -1.3605793E-13
 13.412034707024178 -1.2024937E-13
 13.496277713250832 -1.0558813E-13
 13.580520719477487 -9.1935486E-14
 13.664882881299938 -7.9161696E-14
 13.749364198718181 -6.7144872E-14
 13.833845516136424 -5.5769899E-14
 13.918207677958874 -4.4927408E-14
 14.002808150972914 -3.4512799E-14
 14.087289468391159 -2.4425301E-14
