 0.0E+0 0.4108681670326754
 7.89083567818936E-3 0.41570137576464544
 0.015874494453816036 0.42059111055390596
 0.02395206192529189 0.42553802468517576
 0.03212463623754073 0.4305427788120079
 0.0403933282235188 0.4356060410268921
 0.04875926154708158 0.4407284869480118
 0.05722357284751681 0.4459107997928105
 0.06578741188549035 0.45115367046684123
 0.07445194169069845 0.456457797636629
 0.08321833871091931 0.4618238878185253
 0.09208779296277116 0.4672526554571225
 0.10106150818397631 0.47274482301272036
 0.11014070198730502 0.4783011210452895
 0.11932660601613182 0.4839222882956981
 0.128620466101552 0.4896090717779993
 0.1380235424212703 0.4953622268613506
 0.147537109660063 0.5011825173602222
 0.15716245717197255 0.5070707156218676
 0.16690088914418188 0.513027602616539
 0.1767537247626215 0.5190539680235504
 0.1867222983792294 0.5251506103305399
 0.1968079596811175 0.5313183369146605
 0.20701207386129688 0.5375579641418387
 0.21733602179130995 0.5438703174583823
 0.22778120019562153 0.5502562314812376
 0.2383490218277434 0.5567165501013435
 0.24904091564834404 0.5632521265690746
 0.25985832700499905 0.5698638235969102
 0.2708027178139134 0.5765525134531444
 0.28187556674344366 0.5833190780653099
 0.2930783693996062 0.5901644091110985
 0.3044126385133315 0.5970894081224671
 0.31587990412971844 0.6040949865897359
 0.32748171379928703 0.6111820660511417
 0.33921963277095146 0.6183515782087337
 0.35109524418721904 0.6256044650213854
 0.3631101492811752 0.6329416788116622
 0.375265967575521 0.6403641823720421
 0.3875643370836509 0.6478729490669118
 0.4000069145126888 0.6554689629394805
 0.4125953754685781 0.6631532188214009
 0.42533141466327645 0.6709267224369412
 0.4382167461239516 0.6787904905139689
 0.4512531034043084 0.6867455508915618
 0.46444223979798276 0.6947929426296796
 0.47778592855404172 0.7029337161257558
 0.49128596309472255 0.7111689332159928
 0.5049441572351178 0.7194996673003698
 0.5187623454052604 0.7279270034453051
 0.5327423828741815 0.7364520385037336
 0.5468861459762725 0.7450758812303598
 0.5611955323398633 0.7537996523940299
 0.575672461117956 0.7626244848950913
 0.5903188732212145 0.7715515238889087
 0.6051367315533246 0.7805819268941382
 0.6201280212484356 0.789716863919038
 0.6352947499110252 0.7989575175780689
 0.6506389478580062 0.8083050832161919
 0.6661626683632186 0.8177607690225661
 0.6818679879041059 0.827325796161874
 0.697757006410914 0.8370013988915015
 0.7138318475181401 0.8467888246858449
 0.7300946588183684 0.8566893343618938
 0.746547612118519 0.8667042022041974
 0.763192903698496 0.8768347160911499
 0.7800327545722602 0.8870821776192286
 0.7970694107512896 0.8974479022328681
 0.8143051435105328 0.9079332193519669
 0.8317422496568118 0.918539472499892
 0.8493830517996824 0.929268019434305
 0.8672298986248088 0.9401202322745165
 0.8852851651697817 0.9510974976358838
 0.90355125310252 0.9622012167583246
 0.9220305910021388 0.9734328056409579
 0.940725634642404 0.9847936951718661
 0.9596388672776792 0.9962853312641206
 0.9787727999314845 1.0079091749884636
 0.9981299716876036 1.0196667027090926
 1.0177129499837993 1.0315594062172313
 1.0375243309080932 1.0435887928662472
 1.0575667394976413 1.055756385713296
 1.077842830040329 1.068063723647086
 1.0983552863788217 1.0805123615342397
 1.1191068222174231 1.0931038703519322
 1.1401001814314843 1.1058398373280573
 1.1613381383795031 1.118721866077966
 1.182823498217849 1.1317515767467003
 1.2045590972182205 1.1449306061479125
 1.2265478030877712 1.1582606079018511
 1.2487925152918841 1.171743252578476
 1.2712961653796956 1.1853802278368545
 1.2940617173122974 1.1991732385646745
 1.3170921677936158 1.2131240070254938
 1.34039054660412 1.2272342729932563
 1.363959916937115 1.2415057939002072
 1.387803375737873 1.255940344973557
 1.4119240540453912 1.2705397193854996
 1.4363251173370297 1.2853057283863613
 1.4610097658757073 1.3002402014566962
 1.4859812350600176 1.3153449864418107
 1.5112427957769303 1.3306219497032365
 1.5367977547573985 1.34607297625323
 1.5626494549345526 1.3616999699040615
 1.5888012758047584 1.3775048534082472
 1.615256633791371 1.3934895686020607
 1.642018982611243 1.409656076547427
 1.6690918136439576 1.4260063576779686
 1.6964786563038694 1.4425424119354628
 1.7241830784147613 1.4592662589193647
 1.7522086865873776 1.4761799380224562
 1.7805591265995595 1.493285508577836
 1.809238083779204 1.5105850499963453
 1.8382492833898631 1.528080661908851
 1.8675964910190747 1.545774464308685
 1.8972835129694294 1.563668597690189
 1.9273141966522975 1.5817652231848815
 1.9576924309841721 1.600066522708755
 1.9884221467858407 1.6185746990924043
 2.019507317184056 1.6372919762216373
 2.0509519580159052 1.6562205991758893
 2.0827601282358432 1.6753628343624886
 2.1149359303252972 1.6947209696525737
 2.1474835107048857 1.7142973145128053
 2.1804070601491676 1.7340942001445911
 2.2137108142040635 1.7541139796071523
 2.247399053606641 1.7743590279587262
 2.28147610470761 1.7948317423793445
 2.315946339896182 1.815534542300532
 2.350814178027411 1.8364698695345751
 2.3860840848520274 1.8576401884006608
 2.4217605734486835 1.8790479858450497
 2.4578482046585183 1.9006957715687442
 2.4943515875221646 1.922586078144857
 2.5312753797190157 1.9447214611413177
 2.568624288008847 1.9671044992369846
 2.606403068675667 1.9897377943352381
 2.6446165279737532 2.012623971680738
 2.6832695225759235 2.035765679971187
 2.7223669600239612 2.059165591464091
 2.7619137991810882 2.082826402087104
 2.8019150506865537 2.1067508315403675
 2.8423757774121942 2.1309416234001505
 2.883301094920979 2.1554015452183872
 2.924696171927471 2.1801333886234
 2.9665662307602187 2.205139969405601
 3.0089165478257977 2.230424127620608
 3.0517524540748293 2.255988727668848
 3.0950793354695287 2.2818366583843854
 3.138902633452962 2.3079708331190027
 3.1832278454199123 2.3343941898185174
 3.228060525189219 2.3611096911004292
 3.2734062834776 2.3881203243226867
 3.3192707883748022 2.415429101659645
 3.3656597658202054 2.443039060154731
 3.4125790000804396 2.470953261792118
 3.4600343342283803 2.4991747935496095
 3.5080316706231573 2.527706767446016
 3.556576971391074 2.5565523205974116
 3.605676258907606 2.585714615254487
 3.6553356162801207 2.6151968388450725
 3.7055611878314103 2.645002204002322
 3.756359179583765 2.675133948603859
 3.8077358597438033 2.7055953357841446
 3.8596975591875333 2.736389653962227
 3.912250671945953 2.7675202168493995
 3.9654016556907922 2.7989903634602355
 4.019157032220471 2.8308034581121583
 4.073523387946045 2.862962890422852
 4.128507374377109 2.8954720752998
 4.184115708607489 2.9283344529216672
 4.240355173800586 2.9615534887213645
 4.297232619674387 2.995132673348092
 4.354754962985754 3.0290755226376067
 4.412929188014139 3.0633855775660334
 4.471762347044408 3.0980664042002556
 4.531261560848721 3.1331215936387084
 4.591434019167264 3.1685547619441227
 4.652286981187699 3.204369550077022
 4.713827776023335 3.2405696238024357
 4.776063803189497 3.27715867361179
 4.839002533078413 3.3141404146183313
 4.902651507432077 3.3515185864482446
 4.967018339813028 3.3892969531307954
 5.032110716073016 3.4274793029684533
 5.0979363948191824 3.4660694484027696
 5.164503207877649 3.505071225874039
 5.2318190607544234 3.54448849566047
 5.2998919330932174 3.584325141722028
 5.368729879130254 3.624585071517608
 5.438341028145575 3.665272215826444
 5.508733584910917 3.706390528551766
 5.579915830133808 3.74794398650497
 5.651896120897527 3.7899365892024046
 5.7246828910971645 3.832372358617803
 5.798284651870914 3.8752553389558475
 5.872709992027031 3.9185895963860133
 5.947967578465664 3.9623792187819866
 6.0240661565957 4.006628315440696
 6.101014550746199 4.051341016789844
 6.178821664572213 4.096521474079766
 6.257496481454697 4.142173859065182
 6.3370480648942955 4.1883023636731184
 6.417485558898761 4.2349111996522
 6.498818188363632 4.2820045982118815
 6.581055259445983 4.329586809644674
 6.664206159930919 4.377662102930864
 6.748280359590483 4.426234765337487
 6.8332874105348544 4.4753091019845765
 6.9192369475552224 4.5248894354156
 7.006138688458406 4.574980105130635
 7.094002434392513 4.625585467120062
 7.18283807016364 4.676709893373016
 7.272655564543131 4.7283577713648474
 7.363464970564995 4.780533503536742
 7.4552764258133334 4.8332415067481
 7.548100152699239 4.886486211715819
 7.641946458726936 4.940272062429219
 7.736825736748683 4.994603515555036
 7.832748465208241 5.049485039811208
 7.929725208372325 5.104921115331263
 8.02776661654984 5.160916232997264
 8.126883426298313 5.2174748937658
 8.227086460617373 5.274601607959885
 8.328386629128639 5.332300894547422
 8.430794928241745 5.3905772803950755
 8.53432244130604 5.449435299497767
 8.638980338747489 5.508879492193226
 8.744779878190482 5.568914404342381
 8.851732404563919 5.629544586496817
 8.959849350191282 5.690774593035958
 9.069142234864167 5.7526089812834815
 9.179622665898812 5.815052310595034
 9.29130233817513 5.87810914143086
 9.404193034157924 5.941784034385937
 9.518306623899472 6.006081549216368
 9.633655065023415 6.071006243819193
 9.75025040268906 6.136562673198893
 9.868104769535815 6.202755388402985
 9.987230385607209 6.269588935428424
 10.107639558253881 6.337067854107229
 10.229344682015196 6.405196676950189
 10.352358238478622 6.47397992798217
 10.476692796116769 6.543422121530171
 10.602361010101127 6.613527760991763
 10.72937562209218 6.684301337575992
 10.8577494600053 6.7557473290050884
 10.987495437751749 6.827870198193476
 11.118626554954279 6.900674391898509
 11.251155896636838 6.974164339328294
 11.385096632887528 7.048344450731259
 11.520462018494475 7.1232191159498254
 11.65726539255394 7.1987927029335585
 11.795520178049843 7.275069556237412
 11.935239881404476 7.35205399546779
 12.076438091999355 7.429750313712213
 12.21912848166592 7.508162775922397
 12.363324804145169 7.587295617277343
 12.509040894515879 7.667153041494808
 12.65629066859038 7.747739219127464
 12.805088122277601 7.829058285811456
 12.9554473309125 7.911114340482546
 13.107382448551222 7.993911443566288
 13.260907707231489 8.077453615112216
 13.416037416197183 8.161744832921684
 13.572785961086947 8.246789030611161
 13.731167803085604 8.332590095654812
 13.891197478037986 8.419151867396454
 14.052889595524576 8.506478135003272
 14.216258837897843 8.594572635405315
 14.381319959279029 8.683439051188234
 14.548087784514442 8.773081008446363
 14.716577208090516 8.863502074605439
 14.886803193007083 8.954705756202337
 15.058780769607973 9.046695496633893
 15.232525034368393 9.139474673860136
 15.4080511486382 9.233046598075177
 15.585374337340436 9.32741450934387
 15.764509887624472 9.422581575192462
 15.945473147472892 9.518550888168042
 16.128279524261493 9.61532546335787
 16.31294448327165 9.7129082358706
 16.4994835461543 9.811302058287746
 16.68791228934499 9.910509698062512
 16.878246342428965 10.01053383489878
 17.07050138645592 10.111377058079063
 17.264693152203424 10.21304186376498
 17.460837418388518 10.315530652257475
 17.658950009826675 10.418845725218652
 17.859046795537423 10.52298928286268
 18.06114368679601 10.627963421104289
 18.265256635130292 10.733770128680522
 18.471401630262366 10.840411284227772
 18.679594697994062 10.947888653329606
 18.88985189803572 11.056203885532565
 19.10218932177767 11.165358511321655
 19.316623090003634 11.275353939066546
 19.53316935054546 11.386191451937266
 19.751844275878614 11.497872204780208
 19.97266406065772 11.610397220971285
 20.19564491919161 11.723767389232552
 20.42080308285726 11.837983460423247
 20.648154797452114 11.953046044293716
 20.87771632048403 12.068955606220799
 21.109503918398562 12.185712463905979
 21.343533863742806 12.303316784058282
 21.579822432265544 12.42176857903418
 21.818385899952883 12.54106770347406
 22.059240539999237 12.661213850891071
 22.30240261971288 12.782206550261442
 22.547888397355922 12.904045162573357
 22.795714118918095 13.026728877366365
 23.04589601482401 13.150256709246035
 23.298450296573502 13.274627494387566
 23.55339315331484 13.399839887013922
 23.81074074835027 13.52589235586549
 24.07050921557378 13.652783180652357
 24.332714655840725 13.780510448495908
 24.597373133269094 13.909072050362278
 24.864500671472306 14.038465677478502
 25.134113249723167 14.168688817753875
 25.406226799049083 14.299738752181879
 25.680857198258205 14.431612551250751
 25.958020269896604 14.564307071340389
 26.237731776136264 14.697818951133911
 26.52000741459416 14.832144608014568
 26.80486281408214 14.967280234480185
 27.09231353028791 15.103221794552141
 27.382375041387117 15.239965020208226
 27.675062743586867 15.377505407808579
 27.97039194660063 15.515838214543791
 28.268377869054923 15.654958454901681
 28.569035633828132 15.794860897140703
 28.87238026332162 15.935540059795837
 29.17842667466371 16.07699020819139
 29.487189674846707 16.2192053510021
 29.798683955797876 16.362179236817421
 30.112924089384424 16.5059053507498
 30.429924522353363 16.650376911079163
 30.749699571206917 16.79558686592075
 31.072263417013925 16.941527889949266
 31.397630100158352 17.08819238114693
 31.725813515025325 17.23557245760843
 32.05682740462583 17.383659954398574
 32.39068535516102 17.53244642044034
 32.727400790526814 17.681923115485233
 33.06698696676026 17.832081007113817
 33.40945696642832 17.98291076782626
 33.75482369296076 18.1344027721628
 34.10309986492776 18.286547093936054
 34.45429801026435 18.439333503482615
 34.80843046044208 18.59275146504004
 35.16550934459028 18.746790134166083
 35.525546583567823 18.901438355252007
 35.88855388398703 19.056684659133637
 36.2545427321918 19.21251726076513
 36.62352438819101 19.368924057015227
 36.99550987954956 19.525892624532286
 37.37050999523849 19.683410217737517
 37.74853527944652 19.841463766890147
 38.12959602535441 20.000039876301556
 38.51370226887505 20.15912482261122
 38.900863782360424 20.318704553235207
 39.29109006827881 20.4787646848751
 39.684390352863296 20.639290502205437
 40.08077357973511 20.80026695664234
 40.480248403503296 20.961678665286036
 40.882823183344115 21.123509909948573
 41.28850597656171 21.285744636376197
 41.697304532133884 21.44836645357325
 42.10922628424488 21.611358633285671
 42.524278345808255 21.77470410964584
 42.94246750198288 21.938385478950557
 43.36380020368476 22.102384999624245
 43.788282561098064 22.266684592313552
 44.21592033718804 22.431265840180405
 44.646718941219504 22.596109989332504
 45.08068342228366 22.761197949462346
 45.517818462837105 22.926510294619365
 45.95812837225574 23.092027264215886
 46.40161708040797 23.257728764159345
 46.84828813124965 23.423594368232947
 47.298144676445545 23.58960331960231
 47.75118946901972 23.7557345325838
 48.20742485703994 23.921966594545722
 48.66685277733848 24.088277768060272
 49.12947474927438 24.254645993241886
 49.595291868540535 24.421048890268146
 50.06430480101921 24.58746376216299
 50.536513776691045 24.753867597731765
 51.01191858360037 24.920237074766596
 51.49051856188213 25.086548563418276
 51.97231259785355 25.25277812983903
 52.45729911817574 25.418901539995854
 52.94547608408858 25.58489426375818
 53.436840985724074 25.750731479156932
 53.9313908365015 25.916388076935795
 54.42912216761001 26.081838665260622
 54.93003102258161 26.24705757472852
 55.4341129519604 26.41201886354774
 55.941363008071263 26.576696323013223
 56.451775739893726 26.741063483143175
 56.96534518804407 26.905093618623364
 57.48206487987158 27.068759754943496
 58.0019278246727 27.23203467476657
 58.52492650902745 27.394890924575435
 59.05105289226354 27.557300821497062
 59.58029840205154 27.719236460423065
 60.11265393013672 27.8806697213056
 60.6481098282112 28.04157227675008
 61.18665590393165 28.201915599779262
 61.7282814170864 28.361670971883786
 62.2729750759169 28.520809491261946
 62.82072503359759 28.679302081326294
 63.371518884879094 28.837119499393203
 63.92534366289828 28.994232345655365
 64.48218583616067 29.150611072309036
 65.04203130569812 29.306225992972851
 65.60486540240738 29.4610472922666
 66.17067288457272 29.615045035623996
 66.73943793557679 29.768189179345974
 67.3111441618048 29.920449580800564
 67.88577459074448 30.071796008891976
 68.46331166928707 30.22219815466429
 69.04373726223199 30.371625642167384
 69.62703265100023 30.52004803944769
 70.21317853255883 30.66743486976903
 70.80215501856067 30.81375562300595
 71.39394163470337 30.958979767177464
 71.9885173203095 31.103076760207354
 72.58586042813266 31.24601606178457
 73.18594872439145 31.38776714543931
 73.78875938903522 31.528299510703085
 74.39426901624347 31.66758269549425
 75.00245361516312 31.8055862885403
 75.61328861088423 31.942279942028005
 76.2267488456588 32.07763338428856
 76.84280858036318 32.21161643266855
 77.46144149620754 32.34419900643544
 78.08262069669338 32.47535113985265
 78.706318709822 32.60504299527031
 79.33250749055446 32.733244876368274
 79.9611584235259 32.85992724139924
 80.59224232601407 32.98506071654744
 81.22572945116454 33.10861610932412
 81.86158949147317 33.23056442197632
 82.49979158252601 33.35087686499102
 83.14030430699863 33.46952487054765
 83.7830956989138 33.58648010606309
 84.42813324815923 33.70171448765621
 85.07538390526403 33.81520019370152
 85.7248140864354 33.92690967826096
 86.3763896788532 34.036815684589775
 87.03007604622407 34.14489125851652
 87.6858380345924 34.25110976185067
 88.34363997840883 34.35544488565553
 89.0034457068537 34.45787066353627
 89.66521855041556 34.558361484752985
 90.32892134772175 34.65689210733495
 90.99451645262062 34.75343767100849
 91.66196574151215 34.84797371007664
 92.33123062092591 34.94047616614276
 93.00227203534338 35.030921400682494
 93.67505047526173 35.11928620753162
 94.34952598549734 35.20554782512607
 95.02565817372455 35.28968394866773
 95.70340621924794 35.37167274202856
 96.38272888200326 35.45149284954313
 97.06358451178488 35.52912340751528
 97.74593105769414 35.60454405561091
 98.4297260778066 35.677734947927554
 99.11492674905185 35.74867676393966
 99.80148987730344 35.817350719086775
 100.48937190767236 35.883738575237416
 101.17852893500124 35.94782265076476
 101.86891671455224 36.009585830465894
 102.56049067288536 36.06901157511115
 103.25320591892017 36.12608393076294
 103.94701725517649 36.180787537783885
 104.64187918918812 36.23310763950338
 105.33774594508291 36.283030090647095
 106.0345714753249 36.330541365330645
 106.73230947260977 36.37562856485755
 107.43091338191023 36.41827942505604
 108.1303364126622 36.45848232335007
 108.83053155108685 36.496226285463386
 109.53145157264137 36.53150099170837
 110.23304905459051 36.564296783024055
 110.9352763886941 36.59460466650916
 111.6380857940009 36.62241632069638
 112.34142932974353 36.64772410035606
 113.04525890832592 36.67052104098824
 113.74952630839688 36.6908008628442
 114.45418318800091 36.70855797464999
 115.15918109780057 36.72378747682282
 115.86447149436057 36.73648516438129
 116.57000575348783 36.74664752939448
 117.27573518361848 36.75427176304216
 117.9816110392445 36.759355757257445
 118.68758453437184 36.761898105991015
 119.39360685600292 18.380949052994932
