 2.791855721503542E-4 0.9999768389791182
 8.408389665238536E-4 1.000146665830445
 1.4091005117303034E-3 1.0006306573559211
 1.9840504687109947E-3 1.0014609078599632
 2.565752201366947E-3 1.0026044052825273
 3.1543042757664115E-3 1.0040067679353208
 3.749777096243855E-3 1.0056183755655727
 4.352248107567188E-3 1.0073524299178184
 4.961801794937771E-3 1.0091287139500684
 5.578522643556963E-3 1.010875311194909
 6.202502179059567E-3 1.012553181566349
 6.833803765346605E-3 1.0141306923787432
 7.472504847185988E-3 1.015535461522461
 8.118746233246647E-3 1.0167733345108362
 8.7725912874296E-3 1.0178883868309158
 9.434110414069318E-3 1.0188819852585981
 0.01010337401750026 1.0196998788158997
 0.010780593310725827 1.0204273974450448
 0.011465697889411553 1.0211022350866221
 0.012158828562226368 1.0216477263409222
 0.012860126137839205 1.0221103021410558
 0.013569661020584527 1.0225020872292913
 0.01428757401913127 1.022850507576686
 0.01501386513347943 1.0231551463644077
 0.01574867517229794 1.0233779528997426
 0.01649214494425573 1.0235397541082555
 0.01724434485368727 1.0236538106506922
 0.018005345304927016 1.0236995892753706
 0.01877528710664391 1.0236629543581265
 0.01955431106750688 1.0235707773034512
 0.020342417187515924 1.0234101904010493
 0.02113981667967444 1.0231848475621048
 0.02194650954398243 1.0228909379288515
 0.022762777397777756 1.0225439159901943
 0.02358854983672595 1.022165210005407
 0.024423967669495942 1.0217243906166206
 0.025269242109091136 1.0212356213171587
 0.026124443559845993 1.020716725301654
 0.026989642426094976 1.020155771332897
 0.02786504992084149 1.0195606480934242
 0.02875066604408553 1.0189374830845436
 0.029646631604496025 1.0182708958568533
 0.03055315781507638 1.0175698652013047
 0.03147031508016105 1.0168463957105344
 0.03239817380408451 1.0160919505732255
 0.03333694519985015 1.0153069283569458
 0.034286699671792444 1.0144955445305545
 0.03524757802858031 1.0136530517311865
 0.036219721078882695 1.0127798563476482
 0.037203269631368524 1.0117103006158882
 0.038198294090372265 1.0109485029851641
 0.03920500566889731 1.0099856227704626
 0.04022347477127811 1.008988115985307
 0.0412539126105181 1.007948433878746
 0.042296389590951714 1.0068591895048473
 0.0433510465212479 1.0057102339907366
 0.04441802421007559 1.0044978476145802
 0.04549753387043816 1.003227596250054
 0.046589716311004565 1.001912185431274
 0.047694641936109255 1.0005601250987685
 0.048812451554421175 0.99917257917328
 0.04994335637894371 0.9977509489572988
 0.0510874972183458 0.9962975812077431
 0.05224501488129637 0.9948140768740453
 0.05341605017646436 0.993303089579787
 0.05460081431685315 0.9917735613979723
 0.05579937770679723 0.9902347671834147
 0.05701195155929998 0.9886936669670595
 0.058238747087364796 0.9871619607453216
 0.05947983469532616 0.9856482158609602
 0.06073542559618744 0.9841617129601347
 0.062005660598617604 0.9827156921569674
 0.06329075091562003 0.9813207586523492
 0.06459083735586364 0.9799800930043479
 0.06590613113235184 0.9786904842693854
 0.06723670264941911 0.9774437518246888
 0.06858283352440328 0.9762329554225958
 0.06994473497030779 0.9750590715381098
 0.0713224069871326 0.973915777606717
 0.07271641280955346 0.9728051008458192
 0.07412661162890143 0.9717315844892437
 0.0755530034451765 0.9706744604437953
 0.07699629230172335 0.9696289086045358
 0.0784557741551973 0.9685800155133247
 0.07993285709228769 0.9675371571397974
 0.08142683706964984 0.9665303777090675
 0.08293841813062842 0.9655668227852124
 0.08446760027522342 0.9646478617874152
 0.08601508754677951 0.9637729884710646
 0.08758017590195202 0.9629385342095397
 0.08916286534074094 0.9621168068591814
 0.09076456394983562 0.961301670874971
 0.09238527172923602 0.9604989018734448
 0.09402428463559752 0.959682228350409
 0.09568230671226476 0.9588255587141876
 0.09736004200258239 0.9579423534550106
 0.09905678646320575 0.9570345105908387
 0.10077394818082416 0.9561108050031613
 0.10251082311209299 0.955191283961633
 0.1042674112570122 0.9542639144515056
 0.10604441665892646 0.9533286937136097
 0.10784254336118045 0.9523743173621291
 0.10966108732042947 0.9513879485801207
 0.11150145662336285 0.9503623857200281
 0.11336294722663597 0.9493063704241104
 0.11524555913024878 0.9482196989340365
 0.11714999637754597 0.9471145170831159
 0.11907696301187216 0.9460110708349805
 0.1210264590332274 0.9449211872927656
 0.122997780398267 0.9438232091193592
 0.12499303923702494 0.9427155760218546
 0.12701012341946724 0.9415890456119029
 0.12905184911897252 0.9404414387537829
 0.13111610420550684 0.9392776634909187
 0.13320500080910416 0.9380912738865951
 0.13531783488641982 0.9368875467462568
 0.13745531048079848 0.9356532080616651
 0.1396174275922401 0.9343697825133542
 0.14180418622074475 0.9330077748106794
 0.1440169944530017 0.9315723175986256
 0.14625444420232164 0.9300778968083551
 0.14851864759873853 0.9285383562685491
 0.1508081965555631 0.9269629069594156
 0.15312520320282926 0.9253582096352697
 0.15546825945384776 0.9237298657053755
 0.15783806935196323 0.922063936100842
 0.16023604098386495 0.9203682619346383
 0.16266147030620833 0.9186526513144505
 0.1651143573189933 0.916904011938865
 0.16759611010890923 0.9151124305927026
 0.17010602463261143 0.9132659591020034
 0.1726455089767892 0.9113620111571646
 0.17521385909809797 0.9094100396097402
 0.17781177903988226 0.9074298170382632
 0.1804392688021422 0.9054626121859246
 0.18309773647156704 0.9035556681854541
 0.18578577396146744 0.9017068279300671
 0.18850549340187744 0.8998772945490662
 0.19125689479279697 0.898029061983642
 0.19403927409088145 0.8961320356699604
 0.19685333533947546 0.8941746652902134
 0.19970048662526837 0.8921844223038496
 0.2025800239049155 0.8902312561042812
 0.20549265122176152 0.888397893533629
 0.2084383685758064 0.8867418292194581
 0.21141858405373945 0.885267083439187
 0.21443259361221606 0.8839155053798065
 0.21748110129458086 0.8825997924260539
 0.22056410710083387 0.8812565979705647
 0.2236830191176644 0.8797994864194553
 0.2268378373450724 0.8783377644732817
 0.23002785773971323 0.8766994791285987
 0.23325519243162096 0.8749389596896895
 0.2365191373774508 0.873098216532114
 0.23982039662054743 0.8712023471994723
 0.2431596742042556 0.8692623714778226
 0.24653697012857522 0.8673045221235769
 0.24995228439350633 0.865369518726263
 0.2534070250857382 0.8634948300996113
 0.25690189624861553 0.8616730087210794
 0.26043548979544905 0.8598084647928984
 0.2640099178562726 0.8577833747051864
 0.2676251804310863 0.855511986315884
 0.2712812775198901 0.8529482096969582
 0.2749789131660286 0.8500988817426635
 0.2787187914128466 0.8470331276453116
 0.28250161630368864 0.8438343324015795
 0.28632668379521014 0.8405403382862008
 0.2901954019741004 0.8371893017154095
 0.29410847488370395 0.8338038132914106
 0.29806590252402093 0.8303365739743956
 0.3020676848950513 0.826752245185931
 0.3061159341268291 0.823120136877239
 0.3102092421326649 0.8195682302356301
 0.314349016999248 0.8162073483862451
 0.3185352587265785 0.8130807353817087
 0.3227693754013457 0.8101843811436602
 0.3270513670235496 0.8074431946599854
 0.33138193763653484 0.8047273912187113
 0.33576179128364597 0.8019663962738318
 0.3401902239215385 0.7991243985479045
 0.3446693476802463 0.7961063028534182
 0.3491984585164248 0.7928057597648714
 0.3537789645167632 0.7891499145263161
 0.3584108656812616 0.7851391453558751
 0.36309486605326463 0.7808496609580206
 0.36783166967611696 0.7763975057284789
 0.37262198059316314 0.7718858495227635
 0.37746579880440334 0.7672770756533747
 0.3823645323965267 0.7624761545839663
 0.38731818136953333 0.7574601349671611
 0.39232674572342324 0.7522829255852446
 0.39739233758823033 0.7470958789360989
 0.40251425292061 0.7420485479416409
 0.40769389980725156 0.7371444898734335
 0.41293127824815495 0.7322543346182568
 0.4182270922866649 0.7272358298252468
 0.42358204596612603 0.7220223214224666
 0.428996843329883 0.7166215968956424
 0.4344721884212805 0.7109502655677504
 0.44000878528366316 0.7052330184812597
 0.4456073379603756 0.6993709167209822
 0.4512678464514179 0.6934528313363082
 0.45699101480013454 0.6874467704769122
 0.46277825109321513 0.6813873981169106
 0.4686302593740041 0.675260354656415
 0.4745463355991569 0.6691968628581785
 0.4805285918987074 0.6632886115881553
 0.4865777323160003 0.6574041354578759
 0.492693052807691 0.6514545795427581
 0.49887666550381343 0.6453003331642605
 0.5051285704043675 0.6387741232339635
 0.5114494715526982 0.6319265936810121
 0.5178400729921497 0.6249728988337703
 0.5243010787660669 0.6180816144843049
 0.5308338969611393 0.6112638581567128
 0.5374385275773665 0.6043978779897435
 0.5441156746580935 0.5972637235187338
 0.5508667462900095 0.5896525624523713
 0.5576917424731144 0.5814265341508436
 0.5645913672507531 0.5727437101153703
 0.5715670287096146 0.5640158461696505
 0.5786194308930437 0.5554735503284629
 0.5857485738010405 0.5469641381012048
 0.5929558655202942 0.5380266452873049
 0.6002420100941495 0.5286010929291174
 0.607607711565951 0.5191082974520971
 0.615054378022388 0.509782313582249
 0.622581305420116 0.5006962643079831
 0.6301906058891689 0.4917725262303137
 0.6378829834728912 0.48283995345714725
 0.6456584381712832 0.47382501775783336
 0.6535190821143785 0.4646189061667201
 0.6614642112588328 0.45531166130391154
 0.6694959377346797 0.44576366493471153
 0.6776149655852643 0.4358658193874509
 0.6858212948105863 0.4257541614925886
 0.694116333497335 0.4156750338978807
 0.7025007856888553 0.4060594571887868
 0.7109781716018702 0.3965928344977619
 0.7195393386728993 0.38683211878237216
 0.7281990718121804 0.37679159687391455
 0.7369503305862669 0.3664430692248963
 0.7458001554286053 0.356033972485073
 0.7547344654723027 0.3456539490736811
 0.7637743820176985 0.3350787767230244
 0.7729058241978998 0.32426732988536183
 0.782135832446353 0.3135672276207772
 0.7914644067630583 0.3030016510076215
 0.8008915471480155 0.2921578817692555
 0.8104172536012247 0.28117032965358845
 0.8200485665561325 0.2700411671221582
 0.8297854860127387 0.2593182530196261
 0.8396139311041504 0.24896396726007996
 0.8495550231307072 0.238559397101998
 0.8596017216589625 0.22814579033889176
 0.8697540266889164 0.21780309261599875
 0.8800048977871224 0.20745746349909571
 0.89037545625392 0.19705627628386826
 0.9008445807889697 0.18671764929083134
 0.9114333926926108 0.17648149288598358
 0.9221278110979507 0.1665109768378453
 0.9329348764384355 0.15698276523565946
 0.9438545887140656 0.14783058891366687
 0.9548869479248409 0.13880797261780214
 0.9660389945042077 0.13003525380694447
 0.9773036880187196 0.12167850922591089
 0.9886880689018234 0.11359919403169673
 1.0001921371535187 0.10556701653455314
 1.0118088523403592 0.09771207373278525
 1.023552295329238 0.09023410141309177
 1.0354083852532618 0.08319588262140093
 1.0473982434127704 0.0764963737988901
 1.0595007485074243 0.07011563685910165
 1.0717370218375628 0.0638484473344005
 1.0840929825362932 0.057594876804727836
 1.0965756710370617 0.051466575233079625
 1.1091921277733152 0.04574205215094537
 1.1219282718781602 0.04066560821092943
 1.1347981842184902 0.03605025688434798
 1.1478018647943051 0.031615957120741083
 1.160932273172158 0.027375643677062244
 1.1742034902189426 0.023571689221237066
 1.1876014350677652 0.020359176326473445
 1.2011401885855192 0.01762070566366204
 1.2148127103387582 0.015181474154316438
 1.228619000327482 0.013005141363023321
 1.2425731394185837 0.011117819564262901
 1.2566610467451702 9.497604832393921E-3
 1.270889762740688 8.164874490689096E-3
 1.2852592874051373 7.142147947315897E-3
 1.2997766611719647 6.335771382310188E-3
 1.3144348436077235 5.614594500835871E-3
 1.3292408751458602 4.9271920417228824E-3
 1.344194755786375 4.332191356404459E-3
 1.3592964855292672 3.9050412280386757E-3
 1.374546064374538 3.630917971498359E-3
 1.3899434923221865 3.4186288214490424E-3
 1.4054887693722131 3.213555463259611E-3
 1.421195976391511 3.015232406024909E-3
 1.4370510325131862 2.812977633607875E-3
 1.4530609781706864 2.667902954606582E-3
 1.4692258133640112 2.576026294797659E-3
 1.4855455380931603 2.500575385262481E-3
 1.502027192791581 2.4309405600720476E-3
 1.5186707774592722 2.367673144342309E-3
 1.5354692516627883 2.3179459532012085E-3
 1.5524296558355754 2.3370615818733915E-3
 1.56955903041108 2.341727145970949E-3
 1.5868432945224095 2.3945474304587085E-3
 1.604303569469903 2.426377577535146E-3
 1.621918733953221 2.4228448347924863E-3
 1.6397099092727034 2.391247020453123E-3
 1.6576630145614568 2.3389607399128746E-3
 1.675785090252928 2.286259566903738E-3
 1.6940831767805635 2.2798984312662803E-3
 1.7125502337109164 2.28818387850601E-3
 1.7311933014774338 2.2881383793843263E-3
 1.750005339646669 2.319306757841342E-3
 1.7690004290855148 2.3477297297379976E-3
 1.7881644889270784 2.368524800881654E-3
 1.8075116000382525 2.3713710936109745E-3
 1.8270347219855911 2.343521862475423E-3
 1.846733854769094 2.292097488213738E-3
 1.8666160388222075 2.240150236752061E-3
 1.8866883145783788 2.179159468091188E-3
 1.906936601170714 2.0773806289934547E-3
 1.92736793903266 1.9469842045816876E-3
 1.947982328164217 1.8052611726317923E-3
 1.9687868089988311 1.6385300280815223E-3
 1.9897813815365028 1.4588314166973303E-3
 2.0109590053437855 1.2755232567043693E-3
 2.032333761287572 1.0803077446730415E-3
 2.053891568500969 8.71364197914925E-4
 2.0756465078508705 6.825938027313135E-4
 2.097591538903829 5.291509159225566E-4
 2.119726661659845 3.70065355085734E-4
 2.142065956985812 1.8131839086075226E-4
 2.164595344014836 -2.684844875219578E-5
 2.187321863180364 -2.582918310746067E-4
 2.2102455144823953 -5.062440235166556E-4
 2.233366297920931 -7.375222477660775E-4
 2.256691253929418 -9.735445108975062E-4
 2.280213342074408 -1.275532489922604E-3
 2.303939602789349 -1.608501093687294E-3
 2.3278700360742403 -1.9260488980998647E-3
 2.3519976014956354 -2.1970218629663437E-3
 2.3763363799204282 -2.4253107292895544E-3
 2.400879330915171 -2.5776108928735226E-3
 2.4256264544798646 -2.547239396017017E-3
 2.4505847910479552 -2.514534277993787E-3
 2.475747300185996 -2.3618085797540212E-3
 2.501113981893988 -2.1987225973231065E-3
 2.526698917038823 -2.0653195061192462E-3
 2.5524950651870557 -1.9557284921243064E-3
 2.5784953859052386 -1.9191221938924776E-3
 2.6047139600602653 -2.009106399744361E-3
 2.6311437472186893 -2.114649005872626E-3
 2.65778474738051 -2.0797173087106135E-3
 2.6846440009791745 -2.053004668100304E-3
 2.7117144675812356 -1.869490903079821E-3
 2.7390031876201414 -1.6374817875633588E-3
 2.7665031206624437 -1.3633340845222133E-3
 2.7942283475750362 -1.0856819449707941E-3
 2.822164787491026 -9.119286818899209E-4
 2.850326521277306 -8.186521507742165E-4
 2.8787065085004295 -7.608436497174636E-4
 2.9072977087269502 -7.117871657633455E-4
 2.9361142028237612 -5.970141486229049E-4
 2.9651559907908624 -3.1908111917559504E-4
 2.9944160321948074 8.096796838301612E-5
 3.023894327035596 4.987295761268995E-4
 3.053597915746675 9.112837826400964E-4
 3.0835267983280436 1.363564752846346E-3
 3.1136739343462562 1.8201790587083891E-3
 3.1440463642347595 2.1872979576697745E-3
 3.1746440879935522 2.3759940548651963E-3
 3.205460065189189 2.420325284181697E-3
 3.2365083766885627 2.362491290678335E-3
 3.26777494162478 2.2094604334735447E-3
 3.299273840864734 2.05895253009875E-3
 3.330990993541532 1.9519153200670536E-3
 3.36293344008862 1.896044348788823E-3
 3.395108220939445 1.80772153281061E-3
 3.4275012552271135 1.687337060202108E-3
 3.460126623818519 1.602460837777638E-3
 3.4929772862802144 1.4882519063317291E-3
 3.5260532426121997 1.2348288321463178E-3
 3.5593544928144762 8.703585581074999E-4
 3.5928810368870425 4.275881897515191E-4
 3.626632874829899 3.1270487309164453E-5
 3.6606170470764922 -2.238711192057474E-4
 3.6948194727599297 -4.4130946289113256E-4
 3.7292542327471034 -6.891475267423984E-4
 3.7639072461711204 -8.72779203521958E-4
 3.798792593898875 -8.652812142537049E-4
 3.8338961950634726 -8.474626881987113E-4
 3.8692321305318073 -7.686465367127119E-4
 3.904786319436986 -7.465294421122644E-4
 3.9405728426459014 -5.882870936234539E-4
 3.97657761929166 -6.385555211250461E-4
 4.012807689807709 -6.336329617191699E-4
 4.049256013760602 -5.892030584338818E-4
 4.085936672017232 -5.457453026143034E-4
 4.122828543277259 -4.5210626229976683E-4
 4.159952748841023 -3.9798672310561143E-4
 4.197288167408183 -3.836677763095243E-4
 4.234848879845634 -3.660982391533116E-4
 4.272634886153375 -3.3724028874528624E-4
 4.310632105464514 -2.9938941633124357E-4
 4.348847578212495 -2.41744481590876E-4
 4.3872813043973204 -1.7178304250363551E-4
 4.42593328401899 -1.1825199812471731E-4
 4.4648035170775024 -8.360605119270533E-5
 4.503884963139413 -5.516608248405387E-5
 4.543184662638166 -3.278910305517647E-5
 4.58268853470687 -1.871755681002263E-5
 4.622410660212418 -5.721775105001953E-6
 4.662343998721363 8.264308608034192E-6
 4.7024885502337054 1.7849001235861058E-5
 4.742837274315997 2.2112786949302652E-5
 4.783397211401687 2.3794608897042696E-5
 4.824161321057328 2.462271261517591E-5
 4.865129603282918 2.5201591467315755E-5
 4.90630205807846 2.5690728197037523E-5
 4.947678685443952 2.6077636414339567E-5
 4.989259485379394 2.6410115263185971E-5
 5.031037417451341 2.6733044520615604E-5
 5.073005441226344 2.6981275708891984E-5
 5.115177637571299 2.7194320289478537E-5
 5.157546966052757 2.741801290663948E-5
 5.200106386237272 2.7588794533607811E-5
 5.242855898124844 2.7741112709164796E-5
 5.285795501715476 2.790803782046269E-5
 5.32893223744261 2.80667160003471E-5
 5.372244984005908 2.818482541652044E-5
 5.415747822272264 2.8323638360499656E-5
 5.459433711808231 2.845959776291607E-5
 5.503295612180362 2.862060049689566E-5
 5.547340563822104 2.8776198977823906E-5
 5.59156152630001 2.8895444493401534E-5
 5.635965540047526 2.9046675454574816E-5
 5.680531483764315 2.9196670400771035E-5
 5.725273438317267 2.9341242531130692E-5
 5.7701843632729374 2.9516219480709733E-5
 5.815264258631324 2.9690986634196402E-5
 5.860506083958984 2.9865609298925688E-5
 5.905909839255914 3.0068703568689867E-5
 5.951475524522114 3.0271962293104177E-5
 5.99719609932414 3.0445124016221527E-5
 6.04307156366199 3.0647050211149514E-5
 6.089101917535665 3.0907413782442196E-5
 6.135287160945164 3.1140455741949925E-5
 6.181613213023594 3.1371673806024886E-5
 6.228094154637849 3.163347145731931E-5
 6.274708864487589 3.192561364638557E-5
 6.321471423439707 3.221593310953745E-5
 6.368367750627309 3.2479652503286474E-5
 6.415397846050397 3.2800699896611035E-5
 6.462561709708969 3.315187143637644E-5
 6.5098523011695794 3.3471674582308875E-5
 6.557276660865676 3.382138144884535E-5
 6.6048207079303624 3.4200937579778725E-5
 6.652491482797088 3.461011577378938E-5
 6.700274904598959 3.5048889033272754E-5
 6.7481780137694205 3.545657308443744E-5
 6.796193769875027 3.592518966963003E-5
 6.8443151324823334 3.642069450213883E-5
 6.892549142024785 3.691649475459156E-5
 6.940881717635487 3.747034685793248E-5
 6.989319899747889 3.802184137679059E-5
 7.0378566479285424 3.8607977871091065E-5
 7.086477881310555 3.924905491006213E-5
 7.13519768076082 3.992204546588903E-5
 7.183987884545549 4.060351159279042E-5
 7.232918896999211 4.1338436016698253E-5
 7.281920313787338 4.215916843974475E-5
 7.330921730575466 4.297671212596449E-5
 7.380063956032524 4.3845054408928945E-5
 7.429276585824047 4.482600353243842E-5
 7.478559619950038 4.5804166457767454E-5
 7.527913058410493 4.689749639631683E-5
 7.577266496870949 4.8067916170350263E-5
 7.626760744000336 4.92908711246141E-5
 7.676254991129722 5.062210284005857E-5
 7.725890046928041 5.207037280092928E-5
 7.775454698391894 5.3601085695270904E-5
 7.825160158524677 5.528589420834141E-5
 7.874865618657462 5.714566793636424E-5
 7.924641483124713 5.9142271672135265E-5
 7.974417347591962 6.143138458381095E-5
 8.024193212059211 6.389947964337444E-5
 8.074039480860929 6.659469298492669E-5
 8.123956153997108 6.969125521479662E-5
 8.17387282713329 7.333302523002946E-5
 8.223719095935005 7.73740325906434E-5
 8.273706173405653 8.199180263774824E-5
 8.323622846541834 8.607989948455922E-5
