 0.0E+0 0.0E+0
 0.016024223328880687 1.8602331110754267E-4
 0.03223694608977024 6.995894632985866E-4
 0.04864037284909314 1.508972408368385E-3
 0.06523673365195792 2.5883687152559314E-3
 0.08202828430954835 3.917603335686587E-3
 0.09901730668924845 5.4812758155340455E-3
 0.11620610900815131 7.267797061559171E-3
 0.13359702612943694 9.268356395361369E-3
 0.15119241986221537 0.01147585908208448
 0.16899467926421155 0.013883879888388963
 0.1870062209479153 0.016485674136165334
 0.20522948938979002 0.019273291046245817
 0.2236669572428923 0.022236827127899316
 0.24232112565276614 0.025363846099474778
 0.2611945245765055 0.028639000083347843
 0.2802897131054155 0.0320438485990277
 0.2996092797908693 0.03555688796150558
 0.3191558429736825 0.03915379066107596
 0.3389320511168993 0.04280782103787197
 0.35894058314209725 0.04649041437319887
 0.3791841487690483 0.05017188818044497
 0.39966548885925134 0.05382224204073731
 0.42038737576263096 0.05741201014347392
 0.4413526136681079 0.06091313118710877
 0.4625640389577416 0.0642997863002032
 0.48402452056439376 0.06754918198410736
 0.5057369603334219 0.07064224848404528
 0.5277042933877055 0.07356420471215609
 0.5499294884966771 0.0763050358942517
 0.5724155484490071 0.07885979205737939
 0.5951655104293226 0.08122877675749579
 0.6181824463984728 0.0834175782365936
 0.641469463477853 0.08543699253260739
 0.6650297043377912 0.08730277707226668
 0.6888663475894241 0.08903532393380756
 0.7129826081810959 0.09065919227217817
 0.7373817377983836 0.0922025326444657
 0.7620670252682891 0.0936964271919362
 0.7870417969675763 0.09517412100209477
 0.8123094172350844 0.09667019523718429
 0.8378732887882114 0.09821968302475728
 0.8637368531436731 0.09985718931581002
 0.889903591042325 0.10161601402147763
 0.9163770228783116 0.10352736802745169
 0.9431607091324146 0.10561969989269719
 0.9702582508096766 0.10791816431830775
 0.9976732898815727 0.11044428088404448
 1.0254095097321327 0.11321575497161045
 1.0534706356089387 0.11624646512183641
 1.0818604350781266 0.11954656507689305
 1.1105827184840708 0.12312264162403709
 1.1396413394135631 0.12697788148645397
 1.169040195164376 0.13111218449271663
 1.1987832272184015 0.13552219270102544
 1.2288744217196072 0.14020119735743713
 1.2593178099562163 0.14513897228540453
 1.290117468847813 0.1503215451412746
 1.3212775214369951 0.1557310160960186
 1.352802137385876 0.16134545131032412
 1.3846955334770185 0.16713897687773413
 1.4169619741194925 0.1730821059500746
 1.4496057718595016 0.17914231388229615
 1.4826312878958591 0.1852848759648508
 1.5160429326003597 0.1914739155685598
 1.5498451660430272 0.1976736037340245
 1.5840424985222865 0.20384945520338285
 1.6186394910999808 0.20996967795338555
 1.6536407561414541 0.21600649396740068
 1.6890509578606065 0.22193739711878632
 1.7248748128699433 0.2277462426599843
 1.7611170907357234 0.23342401154176778
 1.7977826145380773 0.23896916945836374
 1.8348762614363653 0.2443873423547311
 1.8724029632395498 0.249690369369148
 1.9103677069818145 0.2548947340649282
 1.9487755355032505 0.2600194592579778
 1.987631548035841 0.2650839070129829
 2.0269409007946266 0.2701056700184659
 2.0667088075741615 0.2750989993897319
 2.1069405403501835 0.2800738685858258
 2.1476414298865482 0.28503577227542
 2.188816866347695 0.28998617605846233
 2.2304722999160877 0.2949234289127654
 2.2726132414153692 0.2998437634017448
 2.315245262938687 0.30474242600146494
 2.3583739984824863 0.309614443542146
 2.402005144585635 0.3144552596608521
 2.446144460974095 0.31926105165978513
 2.4907977712110156 0.32402881781915765
 2.5359709633522027 0.3287563277968951
 2.5816699906071742 0.3334420040919208
 2.627900872005651 0.3380847612399433
 2.6746696930694873 0.34268385909952664
 2.7219826064903442 0.34723876208618215
 2.7698458328126123 0.3517490739037776
 2.8182656611221004 0.3562144585899319
 2.8672484497400545 0.3606346300806954
 2.916800626923028 0.36500930560885302
 2.9669286915679453 0.36933822345522093
 3.017639213923098 0.37362112933948976
 3.068938836304383 0.37785778164644223
 3.1208342738174565 0.3820479504243376
 3.1733323150851253 0.3861914048041731
 3.2264398229805655 0.3902879416294716
 3.280163735366008 0.3943373951831833
 3.334511065837023 0.3983396011395807
 3.389488904472337 0.40229444669255376
 3.4451044185893464 0.40620183461543596
 3.501364853504952 0.41006168789027674
 3.5582775333022276 0.41387394866552096
 3.615849861602375 0.4176385934843144
 3.674089322342417 0.42135562635635215
 3.733003480558244 0.4250250881450663
 3.792599983173215 0.42864704976030504
 3.852886559792312 0.432221584904256
 3.9138710235016955 0.43574880621963346
 3.975561271673576 0.439228853570219
 4.037965286776823 0.442661898193985
 4.1010911371926574 0.44604814670968795
 4.164946978035819 0.4493878299564785
 4.22954105198114 0.45268118242283866
 4.29488169009535 0.45592845717284724
 4.360977312674186 0.45912992543458125
 4.427836430084636 0.462285876231655
 4.495467643612608 0.4653966257343403
 4.563879646315415 0.46846247337770663
 4.6330812238797465 0.4714837026998694
 4.703081255484442 0.474460591617898
 4.7738887146683195 0.4773934223010698
 4.845512670203045 0.4802824859885856
 4.917962286970919 0.4831280316946326
 4.991246826847355 0.4859302908639965
 5.065375649588336 0.4886894458250918
 5.1403582137224415 0.4914056955222538
 5.216204077447673 0.4940792050772919
 5.292922899532793 0.496710120460875
 5.370524440223111 0.4992985826636822
 5.449018562150805 0.5018447369230776
 5.5284152312496175 0.5043487550664074
 5.608724517673705 0.5068108305418286
 5.6899565967207994 0.509231178046393
 5.772121749759348 0.5116100463982542
 5.855230365159714 0.5139477442303744
 5.9392929392292375 0.5162446301329906
 6.0243200771512475 0.518501129187344
 6.110322493927397 0.5207177231790675
 6.197311015324027 0.5228950186666113
 6.285296578821645 0.5250336632923601
 6.374290234567845 0.5271343240477505
 6.464303146333532 0.5291977043904793
 6.555346592472104 0.531224535541386
 6.647431966881675 0.5332155468834431
 6.740570779969968 0.5351714454455808
 6.834774659622181 0.5370929125902744
 6.930055352170905 0.5389806299934918
 7.02642472336883 0.5408352675745461
 7.123894759363523 0.5426573927962623
 7.222477567674046 0.544447555494827
 7.322185378169774 0.5462063792219888
 7.4230305440506665 0.5479344740739899
 7.5250255428292005 0.5496323921723748
 7.628182977313397 0.5513007065060603
 7.732515576591378 0.5529399946262609
 7.838036197016408 0.554550729215961
 7.944757823193016 0.5561335147915923
 8.052693568963411 0.557689021482469
 8.161856678394336 0.5592177347061021
 8.272260526763903 0.5607201306986417
 8.383918621548318 0.5621967129232622
 8.496844603408217 0.563647724214148
 8.611052247174253 0.5650733057510635
 8.726555462832046 0.566473900026974
 8.843368296505627 0.5678496721011121
 8.96150493143975 0.5692006159723364
 9.080979688980376 0.5705273186046698
 9.201807029553244 0.5718301299189741
 9.324001553640121 0.5731091303123108
 9.44757800275243 0.5743651337638063
 9.572551260402287 0.5755985764825271
 9.6989363530699 0.5768096695843987
 9.82674845116792 0.5779992043526561
 9.95600287000171 0.5791672163936481
 10.08671507072538 0.5803139598709933
 10.218900661293517 0.5814397310774774
 10.352575397407875 0.5825436810922511
 10.487755183458809 0.5836258758511113
 10.624456073461253 0.5846857658365567
 10.762694271984417 0.5857219685097964
 10.902486135075401 0.5867337532831212
 11.043848171175673 0.5877192916842087
 11.186797042030575 0.5886773686848864
 11.331349563591191 0.5896057763418451
 11.477522706907779 0.590501747984594
 11.625333599015285 0.5913634047111181
 11.774799523809204 0.5921878876701079
 11.9259379229126 0.5929735514082256
 12.078766396532764 0.5937173063416157
 12.233302704307683 0.5944172029169255
 12.389564766141577 0.5950704623837132
 12.547570663029013 0.595674107238233
 12.707338637867009 0.5962266750429621
 12.868887096254717 0.5967255446332035
 13.032234607280168 0.5971695568359171
 13.197399904293329 0.5975567569858884
 13.364401885665092 0.5978867958441605
 13.53325961553153 0.5981596061062827
 13.70399232452274 0.5983763012199697
 13.876619410476039 0.5985395086655555
 14.051160439132245 0.5986523725191705
 14.227635144815213 0.598720745005592
 14.406063431093155 0.5987499569734497
 14.586465371421772 0.5987487794934901
 14.768861209768225 0.5987236944821012
 14.953271361215107 0.5986848761016845
 15.139716412544132 0.5986382290156508
 15.328217122798446 0.5985935839213448
 15.51879442382309 0.5985554043625196
 15.711469420782638 0.5985323396584142
 15.90626339265562 0.5985279290769729
 16.103197792704534 0.5985492440774076
 16.302294248921064 0.5986001501385797
 16.50357456444528 0.5986843869996185
 16.707060717958562 0.5988080042408
 16.91277486404888 0.5989685594574106
 17.120739333547984 0.5991732482878264
 17.33097663383942 0.5994154532751523
 17.54350944913658 0.5996944979576476
 17.75836064073005 0.6000006304940699
 17.97555324720303 0.6003142124914025
 18.195110484614275 0.6006277545255918
 18.417055746647378 0.6009158171179183
 18.641412604725605 0.6011670879827091
 18.86820480809114 0.6013690096628412
 19.09745628384816 0.6015045151411949
 19.329191136968105 0.6015818304410012
 19.563433650256946 0.6015975521496533
 19.800208284282685 0.6015532165508176
 20.039539677262546 0.601471605943692
 20.281452644908643 0.6013595820914291
 20.525972180231015 0.601226921200969
 20.773123453297174 0.6010963369784763
 21.02293181094658 0.6009744947376188
 21.275422776459677 0.6008625918798706
 21.530622049179676 0.6007688111759473
 21.788555504086286 0.6006964158821733
 22.04924919132036 0.6006387386200441
 22.312729335657895 0.6005882866303505
 22.579022335932503 0.6005492737197847
 22.8481547644053 0.600521049475747
 23.12015336608043 0.6004986041599002
 23.39504505796566 0.6004837951933628
 23.672856928276495 0.6004947031504481
 23.95361623558236 0.6005479985001618
 24.237350407894172 0.6006571549968481
 24.52408704169135 0.6008248376749847
 24.81385390088752 0.6010566675088539
 25.106678915733223 0.6013422809710033
 25.402590181654733 0.60165788914438
 25.70161595802706 0.6019681457332564
 26.003784666880456 0.6022258670110162
 26.309124891538672 0.6023847746327539
 26.61766537518758 0.6024285667100155
 26.929435019373265 0.602352923169682
 27.244462882427303 0.60216908809534
 27.56277817781906 0.6018965795254582
 27.884410272432432 0.6015594995917641
 28.209388684766267 0.601183300113467
 28.537743083057225 0.6007909802085841
 28.869503283322856 0.6003983626817007
 29.204699247324295 0.6000223023578584
 29.543361080446786 0.5996852694242406
 29.88551902949648 0.5994034359134561
 30.231203480412286 0.599177586452931
 30.580444955891177 0.5989904416407641
 30.93327411292566 0.5988153279308115
 31.289721740251668 0.5986283332558414
 31.64981875570566 0.5984199650687404
 32.01359620348949 0.5982029393596014
 32.38108525134136 0.5980126307327674
 32.752317187611545 0.5978988286202223
 33.127323418241395 0.5979102508686324
 33.506135463644113 0.5980815998448212
 33.88878495548612 0.598428832957747
 34.27530363336695 0.5989497940681644
 34.665723341397 0.5996393049308217
 35.060076024670934 0.6004816608415801
 35.45839372563598 0.6014446458726834
 35.86070858035321 0.602490876690544
 36.26705281465059 0.6035894290700283
 36.67745874016635 0.6047133785856217
 37.091958750281285 0.6058215050862381
 37.5105853159387 0.606839386130678
 37.93337098135037 0.6076905576433869
 38.36034835958742 0.608327060569277
 38.79155012805473 0.6087149489856526
 39.22700902384747 0.6088340472105197
 39.66675783898848 0.6086709245847965
 40.11082941554536 0.6082429444930332
 40.55925664062575 0.6076249886556432
 41.01207244124985 0.6069195809422062
 41.46930977909883 0.6062367787908525
 41.931001645138024 0.6056713647320885
 42.39718105411357 0.6053167657291874
 42.8678810389217 0.6052386696488528
 43.34313464484933 0.6054506994136326
 43.82297492368514 0.6059807001513607
 44.30743492769973 0.6067574359571227
 44.79654770349455 0.6076146053545345
 45.29034628571779 0.6084865921797465
 45.78886369064729 0.6093079855869463
 46.29213290963887 0.6100492312381525
 46.80018690243968 0.6107023998348515
 47.31305859036558 0.611110733656612
 47.83078084934226 0.6112454245454734
 48.35338650280891 0.6110273915410228
 48.88090831448421 0.6105245985512868
 49.41337898099404 0.6097838975062853
 49.950831124360284 0.6088513907103796
 50.49329728435065 0.6077625756646658
 51.04080991068866 0.6066346328905533
 51.59340135512404 0.6056353868001623
 52.15110386336286 0.6049826488143502
 52.71394956685765 0.6046903513424294
 53.281970474456933 0.6047586110442041
 53.85519846391491 0.6049791304208701
 54.43366527326054 0.6052178544830621
 55.01740249202682 0.6052750916755136
 55.60644155233999 0.6049234142117241
 56.200813719869636 0.6042165486637168
 56.80055008463941 0.6033100353984405
 57.40568155169915 0.6023814093311618
 58.01623883165933 0.6016203870218664
 58.63225243108783 0.6010798152210758
 59.25375264277053 0.6006374860909124
 59.88076953583589 0.6002596055424637
 60.51333294574534 0.6000907890112706
 61.151472464149755 0.6004299051772752
 61.79521742861362 0.6014802191301952
 62.4445969122083 0.6033211125287546
 63.099639712975395 0.6058240853738357
 63.76037434326234 0.6087317704468526
 64.42682901893109 0.6117434276146225
 65.09903164844232 0.6145658489950205
 65.77700982181696 0.6169522244500657
 66.46079079947647 0.6186605105129144
 67.1504015009648 0.6195366413522827
 67.8458684935536 0.6195439999521261
 68.54721798073366 0.6187715535169351
 69.25447579059437 0.617370296073834
 69.96766736409492 0.6155164162273598
 70.68681774322863 0.6135232992954354
 71.41195155908466 0.6117479233320965
 72.14309301980931 0.6102126682943051
 72.88026589847027 0.608812289446436
 73.62349352082761 0.6076418921865026
 74.37279875301415 0.6067108749240597
 75.12820398912984 0.6057735930233655
 75.88973113875292 0.6047430646304851
 76.65740161437269 0.6037152990941461
 77.431236318747 0.6028151315170219
 78.2112556321899 0.602125527781637
 78.99747939979227 0.6017436855985847
 79.78992691858164 0.6018355329063486
 80.58861692462423 0.6024491866207868
 81.39356758007543 0.6031117625534912
 82.20479646018254 0.6030648192028683
 83.02232054024607 0.6017747121607134
 83.84615618254327 0.5990291762971686
 84.67631912322125 0.5945751138037995
 85.51282445916371 0.588140886183802
 86.3556866348376 0.5797745287183566
 87.20491942912587 0.5698886277462444
 88.06053594215162 0.5582254473262923
 88.9225485821007 0.5438707918570542
 89.7909690520482 0.5257657170238736
 90.66580833679609 0.5025136269850071
 91.54707668972794 0.4739563796905947
 92.43478361968837 0.446021528521544
 93.32893787789267 0.32818499218397284
 94.22954744487568 0.2545309829535641
 95.13661951748475 0.20559853091061966
 96.05016049592669 0.17056635480342213
 96.97017597087331 0.14399270528799781
 97.89667071063603 0.12306831928526682
 98.82964864841465 0.1061621666459756
 99.76911286962995 0.09224585519704281
 100.7150655993476 0.08062962819382398
 101.66750818980034 0.07082764746229879
 102.62644110801867 0.06248403214879804
 103.59186392357608 0.05532994241981427
 104.56377529645923 0.049157357154344195
 105.5421729650697 0.0438022962707682
 106.52705373436774 0.039133612639096995
 107.51841346416478 0.03504520241296833
 108.51624705757543 0.0314504107576349
 109.52054844963541 0.028277902210040915
 110.53131059609719 0.025468543768465655
 111.54852546240912 0.02297301021296967
 112.57218401289008 0.020749920495252663
 113.60227620010603 0.018764371988887716
 114.63879095446016 0.016986772998629117
 115.68171617400287 0.015391912415919374
 116.73103871447356 0.013958209051745567
 117.78674437958179 0.012667104501032735
 118.84881791153683 0.011502569342736803
 119.91724298183635 0.010450699606684901
 120.99200218232144 9.499385476112543E-3
 122.07307701650919 8.638039108696E-3
 123.16044789120981 7.857367786048048E-3
 124.25409410844001 7.149187731650771E-3
 125.35399385763905 6.50626606094123E-3
 126.4601242081988 5.922191904632768E-3
 127.57246110231526 5.391264770073417E-3
 128.69097934817162 4.908402348143627E-3
 129.8156526134605 4.46906183079559E-3
 130.9464534192559 4.069172925911425E-3
 132.08335313424132 3.7050810037647283E-3
 133.2263219693049 3.3734976260783463E-3
 134.37532897250855 3.0714589983746104E-3
 135.53034202443953 2.7962891123154433E-3
 136.69132783395411 2.545568395735937E-3
 137.85825193431924 2.3171060497946395E-3
 139.03107867976214 2.1089160743592606E-3
 140.209771242434 1.9191963698887556E-3
 141.39429160979685 1.7463098244296986E-3
 142.5846005824396 1.5887681630607E-3
 143.78065777233138 1.4452173565991284E-3
 144.98242160151926 1.3144246922285503E-3
 146.18984930127604 1.1952673079197908E-3
 147.4028969117064 1.0867219303462908E-3
 148.62151928181572 9.878555997551734E-4
 149.84567007004997 8.978173928052749E-4
 151.07530174530987 8.158310978864624E-4
 152.31036558844775 7.411883963347248E-4
 153.55081169424943 6.732428393022075E-4
 154.79658897390902 6.114042904630262E-4
 156.04764515799863 5.551341320797375E-4
 157.3039267999402 5.039405762934471E-4
 158.56537927998024 4.573746538341933E-4
 159.8319468096751 4.150264913566187E-4
 161.1035724368861 3.765218819471989E-4
 162.38019805129187 3.4151924283247936E-4
 163.6617643904166 3.097067495419952E-4
 164.94821104617957 2.807998253175031E-4
 166.2394764719671 2.545387349058877E-4
 167.53549799022738 2.3068647632246971E-4
 168.83621180059202 2.0902683197340511E-4
 170.14155298852233 1.893625532152769E-4
 171.45145553448367 1.7151374062173406E-4
 172.76585232364507 1.5531634684906744E-4
 174.0846751561075 1.4062080274404936E-4
 175.4078547576559 1.2729077876669778E-4
 176.73532079103793 1.1520202437782616E-4
 178.06700186776467 1.0424133379772643E-4
 179.40282556043408 9.430558014446144E-5
 180.74271841557225 8.530084411618437E-5
 182.0866059669928 7.714160461753681E-5
 183.43441274966775 6.975001923517399E-5
 184.78606231410992 6.305523151545419E-5
 186.14147724125925 5.699278068450459E-5
 187.5005791578719 5.150402345587603E-5
 188.8632887524051 4.6535627423708264E-5
 190.22952579139274 4.2039101665220155E-5
 191.59920913630764 3.797036736225942E-5
 192.97225676090141 3.4289364302250804E-5
 194.34858576901874 3.0959695394636005E-5
 195.72811241287593 2.7948297876194024E-5
 197.1107521117994 2.5225142740542496E-5
 198.49641947141287 2.2762966725514025E-5
 199.8850283032689 2.0537017256355466E-5
 201.27649164491236 1.8524829539408892E-5
 202.67072178037034 1.6706016400466162E-5
 204.06763026105545 1.5062079754308246E-5
 205.46712792707697 1.357623769750603E-5
 206.86912492894506 1.2233266478568357E-5
 208.27353074966174 1.1019357139866943E-5
 209.6802542271844 9.92198446041902E-6
 211.08920357725267 8.929786748394211E-6
 212.50028641656675 8.032456870635103E-6
 213.9134097863035 7.2206432847822254E-6
 215.32848017596157 6.485859332244667E-6
 216.74540354751812 5.8203992774119544E-6
 218.16408535988966 5.217264103597308E-6
 219.58443059367914 4.670091771452838E-6
 221.0063437761987 4.1730944623305964E-6
 222.42972900675397 3.7210007576570355E-6
 223.85448998217364 3.309002900302564E-6
 225.28053002257436 2.932708486250103E-6
 226.70775209734173 2.588095974533332E-6
 228.1360588513167 2.2714736801322663E-6
 229.56535263116947 1.979442357017763E-6
 230.99553551194856 1.7088598545371354E-6
 232.42650932378671 1.4568088539502824E-6
 233.85817567875201 1.2205663783457624E-6
 235.29043599782454 9.975749999234196E-7
 236.72319153798628 7.854154742615453E-7
 238.1563434194068 5.817798267858211E-7
 239.5897926527092 3.844440248600091E-7
 241.02344016630016 1.9123809482947006E-7
 242.45718683374911 4.217347820557241E-16
