 2.2663126709774796E-3 5.0775242E-8
 6.825581957574668E-3 7.9589781E-7
 0.011438493471630447 3.5456437E-6
 0.01610569873817468 9.619857E-6
 0.020827712119073044 2.0002126E-5
 0.025605333732783265 3.5143971E-5
 0.03043913509248944 5.4957714E-5
 0.03532974486269405 7.8946015E-5
 0.040277848859218014 1.0637625E-4
 0.04528413289788224 1.3643726E-4
 0.050349339945826035 1.6835292E-4
 0.05547398436491509 2.0144917E-4
 0.060658694819651894 2.3518091E-4
 0.06590461433640463 2.6912925E-4
 0.07121225727703896 3.0298236E-4
 0.076582195154739 3.3651135E-4
 0.08201499948268882 3.6954945E-4
 0.08751238480044071 4.019777E-4
 0.09307377959481057 4.3371646E-4
 0.09870032689216655 4.6471959E-4
 0.10439316971887687 4.9496815E-4
 0.11015287958812559 5.2446135E-4
 0.1159805995262809 5.5320496E-4
 0.1218763295333428 5.812008E-4
 0.12784121263567946 6.0844166E-4
 0.13387639185965907 6.3491309E-4
 0.13998243871846571 6.6060056E-4
 0.14615992472528346 6.8549691E-4
 0.15240999290648055 7.0960462E-4
 0.1587337862884251 7.3293142E-4
 0.16513130487111712 7.5548115E-4
 0.1716042631941089 7.7724703E-4
 0.1781526612574004 7.9821395E-4
 0.18477878511372802 8.1836623E-4
 0.19148206324990765 8.3769699E-4
 0.19826363869230745 8.5621505E-4
 0.20512522598047974 8.7393917E-4
 0.21206739662760853 8.9088187E-4
 0.219090722146878 9.0704261E-4
 0.22619691707784034 9.2242004E-4
 0.23338598142049563 9.3702001E-4
 0.24065905820121194 9.5083862E-4
 0.24801786195954167 9.638502E-4
 0.25546296420866876 9.760232E-4
 0.2629949364617774 9.8732785E-4
 0.2706154932584198 9.9772465E-4
 0.2783252061117802 1.0071616E-3
 0.28612521804822654 1.0155867E-3
 0.29401667209412712 1.022962E-3
 0.30200071127585015 1.028658666049888E-3
 0.31007790710657973 1.0344218E-3
 0.31824997412586802 1.038422E-3
 0.32651748384689915 1.0412511E-3
 0.33488215080922545 1.042945E-3
 0.34334454652603096 1.0435536E-3
 0.35190581402368387 1.0431152E-3
 0.36056709632855232 1.0416433E-3
 0.3693301079801886 1.0391288E-3
 0.37819599200496095 1.0355603E-3
 0.38716531991605335 1.0309365E-3
 0.3962392347398341 1.0252693E-3
 0.40541945101585535 1.0185868E-3
 0.41470711177048535 1.0109267E-3
 0.4241033600300922 1.0023361E-3
 0.4336093388210442 9.9288041E-4
 0.4432267626828935 9.8263812E-4
 0.4529562031288243 9.7165056E-4
 0.4627993746983888 9.5989377E-4
 0.47275799193113915 9.473442E-4
 0.48283262634025975 9.3398783E-4
 0.4930249924653025 9.1979746E-4
 0.5033362333326359 9.0479301E-4
 0.513768063481812 8.8905159E-4
 0.5243216259391991 8.7264564E-4
 0.5349986352443494 8.5565464E-4
 0.545799662910447 8.3818644E-4
 0.5567269949902283 8.2031565E-4
 0.5677823460232454 8.0203036E-4
 0.5789657160094985 7.832813E-4
 0.5902816770544603 7.6404874E-4
 0.6017290861317626 7.4437171E-4
 0.6133079432414053 7.2435839E-4
 0.6250239635152293 7.0413381E-4
 0.6368714318213938 6.8379015E-4
 0.6488617784235806 6.6335584E-4
 0.6609892881899487 6.4282856E-4
 0.6732596762523392 6.2228253E-4
 0.6856729426107516 6.017599E-4
 0.6982348023970275 5.8122254E-4
 0.7109395404793255 5.6074515E-4
 0.7237871568576456 5.4048297E-4
 0.7367890817956699 5.2052289E-4
 0.7499453152933981 5.0092613E-4
 0.7632501422189896 4.8170207E-4
 0.7767092777042851 4.6276856E-4
 0.7903284368811254 4.4408938E-4
 0.8041019046176697 4.2569895E-4
 0.8180411111775999 4.0763536E-4
 0.8321403414290751 3.898637E-4
 0.8463995953720951 3.7249384704124324E-4
 0.8608245881385008 3.549221E-4
 0.8754210348601335 3.377887E-4
 0.8901832204051517 3.2093455E-4
 0.9051225750372375 3.0447243E-4
 0.9202333836245502 2.8857013E-4
 0.9355156461670895 2.7334084E-4
 0.9509750777966963 2.5885814E-4
 0.9666173936452116 2.4517568E-4
 0.9824425937126354 2.3227944E-4
 0.9984449628671269 2.2004428E-4
 1.0146416465042085 2.082631E-4
 1.0310154992283577 1.96822E-4
 1.047589381566938 1.8572581E-4
 1.064346148124427 1.7502026E-4
 1.0813029442963468 1.6480251E-4
 1.0984540549508572 1.550304E-4
 1.1158051952197987 1.4554086E-4
 1.133356365103171 1.3635892E-4
 1.1511075646009747 1.2748252E-4
 1.1690702239768913 1.188574E-4
 1.187232912967239 1.1054299E-4
 1.2056127769675404 1.0253492E-4
 1.224198385714114 9.4788278E-5
 1.2430068846024824 8.7308546E-5
 1.2620268433689636 8.0085621E-5
 1.2812639771453986 7.3108709E-5
 1.3007297161954691 6.6416473E-5
 1.3204183453873346 6.0059591E-5
 1.3403298647209944 5.4112498E-5
 1.360475704460131 4.8644513E-5
 1.380850149472903 4.372074E-5
 1.4014646300229924 3.9355775E-5
 1.4223134309785585 3.5491538E-5
 1.4434022674714417 3.2045659E-5
 1.4647311395016424 2.8940697E-5
 1.4863114773328423 2.613991E-5
 1.5081318507013594 2.3600124E-5
 1.5302094050027166 2.126311E-5
 1.552544140236914 1.909832E-5
 1.5751303412721104 1.7087717E-5
 1.5979737232401467 1.5174105E-5
 1.621085716404705 1.3372367E-5
 1.6444606056339443 1.1802085E-5
 1.6681041060597054 1.0475552E-5
 1.6920162176819883 9.3170179E-6
 1.7162083707644746 8.2912836E-6
 1.7406748501753237 7.374756E-6
 1.7654213710463766 6.5463347E-6
 1.790447933377633 5.8094359E-6
 1.8157659674327746 5.210543399607228E-6
 1.8413754732118017 4.6047562E-6
 1.8672707355828732 4.1583882E-6
 1.8934688999415123 3.7730767E-6
 1.9199642511558774 3.4055404E-6
 1.9467625043578093 3.0733017E-6
 1.9738693746791498 2.7992991E-6
 2.001284862119898 2.5716555E-6
 2.0290089666800543 2.3646572E-6
 2.0570531186233003 2.1634238E-6
 2.0854230330814775 1.968484E-6
 2.114107279790903 1.7843585E-6
 2.1431230041471005 1.6098852E-6
 2.1724702061500695 1.443837E-6
 2.20214888579981 1.2906882E-6
 2.2321647582281634 1.1543665E-6
 2.26252353856697 1.0341732E-6
 2.2932309419480705 9.282956E-7
 2.324281253239625 8.3540354E-7
 2.3556859027053143 7.5358924E-7
 2.3874506054769795 6.8006664E-7
 2.4195753615546213 6.1175367E-7
 2.4520601709382385 5.4661625E-7
 2.4849221790233553 4.8515443E-7
 2.518149955546288 4.2973802E-7
 2.55175493077072 3.8193729E-7
 2.5857371046966504 3.4122797E-7
 2.620107907587762 3.0596679E-7
 2.6548673394440536 2.7460007E-7
 2.690021115397367 2.460446E-7
 2.7255749505795416 2.1960993E-7
 2.761523129858739 1.9493634E-7
 2.7978827986304795 1.7200363E-7
 2.834648241762923 1.5096728E-7
 2.871830889519752 1.3189444E-7
 2.9094307419009663 1.1475946E-7
 2.947453514038406 9.9556276E-8
 2.985904921063913 8.6171798E-8
 3.0247906781093263 7.4263365E-8
 3.0641107851746482 6.3462269E-8
 3.103876672523559 5.3641504E-8
 3.1440883401560597 4.49184E-8
 3.1847457880721496 3.7469486E-8
 3.225866161667352 3.1372466E-8
 3.267443745809825 2.6556905E-8
 3.3094899707632512 2.2842812E-8
 3.3520048365276302 2.0013451E-8
 3.3949940582348032 1.7871456E-8
 3.438463351016611 1.6259659E-8
 3.4824184300048943 1.505872E-8
 3.5268650103314942 1.4181602E-8
 3.571808807128251 1.3505331E-8
 3.617255535527007 1.2953418E-8
 3.6632051955277606 1.2421816E-8
 3.7096635022623534 1.1843418E-8
 3.7566418859944676 1.1185046E-8
 3.8041460618559437 1.0451884E-8
 3.8521703147149404 9.6845153E-9
 3.9007317899669806 8.934586E-9
 3.949836202743906 8.2349521E-9
 3.9994778379138744 7.5950193E-9
 4.049673840872409 7.0197811E-9
 4.100424211619511 6.5192317E-9
 4.1517346652870195 6.095048E-9
 4.203610917006776 5.7307017E-9
 4.256058681910621 5.4060706E-9
 4.309089390262238 5.1160179E-9
 4.362703042061625 4.867344E-9
 4.416905352440623 4.6684208E-9
 4.471707751662915 4.5234183E-9
 4.527110239728501 4.4250858E-9
 4.583118531769221 4.3552209E-9
 4.639744058048757 4.2956295E-9
 4.69699253369895 4.2395124E-9
 4.7548639587198 4.223521246555027E-9
 4.813369763374989 4.247991860390458E-9
 4.872515662796356 4.2727302E-9
 4.932307372115745 4.3850319E-9
 4.992756321596837 4.5221298E-9
 5.05385679610779 4.6712074E-9
 5.115625941044127 4.8293903E-9
 5.178069471537688 4.9939704E-9
 5.241187387588475 5.1549678E-9
 5.304996834592009 5.2950074E-9
 5.36949209741645 5.3971417E-9
 5.434690321457321 5.4527838E-9
 5.500597221846462 5.4683002E-9
 5.567212798583874 5.4639952E-9
 5.634548481933237 5.4540412E-9
 5.702609987026394 5.4237411E-9
 5.771425889522548 5.3308214E-9
 5.840921892707767 5.1292132E-9
 5.911218014350711 4.7973674E-9
 5.982257103132971 4.3490291E-9
 6.054096310372956 3.822004E-9
 6.126621333433848 3.2596115E-9
 6.200003626270872 2.6947188E-9
 6.274128886247213 2.1436267E-9
 6.3490542646812775 1.6172764E-9
 6.424779761573068 1.7819701199699707E-9
 6.5013053769225814 1.948404E-9
 6.5786311107298205 4.0570175E-10
 6.6568141143131924 9.2631914E-11
 6.735854387672698 -2.0566402E-10
 6.81563762817152 -5.0865558E-10
 6.896335289764883 -8.3812567E-10
 6.9778902211343805 -1.1845081E-9
 7.060302422280011 -1.5085993E-9
 7.143514741883367 -1.7638272E-9
 7.2276986338996724 -1.7884367503378378E-9
 7.312682644373704 -1.682343625445705E-9
 7.398638227260686 -1.5750376E-9
 7.485451079923803 -1.2544984E-9
 7.57317835368146 -9.2822035E-10
 7.66182004853366 -6.3029731E-10
 7.751376164480404 -3.7200154E-10
 7.8419038528400974 -1.450523E-10
 7.933345962294334 1.0797245E-10
 8.025759644161521 4.6374182E-10
 8.119144898441661 8.9144896E-10
 8.213444573816343 1.2080668E-9
 8.308772972922386 1.214911E-9
 8.405015793122969 8.938705E-10
 8.502344488373321 4.0339142E-10
 8.600587604718218 -1.019932E-10
 8.699916596112882 -5.5794589E-10
 8.800217159920496 -9.612826E-10
 8.901546447459472 -1.2957116E-9
 9.003961610048217 -1.319757940905304E-9
 9.107348345049914 -1.2602632579804496E-9
 9.211820955101379 -1.2001437E-9
 9.317379440202613 -1.2461779E-9
 9.423966649035208 -1.4784732E-9
 9.53169688423598 -1.7177826E-9
 9.640455843168112 -1.6772515351019343E-9
 9.750357828468424 -1.6362945E-9
 9.861345688818503 -1.2636503E-9
 9.973419424218351 -8.0061466E-10
 10.086693337304787 -2.8724595E-10
 10.201053125440993 2.7547645E-10
 10.316555939945374 8.4124766E-10
 10.433201780817933 1.2985089E-9
 10.551047799377082 1.6849203E-9
 10.670036844304407 2.152965E-9
 10.790226066918319 2.652464E-9
 10.91161546721882 3.1478909E-9
 11.034205045205903 3.5443064E-9
 11.157994800879576 3.5918497E-9
 11.282984734239836 3.3277088E-9
 11.409174845286683 2.8953558E-9
 11.536679436656934 2.601266007048849E-9
 11.66538420571377 2.304408E-9
 11.795346303775604 2.2152152E-9
 11.926565730842436 1.9249349E-9
 12.05904248691426 1.3846791E-9
 12.192833723309489 7.4228537E-10
 12.327939440028125 1.3936745E-10
 12.464302485751755 -3.6124873E-10
 12.601980011798789 -4.1416940517967786E-10
 12.741029169487637 -2.0756989775353796E-10
 12.881335656181482 8.9775154E-13
 13.023070925835547 5.6183199E-10
 13.16606352449461 1.1253128E-9
 13.310484906113896 1.5017156E-9
 13.456220768056584 1.687522E-9
 13.603328261641089 1.7584402E-9
 13.751864538185814 1.823421E-9
 13.901772446372352 2.0619572E-9
 14.053109137519114 2.532098E-9
 14.205817460307689 3.1249316E-9
 14.360011717374896 3.4977942E-9
 14.515577606083916 3.3973996E-9
 14.672629429071566 2.869807E-9
 14.83111003501944 2.2709983E-9
 14.991019423927535 1.8688554E-9
 15.152414747114262 1.6767549E-9
 15.315353155898032 1.5932035E-9
 15.479720347642022 1.4164496E-9
 15.645573473664642 1.123421E-9
 15.812912533965896 1.0886091056603768E-9
 15.981794679864189 1.1212662079466472E-9
 16.15221991135952 1.1542217E-9
 16.324131077133486 1.4776904E-9
 16.4976424798229 1.8985933E-9
 16.672639816790944 2.0360621E-9
 16.849237390674442 2.0148512E-9
 17.027378050154975 1.9483783E-9
 17.207061795232547 1.8944830128700336E-9
 17.388402928543982 2.0854325831137797E-9
 17.571287147452455 2.278007E-9
 17.75577160327638 3.0474918E-9
 17.94185629601575 3.8657665E-9
 18.129541225670568 4.4377252E-9
 18.31888354355925 4.7799325E-9
 18.509826098363376 4.6926103E-9
 18.70242604140136 4.2648804E-9
 18.896683372673205 4.0209898E-9
 19.092540940860494 3.9436744597181885E-9
 19.29011304860006 4.209209871262799E-9
 19.489342544573474 4.4769728E-9
 19.69022942878075 4.76235639681303E-9
 19.892830852540296 5.0501757E-9
 20.097089664533694 3.9636397E-9
 20.303005864760955 2.797817E-9
 20.510693755858888 2.7765701502603452E-9
 20.72009618650909 2.7551479E-9
 20.93115600539315 2.5343259E-9
 21.143987515147884 1.7257144E-9
 21.358533564454887 4.1256947E-10
 21.574794153314154 -9.8728741E-10
 21.7928264330441 -1.7477837E-9
 22.012573252326312 -1.9489577E-9
 22.234091762479202 -1.9689332E-9
 22.457324812184356 -2.1648899E-9
 22.682386704078595 -2.7471738E-9
 22.909163135525105 -3.2164583E-9
 23.137768409160695 -3.2090752592827796E-9
 23.368145373666962 -3.201635E-9
 23.600236877725496 -3.0919147E-9
 23.834157223973114 -2.4174439E-9
 24.069906412409817 -1.1932637E-9
 24.307427291717196 -3.7118655E-11
 24.54671986189525 1.5025033E-9
 24.787841274262394 3.2960596E-9
 25.030791528818618 4.5607229E-9
 25.275513474245517 5.2526567E-9
 25.522064261861505 5.2581392E-9
 25.770443891666573 4.7346008E-9
 26.020595212342318 4.3465048E-9
 26.27263252652556 3.7235645E-9
 26.526441531579475 2.6143633E-9
 26.782136530140881 2.1469974E-9
 27.039603219572967 2.0679765E-9
 27.298898751194133 2.0060804E-9
 27.5600802763228 1.811556E-9
 27.82303349232214 1.491298E-9
 28.08787270182897 1.1717219E-9
 28.354540753524887 8.7056649E-10
 28.623037647409887 6.0586366E-10
 28.893363383483976 3.9627172E-10
 29.16551796174715 2.3605056E-10
 29.439501382199406 1.1413085E-10
 29.715370796159156 2.1833125E-11
 29.993011900989582 -4.7432198E-11
 30.2725389993275 -9.8757378E-11
 30.553837788536096 -1.360843E-10
 30.837022571252187 -1.6247783E-10
 31.121979044838948 -1.8033753E-10
 31.408821511933204 -1.9155337E-10
 31.69743566989814 -1.0444617715977551E-10
 31.98793582137057 -1.6769769E-11
 32.28020766371367 -1.0589980634639348E-10
 32.57430834824586 -1.4816569627581891E-10
 32.87018072364872 -1.6630344996024024E-10
 33.16793909255908 -1.7191870820972814E-10
 33.46741200102171 -1.709638458280126E-10
 33.768770902991825 -1.7000297E-10
 34.071844344514204 -1.6209247E-10
 34.37674662822568 -1.5401049E-10
 34.68347775412624 -1.4589294E-10
 34.99192341957906 -1.3784401E-10
 35.30214077590256 -1.2994266E-10
 35.614129823096725 -1.222478E-10
 35.927890561161575 -1.1480238E-10
 36.2434229900971 -1.0763672E-10
 36.56066995858489 -1.0077114E-10
 36.87968861794336 -9.4218025E-11
 37.20036466553569 -8.7983572E-11
 37.52281240399869 -8.2069103E-11
 37.84697468201396 -7.6472164E-11
 38.17285149958149 -7.118739E-11
 38.50038570538288 -6.620721E-11
 38.82963445073654 -6.1522404E-11
 39.16054058432407 -5.7122557E-11
 39.49310410614544 -5.2996422E-11
 39.827325016200674 -4.9132209E-11
 40.16320331448977 -4.5517823E-11
 40.50073900101272 -4.2141044E-11
 40.83987492445112 -3.8989678E-11
 41.18055393348656 -3.6051674E-11
 41.52289033075586 -3.3315213E-11
 41.86682696494061 -3.0768777E-11
 42.21230668472239 -2.8401205E-11
 42.55932949010121 -2.6201732E-11
 42.90789538107709 -2.416001E-11
 43.2580615089684 -2.2266136E-11
 43.60965641981994 -2.0510655E-11
 43.96279441626852 -1.8884565E-11
 44.31741834699574 -1.7379319E-11
 44.67347106068316 -1.598682E-11
 45.03100970864923 -1.4699409E-11
 45.38997713957552 -1.3509859E-11
 45.75043050478043 -1.2411357E-11
 46.11219835030876 -1.1397498E-11
 46.475394978797304 -1.0462261E-11
 46.839963238927666 -9.5999988E-12
 47.20590313069984 -8.8054209E-12
 47.57315750279542 -8.0735748E-12
 47.9417263552144 -7.3998315E-12
 48.31160968795678 -6.779868E-12
 48.682750349704164 -3.6181259E-12
 49.05514834045655 -4.409568624191827E-12
 49.428803660213915 -4.5850769243471044E-12
 49.80371630897629 -4.470150255266663E-12
 50.179771984106835 -4.3548732E-12
 50.55708498824238 -3.9819638E-12
 50.93548386742769 -3.6398379E-12
 51.315082924299595 -3.326075E-12
 51.69576785622126 -3.0384314E-12
 52.0775386631927 -2.7748292E-12
 52.460395345213903 -2.5333449E-12
 52.84428075096647 -2.3121992E-12
 53.22925203176881 -2.109747E-12
 53.6151948849841 -1.9244686E-12
 54.00216646193074 -1.7549602E-12
 54.39005245997193 -1.5999266E-12
 54.778910030426075 -1.4581727E-12
 55.16868202197475 -1.3285967E-12
 55.55931128329957 -1.2101833E-12
 55.950854965718924 -1.1019971E-12
 56.34319876659601 -1.0031769E-12
 56.73639983724923 -9.1292997E-13
 57.130401026360175 -8.3052701E-13
 57.52508803129202 -7.5529722E-13
 57.92057515468159 -6.8662382E-13
 58.31663379125525 -6.2393986E-13
 58.71383545419709 -5.6672425E-13
 59.111608630323026 -5.1449822E-13
 59.50938180644896 -4.6682183E-13
 59.90829800894306 -4.2329088E-13
 60.30778572462125 -3.8353399E-13
 60.707844953483544 -3.4720982E-13
 61.10847569552991 -3.1400462E-13
 61.509106437576285 -2.8362981E-13
 61.91088020599084 -2.5581984E-13
 62.312653974405385 -2.3033015E-13
 62.71557076918812 -2.0693523E-13
 63.11791605078677 -1.8542694E-13
 63.52140435875358 -1.6561279E-13
 63.924892666720396 -1.4731445E-13
 64.32895248787132 -1.3036628E-13
 64.73301230902221 -1.14614E-13
 65.13707213017312 -9.9913417E-14
 65.54170346450813 -8.6129231E-14
 65.9469063120272 -7.3133895E-14
 66.35210915954629 -6.0806548E-14
 66.75674049388128 -4.9031983E-14
 67.16251485458446 -3.769967E-14
 67.56771770210355 -2.6702792E-14
