 4.725067488989427E-4 0.9999925385836893
 1.423075280572764E-3 1.0002531627691246
 2.3848277564678496E-3 1.0009127511691802
 3.357900013963405E-3 1.0020051558970504
 4.342399293095646E-3 1.0034834775078687
 5.338492411698683E-3 1.0052648591703732
 6.3462985253683124E-3 1.0072645843340557
 7.365948705259907E-3 1.0093607681380738
 8.39758593808842E-3 1.0114444773560946
 9.441353210568805E-3 1.0134223555597436
 0.010497405424975596 1.0152392250346438
 0.011565849821345005 1.0168548104458292
 0.012646817470832409 1.0181946883689336
 0.013740546684629396 1.0192622746918504
 0.014847144702772177 1.020099026207462
 0.015966730680856553 1.0207075264393437
 0.017099423774478313 1.0210431435905964
 0.018245581450424843 1.0211952893733806
 0.01940508455310035 1.021209941044917
 0.020578171393696421 1.0210320037887792
 0.021765080283404642 1.0207193547368946
 0.022965930377820811 1.0202969948329592
 0.02418095998813652 1.0198028570796995
 0.02541016911435176 1.0192465677209967
 0.026653796067658126 1.018603879438423
 0.02791207915924721 1.0179036148491464
 0.029185137544714797 1.0171676400173041
 0.030473090379656685 1.0163895492188355
 0.03177617597526447 1.015567954450078
 0.03309463264272973 1.0147358317198147
 0.034428460382052473 1.0138902828879581
 0.03577801666002008 1.013039097265712
 0.03714330147663255 1.0121797415546156
 0.038524791454273066 1.011322036716329
 0.03992236743734582 1.010476629302461
 0.041336267737042416 1.0096087649111618
 0.04276684982015023 1.0087242930728577
 0.044214232842265055 1.0078334370491641
 0.045678535958982684 1.0069216361663602
 0.04716011663709051 1.0059916554358061
 0.04865897487658853 1.0050435003347015
 0.05017534898866832 1.0040566187461992
 0.051709596440117286 1.0030293335584263
 0.0532618363865312 1.0019648336607398
 0.054832187983505864 1.0008528549228252
 0.05642100869782867 0.9996949824049819
 0.0580284176850954 0.9984985215356919
 0.05965465325649765 0.9972652726728171
 0.061299953723227 0.9960020510902383
 0.06296455739647507 0.9945782734712703
 0.06464858343183762 0.9934108776009491
 0.06635238929610203 0.9920904096259239
 0.06807609414486411 0.9907610252167847
 0.06982005544491125 0.9894283642989852
 0.07158439235183923 0.9880976288513782
 0.07336934317683966 0.9867660827079655
 0.0751751462311041 0.9854289496110092
 0.07700215898141995 0.9840820474863764
 0.07885061973897879 0.9827244215495473
 0.08072064765937642 0.9813506557417
 0.08261248105380443 0.9799501949497805
 0.08452647738905023 0.9785121560564423
 0.08646287497630535 0.9770266178758684
 0.08842191212676141 0.9754898309216521
 0.09040382715161001 0.9739044946690241
 0.09240897751763852 0.9722780313711141
 0.09443748238044274 0.9706143579428118
 0.09648969920681004 0.9689127515655931
 0.09856598546352781 0.9671793820222778
 0.10066646030619186 0.9654190657577966
 0.10279148120158955 0.9636362706540924
 0.10494128646091248 0.9618370792383251
 0.10711623355094806 0.9600267935275049
 0.10931656078288782 0.9582123987777681
 0.11154262562351919 0.9564001072648516
 0.11379454722843795 0.9545888942113614
 0.11607280222002725 0.9527731273010502
 0.11837774806507452 0.9509471773864973
 0.12070938476357973 0.9490931258108022
 0.12306866556030926 0.9472023402363515
 0.12545535214407152 0.94527671125676
 0.12786944451486645 0.943303358424518
 0.1303121342286521 0.9412866723945353
 0.13278222972947043 0.9392189483668049
 0.13528211412923735 0.9371044546322321
 0.13781059587199498 0.9349556164325847
 0.14036886651370117 0.9327691317947681
 0.14295692605435597 0.9305508846713161
 0.14557596604991734 0.9283098257004179
 0.14822479494442733 0.9260498709261392
 0.15090341273788587 0.9237511506928643
 0.15361420254220894 0.9214211069793193
 0.15635716435739652 0.919091601382174
 0.15913110662749063 0.916767633607785
 0.16193722090844925 0.9144450519139302
 0.16477669875623027 0.9121391462759639
 0.1676483486148758 0.9098414973111681
 0.17055455359630172 0.907543652549393
 0.17349412214455006 0.9052469624370685
 0.17646705425962086 0.902926499326216
 0.17947454149747205 0.9005957387977289
 0.18251777541406155 0.8982423226975509
 0.18559556445343142 0.8958718604068024
 0.18871029172749756 0.8934802076424566
 0.19186076568030205 0.8910724316138721
 0.19504698631184486 0.8886428945880187
 0.19827014517808394 0.8861896922501129
 0.2015314338349772 0.8837124658228179
 0.2048308522825247 0.8812115080399483
 0.2081672089647685 0.8786611211234535
 0.2115440785495824 0.8760552780231229
 0.21495788636909252 0.873387218083056
 0.2184133986471307 0.8706606880853704
 0.22190704071582312 0.867875434710712
 0.22544238724304357 0.8650008773991693
 0.22901824667283415 0.8620142766874435
 0.23263581056115276 0.8588912637137325
 0.2362950789079994 0.8556363156929421
 0.2399960517133741 0.8522651855248621
 0.24374111208919274 0.8488089290596796
 0.24752787692353941 0.8452788372522054
 0.251359920884288 0.8416798646541273
 0.2552348608595225 0.8380071616228084
 0.2591562715171169 0.8342604450768725
 0.2631217697451552 0.8304543287137501
 0.26713254709959544 0.8265875920480241
 0.27119098669235336 0.8226894448947557
 0.2752958969674712 0.8187896828735881
 0.2794472779249488 0.814896139431541
 0.28364751267670212 0.8110254795036811
 0.2878954096667732 0.8071811114105845
 0.2921933520070779 0.8033529644466609
 0.2965401481416584 0.7995126608052053
 0.30093698962647252 0.7956125301526815
 0.30538387646152026 0.7916187084105628
 0.30988319175871764 0.7875153726215208
 0.3144325524061486 0.7832869464363146
 0.319035533071687 0.7789380009052763
 0.323692133755333 0.7744871770774944
 0.32840116290112852 0.7699269345128544
 0.3331638120650315 0.7652332821156169
 0.33798246435895784 0.7603914756161313
 0.34285592822694965 0.7554068549946876
 0.3477853952249649 0.750322710569708
 0.3527708653530034 0.7452046007979186
 0.3578147217229812 0.7401061660763426
 0.3629157727789403 0.7350460507353762
 0.36807521007683874 0.7300035678034186
 0.37329303361667642 0.7249459033017748
 0.37857162651036924 0.7198316269352979
 0.38391098875791723 0.7146816002637149
 0.3893099288033624 0.7094299652809473
 0.39477202131457866 0.7040619196477365
 0.400296074735608 0.6985492191725404
 0.40588328062240836 0.6928726852677559
 0.41153483053093775 0.687004331007933
 0.4172507244611961 0.6809026821876678
 0.4230309624131835 0.6745438664304623
 0.42887792749881564 0.6679249757042587
 0.4347928112740507 0.6610903911861682
 0.44077323062697265 0.6541083641710222
 0.44682276022545536 0.6470367496430117
 0.4529414000694989 0.6398994966498331
 0.45912915015910316 0.6326610578822537
 0.46538720205022604 0.6252620523843291
 0.4717167472988257 0.6176533096318508
 0.4781189774608599 0.609788491239654
 0.48459270098037077 0.6016512819589009
 0.4911403009692742 0.5932777814212665
 0.49776296898352806 0.5847118847150612
 0.5044607050231324 0.5759604861131178
 0.5112335090880873 0.5670170463071074
 0.5180849558462666 0.5579055860527439
 0.525012662185754 0.548698428208174
 0.532019011218466 0.5394718881201823
 0.5391040029444022 0.5302445528297423
 0.5462700204754787 0.5209968398764292
 0.5535170638116954 0.5117126462106543
 0.5608463245090102 0.5023690034079187
 0.568258994123381 0.4929356807709974
 0.5757538810988502 0.4833966477094275
 0.5833345601032911 0.47380933377848183
 0.5909998395807462 0.4642623237425814
 0.5987521026431312 0.4547510920005504
 0.6065913492904462 0.4451623214853138
 0.6145187710786489 0.4353742756672137
 0.6225355595636975 0.42532031019588473
 0.63064290630155 0.4150000021011955
 0.638840811292206 0.4045306711462266
 0.6471316576475818 0.3940747566956081
 0.6555154453676773 0.3837241313413222
 0.6639921744524924 0.3734723343089246
 0.6725654195699009 0.36322118251635543
 0.6812339891639451 0.3529023677247744
 0.6900002663465405 0.34258022600125354
 0.6988642511176875 0.3322825644791221
 0.7078271350333437 0.3218519901440202
 0.7168901096494674 0.3111615835858071
 0.7260543665220163 0.30030213834413543
 0.7353210972069484 0.2894338693238249
 0.7446914932602215 0.27844545692919375
 0.7541667462377939 0.267381188289142
 0.7637468561396653 0.2562146819864235
 0.7734330145217937 0.24501762994356071
 0.7832276044960951 0.23391562778488525
 0.7931318176185274 0.2230191135416539
 0.8031444623331325 0.21238795621826864
 0.8132691133077844 0.20200606887175934
 0.8235069620984411 0.1918084943808303
 0.8338568171491444 0.18175563478869141
 0.8443222531277683 0.17183408792464588
 0.8549032700343129 0.16206817663538364
 0.865601059424736 0.15251651061045803
 0.8764168128549955 0.14323679028515207
 0.8873517218810494 0.1342383436238914
 0.8984081696148137 0.12556229922101025
 0.9095861560562883 0.11731175821319738
 0.9208868727614312 0.10947324265854286
 0.9323127028421582 0.10197106120808004
 0.9438636462984692 0.09477385392009235
 0.9555408946863225 0.08784998680762782
 0.9673468311176338 0.08120789614634594
 0.9792826471483608 0.07489204049078185
 0.9913483427785038 0.06893140266656718
 1.0035463011199785 0.06337242086514033
 1.0158777137287431 0.058173526021889465
 1.0283437721607553 0.05327975284321359
 1.0409468595279314 0.048677051216598786
 1.0536857842743128 0.04432149076169582
 1.0665641210677736 0.04019887213474107
 1.079583061464272 0.03635453702738321
 1.092742605463808 0.03286437141284358
 1.106046327734255 0.029711605242298912
 1.1194930367196553 0.026819716397958215
 1.1330863070878827 0.024161013365571467
 1.1468273303948954 0.021695965013636735
 1.1607161066406932 0.01940238973730418
 1.1747550189371915 0.01728881856361591
 1.1889452588403492 0.015366398008879721
 1.2032927841299554 0.013655235689108968
 1.2177821045785568 0.012122797802921663
 1.2324382428612705 0.010738922221854255
 1.2472492834185171 9.514066349419946E-3
 1.2622271418098758 8.461071284938395E-3
 1.277347986916188 7.5684885174246924E-3
 1.2926475654161913 6.805567414762833E-3
 1.3081020461907277 6.148245401301109E-3
 1.3237233447993761 5.569324448131279E-3
 1.339511461242137 5.027687850859935E-3
 1.3554663955190098 4.540062931642041E-3
 1.371588147629995 4.045353251365794E-3
 1.3878886331346715 3.659849331530825E-3
 1.40436785203304 3.343251494435034E-3
 1.4210019732059411 3.056773706274576E-3
 1.4378267433321132 2.7698230179139657E-3
 1.454830246851977 2.47262401271087E-3
 1.4720124837655323 2.168175888461656E-3
 1.4893615385132001 1.8709574772133672E-3
 1.5069131577737182 1.6168230874612772E-3
 1.5246315948683486 1.442836709654894E-3
 1.5425525964758293 1.3611942987078993E-3
 1.560652331477002 1.3894104406201137E-3
 1.5789427154314452 1.4154159201169311E-3
 1.59742374833916 1.5205672255403453E-3
 1.6160954302001457 1.654842717332792E-3
 1.634969676573982 1.7892661791806118E-3
 1.6540345719010891 1.9036865000661357E-3
 1.673302031741047 1.9945330913282255E-3
 1.6927720560938552 2.0611792987831265E-3
 1.7124327293999348 2.107641080914289E-3
 1.7323078827784441 2.149150542506284E-3
 1.7523736851102245 2.1913621738590214E-3
 1.7726658830740145 2.2213462226418944E-3
 1.7931487299910753 2.2296604020297077E-3
 1.8138579725401455 2.2195725479519754E-3
 1.8347697796020663 2.1886796013499605E-3
 1.855896066736417 2.1454404435891335E-3
 1.8772487495027772 2.213987699047685E-3
 1.8988039967819878 2.268850604820834E-3
 1.920585639693208 2.4553048963926816E-3
 1.9425936782364374 2.6833415036354966E-3
 1.964816196852097 2.942657195796288E-3
 1.9872770266593451 3.226032275678304E-3
 2.0099523365390234 3.5296514012402185E-3
 2.0328659576102903 3.8168238973068863E-3
 2.056005974313567 3.997581868875582E-3
 2.0793723866488527 4.020342870402839E-3
 2.1029890257353067 3.9551237423659504E-3
 2.1268320604537707 3.9043845222028043E-3
 2.1509134063638226 3.858088360960512E-3
 2.175233063465464 3.849404199379112E-3
 2.1998029473182736 3.8796487962153313E-3
 2.2246111423626717 3.900388015454397E-3
 2.2496695641582382 3.963389278568283E-3
 2.2749782127049735 4.023657504507538E-3
 2.3005370880028763 4.126742477998542E-3
 2.326346190051948 4.279366227463355E-3
 2.3524055188521875 4.511434851145282E-3
 2.378715074403596 4.862903949417908E-3
 2.405298687825331 5.267658191372552E-3
 2.4321325279982346 5.673073066791316E-3
 2.4592285104818856 5.895247315553996E-3
 2.486586635276285 5.9508297088978305E-3
 2.5142069023814315 5.889854715421806E-3
 2.5421012273569054 5.7585463022454194E-3
 2.5702696102027062 5.553652154696707E-3
 2.598700135359255 5.324425748723607E-3
 2.627404718386131 5.139360522601691E-3
 2.656395274842913 4.964210955259911E-3
 2.6856479736104437 4.860196593768089E-3
 2.7151985613674596 4.804402309100907E-3
 2.745011291435224 4.8116278272878395E-3
 2.775121910492474 4.837778892050964E-3
 2.805506587420051 4.89758267590512E-3
 2.836177237777535 4.995365690973259E-3
 2.867145777124505 5.027951199125201E-3
 2.898400289901381 4.896474711387844E-3
 2.929952691667744 4.718983567366333E-3
 2.9617910668640132 4.484783053054842E-3
 2.9939392466093477 3.937350932715185E-3
 3.0263733997845894 3.130286644604855E-3
 3.0591173575088954 2.564396921267737E-3
 3.0921592042226886 2.32537822253099E-3
 3.125498939925967 2.1051277748656057E-3
 3.1591484801783114 1.839183502790547E-3
 3.1931197405393012 1.567166736215743E-3
 3.2273888898897764 1.2173368703048237E-3
 3.261967843789317 1.190961000257795E-3
 3.2968566022379235 1.173901203645448E-3
 3.332067080795175 1.1885430362596448E-3
 3.367599279461071 1.150078711985225E-3
 3.4034412826760327 1.2126368581734155E-3
 3.4396169215592187 1.277248859397262E-3
 3.4761023649914704 1.1453134920425787E-3
 3.5129214440919467 4.797331513284356E-4
 3.5500622433010673 -6.495872458725818E-4
 3.5875247626188326 -1.5881562015314307E-3
 3.625332833164403 -1.9286966022724531E-3
 3.663462623818617 -2.0386320425369837E-3
 3.701926050141056 -2.3636879886555365E-3
 3.7407231121317194 -2.6819815983556826E-3
 3.779853809790607 -2.6000864791272957E-3
 3.819330058677299 -2.507050891755881E-3
 3.8591399432322144 -2.5329376564078433E-3
 3.899295379014934 -3.1313034629550213E-3
 3.939796366025458 -4.210869661709731E-3
 3.9806309887042052 -5.025249491230629E-3
 4.021823078170337 -4.982075379284703E-3
 4.0633607188642715 -4.911882215812713E-3
 4.105243910786011 -3.062736105757583E-3
 4.147484569495133 -4.915609199097037E-3
 4.190070779432058 -5.1697549439764295E-3
 4.233002540596789 -5.309192024202035E-3
 4.2763036841084804 -5.320323412430761E-3
 4.319962294407556 -5.47583993298872E-3
 4.3639664559344355 -5.489760944952891E-3
 4.408339999808278 -5.439685198763237E-3
 4.453071010469504 -5.2413188276074175E-3
 4.4981594879181114 -5.306703269837369E-3
 4.543617347713684 -5.215345566571943E-3
 4.589432674296638 -5.099103979240808E-3
 4.635617383226556 -4.865939153363789E-3
 4.682159558943856 -4.377235770111903E-3
 4.729083032567699 -3.535877164406783E-3
 4.776363972978925 -3.0128878174389512E-3
 4.824026211296694 -2.697227387092079E-3
 4.872057831961425 -2.1763859838614045E-3
 4.920446919413538 -1.6630346402435585E-3
 4.969217304772195 -8.205282559434479E-4
 5.018368988037393 1.584343023985341E-4
 5.067890053649554 9.99205861186123E-4
 5.117780501608678 1.8896053575842646E-3
 5.168052247474344 2.657213599061917E-3
 5.218705291246552 3.1091573907077855E-3
 5.269727717365723 3.4972982454894363E-3
 5.321131441391437 3.81913180065112E-3
 5.372916463323691 3.790289940415524E-3
 5.425070867602909 3.80065538070231E-3
 5.477618485348248 3.79420396922584E-3
 5.53053548544055 4.1359843579855904E-3
 5.583845698998974 4.32267127552052E-3
 5.6375252949043614 4.0357008922211794E-3
 5.691586188716289 3.475832643993666E-3
 5.74604029599434 2.8434187548993625E-3
 5.800863785619352 1.9967307494555106E-3
 5.856080488710487 7.983618562158834E-4
 5.911678489708163 -3.47069303444559E-4
 5.967657788612382 -1.2705944127893544E-3
 6.024018385423143 -1.977738783257869E-3
 6.080760280140447 -2.482000356997803E-3
 6.137883472764291 -2.785892428870515E-3
 6.195399878854259 -2.8226573078905473E-3
 6.2532856672911885 -2.802584022958806E-3
 6.311564669194239 -2.7864586850655723E-3
 6.370213053444252 -2.602879859399028E-3
 6.429254651160389 -2.2430282578098452E-3
 6.488665631223486 -1.7732660677568766E-3
 6.548469824752705 -1.3432136794268771E-3
 6.608643400628888 -1.0387633016011818E-3
 6.669210189971192 -2.6812516656587944E-4
 6.730146361660458 -3.242733481052208E-4
 6.791463831256267 -2.8802031744393284E-4
 6.853150683199038 -2.5295775557967542E-4
 6.915230748607932 -1.6458050567144972E-4
 6.977668280804209 -1.0096039237843024E-4
 7.040499026466606 -6.138669247894911E-5
 7.103687238916387 -3.939901629227769E-5
 7.1672567492727115 -2.6206753380556862E-5
 7.231207557535577 -1.686327572383685E-5
 7.295515832585825 -9.576505790377457E-6
 7.360193489983037 -3.737167723642041E-6
 7.425240529727211 9.747886741970704E-7
 7.490656951818347 4.8807847086143995E-6
 7.556442756256447 8.134211386282502E-6
 7.62258602748193 1.0761990220821581E-5
 7.689098681054375 1.2922984715136239E-5
 7.755956885854625 1.4723476981488713E-5
 7.823184473001837 1.6224305437744912E-5
 7.890769526936433 1.7481639569687924E-5
 7.958712047658411 1.8479176575352006E-5
 8.027000119608193 1.9309005553892524E-5
 8.095645658345358 2.0058178070206194E-5
 8.164636748310329 2.0665251798770185E-5
 8.2339733895031 2.1119253819885952E-5
 8.303655581923678 2.155175212537629E-5
 8.37368332557206 2.1918899104706047E-5
 8.444056620448244 2.2205072172581406E-5
 8.514763550992653 2.2478556193143154E-5
 8.585792201645708 2.2712596405956337E-5
 8.657166403526565 2.2913543077755802E-5
 8.728874241075648 2.3092587225889701E-5
 8.800903798733374 2.3224525987697854E-5
 8.873255076499746 2.3393724927868413E-5
 8.945928074374764 2.354625272523871E-5
 9.018934707918005 2.3662479106962637E-5
 9.092239230450732 2.379775451197035E-5
 9.165865473092106 2.389512355420647E-5
 9.239801520282544 2.4043023247734063E-5
 9.314035456462467 2.4184711777578975E-5
 9.388579197191456 2.426731957219344E-5
 9.463420826909932 2.4398868445764007E-5
 9.538572261177473 2.4556977971093898E-5
 9.613997753315342 2.4686937601064544E-5
 9.689721134442696 2.4811957398394074E-5
 9.765730488999957 2.4962511674020552E-5
 9.842025816987123 2.5112637309674603E-5
 9.91859520284462 2.5262428006490376E-5
 9.99543864657244 2.5436234734837113E-5
 10.07255614817059 2.561002818525842E-5
 10.149935792079486 2.5786140868452055E-5
 10.227577578299131 2.598191980669115E-5
 10.305481506829523 2.6178174556883056E-5
 10.383647577670661 2.6376700318566985E-5
 10.462051959703391 2.6599168082597967E-5
 10.540718484046867 2.682200355653197E-5
 10.619611404022352 2.7045330278724463E-5
 10.698754550749008 2.729230990925948E-5
 10.778124093107671 2.756699180378779E-5
 10.857720031098344 2.784001832466907E-5
 10.937542364721025 2.813846670473525E-5
 11.017579178416138 2.8435275597196602E-5
 11.09784238774326 2.8732448402179572E-5
 11.178308161583232 2.9079727462225153E-5
 11.258988415495635 2.9427401028010076E-5
 11.339859318361308 2.9775446554398797E-5
 11.420932785739831 3.017099338263169E-5
 11.502196902071626 3.056914684306778E-5
 11.583639751797111 3.0989903853889314E-5
 11.665273250475868 3.143555457610756E-5
 11.747073566988739 3.19058908678135E-5
 11.8290526168953 3.239864236873607E-5
 11.911198484635975 3.292069549596704E-5
 11.993487339091601 3.348937948922271E-5
 12.07594301138134 3.4060874920534326E-5
 12.158517839266873 3.466365343397759E-5
 12.241330978343994 3.531176319895031E-5
 12.324263273016912 3.603293423370602E-5
 12.40719556768983 3.6751256994484023E-5
 12.490366173554335 3.7512436487014734E-5
 12.573655935014633 3.836939842200629E-5
 12.657064852070729 3.924780731197116E-5
 12.740592924722618 4.02003813588507E-5
 12.824120997374505 4.1218060224642734E-5
 12.907887381217984 4.2304174190457583E-5
 12.99165376506146 4.3458317037672274E-5
 13.075658460096527 4.473595398208065E-5
 13.159543999535801 4.613111379354337E-5
 13.24366785016666 4.7609133998818013E-5
 13.32779170079752 4.9236021927987543E-5
 13.412034707024178 5.102663294300385E-5
 13.496277713250832 5.306616271652089E-5
 13.580520719477487 5.528085244197876E-5
 13.664882881299938 5.7663812045228463E-5
 13.749364198718181 6.043551642547791E-5
 13.833845516136424 6.371952725848452E-5
 13.918207677958874 6.738806983287813E-5
 14.002808150972914 7.173520017806219E-5
 14.087289468391159 7.70033818379313E-5
