 0.0E+0 0.0E+0
 0.2054342707703902 9.266931978963717E-4
 0.6187180039165117 3.3265634433309035E-3
 1.0368642399385941 6.904440673828975E-3
 1.4599320375760218 0.011406633517765568
 1.8879680221493617 0.016616186432838315
 2.3210447219350496 0.022351759117142742
 2.7592139428448265 0.028469914825436256
 3.202532671381606 0.03486449218712786
 3.6510630746394783 0.04146022733775727
 4.104867319712531 0.048202910890615513
 4.5640127542860264 0.05504993084617288
 5.028546003680532 0.06196378649629946
 5.4985240543989615 0.06890932194874377
 5.9740505182647964 0.0758538688013534
 6.455172020598601 0.08276858591797108
 6.94194036731212 0.08962938298863449
 7.43440736431709 0.09641670684667672
 7.9327284293487334 0.10311447372213349
 8.436851756495312 0.1097089818655867
 8.946880957580303 0.11618799255885902
 9.46291964442719 0.12253950514329687
 9.985019622947712 0.1287506365819831
 10.513284504965354 0.13480801184666138
 11.04771429048011 0.1406996749294284
 11.588412591315464 0.14641683839263935
 12.135483019294895 0.15195330681150887
 12.688977380330147 0.15730257535317085
 13.248947480332959 0.16245552013107886
 13.81549693112681 0.16740014802886665
 14.388729344535184 0.17212229822536662
 14.968644720558078 0.17660732907951745
 15.555398476930716 0.18084270197308358
 16.148990613653097 0.18481962563251333
 16.74962835437218 0.1885326109993216
 17.35725989317623 0.19197739338828362
 17.971988841888727 0.19514921147177693
 18.59397061824489 0.19804372935270334
 19.223257028156456 0.20065978038433435
 19.859899877535173 0.20300027342632193
 20.504054584116257 0.2050697949927792
 21.155721147899715 0.20687150297557357
 21.815003180709016 0.20840608601539334
 22.482056100279397 0.20967324985691337
 23.156931712522585 0.2106733909030786
 23.839681823350325 0.21140712646453677
 24.53046185049784 0.21187739044761558
 25.229323599876867 0.21209623440817393
 25.93637068331089 0.21208840994709884
 26.65170671262339 0.21188688051414195
 27.37543529963785 0.21152331907613056
 28.107608250266004 0.2110209368783074
 28.84838098224308 0.21039568868442032
 29.59780530148081 0.20966451128006566
 30.356036625714427 0.208852178307351
 31.123126760855662 0.2079893923706761
 31.899179318728005 0.20710613336828082
 32.68429791115493 0.2062287299597916
 33.478637955871654 0.20538091937437247
 34.282303064701665 0.2045868604623562
 35.095345043556704 0.20387374103324215
 35.91786750426025 0.2032703447223926
 36.750025864547524 0.2028046153173164
 37.591923736242016 0.20250411375184151
 38.44366473116718 0.20239684325751033
 39.30535246114653 0.20250879799639767
 40.17714234391527 0.2028607957698961
 41.05908618538515 0.2034720155630198
 41.95133940329138 0.20436714576499537
 42.85405741536918 0.20557590145870374
 43.7672920275303 0.20712267854208085
 44.69119865750996 0.20902151341951147
 45.62588091713164 0.21128371203337611
 46.57149422413056 0.2139220093298362
 47.52814219033019 0.2169552041501987
 48.49598023346578 0.22039877537251367
 49.47506015944905 0.2242496034571083
 50.46558919192696 0.2284980997085492
 51.467722748634734 0.2331356796605923
 52.48146082957238 0.23815410264218972
 53.507217882033813 0.24354762782288807
 54.54489029419557 0.2492847653436766
 55.59447806605761 0.2553217157788041
 56.65649925673738 0.26162933456188686
 57.730435807117466 0.2681823491361436
 58.81732383543267 0.27495931689853114
 59.91664528256558 0.2819454390584423
 61.028918207633616 0.28912554306227655
 62.15414261063676 0.2964776016512524
 63.29283655069244 0.3039776743074884
 64.44448196868323 0.31160496879389076
 65.60907886460915 0.31934089264240245
 66.78766335670498 0.3271619431829507
 67.98023544497076 0.33504525749259156
 69.18627707028905 0.3429750296842282
 70.40630629177728 0.35093734884673616
 71.64084116855282 0.3589177397060413
 72.8893636414983 0.3669015993268759
 74.15290982884854 0.3748738123298921
 75.4309616714861 0.38281882451159443
 76.72351916941099 0.39072154877762965
 78.03110038174061 0.39856865169746813
 79.3542233675924 0.40634941939311886
 80.6923700678489 0.4140551294232857
 82.04657660074494 0.421677689586681
 83.41632490716316 0.4292086582379224
 84.8016149871035 0.436639133064024
 86.2029648996834 0.4439604223285171
 87.62089270402024 0.45116458339132575
 89.05539840011403 0.4582451574357575
 90.50596392884738 0.4651976416809661
 91.97414346757249 0.4720193662841991
 93.45838283893713 0.4787090651124176
 94.96075427941095 0.4852664972517271
 96.47970361164172 0.4916923425190775
 98.01678501298166 0.4979882268101249
 99.57148042431336 0.5041566410660363
 101.14430790475424 0.5102008202205838
 102.73526745430426 0.5161245116887859
 104.34435907296347 0.5219309505603161
 105.97261887896666 0.527622275986773
 107.619010754079 0.5331997920744377
 109.28508887565272 0.5386647306976857
 110.96981712545302 0.5440186892532635
 112.6747496808321 0.5492637988791154
 114.39885042355516 0.5544026197281754
 116.1426374127396 0.5594381032914112
 117.90714676662023 0.5643734389351239
 119.69186042607966 0.5692120638015375
 121.49677839111786 0.5739575265850966
 123.32293677996967 0.578613532154033
 125.16981753351764 0.5831838475523341
 127.03845676999663 0.5876722908827381
 128.92833643028922 0.5920826781000055
 130.8399745735128 0.5964188282080061
 132.7733711996674 0.6006844354018639
 134.7295624269878 0.6048830710365121
 136.70751213723917 0.6090180474259023
 138.7087745077738 0.6130923687153597
 140.73334953859162 0.6171086355588293
 142.78071917057525 0.6210689933553395
 144.8514014628421 0.624975182376071
 146.94643253362696 0.6288285253868426
 149.06529432381245 0.632630021171406
 151.208504892516 0.6363803222300655
 153.37606423973753 0.6400798045286399
 155.56900848371188 0.6437285823641402
 157.7868195653217 0.6473265871618712
 160.03001554368432 0.650873675590434
 162.2985964187998 0.6543697147803885
 164.5935983089029 0.6578147539889869
 166.91502121399366 0.6612091212553011
 169.26234707495464 0.6645535173460154
 171.63713006913812 0.667848987980065
 174.03885213742663 0.6710967223721588
 176.46803133893752 0.6742978951662866
 178.92518573278834 0.6774535067279538
 181.41031531897903 0.6805643632844722
 183.92342009750953 0.6836311371235139
 186.4655361866147 0.6866544921542597
 189.03718164541197 0.6896352243133609
 191.6373203556665 0.692574368120008
 194.2675064947305 0.6954732162964512
 196.92774006260395 0.6983332610675143
 199.61802105928691 0.7011560414180813
 202.33886754389672 0.7039430298358151
 205.09079757555085 0.7066954030741167
 207.87432921336665 0.7094138417420415
 210.68894439822673 0.7120982164675781
 213.53567924836593 0.7147473803823429
 216.4150518229016 0.7173590298283966
 219.32706212183381 0.7199297244596924
 222.27171014516247 0.7224550857563098
 225.2505500702399 0.7249299787103186
 228.2625457788312 0.7273486368107009
 231.3087333891712 0.7297047719111079
 234.38911290125994 0.7319918468690468
 237.50472043333223 0.734203650304363
 240.65555598538801 0.7363347124191905
 243.84213761654473 0.7383804754786326
 247.06498338591975 0.7403373718537464
 250.32357523439574 0.7422028909295192
 253.61946733932487 0.7439756354251036
 256.9521416415897 0.7456552439148476
 260.3226342594251 0.7472423388267273
 263.7309451928311 0.7487387737009834
 267.177592500925 0.7501479856267189
 270.6630942428243 0.7514750504429666
 274.1879684776463 0.7527264168922378
 277.75221520539105 0.7539094897896523
 281.35687054429342 0.7550320239755157
 285.00193449435334 0.7561013741983272
 288.6874070555709 0.7571241160763786
 292.41484240529814 0.7581059453700195
 296.18372248441784 0.7590516264802807
 299.99508341116467 0.7599649512686704
 303.84892518553874 0.760848834981054
 307.7457658666574 0.7617051521066285
 311.68612351363805 0.7625343253430154
 315.6705161855981 0.7633357457454907
 319.69946194165493 0.7641089575457327
 323.77347884092603 0.764854692985754
 327.89308494252873 0.7655757371479992
 332.058280246463 0.7662775862487061
 336.26958281184636 0.7669683762506271
 340.52802875691355 0.7676578566213829
 344.834136140782 0.7683558016804812
 349.18738690433423 0.7690704621218568
 353.5893352249225 0.7698079499039024
 358.0404991616643 0.7705727417027253
 362.54036065544204 0.7713682613429541
 367.09047388360806 0.7721968511783757
 371.6908388461624 0.7730588169645975
 376.3419736022224 0.7739508517405823
 381.04439621090546 0.7748660247416863
 385.79862473132897 0.775795776598108
 390.60569528172783 0.7767312045248845
 395.46560786210193 0.777661637118349
 400.3788805315687 0.7785718883658717
 405.34654940836304 0.7794428033520173
 410.3686144924848 0.7802559851000582
 415.44559384305154 0.7809993018129756
 420.57852357829796 0.7816695100567986
 425.76792175734146 0.782270789772141
 431.0137883801821 0.782811342624097
 436.31715956505473 0.7833016653564647
 441.67855337107664 0.7837537308670489
 447.0984878573653 0.7841790284828244
 452.57799914215553 0.7845875069732592
 458.1165691663299 0.7849862305937417
 463.7157521072406 0.7853778241072522
 469.376066024005 0.7857610125317837
 475.09751091662326 0.7861331581120289
 480.8816409624475 0.7864914251579722
 486.72793810236026 0.7868322526522548
 492.6379565137138 0.7871523616374875
 498.6122142556256 0.7874538161501505
 504.65071132809555 0.7877493126979201
 510.75448384935845 0.7880589642992134
 516.9240498785318 0.7884011504612438
 523.1619997112026 0.7887843156201221
 529.4615985788446 0.7892015059703307
 535.8337257229232 0.7896314817607968
 542.2732005522645 0.7900480231437708
 548.7852036580423 0.7904293081389075
 555.3593738579088 0.7907624484061742
 562.011252925386 0.7910454275740458
 568.7304796781258 0.7912932433469727
 575.5222347073022 0.7915437776396949
 582.3865180129154 0.7918456036866995
 589.3233295949652 0.7922329389556786
 596.3326694534518 0.7927080958117718
 603.4197181795489 0.7932415097928132
 610.5844757732568 0.7937923454523143
 617.8165810522273 0.7943339337504196
 625.1315757899827 0.7948586311420117
 632.5242793953486 0.7953581599161802
 639.9946918683254 0.7958142377217334
 647.5376326177388 0.7962098925957909
 655.168643417111 0.7965279747843212
 662.8721824929199 0.7967263203635083
 670.6637916186875 0.7967484065700858
 678.5331096120659 0.7965732258133279
 686.485317064229 0.7962401793284951
 694.5204139751769 0.7958224598232503
 702.6384003449097 0.7953699493759315
 710.8444567646011 0.7949024426805338
 719.1334026430774 0.7944486167587844
 727.5104185715124 0.7940596225473296
 735.9755045499063 0.7937749455363042
 744.523479987085 0.7936122603104555
 753.1647060653964 0.793562995029012
 761.8888216024927 0.7935843241496285
 770.7113683718959 0.793617695308585
 779.6168046000838 0.7936378768369563
 788.6206720605786 0.7936620665297391
 797.7126095710323 0.7937141035598075
 806.8977977226187 0.7937899163518931
 816.1814171065121 0.7938450234190134
 825.5531065403643 0.7938156538771802
 835.0232272065234 0.7937008371610527
 844.5917791049895 0.793593039449983
 854.2535816445884 0.7935864792146237
 864.0189960076683 0.7936896091359875
 873.8776610118808 0.7937995059746512
 883.8399378395745 0.7937559556934458
 893.9006458995751 0.7934677887465995
 904.0597851918825 0.7929811618621673
 914.327716898845 0.7924845937241771
 924.6940798381144 0.7921415680205729
 935.1640546008647 0.7919859200234226
 945.7376411870958 0.7919786001999746
 956.4200201879822 0.7920293506429
 967.2060110123494 0.7921213854120013
 978.1007942513717 0.7922672188574373
 989.1043699050489 0.792372953937105
 1000.2167379733811 0.7923803600485435
 1011.4378984563683 0.7923718853353116
 1022.7678513540104 0.7924968490744225
 1034.2065966663078 0.7927914335149716
 1045.7644955756081 0.7932010309304802
 1057.4311868995632 0.7936604662300434
 1069.2118512293477 0.7941625590717574
 1081.1064885649611 0.7947165909022234
 1093.1150989064035 0.7952751280785487
 1105.2428628448492 0.7958618467778059
 1117.489780380298 0.7965182548710048
 1129.8506709215755 0.7971642789732122
 1142.3307150598564 0.7977211391459298
 1154.9350933863142 0.7981832400202236
 1167.6534447186013 0.7984492152802086
 1180.5013108302393 0.7985028354089723
 1193.4631499477068 0.7983913651290933
 1206.5545038445252 0.7982057532930414
 1219.7650113383467 0.7980727808185274
 1233.0998530203455 0.7980934011700964
 1246.5642094816953 0.79809907351163
 1260.1529001312221 0.7978003226064125
 1273.8711055601004 0.7973598062232822
 1287.7136451771557 0.7970913586760865
 1301.6908801647364 0.7970191995605184
 1315.7924493404941 0.7967585813816028
 1330.028713886777 0.7961266968616769
 1344.3944932124113 0.795217821883873
 1358.8897873173964 0.7941510050443803
 1373.519776792907 0.7932147971461382
 1388.2896422301171 0.7927198665180292
 1403.189022446678 0.7926165522470526
 1418.2230980337642 0.7927740645050845
 1433.391868991376 0.7931885063731638
 1448.7005159106868 0.7937110087907563
 1464.1490387916967 0.7939697341815373
 1479.7322570432322 0.7940205210125304
 1495.4605318476408 0.7943308413962705
 1511.3235020225747 0.7950480612534913
 1527.3315287503821 0.7956827884407883
 1543.4794314398886 0.7961384644105332
 1559.7672100910942 0.7964643116695194
 1576.2052258863477 0.7965150131193427
 1592.7831176433 0.7965242173440761
 1609.5060659531261 0.7964944361087591
 1626.3740708158252 0.796140007078539
 1643.3871322313975 0.7955602061422291
 1660.5504307910175 0.7951512019314404
 1677.8587859035108 0.7954799091616466
 1695.3173781600512 0.7966107918446582
 1712.9262075606395 0.7984532839006563
 1730.6800935141006 0.8008441155893551
 1748.5893972027836 0.8032097691031352
 1766.6489380355135 0.8046118099724322
 1784.858716012291 0.8049535521120987
 1803.2239117242902 0.8045261485582954
 1821.7393445803363 0.8032896795532877
 1840.4050145804301 0.8017486515373804
 1859.2312829069192 0.8002671990360649
 1878.2129689686298 0.7982800945730416
 1897.3448921743877 0.796184769474367
 1916.6374137065413 0.7944141196727309
 1936.0853529739163 0.7930191200562472
 1955.6887099765124 0.7921656975751049
 1975.4526653055042 0.7916633866530853
 1995.3720383697175 0.7915107162316688
 2015.4520097603265 0.7913913701640289
 2035.6873988861564 0.7908259556801874
 2056.0885669295562 0.7893543681241554
 2076.645152708177 0.7874727077865221
 2097.367517404368 0.7855043861229362
 2118.2504804269542 0.783257424346557
 2139.2888611847615 0.7798463450534835
 2160.4930208601385 0.7736198619613802
 2181.8629594530852 0.7646481513882669
 2203.3934963724273 0.7547275500053409
 2225.0846316181646 0.7439500893526907
 2246.941545781472 0.7312186101046086
 2268.9642388623483 0.7158998732877436
 2291.1475302696203 0.6991243607950681
 2313.496600594462 0.6772153641373578
 2336.011449836873 0.653519072646292
 2358.6868974056797 0.6185234080111714
 2381.5333044832295 0.5545386145476628
 2404.5403098871756 0.4635766298801042
 2427.7182747998645 0.3768214954410598
 2451.0568380389495 0.3021066775698545
 2474.561180195604 0.24465901335892675
 2498.2364818610012 0.2025973187480509
 2522.072381852795 0.17154874437141068
 2546.0792413533313 0.14778613718357841
 2570.251879771438 0.12890177842925037
 2594.5902971071136 0.11345167456449125
 2619.094493360359 0.10054307249706664
 2643.7644685311743 0.0895883272183193
 2668.6002226195587 0.08017868847559897
 2693.606936216687 0.07201765878166828
 2718.7742481402106 0.06488316763145838
 2744.1125195724775 0.058604610724914733
 2769.61138933114 0.05304818359127156
 2795.2812185985462 0.04810712382602291
 2821.1116461923475 0.043695001438566784
 2847.113033294893 0.0397409657885707
 2873.2750187238334 0.03618630011443379
 2899.607963661518 0.032981875219563305
 2926.1015069255972 0.03008622867336659
 2952.7608291072465 0.027464093123357905
 2979.580749615291 0.025085258534343925
 3006.5716296320797 0.022923678346095422
 3033.7179273840897 0.02095675928165164
 3061.035184644843 0.019164794866928944
 3088.507859640817 0.017530507097480722
 3116.1463135543617 0.016038675400812146
 3143.9505463854757 0.014675830793380088
 3171.910196951811 0.01343000684991594
 3200.0304458445416 0.01229053013719056
 3228.3112930636675 0.011247848311106142
 3256.7527386091892 0.010293385636295732
 3285.354782481106 9.41941891980196E-3
 3314.1122440882445 8.618976523554759E-3
 3343.0303040217786 7.88574861603352E-3
 3372.09860109936 7.21401276140829E-3
 3401.3274965033374 6.5985694322860605E-3
 3430.7118096425356 6.034685777157146E-3
 3460.251540516955 5.51804738586734E-3
 3489.941508535422 5.04471631648529E-3
 3519.7868942891104 4.611093569595901E-3
 3549.782517186847 4.213887063500015E-3
 3579.92837722863 3.8500827667510657E-3
 3610.224474414461 3.5169190143180635E-3
 3640.670808744339 3.211863688466155E-3
 3671.2673802182644 2.9325945797651613E-3
 3702.0090082450633 2.676980314630269E-3
 3732.8905122335613 2.4430644205904656E-3
 3763.922253366107 2.229050447729503E-3
 3795.0990510515257 2.0332884975581065E-3
 3826.4157246986433 1.85426314827695E-3
 3857.872274307461 1.6905822505199135E-3
 3889.4686998779775 1.5409670324218734E-3
 3921.2101820013676 1.4042426661335636E-3
 3953.0811789041085 1.279330082615759E-3
 3985.092051768549 1.165238115428001E-3
 4017.237620003515 1.0610563869252423E-3
 4049.512703017832 9.659490786967004E-4
 4081.9224814026742 8.791486580905433E-4
 4114.4617745668674 7.99950624626484E-4
 4147.135763101585 7.27708374460659E-4
 4179.928905233308 6.618286059904154E-4
 4212.85156214438 6.017670309773189E-4
 4245.898553243631 5.470244405819046E-4
 4279.069878531058 4.971431243922763E-4
 4312.360357415488 4.517034695901886E-4
 4345.769989896921 4.103209595997851E-4
 4379.298775975358 3.726432880416888E-4
 4412.941535059623 3.383477742656125E-4
 4446.698267149718 3.071389430567738E-4
 4480.568972245641 2.787463315723313E-4
 4514.553650347394 2.5292241863835655E-4
 4548.641940272628 2.2944076565616062E-4
 4582.84420320369 2.0809427550494397E-4
 4617.1448973670594 1.8869359935374144E-4
 4651.554383945085 1.7106566532788182E-4
 4686.062301755415 1.5505233244825407E-4
 4720.668650798054 1.405091387927115E-4
 4755.373431072999 1.2730416541558507E-4
 4790.171461989077 1.1531698492743382E-4
 4825.067924137463 1.0443767512198946E-4
 4860.052456335807 9.456596005350829E-5
 4895.130239175282 8.561036191479403E-5
 4930.290911473544 7.748747882866548E-5
 4965.539653821765 7.012127315403166E-5
 5000.871285628769 6.34424489823914E-5
 5036.280626303385 5.738786975653339E-5
 5071.772856436785 5.190002464611302E-5
 5107.337614846622 4.6926540533227584E-5
 5142.980082124071 4.2419732464767375E-5
 5178.695077677956 3.833619474585097E-5
 5214.472240325928 3.463642376423679E-5
 5250.321931250338 3.1284468141374204E-5
 5286.223428086488 2.8247623321580225E-5
 5322.228536746119 2.5496130817118017E-5
 5358.285451317492 2.300291960859545E-5
 5394.342365888863 2.0743362162603903E-5
 5430.502892283716 1.869505062961128E-5
 5466.715224590308 1.6837595315955516E-5
 5502.979362808643 1.5152436471496507E-5
 5539.295306938717 1.3622674937581535E-5
 5575.61125106879 1.2232915202646592E-5
 5612.0308070223454 1.0969120617074438E-5
 5648.4503629759 9.818484692974404E-6
 5684.973530752936 8.769307095671804E-6
 5721.444892618232 7.810884074189576E-6
 5758.019866307008 6.933405893957866E-6
 5794.594839995785 6.127861912518988E-6
 5831.221619596303 5.385953211068541E-6
 5867.848399196819 4.700011295594904E-6
 5904.4751787973355 4.062921947644501E-6
 5941.1537643095934 3.468053929975413E-6
 5977.884155733591 2.909191468093997E-6
 6014.614547157589 2.3804693810164134E-6
 6051.293132669846 1.876309886241553E-6
 6088.075330005585 1.3913588589373876E-6
 6124.805721429583 9.204183649068196E-7
 6161.587918765321 4.583734495621469E-7
 6198.318310189319 3.0216017490256565E-16
