 0.0E+0 0.0E+0
 0.24447015851418352 3.044639277010741E-3
 0.7362845932464062 0.011037619195276514
 1.2338854863159065 0.023066373329095814
 1.7373431185931778 0.03833422284337823
 2.246712974975978 0.05616005527610971
 2.762081365305263 0.07597448384469564
 3.2835099394674323 0.0973118665435082
 3.8110665123375206 0.11979736084704762
 4.344825063779207 0.14313188369493201
 4.884859573656168 0.16707780603758201
 5.43125018682072 0.19144660462863816
 5.984052388170622 0.21608843126846946
 6.54333399258091 0.24088312337409653
 7.109218299824381 0.26573266423329716
 7.68176079479879 0.29055546611462945
 8.261023127390537 0.31528249494452464
 8.847066947486018 0.3398548289742559
 9.440077204744426 0.3642219927455674
 10.039992249279367 0.38834059617267435
 10.646935380863631 0.4121729027300386
 11.261029899270016 0.4356856129034615
 11.882337454384919 0.45884877105742505
 12.510981345981135 0.48163508632667623
 13.146961574058663 0.5040195354484998
 13.7904014383903 0.5259793734472831
 14.44142423874884 0.5474944049666147
 15.100091625020681 0.5685472281821725
 15.76646524709222 0.5891232694403129
 16.440668404736257 0.6092105567299223
 17.12282439772558 0.6287994330090819
 17.812933226060192 0.6478822701319156
 18.511179839399286 0.6664533753483519
 19.21756423774286 0.6845089690101581
 19.93233302063651 0.7020472243674656
 20.65542453819383 0.71906819452869
 21.386962090187623 0.7355735484860497
 22.127130626277075 0.7515661593462698
 22.87599179634859 0.767049627420753
 23.633607250288562 0.7820281801694362
 24.40016193775618 0.7965068499614486
 25.17565585875146 0.8104915732981788
 25.960212313047176 0.8239893590895451
 26.754016250302534 0.8370076389047629
 27.557129320403927 0.8495546240629076
 28.369613173237752 0.8616397042294793
 29.191652758463202 0.8732733111865922
 30.023309725966683 0.8844663659802776
 30.864707375520975 0.8952297724887462
 31.715969006898884 0.9055743074433641
 32.577217919873206 0.9155110011650762
 33.44851576433033 0.9250518766136302
 34.330047489929455 0.9342100749839548
 35.22187474655698 0.9429993196910316
 36.12418248387209 0.9514330403041585
 37.03703235176119 0.9595235112739429
 37.96054764999708 0.9672817936940817
 38.894851678352544 0.9747175203757659
 39.84012938648677 0.9818385624045325
 40.796504074172574 0.9886509711299394
 41.764037391296334 0.995160043822144
 42.742852637630853 1.0013722277590666
 43.733134762835334 1.0072960719590864
 44.735007066682555 1.012941953568025
 45.74859284894531 1.0183212977000675
 46.77401540939641 1.0234466656306562
 47.811459697695035 1.0283322749170338
 48.860987363727595 1.0329935337028852
 49.92278335715328 1.0374444507064015
 50.99703262763126 1.0416951953379676
 52.08379682504796 1.0457530486929802
 53.18326089906256 1.0496250702014826
 54.29554814944787 1.053320447012582
 55.42084352586306 1.0568508347774112
 56.55927032808094 1.0602291327888726
 57.711013505760703 1.0634666435048334
 58.87613470878874 1.0665712262892435
 60.054880536710633 1.0695471106312326
 61.24743593918559 1.0723959751745733
 62.45380091621362 1.075118334087164
 63.674468666885886 1.0777145418106168
 64.9093158914296 1.080186110806145
 66.15834258984475 1.082535207238608
 67.42216526099533 1.084763308936646
 68.70016740601734 1.0868704791756096
 69.99358202263876 1.0888569307237068
 71.30179261199561 1.0907268781840462
 72.62541567295185 1.0924899149913951
 73.96445120550747 1.0941571355520913
 75.31951570852648 1.0957379997916216
 76.6899926831449 1.0972386539727245
 78.07588212936268 1.0986623364701042
 79.47841704490784 1.100011606467233
 80.89759742978033 1.1012897477361034
 82.33280678511622 1.1025008469034995
 83.78466160977945 1.103647484834035
 85.25377840263398 1.104728468976836
 86.73954066481588 1.1057387719008713
 88.24318139405308 1.1066733181169683
 89.7640840914816 1.1075302949571
 91.30224875710145 1.1083092413872295
 92.8582918897766 1.1090086937228793
 94.43282998837103 1.1096266682602877
 96.02524655402075 1.110162501188078
 97.63677458445372 1.110618390223341
 99.26679758080598 1.1109973111729698
 100.91531554307751 1.1113005147193664
 102.5829449701323 1.1115298736486598
 104.27030236083431 1.1116907322297326
 105.97738771518354 1.1117892702457918
 107.70358453431605 1.1118289918287873
 109.45074231482373 1.1118141895817048
 111.21701156011464 1.1117524226828192
 113.00485826564471 1.111649940632652
 114.81243293482203 1.111508250094649
 116.6415850642385 1.1113273627065418
 118.49169815503015 1.111109896667922
 120.36338870606096 1.1108613994738514
 122.25665671733091 1.1105875006025962
 124.17150218884004 1.1102895675489226
 126.10915811831626 1.109964674229084
 128.06839150803165 1.109613223773064
 130.0510518545781 1.109243489886566
 132.0559061602277 1.1088657047141547
 134.08480392157235 1.108485974995385
 136.13651214088412 1.1081060350134606
 138.21164731702697 1.1077255638978023
 140.31144244772883 1.1073419949811773
 142.43528103412577 1.106949923594142
 144.5831630762178 1.1065417705382445
 146.75632157173282 1.1061106139004726
 148.95414002180686 1.1056543921569834
 151.1778514241679 1.1051737706220077
 153.42683927995196 1.1046690925796003
 155.70172008802296 1.1041423088295805
 158.002493848381 1.1035934681801857
 160.33039355875396 1.1030209275977806
 162.6841862214139 1.102424354810448
 165.06572133295276 1.1018051077504966
 167.47499889337055 1.1011650566740338
 169.9114024038033 1.1005069356215422
 172.37554836311491 1.0998364446088213
 174.8686697690334 1.0991620168543811
 177.39015012269481 1.098493642029088
 179.94060592296307 1.0978370740823584
 182.52003716983821 1.097190715545939
 185.12967686104812 1.0965508323834658
 187.76890849772894 1.0959167066914801
 190.43834857874452 1.095291321173443
 193.13799710409497 1.0946767728688737
 195.86908707150814 1.0940713485419726
 198.63161848098411 1.093467944065037
 201.42497483365886 1.0928540496730898
 204.25100562612436 1.0922124659569163
 207.10909435951663 1.0915276057458012
 209.99985753269953 1.0907893200874918
 212.9239116445372 1.0899879686980127
 215.88125669502954 1.0891143350192171
 218.8718926841766 1.0881632126778097
 221.8970526097063 1.0871345616556282
 224.95735297048261 1.0860362836271508
 228.05156076877761 1.084878316799002
 231.1815255011832 1.083662272587878
 234.3472471676994 1.0823864511771454
 237.5487257683262 1.0810652620319762
 240.78657780192756 1.0797295991554605
 244.0614197673675 1.0784079821292926
 247.37386816350993 1.077115659515206
 250.72330649149097 1.075854442672815
 254.1109677490385 1.0746109168015278
 257.5374684350165 1.073364019908898
 261.00280854942496 1.0720902449102582
 264.5069880922639 1.0707708643980695
 268.0518565601253 1.0693964648538307
 271.63618095528113 1.0679595445336016
 275.2611942754594 1.0664612384769893
 278.92689652066 1.0649114607774452
 282.634520688611 1.063320425334042
 286.38406677931243 1.0616915431612805
 290.1761512916281 1.0600183290271514
 294.0113907244221 1.058283763080477
 297.8891685788305 1.056474403021057
 301.81133435144505 1.054580264733369
 305.777271543402 1.0525785063290391
 309.78821315242913 1.0504401372832932
 313.8441591785265 1.0481472363957142
 317.9457261205581 1.045699579715057
 322.0935304773879 1.0431132456561522
 326.2881887478799 1.0404206859263862
 330.529700932034 1.037654078267653
 334.8193000275782 1.0348373992807307
 339.1569860345126 1.0319869895589064
 343.54275895283706 1.0290861452004931
 347.97846827914366 1.0260864955128905
 352.46349751456824 1.0229503947696996
 356.9990796568389 1.0196632307460251
 361.5852147059555 1.0162055658758837
 366.22251916078215 1.0125571494133844
 370.91160952018276 1.0087254776706522
 375.6531022830214 1.0047672564917831
 380.44761394816185 1.0007529487505506
 385.29576101446826 0.9966928650579617
 390.1981599808046 0.9925691474592969
 395.1548108471707 0.9883850723555504
 400.16633011243067 0.9841369825426503
 405.2339507743125 0.9798012673660358
 410.35828933168016 0.9753276556389436
 415.5387292856696 0.9706649328171404
 420.7771201328727 0.9658461249991132
 426.07407837215356 0.960969365126405
 431.42898750464814 0.9561235799440122
 436.8436970269484 0.9513467664316022
 442.3182069390543 0.9465968801134735
 447.85313373982984 0.9418173819659875
 453.449093928139 0.9369551574382242
 459.10670400284573 0.9319847428257704
 464.82719696167805 0.9269189275068654
 470.61057280463586 0.9217652263113478
 476.45744803058323 0.9165070744395413
 482.36905563724803 0.9111344444606142
 488.34539562463027 0.9056450048423423
 494.38708449159406 0.9000390190432934
 500.4953552358672 0.894355501050751
 506.67082435631363 0.8886131825848571
 512.9134918529336 0.8827546528167886
 519.2245907234548 0.876669105603935
 525.6047374667412 0.8702644396552084
 532.054548581657 0.8635028755893931
 538.57525706593 0.8563659015499284
 545.1662464206962 0.8487988199509842
 551.8293661425477 0.8408649654380732
 558.5652327303482 0.8327650102844678
 565.3738461840979 0.8246655379407563
 572.2570560003887 0.8165930603835642
 579.2142456803567 0.8084895175414901
 586.2472647205936 0.8002921273168997
 593.3567296199636 0.7919869130425768
 600.5426403784667 0.7835586979220811
 607.8062299938306 0.7749455280190678
 615.1481149649195 0.7661061614528604
 622.5713777860532 0.7571069371339165
 630.0680039719999 0.7479804755083292
 637.6509399989034 0.7387593238645141
 645.3140208781238 0.7294159980165883
 653.0634115983007 0.7198965839133807
 660.8867821821548 0.7101247195452824
 668.8026275956051 0.7000016831447888
 676.7986178613725 0.6894468133766511
 684.8809179680964 0.6785164289111177
 693.0495279157769 0.6673871348168067
 701.3044477044141 0.656145020216711
 709.6456773340079 0.6449126907573244
 718.0793817931981 0.6338030272594779
 726.6055610819848 0.6227115557781482
 735.2118852230881 0.6115846798322221
 743.9168491824277 0.6004578276723773
 752.7142879713637 0.5893163947413428
 761.604201589896 0.578030298573886
 770.580425049385 0.5665372082164989
 779.6614533157498 0.554864991320996
 788.8287914230714 0.5431846678771778
 798.1009343372687 0.5317534476024097
 807.4655520810626 0.5205230771018401
 816.9288096430923 0.5092377292184734
 826.4907070233584 0.4978505565727021
 836.1512442218607 0.48626677228865256
 845.9165862272388 0.4745448359421646
 855.780568050853 0.46288688450035775
 865.7493546813432 0.45135280321843757
 875.8229461187092 0.43987121502516424
 885.9951773743115 0.42852445569435604
 896.2783784254294 0.41737634661504013
 906.6602192947834 0.4064766163140506
 917.1591949482928 0.3957897193720007
 927.7568104200384 0.3852439403287893
 938.4715606759393 0.3747608282003935
 949.2911157387161 0.36421551559521964
 960.2216405970087 0.35364429808065667
 971.2693002394566 0.34301293141238936
 982.4217646887805 0.332381308495067
 993.6913639222597 0.32201907916805982
 1005.0780979398945 0.312035904478931
 1016.575801753045 0.3024473392822589
 1028.1968053389905 0.29325817701267142
 1039.9287787204516 0.2845462469430394
 1051.784051874708 0.27640076762238796
 1063.7564598131198 0.2689007792764461
 1075.846002535687 0.2621631726821998
 1088.0650100196892 0.25615639315446525
 1100.4011522878467 0.250643515691556
 1112.8605943287993 0.24551243785236748
 1125.4433361425474 0.24088070999666913
 1138.1555427177302 0.23679269386853862
 1150.9910490657082 0.23318407870485644
 1163.9560201751212 0.22995700856148798
 1177.0504560459692 0.226985401378621
 1190.274356678252 0.2242820763157604
 1203.6277220719698 0.22191901015643347
 1217.1105522271225 0.21985883700106143
 1230.7228471437101 0.21804544148435703
 1244.4769367990124 0.21646893154196863
 1258.3604912157493 0.2151220684498431
 1272.3796753825611 0.21402054032219541
 1286.5344892994476 0.2131548434188222
 1300.8249329664085 0.21245993286899095
 1315.2571713720842 0.21188558783248423
 1329.8312045164743 0.2114060443124052
 1344.5408674109391 0.2109673195636027
 1359.3923250441182 0.21054990227280967
 1374.3917424046517 0.21021961188026047
 1389.52678951526 0.21004939551632828
 1404.8159613418617 0.21007991755056501
 1420.2407629185386 0.21032536140724325
 1435.8196892112093 0.2107796667214552
 1451.5404102425945 0.21138571754502227
 1467.4090910013342 0.21207466136003624
 1483.4318964760675 0.21280926438467517
 1499.602661678155 0.2135590419336973
 1515.9275515962367 0.2142898990331619
 1532.4004012416726 0.21499677087686683
 1549.0335405917421 0.21572074005759875
 1565.814639669166 0.21646112633934663
 1582.7560284512233 0.21713649845098917
 1599.8515419492748 0.217653956639668
 1617.1011801633201 0.2179534376385727
 1634.511108081999 0.2180060716868681
 1652.087490693952 0.21782880663362966
 1669.8179980218985 0.21752126169988497
 1687.7087950544787 0.21718548583145463
 1705.759881791693 0.21685599851210801
 1723.9774232221805 0.21655509141272152
 1742.3614193459413 0.21630069634557022
 1760.9057051743363 0.21602352872366867
 1779.6226106846443 0.2156391115429477
 1798.4998058995861 0.21519191964988332
 1817.5496207964413 0.21480772566427716
 1836.7658903865697 0.21466612344327956
 1856.1486146699717 0.21486060543728247
 1875.7101236239268 0.21527832662261653
 1895.4380872711551 0.21572369012236025
 1915.338670600297 0.21603000697601704
 1935.411873611352 0.21611171931471084
 1955.6576963043203 0.21597952682224222
 1976.0823036678416 0.21568818101203732
 1996.6795307132758 0.21532184496615966
 2017.4555424292634 0.21495584024499767
 2038.4103388158041 0.21460346655729131
 2059.5377548842575 0.21429349589367402
 2080.8501206119044 0.2141495826442985
 2102.341271010104 0.21432500175605043
 2124.0112060788565 0.21477090467201695
 2145.866090806802 0.21521222251338162
 2167.8997602053 0.2153852342475879
 2190.1122142743515 0.2151691992433638
 2212.515782991235 0.21450620830820982
 2235.104301367312 0.21351091522708823
 2257.8716044139414 0.21246795192987036
 2280.8300221084036 0.21162085482104744
 2303.973389462059 0.21104970172842305
 2327.301706474906 0.21067730506087165
 2350.8211381355863 0.21024782145998804
 2374.5255194554592 0.20964110868897373
 2398.421015423165 0.2089184076337922
 2422.5014610500634 0.20803618666094675
 2446.779186313434 0.20705485587554733
 2471.2418612359974 0.20592738250685155
 2495.901815795033 0.20463243492837687
 2520.752885001901 0.2032299860840859
 2545.788903867962 0.20197361667174745
 2571.0222023704955 0.20105735686128331
 2596.452780509501 0.20018067221720312
 2622.0744732963385 0.19897655431577865
 2647.887280731009 0.19743622551014794
 2673.897367802152 0.19574105287000198
 2700.1047345097672 0.19413917070829223
 2726.5032158652147 0.19283651194719633
 2753.098976857135 0.19199222228358456
 2779.892017485527 0.19143877806157533
 2806.8761727617516 0.19068948353281903
 2834.0637726630884 0.18953848068630232
 2861.4424872122576 0.18800221334055078
 2889.024646386539 0.18612378951931718
 2916.797920208653 0.1839279056842445
 2944.768473667239 0.18128162466790948
 2972.9424717509373 0.17812471857412767
 3001.307584482468 0.17459616972208585
 3029.876141839111 0.1707323567300153
 3058.641978832226 0.1666008053421439
 3087.605095461813 0.16232524536806841
 3116.765491727873 0.1580405463930467
 3146.123167630405 0.15354449028343516
 3175.678123169409 0.14835265384283993
 3205.436523333525 0.14267878631469907
 3235.3860381454742 0.13691906585051363
 3265.538997582535 0.13134931518295903
 3295.8830716674283 0.12592284760741326
 3326.430590377434 0.12040495075266333
 3357.1692237352713 0.11485663779026524
 3388.111301718221 0.10917502195596415
 3419.2444943490036 0.10314934788993359
 3450.5811316048984 0.09662205212734411
 3482.1088835086252 0.08980922289088221
 3513.8339150488245 0.08311685526359433
 3545.7500612368562 0.07696722503292891
 3577.8696520500006 0.07155176302814964
 3610.1741925223373 0.06669359389606663
 3642.6821776197857 0.06211071061670054
 3675.375112376427 0.057668834724600055
 3708.2653267695413 0.05340846953643924
 3741.3528207991275 0.049344776254952364
 3774.625264487906 0.045379837366344336
 3808.0888228245175 0.04142135777394359
 3841.743495808961 0.03751329930886861
 3875.5892834412375 0.033822610318128373
 3909.6261857213467 0.030449609584035974
 3943.848037660648 0.02731171398549534
 3978.2610042477822 0.024220301696897282
 4012.8527555054697 0.02106884841918002
 4047.6356214109896 0.017954110526813588
 4082.603436975702 0.01514992080623046
 4117.756202199607 0.012877758068606764
 4153.087752094065 0.0111275677398517
 4188.604251647716 9.758995574436763E-3
 4224.299535871921 8.646491824122391E-3
 4260.173604766677 7.712210714963557E-3
 4296.2264583319874 6.910164328044875E-3
 4332.4580965678514 6.211491234159963E-3
 4368.868519474267 5.59669107277851E-3
 4405.451562062596 5.051758137895771E-3
 4442.201059344199 4.5661465929240745E-3
 4479.129341296355 4.131621585468212E-3
 4516.2302429304245 3.741568954580698E-3
 4553.4975992577665 3.390556874936071E-3
 4590.931410278383 3.074045205513123E-3
 4628.5316759922725 2.7881841594819857E-3
 4666.304561388075 2.529671053994888E-3
 4704.231571499871 2.295644898671623E-3
 4742.325036304942 2.0836074413745262E-3
 4780.578790814647 1.8913622244332586E-3
 4818.986670040344 1.7169671991983195E-3
 4857.554838970676 1.558697009050791E-3
 4896.277132617001 1.4150126289756792E-3
 4935.15971596796 1.2845365012654102E-3
 4974.184094057635 1.1660320041013004E-3
 5013.362596863303 1.0583864344006405E-3
 5052.689059396325 9.605964041675187E-4
 5092.163481656701 8.717555563916122E-4
 5131.779698655791 7.910440777340503E-4
 5171.537710393597 7.177194786787923E-4
 5211.437516870116 6.511085374995334E-4
 5251.472953096711 5.906004519037215E-4
 5291.64401907338 5.356405973516396E-4
 5331.950714800124 4.857250985260504E-4
 5372.393040276942 4.4039595336393076E-4
 5412.958665526556 3.992367202273982E-4
 5453.659920526245 3.618686502500167E-4
 5494.478310310088 3.279471684262383E-4
 5535.426164855367 2.9715877388963374E-4
 5576.4911541848005 2.692181856054246E-4
 5617.67327829839 2.4386579870534143E-4
 5658.972537196135 2.2086534770584522E-4
 5700.382765889395 2.0000183815973906E-4
 5741.910129366812 1.810796142095877E-4
 5783.542297651104 1.639206359358248E-4
 5825.285435730911 1.4836290696782972E-4
 5867.127213628954 1.3425903460791586E-4
 5909.073796333874 1.2147493527086371E-4
 5951.11901885703 1.0988864140238092E-4
 5993.256716209782 9.93892124627257E-5
 6035.49305338077 8.987576445863965E-5
 6077.815700392715 8.125654886362784E-5
 6120.230822234256 7.344814876728956E-5
 6162.732253916754 6.637472764498864E-5
 6205.307665462929 5.996733919575116E-5
 6247.969386850061 5.41633113343463E-5
 6290.69275812359 4.8905673513037686E-5
 6333.539429169914 4.4142641993111475E-5
 6376.447750102637 3.982714109563682E-5
 6419.3560710353594 3.59163773999801E-5
 6462.387691740876 3.237143960589265E-5
 6505.48096233279 2.9156939076780187E-5
 6548.635882811103 2.6240682309574047E-5
 6591.852453175813 2.3593370302636857E-5
 6635.069023540523 2.1188318223945852E-5
 6678.408893678028 1.9001209148033157E-5
 6721.748763815533 1.700986028269354E-5
 6765.211933725833 1.5194011101849018E-5
 6808.613453749736 1.3535130016033086E-5
 6852.138273546433 1.2016234257742808E-5
 6895.663093343132 1.0621724722476103E-5
 6939.249563026227 9.3372337319542E-6
 6982.836032709322 8.149481435279124E-6
 7026.422502392417 7.046144571754824E-6
 7070.0706219619114 6.015729510202052E-6
 7113.780391417801 5.0474540579505624E-6
 7157.490160873692 4.131131883690565E-6
 7201.138280443185 3.257058670774994E-6
 7244.909699785474 2.415895990959155E-6
 7288.619469241365 1.5985492947024045E-6
 7332.390888583653 7.960852104100505E-7
 7376.100658039543 6.414454501599996E-17
