 0.0E+0 0.0E+0
 0.2496483806672497 0.24964838066724964
 0.7518801375651156 0.7521136071865255
 1.2600209181347441 1.260701637376887
 1.7741424918944157 1.7754367025560526
 2.294301518990142 2.29631122596981
 2.8205861374268277 2.8232818438047386
 3.3530593029222637 3.356265044980597
 3.891790266766018 3.8951338116460965
 4.4368545758194395 4.439713020708578
 4.988327776943876 4.989776560855204
 5.5462917125724544 5.545042805561454
 6.110803042851185 6.105173660040273
 6.681931019069637 6.669770749038698
 7.25980155266339 7.2383742255243035
 7.844471303778455 7.810463485473332
 8.436003228132623 8.38545454698087
 9.034460281443684 8.962703385938811
 9.640031330865005 9.54150402993416
 10.252653420678799 10.121092608715122
 10.872452462320645 10.700647115928398
 11.499554367226121 11.279290030008998
 12.134022091113021 11.856089743756511
 12.775981545416922 12.430062708699511
 13.425432730137825 13.00017414988368
 14.082501556711307 13.56534283112604
 14.74731393657295 14.124442008065786
 15.419932825440547 14.676304431681233
 16.100421179031883 15.21972806659487
 16.78890490878254 15.75348347721741
 17.4855099261281 16.27632288173081
 18.19023623106856 16.786992780011967
 18.903272690757287 17.284246819819106
 19.62461930519429 17.76686247518156
 20.35452789725072 18.23365915436582
 21.09293551120879 18.68351606957886
 21.83996805850408 19.115393204086721
 22.595814406289964 19.528349420180557
 23.360537510284224 19.92156199671892
 24.134200326204652 20.294342592729446
 24.916991721204624 20.646153211010464
 25.708911695284136 20.976617158215724
 26.510086159878763 21.285527622311985
 27.320703982141886 21.572851961307826
 28.140828117791283 21.83873265630449
 28.97052152254475 22.08348397581792
 29.809973063555656 22.30758316005845
 30.65924569654179 22.511660175634233
 31.51846533293873 22.696482228475023
 32.387757884182065 22.862934464552562
 33.26724926170736 23.01200162365183
 34.15700242123243 23.144742783523682
 35.05720622991061 23.26227063102896
 35.96792364345971 23.36572620629113
 36.889343529033105 23.456256744264152
 37.82152884234858 23.534995184139315
 38.76460549484171 23.6030399170148
 39.71869939794808 23.661440251870295
 40.683999418821045 23.71118283459248
 41.66063146889621 23.753183785305537
 42.64865850389135 23.78828178875255
 43.64820643524204 23.817238094295486
 44.65946413010166 23.840738422016897
 45.68255749990579 23.859392009669075
 46.717612456089995 23.87374495538586
 47.76475491008988 23.884288080352117
 48.82417372905879 23.891457405329177
 49.89593186871454 23.89564844641746
 50.98021819621048 23.89723051081918
 52.07722157869998 23.896539548956983
 53.18700497190084 23.893899598117972
 54.30975724296642 23.88961086931814
 55.44560430333231 23.883971190946354
 56.59473502015188 23.877261713001722
 57.7572753048607 23.869754054974897
 58.93341402461214 23.861700775339652
 60.123214135124 23.853349667315526
 61.32692745926743 23.84491993259674
 62.544742864195804 23.836614094487725
 63.77666034990912 23.828608467394694
 65.02318356214971 23.821051965512097
 66.28418658948198 23.814068247186988
 67.55966943190592 23.807749520088563
 68.85026164659945 23.802160829936951
 70.15533367638467 23.797339822240516
 71.47614463561737 23.793299839711067
 72.81206496711967 23.790032066628306
 74.16372422806943 23.787508864517736
 75.53112241846667 23.78568829914221
 76.9148890954893 23.784516046603584
 78.3143947019594 23.783930873385116
 79.729639237877 23.78386630419041
 81.16188181759786 23.784254195884084
 82.61112244112202 23.785026643593475
 84.07673155127155 23.78611931638659
 85.55933870522438 23.78747098074667
 87.05957346015836 23.789026359724743
 88.57680625889564 23.79073541815148
 90.11229621579199 23.792554553950743
 91.66541377366953 23.794445883351468
 93.23615893252824 23.796377479150372
 94.82516124954604 23.798323370711944
 96.43305028190082 23.800261876129471
 98.05919647241467 23.802176317013174
 99.70485893544338 23.804053350651237
 101.3694081138091 23.80588344653521
 103.0528440075118 23.807659456783767
 104.75579617372937 23.809376854405385
 106.47889416963969 23.811032541984836
 108.22213799524282 23.812624851683132
 109.98489809336083 23.81415378350027
 111.76906313552739 23.815619813961681
 113.57274445020883 23.817023419592782
 115.39846026611676 23.818366506495266
 117.24432191171746 23.819650265982684
 119.11221805854464 23.820876365894015
 121.0015191494204 23.822046712330944
 122.91285474152264 23.823162734869747
 124.84622483485133 23.824225386561263
 126.8016294294065 23.825236096981758
 128.78032763954396 23.82619581918208
 130.7810603509079 23.827105029687643
 132.80571623503197 23.827965158074722
 134.85303617756045 23.82877525129247
 136.92490885002698 23.829535309340883
 139.0200751380758 23.830247714847075
 141.1391645988848 23.830912467811053
 143.28343634680976 23.831527185605697
 145.4522608246728 23.83209186823101
 147.6456380324739 23.8326088983141
 149.8648270845689 23.83307827585497
 152.10919842377984 23.833497618226505
 154.38001116446255 23.83387407331005
 156.67663574943915 23.83420049322426
 158.9997017358875 23.83448640847758
 161.34920912380763 23.834727053815797
 163.72641702755535 23.834929577120227
 166.13006633277481 23.83509397839089
 168.56204571099974 23.835225022882
 171.02235516223015 23.835322710593548
 173.51036512928811 23.835391806779767
 176.02670516935157 23.835437076694876
 178.57263439677626 23.835463285593103
 181.14752325438433 23.835470433474434
 183.7520012993537 23.835463285593103
 186.3860685316843 23.835448989830432
 189.05098406573196 23.835427546186434
 191.7461183443188 23.83540133728821
 194.4721009246227 23.835377511017103
 197.2289318066437 23.835358450000214
 200.0178701047375 23.83534415423755
 202.83891581890418 23.835341771610437
 205.69143939196584 23.835351302118883
 208.57732949545618 23.835372745762882
 211.4959565721973 23.83541325042377
 214.44795017936698 23.83546805084732
 217.43393987414333 23.835539529660653
 220.4539256565262 23.83562768686376
 223.50790752651562 23.835730139829532
 226.5971445984674 23.835846888557973
 229.72226642955945 23.835973167794858
 232.88201390543596 23.836106594913076
 236.07827569763063 23.836247169912624
 239.31105180614346 23.836390127539285
 242.58034223097445 23.83653546779306
 245.88677652930147 23.83668319067394
 249.23098425830247 23.836828530927714
 252.6135949751553 23.836971488554375
 256.0339791226821 23.83711682880815
 259.4933958152387 23.837259786434806
 262.99247461000294 23.83740512668858
 266.53121550697483 23.83755523219658
 270.10961850615433 23.837717250840125
 273.7295722790753 23.83789118261923
 277.3898177113817 23.83808655804233
 281.09161391742946 23.83830575973655
 284.8349608972186 23.83854878770187
 288.62111776510494 23.838818024565416
 292.4500845210884 23.839111087700072
 296.32249072234685 23.839425594478726
 300.2389659260583 23.839754397020048
 304.1988805750448 23.840092730069812
 308.20412334084005 23.840438211000908
 312.2540646662661 23.840778926677785
 316.3499636656789 23.84111249447333
 320.4918203390783 23.841434149133316
 324.6802642436422 23.841739125403528
 328.91592493654866 23.84202980591107
 333.19943197497536 23.842306190655946
 337.53078535892245 23.84257066226527
 341.91124420274564 23.84282322073904
 346.340808506445 23.843063866077255
 350.8194782700205 23.84329498090702
 355.3491421650059 23.843511799974123
 359.92917063422316 23.84371432327856
 364.5608227920282 23.843895402939
 369.244098638421 23.844047891074104
 373.9796277305794 23.844164639802542
 378.76803962568135 23.8442408838701
 383.6099638809048 23.844259944886985
 388.50603005342753 23.844217057598985
 393.4568677004275 23.844100308870544
 398.4631063790826 23.843897785566113
 403.52474608939286 23.843604722431454
 408.6424163885361 23.843213971585246
 413.8173763908682 23.8427279156546
 419.0502556535671 23.842146554639512
 424.34042461945483 23.841481801675534
 429.689771960065 23.840733656762676
 435.0989272325757 23.839914033036482
 440.5672608798088 23.839025313124071
 446.09666157329826 23.838067497025445
 451.6871293130439 23.837038202113486
 457.33929365622373 23.835937428388191
 463.0537841600155 23.83476755847668
 468.8312303815972 23.83352144449762
 474.6728914353247 23.832199086451005
 480.57876732119785 23.830795719082612
 486.5494875963947 23.829304194511113
 492.58631137527095 23.827712599600953
 498.6892386578266 23.82601712214875
 504.8588990012396 23.824207516857931
 511.0965515198657 23.82229188466067
 517.4028257708828 23.820277135175594
 523.777721754291 23.818178278953496
 530.222498584446 23.816005084765535
 536.7377858185256 23.813761603077796
 543.3242130137079 23.811458079186863
 549.9830392843487 23.809092845253754
 556.71363507327 23.806680673566557
 563.5178890520054 23.804213224930386
 570.396430777733 23.801685972353727
 577.3492602504527 23.799097962785737
 584.3782661416982 23.79644729012473
 591.4828188942917 23.79377350598074
 598.6648071797666 23.791137367345108
 605.9248605553013 23.788614403497252
 613.2629790208954 23.786316359648672
 620.6804216909046 23.78434378266346
 628.1778181225072 23.782768866143072
 635.7583161015925 23.781645933985647
 643.4137313848478 23.780974509665764
 651.157284673009 23.78073219648857
 658.9826803942972 23.780885875937233
 666.8962141204911 23.781375505808547
 674.8852947080331 23.78213699343323
 682.9688088722598 23.783099336523374
 691.1341654696137 23.784203445926618
 699.3876600718733 23.785370456685598
 707.7292926790387 23.786504825453153
 716.1590632911101 23.787536502992224
 724.6769719080875 23.788423555065655
 733.2893141017497 23.789155736376873
 741.9960898720968 23.789746151374984
 750.7847080755708 23.7902379256107
 759.6740554275087 23.790680855990636
 768.6578363561315 23.79112259505702
 777.7360508614391 23.791603409208025
 786.9024033716528 23.79217571624009
 796.1757806021092 23.792830938695622
 805.5372958374717 23.793531669328974
 815.0058357930768 23.794230732123345
 824.568809325367 23.794840208138342
 834.2325120061209 23.795240012967575
 843.9969438353388 23.79532388144188
 853.8621048130207 23.79502057301065
 863.8342905109454 23.794349386953474
 873.9072053573339 23.79340539009209
 884.0871449239653 23.792305807680353
 894.3741092108396 23.79113998823493
 904.7618026461779 23.7899739305268
 915.2628163735379 23.788843850488042
 925.8645592493618 23.78776857087284
 936.5859179889868 23.786739275960876
 947.4080058770754 23.785707360159094
 958.349709628965 23.78460372728127
 969.3984381010974 23.78339740317496
 980.5604868652517 23.782141996950162
 991.8421514932069 23.780933290216744
 1003.2308408414049 23.779837758271096
 1014.7391460534038 23.778880895223313
 1026.3670671292036 23.77810010831903
 1038.1083084970252 23.777591417430826
 1049.9754613004267 23.77748396094812
 1061.9559343958501 23.777912833828104
 1074.0623189268535 23.77892378251131
 1086.2883193216575 23.780472728396183
 1098.6339355802624 23.78251487809304
 1111.1117588462263 23.78500543821219
 1123.7091979759911 23.78787531256741
 1136.4325485413355 23.791043253574223
 1149.28181054226 23.79443325542778
 1162.2632795505433 23.798062234780577
 1175.3706599944064 23.80194853786136
 1188.6102474456281 23.805936102594362
 1201.9820419042091 23.809886260081725
 1215.4860433701487 23.81379448333193
 1229.1222518434472 23.81771890844649
 1242.8906673241044 23.821700278349002
 1256.7912898121207 23.82559682672637
 1270.836710451054 23.829242246206227
 1285.0143380973456 23.832523123738102
 1299.3304683227754 23.835341771610437
 1313.785101127343 23.837574293213467
 1328.3782365110484 23.838999104225852
 1343.1161700456707 23.83965194405427
 1357.9989017312097 23.83983302371471
 1373.0201359958866 23.839914033036482
 1388.1861684114805 23.840635969051124
 1403.50329454977 23.84182489997952
 1418.9589232671976 23.843128197009253
 1434.5719412790997 23.844674522004304
 1450.32346187014 23.846499614371346
 1466.2323717556548 23.848903685126362
 1482.2860797920864 23.85172471562581
 1498.4908815512142 23.854350370702153
 1514.8530726048165 23.85636607323808
 1531.3663573811147 23.857657457132248
 1548.0370314518877 23.858438958824663
 1564.8587992453567 23.858813031281098
 1581.8442519050795 23.858841622806423
 1598.9807982874981 23.858834474925092
 1616.2810295361703 23.859006024077086
 1633.7386500793174 23.859420601194408
 1651.3536599169392 23.85938247916063
 1669.132354620815 23.858384158401111
 1687.081029762724 23.856568596542512
 1705.1870941991073 23.854000124516836
 1723.4568435017442 23.851076641051612
 1741.8902776706356 23.84767663216419
 1760.4936922775593 23.843795332600336
 1779.2670873225158 23.84018565252714
 1798.2041672337265 23.836911922876602
 1817.3175231547486 23.833554801277173
 1836.594563942025 23.830464533914177
 1856.047880739113 23.82848218815781
 1875.6711779742336 23.827965158074722
 1895.464455647387 23.828398796208926
 1915.4403049021314 23.82923033307067
 1935.5861345949083 23.830181001287964
 1955.9082402974975 23.83079810170972
 1976.406622009898 23.830709944506615
 1997.0812797321104 23.82995226908531
 2017.938509035914 23.828818138580466
 2038.972014349529 23.827188421636527
 2060.1880912447345 23.824842725245726
 2081.5867397215315 23.82229164639796
 2103.16166420814 23.82068456441158
 2124.9254558481184 23.821136548774536
 2146.8718190696872 23.823451747538314
 2169.0007538728473 23.82643789409656
 2191.318555829377 23.82873474663158
 2213.8189293674972 23.828620380530253
 2236.5018744872086 23.825760036683472
 2259.3799823320682 23.82186205872984
 2282.446957330298 23.81843059916455
 2305.6965039101187 23.815753955868032
 2329.141213215088 23.814013923288854
 2352.7747896734276 23.81322122324902
 2376.597233285136 23.81332510579106
 2400.6148396219937 23.813839038458905
 2424.821313112221 23.81366677451878
 2449.2229493275976 23.81246712176838
 2473.8134526963435 23.811492865542685
 2498.6054143620176 23.810930803807195
 2523.5862431810614 23.80939686847312
 2548.7685302970326 23.806917983226814
 2574.145980138153 23.804163666286477
 2599.7122971326425 23.80155254523551
 2625.4800724240603 23.799689569097402
 2651.449306012406 23.798829917235746
 2677.6137023259002 23.798912356133786
 2703.9732613645433 23.800307622570002
 2730.534278700114 23.802839878663593
 2757.2967543326126 23.805209401325505
 2784.25439269026 23.80599805089925
 2811.4134893448353 23.802678574808176
 2838.774044296338 23.802366927182056
 2866.3297619729896 23.76175433328659
 2894.093233518348 23.85385001900884
 2922.0518677888553 23.913539593394112
 2950.218255928069 23.863106525335155
 2978.5798067924324 23.84116014701555
 3007.1428159537226 23.831834544503017
 3035.91357898372 23.82781981782095
 3064.879504738866 23.825884648081377
 3094.0531843627186 23.824896096093016
 3123.4283222834997 23.824388596518367
 3153.0049185012076 23.824144138976777
 3182.782973015844 23.824050263468603
 3212.762485827408 23.82404478342625
 3242.9434569358995 23.824091482917623
 3273.3321819130983 23.824169394824153
 3303.916069615446 23.824264938171307
 3334.7077111864996 23.8243700120269
 3365.694515482702 23.824479374611296
 3396.889073647612 23.82458969024654
 3428.27879453767 23.824698814568225
 3459.876269296435 23.8248055562628
 3491.668906780349 23.824908962279415
 3523.66929813297 23.825008794355365
