 1.3386930017444713 1.315497173886548
 1.884914848487119 1.8543528212089737
 2.437551109794645 2.381096297871614
 2.996695426755587 2.887914966316076
 3.562414685861759 3.365875119176306
 4.1347824622541544 3.8063766262900604
 4.71387901972295 4.202243559766989
 5.299784622058321 4.548305830973494
 5.892586221699624 4.841739702507761
 6.492344016489492 5.081900469925294
 7.099131581568918 5.269701989229731
 7.71308268992153 5.4079671290729125
 8.334257539389956 5.500903936140301
 8.962723016466015 5.553127627596932
 9.598546007641515 5.569099227486193
 10.241927172391899 5.554531267937332
 10.892799624225352 5.514651720850839
 11.551297136125498 5.453233717414216
 12.217553481075969 5.374782764144393
 12.891635545568572 5.283022951730293
 13.573677102586938 5.181441139791371
 14.263678152131066 5.072798020493814
 14.961772467184579 4.958967362989031
 15.668093820731107 4.842179905184339
 16.38270909926246 4.7242372490351485
 17.105685189270452 4.6061655137748465
 17.837155863738715 4.4887715671581025
 18.577254895650867 4.373243394041989
 19.32598228500691 4.259946936806053
 20.083538691282285 4.149273426216333
 20.849924114476994 4.041327738176374
 21.625406100558286 3.9364745693118452
 22.409917763034346 3.8352047148168195
 23.20359287488881 3.737075462931679
 24.0066320955971 3.642523834659596
 24.819102311651047 3.552070408183092
 25.641070409542457 3.465595770981488
 26.472737048746765 3.3833871093074523
 27.314102229263983 3.3056875203943905
 28.165299724077723 3.2321740809058923
 29.026530192663432 3.1629434194668473
 29.89786052151292 3.0980262950389447
 30.779357597118004 3.036823732587449
 31.67122207895412 2.978939476022675
 32.57352085351309 2.9241206449049523
 33.48638769377852 2.8719997836026087
 34.40995637273405 2.8225069337359514
 35.34436066336332 2.775762069183462
 36.28966745215811 2.7317418174073533
 37.24607739859389 2.6905080873538893
 38.21365738916246 2.6520259891435684
 39.19260808333925 2.61618617965367
 40.18299636761609 2.582967721981269
 41.184956014976606 2.5522463327555553
 42.19862079840441 2.5238917537480562
 43.22419137737494 2.4977023463147962
 44.26180152487185 2.473521297651968
 45.311518127386925 2.4511369322966993
 46.3734749579038 2.430497792042392
 47.44787267589792 2.4119033903314166
 48.5348450543529 2.3956453053041224
 49.634525866252374 2.3817997615138364
 50.74704888457997 2.3703317188753056
 51.87261476881112 2.3613617612480233
 53.01129040543764 2.354865981954578
 54.163276453934983 2.350533935015246
 55.328773573778555 2.3481045824865742
 56.50784865146021 2.3469372661168685
 57.70070234645535 2.3463689209431697
 58.90746843174763 2.3461344906908623
 60.12834756681248 2.3462900912781483
 61.36347352463351 2.3469825995903983
 62.61304696468619 2.348298804146328
 63.877134773462316 2.3501157556812724
 65.15600449692913 2.3523590673577112
 66.44985679456208 2.3553686041768964
 67.75869166636117 2.3587220060597582
 69.08304420426091 2.3624024314902793
 70.42278063527768 2.3671258423700054
 71.77790095941144 2.372823743519966
 73.14907404158036 2.3805995595576874
 74.5356310168663 2.3898044513377754
 75.93890961510552 2.3998705919963354
 77.3582409713799 2.4107468863940995
 78.79429395060754 2.421412838014372
 80.24706855278846 2.4317847634447673
 81.7172336428408 2.442557142651167
 83.20412035584641 2.4542692130805425
 84.7077286918053 2.4650136560777595
 86.22939638055374 2.474490494200967
 87.76912342209172 2.4840640841788665
 89.3262409515011 2.493077021589182
 90.90141783370005 2.500751321088142
 92.49532293360664 2.508899723546476
 94.1072873863028 2.5177909902841695
 95.73864892162474 2.527789082557055
 97.38873867465438 2.5399999421686905
 99.05755664539167 2.5535238074353867
 100.74577169875477 2.5678554367875445
 102.45405269966182 2.5835467217976706
 104.18173078319465 2.5994490950566002
 105.93014367918956 2.615001579228615
 107.6986225227284 2.6308406219637165
 109.48716731381118 2.6460162581113726
 111.29644691735604 2.6606242709768115
 113.12713019828107 2.675710665108569
 114.9792171565863 2.6924020214196402
 116.85203892735363 2.7093418486348492
 118.74760210533739 2.7273640617952912
 120.66390009578322 2.745889569883869
 122.60360835836363 2.765205544835592
 124.56472029832426 2.786101583827455
 126.54924251041948 2.8071182122900295
 128.55650612973116 2.8280960539834745
 130.58718002117743 2.847628012508409
 132.64126418475828 2.865929886696666
 134.71875862047372 2.8823744828875703
 136.82100105816002 2.898350012863117
 138.94665376798093 2.9139366242097946
 141.0977233446908 2.929887127752273
 143.2728720584534 2.946698993658113
 145.4741065040231 2.9640638467395983
 147.70008895156368 2.9827386787909015
 149.95148826599324 3.0011888627555562
 152.22964217714803 3.0205942775896184
 154.53388182010996 3.0422814529723223
 156.864207194879 3.064841282888595
 159.22195603129142 3.0878057882671265
 161.6064594644291 3.110217521516063
 164.01905522412823 3.131242552408241
 166.4590744454708 3.1505757555124747
 168.92718599337484 3.1669649589566062
 171.42338986784042 3.179754910366496
 173.94902379870376 3.191088310747683
 176.5027500561286 3.2031495998577845
 179.08657523486937 3.2181234703582397
 181.700499334926 3.23989942809636
 184.34385349138045 3.268318524527629
 187.01730656915077 3.3010096008064757
 189.72219629807327 3.336760066095213
 192.4578538132298 3.3725034764905044
 195.2249479795385 3.404252258115829
 198.02347879699937 3.4306961801342263
 200.85478399544865 3.453446502658849
 203.71819470996823 3.4736011427769835
 206.61437980547626 3.490974554783538
 209.54333928197272 3.5069221793328493
 212.50641086929383 3.5243298804322815
 215.50359456743964 3.546005997944147
 218.53422151149203 3.5697997299236545
 221.60029829620538 3.593803874713135
 224.70115605666154 3.6186199853886984
 227.8374636577786 3.645080648174083
 231.00988996447483 3.6752354836866
 234.2184349767501 3.709571032657911
 237.4630986946045 3.7461952415248274
 240.74521884787418 3.78228075067069
 244.06546430147736 3.815225305769523
 247.42249732557775 3.84227972007426
 250.81832451492977 3.865534437257179
 254.2529458695334 3.890384059114839
 257.7263613893886 3.9185438151308633
 261.23923993941355 3.9501794295819214
 264.7922503845264 3.98612748632017
 268.38606158964523 4.027013349877545
 272.02000468985193 4.069276840169234
 275.6954174149828 4.108607353037522
 279.41296862995585 4.146053138722406
 283.17265833477125 4.183837823980608
 286.9744865294289 4.217868592711128
 290.8204598086832 4.24192645055589
 294.7092404426979 4.253798692380644
 298.6421661613092 4.2578863500256094
 302.6192369645172 4.259968450566585
 306.64179058215813 4.261175657455868
 310.709827014232 4.261994194845927
 314.8240151256569 4.261293157229497
 318.98502378135094 4.256125348007727
 323.1921841163961 4.2457618056261434
 327.44750272554665 4.235456724130348
 331.75031074388454 4.228351626385624
 336.101945901246 4.223880350836642
 340.5024081976311 4.221124982441461
 344.9523664979578 4.216676785033936
 349.4524896671444 4.208471005181918
 354.00344657010896 4.195508728296059
 358.6052372068515 4.175733923898016
 363.25919930720823 4.150307251122757
 367.9653328711792 4.125218001707926
 372.7236378987644 4.104956315619732
 377.5361209847183 4.088999616416195
 382.40211326412264 4.070232716902386
 387.3229524668138 4.043606509474169
 392.2986385927916 4.0143402963311
 397.32984050697433 3.9885980144561656
 402.4172270742801 3.9661105903526334
 407.56146715962705 3.9444509815878134
 412.76322962793324 3.9230370433455785
 418.02318334411683 3.900144092397895
 423.341997173096 3.8715190855044583
 428.7196711148707 3.8321024543257302
 434.156874034359 3.7777069558892923
 439.65494366139733 3.7067922090663967
 445.21454886090373 3.6204335895601382
 450.8350207679601 3.5226664125377884
 456.5183659773207 3.4205419559850107
 462.26525335390385 3.318201476955496
 468.0750140327913 3.2181881951065123
 473.94965460873743 3.1256738289054926
 479.8891750817423 3.0365911696368583
 485.8942443167241 2.940092772756703
 491.96553117860077 2.8358023483568284
 498.1037045322906 2.7276847908978902
 504.31010210762985 2.613005971175205
 510.5847239046185 2.4914671079575945
 516.9282387881747 2.371957711872671
 523.3419844881345 2.2608814547452187
 529.8259610044981 2.153001527327315
 536.3808372021838 2.0398055103045544
 543.0079508110275 1.9207953188853967
 549.7079706959476 1.8019534372629715
 556.4808968569439 1.6858728117572834
 563.3280670238528 1.5713876171343865
 570.2501500615923 1.4615438637303115
 577.2478148350807 1.3610825741227541
 584.3223990741543 1.2703164015568337
 591.4732339138948 1.1849509678399401
 598.7023259490566 1.0981415748647285
 606.0103440445578 1.0050494181793105
 613.3972882003986 0.9093974872953
 620.8651650113331 0.821072925660634
 628.4133056124437 0.7436353498584359
 636.0437165984841 0.6755472732350042
 643.757066834373 0.6170498108809659
 651.55335632011 0.5667012629693813
 659.4339227855315 0.5209540411138841
 667.3994350955558 0.47616070980976155
 675.4532375747733 0.43099504053480797
 683.5866349792485 0.3869881116058323
 691.8136734722619 0.34618742959410314
 700.1276644046326 0.30912439761105603
 708.5352964255416 0.2762265175693161
 717.0231922366263 0.24807074222612177
 725.6114177854306 0.22355769012044723
 734.286595773592 0.20072155688293524
 743.0554148502918 0.179714800018584
 751.91787501553 0.16092975412111237
 760.8739762693065 0.1418423018824505
 769.9237186116213 0.12052389992767887
 779.0737906916559 0.09853141116598665
 788.3241925094102 0.07970971666769093
 797.6615467665214 0.06703814107919963
 807.1059194105337 0.05951415990814891
 816.6506217922656 0.05286530288494659
 826.2956539117173 0.0451832797718791
 836.0343271197073 0.038410817611133504
 845.8867073637796 0.034080301835784414
 855.8327286963903 0.03333485060878323
 865.8924570650831 0.03831715593426035
 876.0525151714959 0.04785039018418238
 886.3195916648094 0.055475307196951144
 896.693686545024 0.05385342869708286
 907.1747998121398 0.038819936848209175
 917.7696201153376 0.012136800855026603
 928.4714588054364 -0.017927847136914837
 939.2870045316178 -0.04182035777551397
 950.2162572938812 -0.05497814192687351
 961.2525284430458 -0.060110799871878124
 972.4091952774739 -0.06419213154865185
 983.6728804988029 -0.06948547854279136
 995.063650054577 -0.07106110257937084
 1006.561437997252 -0.0644710491994611
 1018.1863102743719 -0.04568092985119251
 1029.9248895875741 -8.530558937856104E-3
 1041.78386458604 0.04405282841988979
 1053.7699239189505 0.0965401612627635
 1065.8696902879437 0.13544690225636293
 1078.0965409913817 0.15509287578541472
 1090.4504760292647 0.15205678425036561
 1102.9248067524113 0.12873820318890336
 1115.532910459184 0.09702345129858843
 1128.2614098512203 0.06631983875646416
 1141.123682226883 0.038761888092942044
 1154.1130389369905 0.020144586016228167
 1167.229479981543 0.020150992619865155
 1180.486382658903 0.0352013128018867
 1193.870369670708 0.051123589319395125
 1207.388129666139 0.0596184481462166
 1221.0396626451963 0.05620197212282367
 1234.8316572570615 0.038880493326527064
 1248.7574248525527 8.748021150114438E-3
 1262.8236540808513 -0.030064087199313277
 1277.0303449419577 -0.06430525849257604
 1291.3774974358714 -0.07649087061478345
 1305.8651115625928 -0.06019760600293103
 1320.4931873221216 -0.02865371142795953
 1335.2617247144582 6.225636521551222E-5
 1350.184101037965 0.02770157464234054
 1365.2469389942791 0.051921216966871
 1380.456927232582 0.051758673331323064
 1395.8140657528742 0.03813096869581087
 1411.3183545551548 0.0465375266784825
 1426.976482288606 0.0814950594327559
 1442.788448953227 0.12167472014423215
 1458.7475658998371 0.1430865998537027
 1474.8605217776171 0.13689478064248272
 1491.1340052357486 0.12337464278955539
 1507.5546389758692 0.11402308205201586
 1524.1424889455224 0.09801269340624282
 1540.8774891971647 0.08415120021473808
 1557.7797056783397 0.09919041406897743
 1574.8357610906846 0.13562985834584234
 1592.0523440833815 0.15652869032849534
 1609.4361433056108 0.15728643643896891
 1626.9804701081916 0.16379284915692113
 1644.6920131403053 0.190229091991541
 1662.5640837527705 0.22942291793154473
 1680.6100592439497 0.24724359570254847
 1698.8165623154807 0.22179929060227346
 1717.1969702657252 0.18548425193339551
 1735.7445944455032 0.15292092998029954
 1754.4594348548134 0.10976502070974405
 1773.348180142838 0.07214214844608659
 1792.4175189587581 0.05396151359359651
 1811.6540740042107 0.04041026539419448
 1831.0645339283773 0.01838513624053067
 1850.6488987312586 0.013358037732067639
 1870.413857062035 0.04963270061716237
 1890.3594089207067 0.09104619627720703
 1910.4788656580926 0.10312868441462457
 1930.7856045725552 0.11840177978243768
 1951.266248365732 0.1622711323545051
 1971.934174335986 0.17380365225548713
 1992.7826938341347 0.10056678967895136
 2013.8118068601788 -0.02025201178946896
 2035.0348907124814 -0.11858002352362733
 2056.4385680926793 -0.16791434707899538
 2078.0295276499537 -0.19476007712458112
 2099.8077693843047 -0.19951442549123304
 2121.773293295733 -0.14728029907641435
 2143.932788033419 -0.07111120573173094
 2166.279564948182 -0.03864023571492726
 2188.8203126892026 -0.038811135527213283
 2211.5550312564814 -0.052737954899928385
 2234.477032000837 -0.12035965683756442
 2257.5996922206322 -0.19778266814256917
 2280.916323266685 -0.2166337542730093
 2304.426925138996 -0.18627094502563473
 2328.1381864867462 -0.10986701017359243
 2352.0434186607544 -0.05988339933082836
 2376.142621661021 -0.03982406463332391
 2400.449172785908 -0.057190945041783583
 2424.956383386235 -0.20443651232767345
 2449.657564812819 -0.35408572222280015
 2474.5660943640245 -0.3493520212500848
 2499.6752833906693 -0.2564824594235434
 2524.9851318927526 -0.23740360344835242
 2550.5023285194574 -0.31983679097037115
 2576.220184621601 -0.34228403349796
 2602.145388848366 -0.23026790695432855
 2628.27125255057 -0.08144201345004161
 2654.6111530265757 -5.063885958040163E-3
 2681.1517129780213 -0.0220278110073199
 2707.9063097032685 -0.03131143749710817
 2734.8682545531364 0.07432409640113884
 2762.0308588784437 0.25818607944059734
 2789.407499977553 0.4386441099982761
 2816.998177850464 0.5098490539433298
 2844.796203847996 0.424762339572976
 2872.8015779701486 0.36069691153409944
 2901.020988866103 0.4013444422123153
 2929.4544365358592 0.4752443110811408
 2958.0952323302367 0.6204628127447551
 2986.950064898416 0.882135568076478
 3016.018934240397 1.025890403117519
 3045.2951517069986 0.9177520127763396
 3074.792094596584 0.7545514104392681
 3104.4963856107897 0.7237688740453196
 3134.4214020479785 0.8039323100508403
 3164.5537666097884 0.842674717124182
 3194.9001679454 0.7736083339418662
 3225.467294703995 0.6224515628212754
 3256.241769587211 0.47569063300895525
 3287.2369698934094 0.33956049154606404
 3318.4462069734104 0.16395926715169348
 3349.869480827213 -0.022333505286592867
 3381.506791454818 -0.17297651089109272
 3413.358138856225 -0.2889330859090981
 3445.423523031434 -0.36314346912530293
 3477.709632629626 -0.39114581462328823
 3510.203090352439 -0.4093306669377345
 3542.917273498235 -0.44238030786915744
 3575.8388047686516 -0.4681723664132182
 3608.981061462052 -0.447778417326807
 3642.3306662800723 -0.3722036416775177
 3675.900996521076 -0.2711601520238643
 3709.6786748867007 -0.181665066661512
 3743.677078675309 -0.11984490242296543
 3777.8828305885376 -0.07513078206441914
