 0.0E+0 0.0E+0
 0.2924047810359126 0.02924047810359126
 0.8806520050415095 0.08804692761568766
 1.4758202704264247 0.1474292395703798
 2.0779936384219852 0.20719259562226233
 2.687238473158188 0.2670440176218246
 3.3036580077261357 0.326616994021313
 3.9273259800480473 0.38550624489011164
 4.55832350183836 0.4433034592927529
 5.196739058603736 0.4996280325260381
 5.842661135850836 0.5541494223226092
 6.4961855928785414 0.606600879913196
 7.157378793816849 0.6567849221092016
 7.826321850380198 0.7045722531600364
 8.503162238413022 0.7498960485627603
 9.187966322045316 0.7927434926592753
 9.880807839199301 0.8331458922715069
 10.58176052779719 0.8711690547866727
 11.291045601605635 0.9069041137734705
 12.008589322702424 0.9404595954794449
 12.734539166931986 0.9719545838133357
 13.469042610138757 1.00151337031638
 14.212173390244956 1.0292612026185938
 14.964078983095018 1.0553214568570636
 15.724759388688941 1.0798134000213597
 16.49436208287116 1.102850908387725
 17.27303454148611 1.1245416538264974
 18.060850502456005 1.1449866766135075
 18.857883703703066 1.1642802837185062
 19.664281621071733 1.1825101301744207
 20.480191730406431 1.199757035996527
 21.305614031707165 1.2160949861824486
 22.140769738740583 1.2315916596123317
 22.98565885150669 1.246309080002908
 23.840576321694356 1.2603046126809027
 24.705448411381357 1.2736312900600643
 25.580422596412134 1.2863384015682843
 26.465720090553332 1.2984716563861127
 27.361414631727175 1.3100733461852727
 28.26757995785588 1.3211824875248634
 29.184437282706095 1.3318349845898733
 30.111986606277827 1.3420640360374715
 31.0503754044155 1.351900318077835
 31.999824890885776 1.3613719437895221
 32.96040880361087 1.3705046055156726
 33.93220088051299 1.379322327529641
 34.9154223353588 1.3878483204122054
 35.91014690607051 1.396105042078509
 36.916522068492554 1.4041138316164012
 37.93469529846937 1.411894441413204
 38.9648140718454 1.4194651185249713
 40.006952126542856 1.4268427470726903
 41.06133067632838 1.4340430516654232
 42.12802345912419 1.4410809635619707
 43.207251688696963 1.4479704375900395
 44.29908910296889 1.4547239842730104
 45.403683177784415 1.4613524460644815
 46.521181388987976 1.4678649973482655
 47.65180495034621 1.474269225807649
 48.795701337703576 1.4805716409832534
 49.952944288982266 1.4867780404346941
 51.12368128002673 1.4928938148752988
 52.30813352460362 1.4989243346760794
 53.50644849855737 1.5048749498657345
 54.7187736777324 1.5107508273921315
 55.94525653797316 1.5165567273568503
 57.1861182930463 1.5222973081498976
 58.44143268087404 1.5279767806303632
 59.71142091522303 1.5335989691533615
 60.99630420985991 1.539167962524096
 62.29615630270691 1.5446889073481198
 63.61119840753068 1.5501679266620795
 64.94157800017565 1.555611102817994
 66.28751629440849 1.5610236434483593
 67.6491607660736 1.566409739069951
 69.02673262893767 1.571772766506966
 70.42030562092289 1.5771152482063954
 71.83017469371813 1.5824394218228274
 73.25656106109005 1.5877479725417684
 74.69946472303867 1.593044155133529
 76.1594755829417 1.5983312040261057
 77.63644616495472 1.6036117840626897
 79.13037646907772 1.6088875429707514
 80.64200387453288 1.6141590910197234
 82.17059100209802 1.61942648923655
 83.71761261021749 1.624690530971493
 85.28233131966913 1.6299531690867401
 86.86548450967508 1.6352168650023377
 88.46707218023538 1.6404835715804726
 90.08783171057217 1.6457536142981763
 91.7270257214633 1.651024816527803
 93.38465421290876 1.6562935776796967
 95.0621919433529 1.6615573346222376
 96.75963891279572 1.6668159856438542
 98.47625774201504 1.6720720938761652
 100.21278581023304 1.677329524358915
 101.96996049667189 1.6825913080969554
 103.74704442210941 1.6878586249445235
 105.54551234498996 1.6931323292788267
 107.36462688609137 1.6984144756736228
 109.20438804541362 1.703707627260532
 111.0655332021789 1.709012597732131
 112.94879973560937 1.714328186891869
 114.85345026648287 1.719652909750791
 116.78095955324373 1.7249852609776283
 118.73059021666981 1.730323104629365
 120.70234225676107 1.7356635724396647
 122.69695305273972 1.7410035723767323
 124.71515998382787 1.7463407650744067
 126.7569630500256 1.7516733400667032
 128.8216248721107 1.7569992224375483
 130.9113575877497 1.7623159100822658
 133.02394905927604 1.767621470480984
 135.16234880357845 1.7729147237794653
 137.32434468299041 1.7781952631314206
 139.51214883517843 1.783462824086762
 141.72502388092036 1.7887175490416913
 143.96370719943834 1.7939607195620177
 146.22819879073236 1.7991939020059533
 148.5184986548025 1.804416974319612
 150.836081550093 1.8096276785060898
 153.1794727181596 1.8148225563719322
 155.55088429666872 1.8199973767157358
 157.94884152717614 1.825148783055617
 160.3755565473483 1.8302759616989985
 162.82955459874088 1.8353805603733501
 165.31157306057602 1.8404645726254871
 167.8230866912981 1.845528547697899
 170.36335811168495 1.8505708988900602
 172.93238732173654 1.8555866830195606
 175.53164907989724 1.860569004041805
 178.16040600694486 1.8655127763781831
 180.82013286132377 1.8704148876545851
 183.51009226381177 1.8752744631514901
 186.23102159363105 1.8800922555345325
 188.98292085078162 1.8848684275422276
 191.76726479370782 1.8896016772664516
 194.58257866396525 1.8942894212332701
 197.43107459922052 1.8989284860416306
 200.31275259947355 1.9035161051367688
 203.22687528550224 1.9080507121604721
 206.17418003652872 1.9125299677465807
 209.1561416109973 1.9169497627475775
 212.1720226296859 1.9213073916356411
 215.22256047181664 1.925603912211123
 218.3077551373895 1.929842660613591
 221.42908138484884 1.934024003004705
 224.58580183497252 1.9381428131212268
 227.7786538669827 1.94219164567607
 231.00763748087933 1.9461643979749023
 234.27422743510683 1.9500574490857536
 237.57842372966516 1.9538679307422868
 240.91948898533212 1.9575899029886856
 244.2996353397743 1.961215289926117
 247.7181254137695 1.964737053113783
 251.17569658653982 1.9681511647734257
 254.67308623730755 1.9714575028511582
 258.2102943660726 1.9746581015784245
 261.78732097283506 1.9777553613483278
 265.4056408160392 1.9807487125760645
 269.06599127490716 1.9836332324215402
 272.7668975909947 1.986402452028762
 276.51057190196826 1.989050350072655
 280.29701420782794 1.991573468359765
 284.1262245085736 1.9939721527094365
 287.99894018342746 1.9962495968650373
 291.9158986116118 1.9984101337395434
 295.8778371723486 2.0004578317958432
 299.88401848641586 2.002395152453984
 303.9359173122579 2.004223560360605
 308.0342710290968 2.0059446015316053
 312.1790796369326 2.00755986266751
 316.3703431357653 2.0090712152612475
 320.6102736632615 2.0104807342288917
 324.8973964609768 2.0117900266132835
 329.23318628735546 2.0130009232227226
 333.6176431423976 2.0141173297815804
 338.0522417845475 2.015144799741701
 342.53698221380523 2.016089252716586
 347.0726018093929 2.0169549605922685
 351.6598379505326 2.0177438152039912
 356.2979532580024 2.0184596612491843
 360.98915986946855 2.019109516826329
 365.7327204057091 2.0196994032605006
 370.5301096251682 2.0202329211413547
 375.381327527846 2.0207123691504245
 380.28711149296464 2.021137645576136
 385.2481988997463 2.021507611248882
 390.265327127413 2.021823690130672
 395.33849617596496 2.022091211907891
 400.4691808038464 2.022316808175046
 405.65738101105733 2.0225058696454643
 410.90309679759786 2.0226625868359207
 416.2085403011344 2.022790926497732
 421.57297414244476 2.0228944485359234
 426.9978730799734 2.022976265324607
 432.4832371137201 2.02303971300335
 438.0298036229073 2.023088737981154
 443.638309986757 2.023127876594139
 449.30949358449146 2.023161583809168
 455.0440917953328 2.0231933381620113
 460.8428419985032 2.023224848407081
 466.70648157322494 2.023255992490491
 472.6350105194978 2.0232860380889206
 478.6291662165441 2.023314985202371
 484.69042342280823 2.0233437288926765
 490.8195195175123 2.0233728590869564
 497.0157171214341 2.023401460381061
 503.28122837224015 2.0234276612820614
 509.61679064915273 2.023450566728123
 516.0216665729496 2.0234707259617343
 522.4980682812972 2.023489298494819
 529.0459957741956 2.023508277874193
 535.666186430867 2.023531427428027
 542.3593776305336 2.023563853077247
 549.1263067524175 2.023610030131029
 555.9684485549631 2.023671423236013
 562.8858030381703 2.0237469339072196
 569.8791075812613 2.0238341414092295
 576.9498369426807 2.0239283670097223
 584.0979911224281 2.024023141852705
 591.3243074997259 2.0241149263754643
 598.6302608330185 2.024204880089924
 606.0165885015278 2.0242955254430752
 613.4832905052542 2.0243876151005513
 621.0318416026417 2.024479826811914
 628.6629791729126 2.024569739841745
 636.3774405952892 2.024656296389693
 644.1767006282156 2.0247411034985995
 652.0600218924699 2.02482666327314
 660.0296165257182 2.024914318306068
 668.0862219071831 2.025003499012579
 676.2298380368645 2.0250929238268633
 684.4626770524288 2.025183101306782
 692.7840015746539 2.0252767573224703
 701.1960237412063 2.025374603854933
 709.6994809313082 2.0254716773794476
 718.2943731449596 2.025562383759542
 726.9821751406048 2.0256469671029893
 735.763624297466 2.0257286414954713
 744.6424075116541 2.0258051489400852
 753.6089388532807 2.0258681490879104
 762.6787032860117 2.0259115799292426
 771.8443270176252 2.0259349735908505
 781.1131838403429 2.025936946795351
 790.4705261697214 2.0259138175838313
 799.9384753824258 2.025865504587033
 809.502283894013 2.025796869618108
 819.1693254967042 2.0257138119482434
 828.9396001904997 2.0256231462527782
 838.8131079753995 2.0255377492167534
 848.7898488514036 2.0254681174744204
 858.8771966107336 2.0254125626136807
 869.0751512533897 2.025364453040027
 879.3689651949281 2.0253239108073453
 889.7807598120144 2.0252936414434565
 900.3031613124266 2.0252681932080904
 910.9361696961648 2.0252409141644243
 921.6724111710074 2.0252047048447185
 932.5340071136193 2.0251498009380415
 943.4988361473355 2.0250755108057014
 954.589019648821 2.024988120222861
 965.7898100336329 2.02489165696778
 977.108581093992 2.0247990587524427
 988.545332829899 2.024733820950029
 1000.100065241354 2.024703978774744
 1011.7801521205782 2.0246927091325432
 1023.57821967535 2.0246775134236556
 1035.5016416978915 2.02464822049086
 1047.5504181882024 2.0246062136115385
 1059.717175354061 2.0245577175339102
 1072.0166607799108 2.0245074720172402
 1084.4341268813082 2.0244659330111507
 1096.9916950349188 2.0244559652770743
 1109.667243864077 2.0244876789452885
 1122.4828947454477 2.0245489499963862
 1135.4239000945883 2.0246219789052304
 1148.49763370372 2.0246794866281567
 1161.7114693650646 2.0247103255768497
 1175.0506594941787 2.0247304644681465
 1188.5299516755055 2.0247413069217436
 1202.1493459090456 2.0247358144968443
 1215.9014684025767 2.0247098983882465
 1229.8010667405424 2.0246826193445803
 1243.8333933384992 2.024665470773506
 1258.0131957808907 2.0246314787660746
 1272.3331002754953 2.0245968561468954
 1286.7931068223126 2.0246018400139336
 1301.4079630057865 2.0246563167320075
 1316.1629212414732 2.024770966016199
 1331.0653553215945 2.0249600274866175
 1346.1152652461503 2.0252240910703815
 1361.3200248073628 2.0255490188589537
 1376.6722602130098 2.0258954077892616
 1392.1793452553131 2.0262336394514792
 1407.841279934273 2.026580333516504
 1423.658064249889 2.026964884628704
 1439.6296982021615 2.0273342603743307
 1455.7561817910905 2.027610285238986
 1472.0375150166757 2.0277772956405497
 1488.4884454633611 2.027816942811396
 1505.0942255467025 2.027721435645094
 1521.8622290589221 2.0275863830195173
 1538.7924560000201 2.0274650817985033
 1555.8849063699958 2.0273194308271027
 1573.1469539610716 2.0271888128260746
 1590.5785987732472 2.0271431646724682
 1608.172467014301 2.0272090737712584
 1625.9359324764543 2.0274141649854566
 1643.8763689519294 2.0277245073345744
 1661.9790288562828 2.0281017352135757
 1680.2660335661792 2.0285142773504474
 1698.715261704954 2.0289239715632967
 1717.3488346492717 2.029338283481525
 1736.1520048146896 2.029689473198041
 1755.1321459934292 2.029989440966794
 1774.2966319777117 2.030346163792838
 1793.638088975316 2.030691291499651
 1813.1638907784636 2.030902831227527
 1832.866663594933 2.031022240613298
 1852.7611550091671 2.0311891899879186
 1872.832617436723 2.0314135250315783
 1893.0957984620436 2.0315791318134457
 1913.543324292908 2.0316486211595772
 1934.1751949293152 2.031583790203453
 1954.9987841634876 2.031404655782482
 1976.0214657876472 2.031172997505623
 1997.2284922173498 2.030936518100242
 2018.6272372448172 2.0307873682507575
 2040.21770087005 2.0307648899932995
 2062.0072568852697 2.030850714217928
 2083.9959052904755 2.030995083623519
 2106.1762722934472 2.0312354484109582
 2128.5631054786267 2.031469140919261
 2151.1416572615717 2.031534805910278
 2173.9266752267253 2.0314556946494155
 2196.910785581865 2.031388809119532
 2220.093988326992 2.031323612001747
 2243.4910310465493 2.0313661070966153
 2267.087166156093 2.0314886491988106
 2290.8897674478457 2.03144660163486
 2314.8988349218066 2.031357542982236
 2339.114368577976 2.031416047478569
 2363.5437422085756 2.0313847406566436
 2388.179582021384 2.03109937866966
 2413.0292618086223 2.0307096606095913
 2438.092781570291 2.0305028606409805
 2463.362767514168 2.0303834512552092
 2488.8539672246974 2.030054861850038
 2514.559006909657 2.0296027945962062
 2540.4778865690464 2.029293245597352
 2566.6179799950882 2.029225363294061
 2592.97191339556 2.0292699129626874
 2619.539686770462 2.029172432591884
 2646.336047704238 2.0290197228373725
 2673.3536224046656 2.029024767731354
 2700.5850370795237 2.029093423042594
 2728.0450393132555 2.0291507883693187
 2755.7262553136392 2.029281813216636
 2783.6286850806745 2.0293582189496777
 2811.759702406584 2.0291960703612654
 2840.1119334991453 2.028780639615743
 2868.692752150581 2.028255645164639
 2897.4947845686674 2.0277129528999715
 2926.5327783378502 2.026926539365982
 2955.7919858736845 2.026255161620158
 2985.2871547606146 2.0258418464753376
 3015.0109112064183 2.025556952361586
 3044.955881418874 2.0251649763046146
 3075.136812982425 2.024917735814894
 3105.5537058970712 2.024900973747794
 3136.1991863705916 2.025102362660764
 3167.073254402985 2.0254607535565924
 3198.183283786475 2.0263119573620782
 3229.529274521059 2.0270257691758266
 3261.1038528145177 2.028111987740054
 3292.9143924590716 2.02896937560913
 3324.960893454721 2.030425010603613
 3357.2359820092442 2.032104777218611
 3389.754405707084 2.0339480553570896
 3422.5014169637984 2.03569548050992
 3455.4917633638292 2.037401183575831
 3488.710697322734 2.0386965821594587
 3522.1655926327343 2.0396972206068313
 3555.8638230860515 2.040266601988046
 3589.790641098243 2.040140276215365
 3623.960794253751 2.0396473819364495
 3658.366908760355 2.0387132628573012
 3693.008984618054 2.0375846712520924
 3727.8870218268484 2.0364772356539027
 3763.001020386739 2.035542099459032
 3798.350980297724 2.0348073350614086
 3833.944275352027 2.0342700945370113
 3869.7661579652035 2.033919555774557
 3905.831375721697 2.0337168446111486
 3942.125181037064 2.0336161908392926
 3978.662321495749 2.0335825446512063
 4015.4280495133066 2.0335895017227456
 4052.4371126741816 2.0336192625287732
 4089.674763393931 2.0336623068661316
 4127.155749256997 2.033714017029441
