 0.0E+0 0.0E+0
 0.28174886022159872 0.02817488602215988
 0.8485589660787283 0.08483852109691906
 1.4220378942213933 0.1420694500666146
 2.002266642491118 0.19970461269715414
 2.5893091565522654 0.25749560059121195
 3.1832649074382852 0.3151261207647067
 3.784204945887358 0.37223834934907085
 4.39220742771148 0.4284619875877523
 5.00735761379647 0.48344107155063587
 5.62974076502814 0.5368553793711659
 6.259449247366125 0.5884350405245421
 6.896547006474786 0.6379685371520474
 7.541112198166122 0.6853046674467018
 8.19328692391649 0.7303501178107884
 8.853135129390251 0.7730637838156293
 9.52072786532559 0.8134490644406892
 10.19613618246068 0.8515455651858131
 10.879573233010063 0.8874208856301625
 11.57096796623556 0.9211628292246203
 12.27046248361353 0.9528730275663388
 12.97819888662033 0.9826614724752514
 13.69424822599414 1.0106422092126405
 14.418752603211322 1.0369301063950624
 15.151712018271873 1.061638259258484
 15.893268572652152 1.0848762162776905
 16.64356436782852 1.106748522460804
 17.40267045453916 1.1273539382173536
 18.170657883522242 1.1467850171248035
 18.947668756254135 1.1651280637052057
 19.73384517421119 1.1824635556586726
 20.529187137393414 1.1988663972034625
 21.33390779801534 1.2144062990861048
 22.14800715607697 1.229148116368181
 22.97176941453103 1.243151806202975
 23.805123522639323 1.2564727022872328
 24.648211581878225 1.2691616626428776
 25.501246744462267 1.2812655340738317
 26.36430006112963 1.2928275532878146
 27.237442582618491 1.303887473566389
 28.120887461143393 1.314481649211651
 29.014634696704337 1.324643056657907
 29.918826390777677 1.3344017167051474
 30.833675695577955 1.3437854334276235
 31.75925366184335 1.3528203430773657
 32.69563134031203 1.3615309351958566
 33.643021883198564 1.369940137060725
 34.6014963412411 1.3780692714623994
 35.57119681591601 1.3859383100441926
 36.552265408699653 1.3935660844190371
 37.544844221068395 1.4009703917278555
 38.549004303760405 1.408167973527885
 39.56495880899023 1.4151745157926782
 40.59277878749603 1.422004585577083
 41.63267739149237 1.428671462123851
 42.684725671717416 1.4351875168737657
 43.74906572964753 1.4415642768006626
 44.82583966675908 1.4478125088581248
 45.91526063526658 1.4539421988678082
 47.017470736646416 1.459962488184421
 48.13254102163674 1.4658815681373562
 49.26061359171394 1.4717065955839951
 50.40190159909254 1.4774436929097083
 51.556547145248906 1.48309843359635
 52.72469233165938 1.4886763911257747
 53.90647925980034 1.4941832656498801
 55.10212108188632 1.4996246517621936
 56.3116888486555 1.5050060596095491
 57.53539571232241 1.51033259821698
 58.773454825101595 1.5156082788024878
 60.02593723773124 1.5208357192136101
 61.29305610242587 1.5260169250593473
 62.574953520661864 1.5311540497304165
 63.871842644653746 1.5362494999576183
 65.18386557587787 1.5413057669184486
 66.5112354665488 1.5463250462269708
 67.8540233674047 1.5513089001470383
 69.21251348139826 1.5562587642724625
 70.58691896074406 1.5611769397756751
 71.9772398054421 1.566066910082836
 73.38404442139779 1.570933446432199
 74.80719070713478 1.5757822911990082
 76.24667866265307 1.5806192923168767
 77.70321879533448 1.5854492632474055
 79.17610059779717 1.5902751174015647
 80.66674508480477 1.5950987970533336
 82.17444174897547 1.599922856715229
 83.69990109769107 1.6047505475849992
 85.24312313095155 1.6095845719568773
 86.80481835613872 1.6144264498713682
 88.3842762658708 1.6192763713335356
 89.98149686014776 1.6241335340997797
 91.5979011537332 1.6289966925813521
 93.23348914662715 1.633864453407789
 94.88755033144778 1.638735317650259
 96.5607952155769 1.643608567511856
 98.2539343063963 1.6484849841245066
 99.96625709652419 1.6533660875287168
 101.69918460072415 1.658252996643192
 103.4520063116144 1.66314712595007
 105.22472222919492 1.6680503332766354
 107.01804286084754 1.672964349780131
 108.83267871395402 1.6778905688310203
 110.66791928113258 1.6828295604444933
 112.5251855771468 1.6877806490469915
 114.40376709461492 1.6927425890497671
 116.3036638335369 1.6977143882041567
 118.22558630129456 1.7026956453883603
 120.17024500526965 1.707685853922209
 122.13763994546224 1.7126843804554923
 124.1270606144905 1.7176911405415156
 126.14063853449981 1.7227056486117835
 128.17624218334478 1.727726637965875
 130.2367135905526 1.7327526518983047
 132.3199212339779 1.7377833948456418
 134.42799663576604 1.742820809081865
 136.56022928853525 1.747867702459576
 138.71732969966731 1.7529261861461435
 140.89929786916223 1.757998054633832
 143.10613379702 1.7630848912981678
 145.3392584980042 1.7681874983827505
 147.59725095735126 1.7733062770093817
 149.88224269720657 1.778441543853166
 152.19281270280652 1.7835923277771137
 154.5310924962965 1.7887551664667395
 156.89566106291295 1.793924739780273
 159.28722891003764 1.7990971842814282
 161.70721705243414 1.8042724788585318
 164.1549149827207 1.8094532202474482
 166.63032270089726 1.8146420896307355
 169.13486122172747 1.8198395725768894
 171.6678200378295 1.825044803507288
 174.23062016396696 1.830257191295068
 176.82255109275806 1.835476482600145
 179.44432333158457 1.8407022129656984
 182.09593688044651 1.8459334957014323
 184.7788127541075 1.8511682618633251
 187.49152993780384 1.8564022046699446
 190.23621995368102 1.861630109537888
 193.01288280173903 1.8668497386297442
 195.82080797459607 1.8720620419708298
 198.6607059796339 1.8772707141040401
 201.53399783161611 1.8824801251458294
 204.43997302316094 1.887691858471725
 207.37934206165022 1.8929049429447368
 210.35210494708383 1.8981183018695066
 213.35968269422545 1.9033307107689603
 216.4013647956933 1.908538538435223
 219.47786175886912 1.913736886959998
 222.58917358375296 1.9189209006583365
 225.73672128510835 1.9240876027842475
 228.92050486293535 1.9292370988961
 232.13981380985214 1.9343705290242731
 235.39677964800412 1.9394871120368404
 238.6906918700095 1.9445837234060954
 242.02226098324996 1.9496577452845
 245.3921974951075 1.9547107399359082
 248.80050140558196 1.959745578547941
 252.2471727146734 1.9647603399582931
 255.73363243714541 1.9697478673095831
 259.2605910803798 1.9746979214400703
 262.8266276296129 1.9796000520712777
 266.43387360699023 1.9844475034676234
 270.08232901251165 1.9892367710912748
 273.7719938461773 1.9939639703942724
 277.50357861536883 1.9986244145850573
 281.27779382746814 2.0032151480293123
 285.09534998985697 2.007736424067122
 288.9555365951536 2.012189509398907
 292.8597746581216 2.0165707517051192
 296.8087746861426 2.020869257362134
 300.8025366792168 2.0250722960307152
 304.8410606373441 2.029172710853481
 308.9264780826701 2.0331678839828937
 313.05736800043086 2.037052896398983
 317.2351514053901 2.040823019086843
 321.45982829754802 2.0444792020717885
 325.732819691668 2.048024126536379
 330.0541255877501 2.051458404719151
 334.4244564931761 2.0547800310111044
 338.84452291532772 2.057984360844027
 343.3136143468234 2.0610687341470335
 347.83386230980823 2.0640349876357353
 352.40455629690063 2.066885211365827
 357.02711732286417 2.0696179275201513
 361.7015453876988 2.0722276048402004
 366.42855099878624 2.074706516453403
 371.20884466350844 2.077049405553011
 376.0431368892471 2.0792565043674335
 380.9314276760022 2.0813317607796513
 385.8751380385374 2.083281043834951
 390.87426797685265 2.0851101170202506
 395.928817490948 2.0868228226601615
 401.0409181029688 2.0884226864041903
 406.2098593055333 2.08991338168356
 411.43706211340503 2.0912971463356804
 416.722526526584 2.0925740225839004
 422.066963052452 2.0937420259308927
 427.47108219839094 2.0948000163462774
 432.93559447178245 2.09575185726634
 438.4612103800084 2.096603987751557
 444.04864043045063 2.0973593001012242
 449.69859513049084 2.0980201799344686
 455.4110744801291 2.0985946074639456
 461.18678898674716 2.099092948521437
 467.0271596651087 2.0995243233499794
 472.9328970225954 2.0998981477560376
 478.9032905518256 2.1002231619725213
 484.9404717749445 2.1005060795116636
 491.04515119933404 2.100753803890761
 497.2166183176124 2.1009742942107973
 503.45700465192493 2.101174538435763
 509.76631020227165 2.101359603367344
 516.1452454760345 2.1015339224570164
 522.5945209805949 2.1017023302780546
 529.114847223335 2.101868626931724
 535.7076452190183 2.102034606910288
 542.3729149676446 2.102200037985336
 549.1113669765961 2.102361288948993
 555.9244222606361 2.1025134830046363
 562.8120808197646 2.1026536434062754
 569.7750531613635 2.1027803767834463
 576.8147603001963 2.1028941898163182
 583.9319127436448 2.102996708103765
 591.1265104917092 2.103089177234535
 598.3999745591528 2.103173307254196
 605.7530154533575 2.1032523071371502
 613.1863436817052 2.103330589223199
 620.7013802589595 2.1034120591719753
 628.2974146777384 2.1034982581356582
 635.9765784601874 2.103587771632111
 643.7395821136884 2.103678045148816
 651.5864256382413 2.103766883071711
 659.5192405559914 2.1038521320100782
 667.537316359557 2.1039307941062532
 675.6427845710836 2.1040001248426567
 683.8363556979529 2.1040582030569825
 692.1180297401647 2.1041031709219457
 700.4892277124828 2.104133297280304
 708.9506601222892 2.1041487088020986
 717.5058795064924 2.104154852299143
 726.1456492691293 2.104161798039788
 734.8848900652176 2.104178075140204
 743.7164968209396 2.1042102704425835
 752.6475746101128 2.104265857479414
 761.6639132851016 2.104347221869822
 770.7868280673596 2.1044437655536136
 780.0021088092512 2.1045370369279834
 789.3168605845942 2.1046130389532735
 798.7310833933886 2.1046667259394715
 808.2447772356344 2.10469434000866
 817.8579421113317 2.1046884920750477
 827.5776830942982 2.1046454242607164
 837.4040001845342 2.104576177971008
 847.3226832344036 2.104505306082425
 857.3550474653604 2.104454532507196
 867.4939878035865 2.1044354264425053
 877.739504249082 2.104448389010152
 888.084491728029 2.1044812598860902
 898.550265461881 2.1045208020509145
 909.1155102291848 2.1045624131597606
 919.8015412513935 2.104603749816849
 930.5941483808718 2.104637760723166
 941.5004366914374 2.104655684534131
 952.5204061830902 2.1046482532249912
 963.6540568558305 2.10461164558281
 974.908493783476 2.1045455871558287
 986.2766118922088 2.104454046938702
 997.765516255847 2.104357608813278
 1009.3752068743905 2.1042871802698424
 1021.0985786740214 2.104266617499667
 1032.9498418023754 2.10430311958348
 1044.9147861118167 2.1043852017707926
 1057.0147268237992 2.104481703231238
 1069.228348716869 2.1045620331496346
 1081.57696701248 2.104611497801094
 1094.0463715629964 2.1046254526174044
 1106.6436674422361 2.1046063043293656
 1119.3759597240168 2.104551435089441
 1132.229038260703 2.1044484945685204
 1145.2171131999302 2.1043083975019025
 1158.3401845416988 2.104178201810246
 1171.5911472121906 2.1040938606738475
 1184.9842113590414 2.1040598286558567
 1198.5051668346154 2.104070004482576
 1212.1682237865488 2.1041101588859376
 1225.9662771410232 2.1041712560696015
 1239.899326898039 2.104268792002057
 1253.981583205232 2.1044248072706386
 1268.198835914966 2.1046263815310464
 1282.5581901010591 2.104846301835893
 1297.0596457635112 2.105085074865346
 1311.710307976141 2.1053502163752395
 1326.5030716651294 2.105636068437025
 1341.4450419042952 2.1059136024993754
 1356.5362186936381 2.1061340717077374
 1371.776602033158 2.1062642462877203
 1387.1661919228552 2.1063058785082406
 1402.7049883627294 2.1062926626005094
 1418.3929913527808 2.1062819589819476
 1434.2444110406452 2.1062804178297684
 1450.2450372786865 2.1062691019726695
 1466.4019751407231 2.1062613117650772
 1482.715224626755 2.1062559705116332
 1499.1847857367815 2.1062246830112223
 1515.8177635446213 2.1061701937814243
 1532.6141580502742 2.106135211738117
 1549.566864179922 2.1061360562050643
 1566.682987007383 2.106180622948228
 1583.9696316064748 2.1063334714657555
 1601.412587829562 2.106601378604903
 1619.0331708980977 2.1068839161339183
 1636.8100655906287 2.107203926883737
 1654.7645871286088 2.1076138944751554
 1672.8825253644017 2.1081018274775176
 1691.170985371826 2.108597339570735
 1709.6370722246986 2.109015202928114
 1728.2736808492024 2.1093556286663925
 1747.0879163191555 2.109603796390638
 1766.0726735607395 2.109805243981004
 1785.2421627215903 2.1099952490442293
 1804.582173654072 2.1101534810385484
 1824.1069165058206 2.1102377799515994
 1843.8092862030184 2.110237737728252
 1863.6892827456647 2.1101813695594953
 1883.754011207578 2.1100509205277542
 1904.0105766625767 2.1098573264800015
 1924.4447689630242 2.1096455763928743
 1945.063693182738 2.109461334816567
 1965.8673493217195 2.109335952586512
 1986.8628424537853 2.1092935603457392
 2008.050172578936 2.109319654374422
 2029.422234623354 2.1094297939760715
 2050.9932387346743 2.1096198623743176
 2072.748974765262 2.109863047743572
 2094.7036528627527 2.110136443917879
 2116.850167953328 2.1103697068004985
 2139.1885200369874 2.110563427518293
 2161.732919261369 2.1106296126153165
 2184.469155478834 2.1105856158873432
 2207.404333763203 2.1104781574682527
 2230.538454114474 2.1103884328550632
 2253.8715165326484 2.1103834716117453
 2277.4106260915432 2.1103016005411694
 2301.1486777173413 2.110005129307517
 2325.09277648386 2.1096290248406996
 2349.2429223910994 2.1093470151035265
 2373.592010365241 2.1090542173010966
 2398.1542505539223 2.1086858608185243
 2422.922537883324 2.1083376026493065
 2447.8968723534462 2.1079926801245316
 2473.084359038108 2.1075939861668646
 2498.4778928634896 2.107309379693827
 2524.0774738295926 2.107388231795065
 2549.897312084052 2.10764302858485
 2575.9303025530502 2.107753822648384
 2602.169340162769 2.107815722075648
 2628.6286350608447 2.1078946375119076
 2655.3010821734596 2.1077844134635634
 2682.1866815006123 2.10741422026538
 2709.2925381161226 2.1070382846919524
 2736.611546946171 2.1067910881046962
 2764.1508130645765 2.1065163618949465
 2791.903231397521 2.106129722702957
 2819.8830120926395 2.105534922408368
 2848.075945002297 2.1049609382240386
 2876.4962402741293 2.1046669792795555
 2905.136792834318 2.1045463893994287
 2933.9904976090456 2.1044874456064817
 2963.071564745948 2.104464074983705
 2992.3799942450245 2.1044577837049445
 3021.9086810324583 2.1046671903962925
 3051.6576251082483 2.105160781327204
 3081.6339315462137 2.105944763329745
 3111.837600346353 2.1067584072338214
 3142.261526434849 2.107710227042211
 3172.9128148855206 2.1087120392939016
 3203.7914656983657 2.1099384586419986
 3234.8903737995683 2.1110125361527365
 3266.223749336763 2.112205641279748
 3297.777382162315 2.113579800120339
 3329.565482423859 2.1151243301676223
 3361.57383997376 2.116381108102487
 3393.809559885836 2.1172635760627995
 3426.279747233904 2.1177580114606584
 3458.970191870329 2.1180162072299082
 3491.8951039427465 2.118100653924674
 3525.0473783773386 2.117875814599858
 3558.4270151741052 2.1174067132104292
 3592.034014333047 2.1167279729012413
 3625.8683758541633 2.1159267848846425
 3659.930099737454 2.115078940069185
 3694.2262910567374 2.114308363979439
 3728.742739664378 2.1137220928010207
 3763.4936557080104 2.1133072484129793
 3798.46482904 2.112996484576238
 3833.670469807982 2.1127771342865813
 3869.0963678643206 2.1126523642950636
 3904.756733356652 2.1126014851614667
 3940.63735613734 2.112598951760624
 3976.7524463540212 2.1126253413527384
