 0.0E+0 0.0E+0
 0.21421941024439172 7.484935630667983E-4
 0.6451767049847358 7.151293757046343E-3
 1.0812044414507657 0.020291600837403184
 1.5223642039549394 0.04039365140573603
 1.9687046116913027 0.06764746617480652
 2.420301294517259 0.102192714244011
 2.877208273759526 0.1441141727742672
 3.339484972877493 0.19344554891543375
 3.8071962174632205 0.2501726814686593
 4.28040683310877 0.3142296900740698
 4.759187047538872 0.38548807496431
 5.2435854799475745 0.46374364274982243
 5.733661553794265 0.5487066399475063
 6.229523311732379 0.6399990393210341
 6.731219372955961 0.7371601192259705
 7.238803758791729 0.8396587548918676
 7.7523304905664 0.9469091226825047
 8.271961632260126 1.0582855454106261
 8.79764316254619 1.1731335522114405
 9.329483124078028 1.2907769325375397
 9.86758955950907 1.4105212327512082
 10.412016490166039 1.5316560365107101
 10.962871958702365 1.6534561809763117
 11.520155965118052 1.7751804645913837
 12.083976552066531 1.896066934284071
 12.654441762201238 2.015323839935017
 13.23160561684889 2.1321193726390625
 13.815522137336206 2.2455716310055793
 14.40629936631662 2.3547422360768623
 15.004045346443563 2.4586346590448484
 15.60876007771704 2.556198173920687
 16.2206056241172 2.6463371311056427
 16.839581985644045 2.727925019773211
 17.465905247604442 2.799823471088187
 18.099521388671675 2.860905214095303
 18.74053845149918 2.9100808322516793
 19.389118500067105 2.946330840860617
 20.04531555570217 2.968742325277964
 20.709183639731094 2.9765489236850415
 21.380884816134024 2.969170049732805
 22.060419084910964 2.9462437301043973
 22.747894488715346 2.907651612751447
 23.443473091527327 2.8535350816238387
 24.14720891467362 2.784303162008849
 24.85915597948094 2.700633888762916
 25.57947634992944 2.6034705816807046
 26.308224047345845 2.4940125719241983
 27.04550711438358 2.3736974910225252
 27.79143359369608 2.244175046429643
 28.546111527936787 2.1053841310986736
 29.309594938432415 1.9649738228400774
 30.082045889163115 1.8193244104022474
 30.8635184014556 1.6724052788789958
 31.65417453929003 1.5262370785605383
 32.45406832399312 1.3827077412551003
 33.2633077982183 1.2435143304385622
 34.082001004619016 1.1101273152026072
 34.9103100071754 0.9837656380312992
 35.74834284854091 0.8653840966636217
 36.59615355004224 0.7556837502562393
 37.45385015433284 0.6551287638368829
 38.321594725392856 0.5639522917009735
 39.19949530587573 0.48216413190826373
 40.08765993843489 0.4095696078813069
 40.98619666572377 0.345796857028042
 41.895267551722525 0.29032658218157053
 42.81492661775788 0.2425224339468069
 43.74533592780997 0.20166833302273273
 44.68665754585894 0.1670136902624977
 45.638945493231545 0.1378147272729662
 46.602361833907906 0.11336292043302253
 47.57701461054147 0.09300236983580111
 48.56306588711238 0.07614049430037972
 49.56062370627407 0.062251408623872593
 50.56985013200671 0.05087191086169144
 51.590799185636996 0.0415960367650886
 52.6236869524718 0.034072452539500586
 53.66867549649128 0.02799975724879381
 54.72576481769545 0.02311644151430768
 55.79538708669803 0.019193410888343472
 56.87743426084558 0.01603344768300023
 57.97190634013811 0.01347274414988941
 59.0793435378428 0.011381070468591444
 60.199205640692476 9.659107454827E-3
 61.33257307522146 8.232369330998203E-3
 62.478905628162614 7.044081699745352E-3
 63.63874351278309 6.04943846709229E-3
 64.81208672908288 5.212009701951919E-3
 65.99947549032917 4.502194546055227E-3
 67.2003695832548 3.8968026110416005E-3
 68.41476900785973 3.378426796216621E-3
 69.64375419067835 2.9340790094485452E-3
 70.88732513171064 2.553669529578277E-3
 72.14494161768943 2.2289410778552607E-3
 73.4171438618819 1.9528157913173381E-3
 74.70447207755518 1.7190704197703938E-3
 76.00638605144216 1.5222409296286208E-3
 77.32396621007715 1.357157001060167E-3
 78.656672340193 1.2178945705519645E-3
 80.00450444178968 1.1041408926583421E-3
 81.36800272813437 9.890650277270785E-4
 82.74770741249426 8.890958573426553E-4
 84.14307828160217 7.968901860644575E-4
 85.55519576199242 7.13433102762667E-4
 86.9835196403979 6.395041498887099E-4
 88.42804991681855 5.749122082677497E-4
 89.88932680452157 5.185415609017134E-4
 91.36789051677411 4.6870577851611206E-4
 92.86374105357619 4.2362580254541956E-4
 94.37633820166066 3.8193302875345896E-4
 95.907302600829 3.429522043550633E-4
 97.45501361127968 3.065927600081421E-4
 99.02163208608142 2.7300027557335143E-4
 100.60553738543273 2.4227116578296776E-4
 102.20835014913507 2.143629926481628E-4
 103.8295301639213 1.8913300398727816E-4
 105.4696176430586 1.6640107208738743E-4
 107.12861258654692 1.4598817902355793E-4
 108.80651499438632 1.2772799341990862E-4
 110.50440529311112 1.1146410358091319E-4
 112.22120305618697 9.704347278275226E-5
 113.95852892341539 8.431136921446548E-5
 115.71530246826205 7.310972866059613E-5
 117.49314433052845 6.327886783142279E-5
 119.29097408368025 5.466160958175499E-5
 121.10933194098463 4.710852019810921E-5
 122.94929832897593 4.0482778783563424E-5
 124.81033303438699 3.4663588715644705E-5
 126.69243605721778 2.954753523629963E-5
 128.5966878240027 2.504790209613649E-5
 130.52254812147447 2.109252115015526E-5
 132.47109737616756 1.762099028647566E-5
 134.44179537481474 1.4582011455409756E-5
 136.43518233068314 1.1931184775792248E-5
 138.45125824377285 9.629207789941322E-6
 140.4911035406182 7.64028299390055E-6
 142.55363779468476 5.930782215189728E-6
 144.64048164577414 4.468438367891362E-6
 146.7516350938863 3.222297564538614E-6
 148.88655792575406 2.163299550438593E-6
 151.04579035464462 1.2650656531478978E-6
 153.2304128070923 5.044449729951442E-7
 155.43988506982995 -1.3840953563116354E-7
 157.67474735612475 -6.803874625611394E-7
 159.93499966597664 -1.13595246188092E-6
 162.22172242592003 -1.517593350346963E-6
 164.53437542268773 -1.836052336047084E-6
 166.8734988695469 -2.100370010421929E-6
 169.23909276649754 -1.4001223905527765E-6
 171.63223754007401 -6.91719340536716E-7
 174.0529331902763 -2.6345373482688223E-6
 176.50063950383724 -2.7417284260159593E-6
 178.9769771205584 -2.8189551519197016E-6
 181.4814058271725 -2.868703603111742E-6
 184.01446583694675 -2.893138626308603E-6
 186.57669736314838 -2.883549535561878E-6
 189.16810040577735 -2.873851271106462E-6
 191.7886749648337 -2.8340273650933552E-6
 194.43950146685168 -2.7769299890223335E-6
 197.12112012509854 -2.7049871461876085E-6
 199.83245051303993 -2.6208592872590637E-6
 202.57511327047731 -2.527251938542219E-6
 205.3491083974108 -2.4265909749707495E-6
 208.15443589384025 -2.3208194376881862E-6
 210.99163597303294 -2.211515354006152E-6
 213.86124884825602 -2.1002258900084973E-6
 216.76381473277663 -1.9887153045537373E-6
 219.69879341332767 -1.8789162250213518E-6
 222.6672653164434 -1.7726170063516364E-6
 225.66977065539103 -1.6710933726472382E-6
 228.70630943017056 -1.5749024222784312E-6
 231.776881640782 -1.4839388013986877E-6
 234.88310792702688 -1.3976926156339056E-6
 238.02390786237077 -1.3155481606861974E-6
 241.20036187334812 -1.237020550417758E-6
 244.41246995995888 -1.1619539584322082E-6
 247.66131254873744 -1.0907209998490845E-6
 250.94688963968374 -1.0243340141547156E-6
 254.26974144606498 -9.642741882563401E-7
 257.6304081811483 -9.119094498755362E-7
 261.02834963166662 -8.676217637156227E-7
 264.4651864374213 -8.300850091369769E-7
 267.9403783851454 -7.962474211826137E-7
 271.455005901373 -7.620031643401397E-7
 275.00906898610435 -7.225364504339717E-7
 278.6031078526064 -6.716160099115465E-7
 282.2376627141465 -6.01325230929943E-7
 285.9132737839917 -5.041247611525171E-7
 289.62994106214205 -3.7621404798060085E-7
 293.38874497513194 -2.197346097789857E-7
 297.18968552296126 -4.280525340163266E-8
 301.03276270563014 1.4231006036471808E-7
 304.91959716294 3.219775837367946E-7
 308.8496486816237 4.836233510942567E-7
 312.8239976882156 6.172123629476447E-7
 316.8426441827157 7.162929276057517E-7
 320.90612837839114 7.790786208553393E-7
 325.0149904885091 8.091565359358993E-7
 329.1697707263368 8.146570557023217E-7
 333.37100930514134 8.016544676852009E-7
 337.61924643819 7.885064218877678E-7
 341.91502233874984 7.704795882130177E-7
 346.2583370068209 7.548700552194992E-7
 350.64973065567033 7.431190042376635E-7
 355.09028371183256 7.347032158361958E-7
 359.5805363885747 7.282027086758402E-7
 364.1199484726296 7.220085258056153E-7
 368.7101406037987 7.152534439213024E-7
 373.3516529953493 7.081538336752397E-7
 378.0439454340141 7.005435461224489E-7
 382.78863855959474 6.887154180840627E-7
 387.5857323720911 6.622599498317534E-7
 392.43576708477053 6.05748465808541E-7
 397.3392829109 5.074478388688172E-7
 402.29682006374673 3.676902528832236E-7
 407.30945896984525 1.980535406911237E-7
 412.3771996291953 1.3576038047469547E-8
 417.5005822550642 -1.7292329612649678E-7
 422.6806872739863 -3.508248883567808E-7
 427.9175146859615 -5.083566336150741E-7
 433.2116047042571 -6.296557164027976E-7
 438.5640377554074 -6.618614757611727E-7
 443.9753540526795 -6.423903158902892E-7
 449.44555359607346 -6.227072805650852E-7
 454.97571681212366 -4.894179494764406E-7
 460.56638391409722 -3.077577257487584E-7
 466.2180951152613 -9.447134907510878E-8
 471.9319308421504 1.3164958132148098E-7
 477.7073508814971 3.5449113380434537E-7
 483.5459758731031 5.578956541303813E-7
 489.4483460302355 7.215668149815383E-7
 495.4144613528943 8.379483891626375E-7
 501.445942480881 9.225313371814848E-7
 507.54224920092855 9.917428093327544E-7
 513.7050021528383 1.0433810926549278E-6
 519.9347415498776 1.0620794240787563E-6
 526.2314673920463 1.0339081399739876E-6
 532.5962601058787 9.548757281941566E-7
 539.0296599046424 8.326863978019891E-7
 545.5343678546726 6.829272503912123E-7
 552.1033611834965 5.188687203212327E-7
 558.7479843697246 3.3834850730688325E-7
 565.4628352806852 1.277953408282948E-7
 572.2533160490501 -1.1040116992413075E-7
 579.1086224094757 -3.3957868449406215E-7
 586.0449607599772 -5.05188728584417E-7
 593.0515268352113 -5.096509370921417E-7
 600.1337227678496 -4.3382247334434205E-7
 607.291548557892 -3.571842472071676E-7
 614.5250042053387 -9.854857758200518E-8
 621.8340897101897 1.6279127380175014E-7
 629.2242072051166 4.3115297001799555E-7
 636.6953566901195 6.332219669116127E-7
 644.2367338998548 7.500615946851898E-7
 651.8645452323378 7.942767873649927E-7
 659.5733885548967 7.848805316762214E-7
 667.3632638675316 7.459085551766251E-7
 675.2287690375708 7.564675193609608E-7
 683.1861104630294 7.671497681545914E-7
 691.2190817458923 8.720970218067484E-7
 699.3438892841743 9.873015289973271E-7
 707.5497288125325 1.090577411525787E-6
 715.8420024636383 1.2093146931544662E-6
 724.2207102374917 1.3807862877684341E-6
 732.685852134093 1.6062651069939161E-6
 741.2428302861136 1.8255082099135722E-6
 749.8862425608819 1.934509990386632E-6
 758.6214910910696 1.946876905293395E-6
 767.4485758766767 2.025081308811882E-6
 776.3620947850317 2.287176442697106E-6
 785.3728520814776 2.711091740281847E-6
 794.4700435006712 3.150085180044592E-6
 803.6698754406277 3.4753949022325394E-6
 812.9561415033319 3.6728916334023195E-6
 822.3450480867989 3.799159358658542E-6
 831.8257909256854 3.888524656788696E-6
 841.403772152663 3.9065058067248E-6
 851.0843939004035 3.784748989598679E-6
 860.8568519035634 3.5065808570106674E-6
 870.7319504274861 3.1092214938968187E-6
 880.7096894721718 2.5970506861756463E-6
 890.7846669049487 1.9317004784663584E-6
 900.9676869911601 1.0965416858504082E-6
 911.2479454654625 1.25511685986143E-7
 921.6362465931998 -8.910325894174543E-7
 932.1271882416997 -1.8340554777871457E-6
 942.7207704109626 -2.5876159679714765E-6
 953.4277973663319 -3.1374770762813846E-6
 964.237464842464 -3.551537608507619E-6
 975.1551749720306 -3.8130543604172103E-6
 986.1809277550319 -3.991496487812026E-6
 997.3201253241396 -4.304032474179347E-6
 1008.5673655466818 -4.711161240191638E-6
 1019.9280505553304 -5.032922149224589E-6
 1031.4021803500854 -5.10319973935786E-6
 1042.9897549309464 -5.036268843092349E-6
 1054.690774297914 -4.968682679310951E-6
 1066.505238450988 -4.473612488367028E-6
 1078.4331473901681 -3.6539053652031326E-6
 1090.4853053807983 -6.905324982903057E-7
 1102.6509081575345 -2.734076416369205E-7
 1114.935357853049 1.4779214700864212E-7
 1127.3386544673417 1.058724595784033E-6
 1139.8607980004121 1.6784255746934374E-6
 1152.5071905849326 2.305241662874379E-6
 1165.2778322209028 2.925208534825019E-6
 1178.167320775651 3.3139792030477214E-6
 1191.181058381849 3.4419865589905427E-6
 1204.3244471721684 3.2913570109373195E-6
 1217.5866828812661 2.761548099390705E-6
 1230.983971907157 1.9171530581905584E-6
 1244.5001078518257 1.13953411259847E-6
 1258.151297113288 7.79665060195858E-7
 1271.9267354262 8.192462999968756E-7
 1285.8318249232336 8.59200069113668E-7
 1299.8719677370602 9.398621209481169E-7
 1314.0417617350085 8.222922450733827E-7
 1328.34660904975 3.3726363633400573E-7
 1342.7811075486131 -3.6577826299965455E-7
 1357.3560614969412 -1.0197819830585447E-6
 1372.0606666293906 -1.5399356630468931E-6
 1386.9057272113052 -1.6464297922652948E-6
 1401.8858411100131 -1.6180588132784038E-6
 1417.001008325514 -1.5894320555411808E-6
 1432.25663099048 -9.427167085040257E-7
 1447.658111237583 7.723295895959784E-7
 1463.194644801479 2.7935619864173015E-6
 1478.8716338148396 3.4530079699742316E-6
 1494.6890782776658 3.1073189676163462E-6
 1510.6523803226284 3.1108948097824926E-6
 1526.7615399497278 3.1145033246181766E-6
 1543.0111550262922 3.1908279297061997E-6
 1559.4120298176651 2.5002602982644765E-6
 1575.953360058503 1.3340442218462387E-6
 1592.6459500141493 1.97059763549183E-7
 1609.4843975519322 -8.082362480427483E-7
 1626.4687026718518 -1.0341194481170205E-6
 1643.609669639252 -5.33565752116016E-7
 1660.8964941887884 -2.875269595365015E-8
 1678.3345784531334 9.391979204351614E-7
 1695.9239224322868 1.3430917304586261E-6
 1713.6645261262488 1.3157823563580233E-6
 1731.561791667691 1.2667235564326364E-6
 1749.6103169239413 1.553025896887391E-6
 1767.815504027672 1.841813351940526E-6
 1786.1773529788831 2.6622660093949987E-6
 1804.6904616449023 2.9035339952432293E-6
 1823.3656342910737 2.102873038425032E-6
 1842.197468784725 8.097540731563551E-7
 1861.1859651258566 4.5267939090906096E-7
 1880.3365254471402 -2.845584590841959E-6
 1899.6437476159037 -4.5857206110422435E-6
 1919.1076316321477 -5.7270829093281815E-6
 1938.7389817612152 -7.355160291235711E-6
 1958.5323958704345 -8.98019845031084E-6
 1978.482471827134 -9.827878083908025E-6
 1998.6000138966574 -1.0261743619023885E-5
 2018.8796199463326 -1.0715280526392863E-5
 2039.3212899761592 -1.0888484330149894E-5
 2059.93042611881 -1.0343626138135805E-5
 2080.7016262416127 -9.794483346970885E-6
 2101.640292477239 -8.181106247233359E-6
 2122.741022693017 -6.7892449594034564E-6
 2144.0146211542905 -5.998474646021371E-6
 2165.450283595716 -5.620289530949754E-6
 2187.058814282637 -5.2388745793295535E-6
 2208.834811082381 -4.854503661834297E-6
 2230.772871862277 -3.904114517649832E-6
 2252.8838008876687 -3.0267444066024984E-6
 2275.167598158556 -1.8973759520265301E-6
 2297.6188615422665 -2.011381812171012E-6
 2320.237591038801 -3.30639615850979E-6
 2343.0291887808307 -4.7778103942963044E-6
 2365.993654768355 -6.462111384261989E-6
 2389.125586868704 -7.96962702348431E-6
 2412.4303872145483 -8.120530222631985E-6
 2435.908055805887 -8.272552777916124E-6
 2459.5531905100506 -7.3940679140845774E-6
 2483.3765955923804 -6.508959792198105E-6
 2507.3674667875343 -3.570917243341567E-6
 2531.536608360855 -3.0427566710171362E-6
 2555.873216047 -2.4130930644777804E-6
 2580.3826919786392 -1.6650121905188946E-6
 2605.0704382884464 -1.0991000512274447E-6
 2629.925650711077 -7.608515692644614E-7
 2654.9591335118743 -5.442920705368045E-7
 2680.1654845581674 -3.9278030183887234E-7
 2705.544703849956 -2.8146310834395014E-7
 2731.0967913872395 -1.9786216307250753E-7
 2756.821747170019 -1.3446314472806023E-7
 2782.7195711982935 -8.62220516765625E-8
 2808.7956656047354 -4.9543354769512785E-8
 2835.0392261240003 -2.1771687838322018E-8
 2861.4610570214326 -9.022361272527157E-10
 2888.0503540316885 1.4600582921343072E-8
 2914.817921420112 2.592444837963068E-8
 2941.752954921358 3.399421020555683E-8
 2968.866258800772 3.9533549747896773E-8
 2996.1470287930096 4.311070354368581E-8
 3023.6060691634143 4.458731397170335E-8
