 0.0E+0 0.0E+0
 0.2711594663994602 0.27115946639946025
 0.8166662902182228 0.8165136141162606
 1.368591291881738 1.367425917165133
 1.9270124249670677 1.9224905984909317
 2.491991231771893 2.479541750173021
 3.0636234447592705 3.0357907413596332
 3.641977444259958 3.588045382168287
 4.227128448637785 4.13296085110614
 4.819158514289661 4.667269541866967
 5.418149697612492 5.1879725657684074
 6.02419089303626 5.692475975135171
 6.637343642858646 6.178671488266858
 7.257683165443483 6.6449685161915
 7.88534622145228 7.0902851688512065
 8.520394353182718 7.514012279844772
 9.162895940965557 7.9159576886509634
 9.812919365131545 8.296282406482778
 10.470669766672957 8.655434149805776
 11.136078765259036 8.994081531940404
 11.80928312155129 9.313054177420106
 12.490419596211236 9.613288759105219
 13.179556569569625 9.895785345279178
 13.876830802287973 10.161570546945821
 14.582242294366278 10.41167316872224
 15.29592780646605 10.647104246958154
 16.018024099248805 10.868845204224323
 16.748599553045295 11.077839732943508
 17.487722548186276 11.274987653273337
 18.235529845333267 11.46114184204777
 18.99215820514777 11.637106258525154
 19.757607627629795 11.80363375077497
 20.5320832537716 11.961426713761805
 21.31558508357319 12.111137308706686
 22.10838663835759 12.253368559893707
 22.91041953779404 12.388676548283275
 23.721820542544055 12.517573482570684
 24.542794793599902 12.640529673438033
 25.373410671292337 12.757977043335435
 26.213736555952117 12.870311978178266
 27.063977588571503 12.977898617767028
 27.92413376915051 13.081071488123273
 28.794341858350634 13.18013857254815
 29.674806997164154 13.2753854794876
 30.56559756592182 13.367076978061627
 31.466781944954384 13.455457875509609
 32.378565275254125 13.540748629963776
 33.30101593715179 13.623144253642598
 34.23427069130889 13.702818480715953
 35.17846629838695 13.779932103035508
 36.13373951904747 13.854640428419792
 37.10015873362121 13.927096351712756
 38.07792908310043 13.997452548397018
 39.06711894781589 14.065861035871222
 40.06793346875987 14.13247229600474
 41.08044102626311 14.197428255575236
 42.104778380987134 14.260858776487465
 43.14108229359345 14.322880558966652
 44.18955790507431 14.383596483474507
 45.250341976091256 14.44309846240646
 46.323502886975013 14.501473582208773
 47.409177398387114 14.55880717443711
 48.507570651319824 14.615174699387477
 49.618819406434646 14.670642842902861
 50.74306042439309 14.725271709986476
 51.88043046585669 14.779117237776353
 53.03113467181769 14.832235144049193
 54.19524142260686 14.884680707859049
 55.37295585921647 14.936505479117445
 56.56448312263876 14.987757059232028
 57.76989159320452 15.038479320467925
 58.989386411906 15.088716354451584
 60.22310433940471 15.138514885145353
 61.47125051669294 15.187920759066289
 62.733961704432175 15.236972803169023
 64.0114430436147 15.285702386123116
 65.30376291457125 15.334140657236803
 66.61119483862487 15.382322275599533
 67.93394395676782 15.430286726249912
 69.2720102690001 15.478070203806666
 70.62594081796777 15.525697276738262
 71.9955988430093 15.573180668001587
 73.3809843441247 15.620522132487245
 74.78278112462152 15.66771750233005
 76.20030538119222 15.714767216252653
 77.63492472045189 15.761676538926865
 79.085955339093 15.808450296301855
 80.55408104042309 15.8550909013522
 82.03930182444216 15.9016060317243
 83.54230149445779 15.948017404189391
 85.06239624716238 15.994355729333053
 86.59958608255597 16.040649962850267
 88.15523860725366 16.086918969815037
 89.72935382125547 16.13316933106713
 91.32124792125381 16.17939402704413
 92.93160471055627 16.225579237982515
 94.56110799247037 16.27171026667348
 96.20907396368858 16.317769564210973
 97.87687023082603 16.363735194462432
 99.56381299057514 16.40959136341241
 101.2699022429359 16.45533061277584
 102.99582179121589 16.500951845746097
 104.74225543872268 16.546462520608244
 106.50851938214868 16.59188369604955
 108.295981228109 16.63724915371415
 110.10395717329614 16.682594210775466
 111.93244721771005 16.727945848676554
 113.7821351646583 16.77331437739971
 115.65370481744843 16.81869760333168
 117.54715617608048 16.86409859753103
 119.4618054372469 16.909533154013196
 121.39970401087031 16.95502255082676
 123.35880048702805 17.000592453246827
 125.34183007895038 17.046263481237993
 127.34674137671462 17.09204682222787
 129.37558579024343 17.137954979812022
 131.4276795162293 17.184014277349515
 133.5037063579797 17.23025301245135
 135.60366631549467 17.27668478551972
 137.72755938877426 17.32331464186511
 139.87675318443353 17.37014587190741
 142.04988009585741 17.417177159478661
 144.24899153296851 17.46440565288163
 146.47271988915176 17.511837274872114
 148.72311657432985 17.55948891627218
 150.99881398188762 17.607375713013293
 153.30049591513264 17.655495252120875
 155.62952998068004 17.703837223612623
 157.98523237522226 17.752392414312858
 160.3676030987593 17.801136255753114
 162.7780097579063 17.850031017785386
 165.21576854935565 17.899043796210836
 167.6822470797225 17.94815484851016
 170.1767615456993 17.997373607220353
 172.69999575059355 18.046742189715935
 175.25194969440534 18.096311707185776
 177.83399098374974 18.146114186383407
 180.44475201201163 18.196142607746413
 183.08628418911368 18.246365383243905
 185.75858751505592 18.29675487334886
 188.46097818653078 18.347295503407156
 191.1941400068458 18.397974111739255
 193.9594405826161 18.448767665405977
 196.75619611053417 18.499641505317867
 199.58509039390753 18.550557462604274
 202.4461234327362 18.60147912328515
 205.3406628336352 18.652368976573807
 208.26802479329711 18.70322285460507
 211.22889311502942 18.754093623458402
 214.22326779883218 18.805038755801117
 217.25251645132041 18.85609225263868
 220.3166390724942 18.907293160287046
 223.41495185904597 18.958691712489788
 226.5495062208984 19.010312038992715
 229.71961835474391 19.06213483599918
 232.92597206389001 19.1141423352418
 236.1692511516444 19.16635822774375
 239.44945561800696 19.218816075787842
 242.76658546297775 19.271494601325496
 246.12200829317183 19.324302550045256
 249.51640791189683 19.377122563637922
 252.9484167125376 19.42987567202628
 256.4200861050168 19.48254586183356
 259.93141608933444 19.535152875579065
 263.48240666549054 19.587753966568776
 267.07374163679264 19.64043490508101
 270.70610480654835 19.6932628156814
 274.3801799780651 19.746276086601927
 278.0952833480355 19.799469014448124
 281.85278252307455 19.852783687830033
 285.65336130648984 19.906170092365417
 289.49701969828134 19.959613092122804
 293.38375769844913 20.01311071285027
 297.31562671691585 20.06667238708481
 301.29125914706634 20.120308424808733
 305.31202259551577 20.17398723799115
 309.3779170622641 20.227591029600205
 313.4903101539265 20.28096054331352
 317.64920187050296 20.333990705056113
 321.855276015301 20.386647294461205
 326.10921639162813 20.438916053042625
 330.41033919617694 20.490805316530746
 334.76069583887 20.54235106018297
 339.1596025163998 20.593571929711966
 343.6084268353814 20.644457176412792
 348.1071687958149 20.694960076323084
 352.6565122010078 20.744995297887182
 357.2571408542676 20.79448540655715
 361.90973855890194 20.84337929114412
 366.6143053149108 20.891608730275834
 371.37220872890924 20.939083785808787
 376.1834488008974 20.985741281681203
 381.0480255308751 21.03153624882134
 385.9679903287652 21.076394543101137
 390.94265939126006 21.120179502414746
 395.97340032497476 21.16275468401764
 401.0602131299093 21.204093983912063
 406.20378160937133 21.244258823269195
 411.40478956666834 21.283308649008272
 416.66392080510786 21.321250261330387
 421.98185912799755 21.358028600542816
 427.3592883386449 21.393557677005915
 432.7968922403574 21.427784405278895
 438.2946708331352 21.460706153025842
 443.8533079202857 21.492291112854545
 449.47417110842422 21.522415126254713
 455.1579442008582 21.55096434469836
 460.9039433942801 21.577919903111475
 466.7142200986125 21.60330395698795
 472.58945811716313 21.62716213348351
 478.52897364662425 21.6495119815042
 484.5348180969187 21.67036775953619
 490.60699146804643 21.68984309674614
 496.746177563315 21.708082332886302
 502.95306018603184 21.725149740825077
 509.22832313950465 21.74104619800777
 515.5733340303486 21.755797589070795
 521.9880928585636 21.76946972241184
 528.4732834274572 21.782132135571117
 535.0302733436446 21.793862263096574
 541.6590626071256 21.804752456106285
 548.360335021208 21.81486501321672
 555.1354581925068 21.824197082730652
 561.9851159243295 21.83273747722047
 568.9093082166763 21.84049431305522
 575.9094026761622 21.847445873463676
 582.9860831060946 21.853561009137596
 590.1400333097813 21.85884257177421
 597.3726208938374 21.86332565918562
 604.6831620549553 21.867103499935208
 612.0737082030575 21.870316704632681
 619.5449431414518 21.87309316093088
 627.0968668701381 21.875529607174385
 634.7315307990391 21.877694045374138
 642.4482511248473 21.879626838014054
 650.2490792574852 21.881338514437757
 658.1346990002605 21.882820300192225
 666.1051103531732 21.884080750369157
 674.1616809228383 21.8851459689663
 682.3050945125635 21.886047763375866
 690.5387701388867 21.886834612450815
 698.8538183588092 21.887573202034133
 707.2645990417901 21.888326927548913
 715.7642741547538 21.889124525328817
 724.3596817307758 21.889945375409233
 733.0371457037049 21.890755476784697
 741.817180172768 21.891543422666273
 750.6861090718137 21.892310748583245
 759.6507704339177 21.893044731578722
 768.7111642590802 21.893716854680377
 777.8672905473009 21.894324046829655
 787.1191492985799 21.894915225602161
 796.4735785459928 21.895556199395585
 805.9305782895398 21.896269562426454
 815.4764724630694 21.897020874966656
 825.1317751658084 21.897765387305764
 834.8896483646814 21.898505073695705
 844.7500920596883 21.899275031948583
 854.7062682177536 21.900049158066646
 864.778690938104 21.900725887756141
 874.9468461215127 21.901246870904454
 885.2312478672063 21.901644134265126
 895.6182201090342 21.901939175248067
 906.1146008800712 21.902085708613572
 916.7203901803178 21.902046662297614
 927.4355880097742 21.90179329996654
 938.2670324015155 21.90128218807788
 949.2078853224663 21.90059514840608
 960.2649848057023 21.8999870788115
 971.4383308512232 21.89971594821305
 982.7210854259539 21.899875862619417
 994.1269245960451 21.9003485862761
 1005.6421722953457 21.900867814533807
 1017.2873426230828 21.90120168247138
 1029.0419214800294 21.901292278698853
 1040.9264229654122 21.90122449604924
 1052.9271710130801 21.901089369472671
 1065.0510036561088 21.90094371355247
 1077.3047589275736 21.90089808639674
 1089.6747607613235 21.90107138184397
 1102.1746852235098 21.901435741005801
 1114.8045323141325 21.901841998180824
 1127.557464000116 21.902199776502886
 1140.447156347611 21.90256303885809
 1153.459933290467 21.9029203784575
 1166.6094708948346 21.90319545755981
 1179.888931127639 21.90349181471071
 1193.298313988879 21.903776326350016
 1206.851295544707 21.90405732820812
 1220.534199728971 21.90460046685032
 1234.3538645747471 21.90548208001793
 1248.310290082035 21.90643410817106
 1262.4103142839103 21.907179936678122
 1276.6470991472976 21.907707500666202
 1291.0274827052724 21.908158946274301
 1305.5514649578346 21.908655799676797
 1320.2190459049841 21.909159453280388
 1335.0302255467213 21.909729354004312
 1349.985003883046 21.910484176325724
 1365.0833809139583 21.911260934779694
 1380.339032705609 21.911868126928972
 1395.7382831918471 21.912411704293823
 1411.2879704057486 21.913339602701135
 1426.988094347313 21.914862847746142
 1442.8386550165405 21.916613131763156
 1458.8464904465067 21.917895737433973
 1475.0116006372115 21.918308794810087
 1491.3271475555795 21.918369557897282
 1507.7999692346861 21.91859396453338
 1524.436903707607 21.919022815924936
 1541.2242749081908 21.91975789572704
 1558.1825969356643 21.92109358683866
 1575.2913556908013 21.922986236355985
 1592.571065272828 21.92525355501745
 1610.0080496155933 21.927601159924083
 1627.6091467521732 21.92991739616116
 1645.3811947156425 21.932215425408205
 1663.3173554729262 21.934686750102482
 1681.4244670571 21.93723156084084
 1699.6956914350878 21.939398850737823
 1718.1447046730411 21.941401619640608
 1736.7578307048088 21.943202576123837
 1755.5487455965417 21.944821462706805
 1774.5106113151646 21.946315313334181
 1793.6434278606773 21.947326569045227
 1812.9540332661554 21.947651223807124
 1832.449265564675 21.94761831960828
 1852.115448690084 21.946973397310998
 1871.9594206754582 21.945512450882468
 1891.9811815207986 21.944635005580042
 1912.1875692591795 21.945128568562655
 1932.5785838906015 21.94608279032904
 1953.1473873819891 21.9474976708792
 1973.907655799493 21.949267916776836
 1994.845713076963 21.95113906888426
 2015.9752352805494 21.9522753605509
 2037.2893843771764 21.952148130982045
 2058.7881603668447 21.952501302716274
 2080.4852393157057 21.953258099289612
 2102.366945157607 21.953291003488452
 2124.4401159256253 21.95233678172207
 2146.7047516197603 21.949866773195747
 2169.160852240012 21.947453798614077
 2191.8152558194556 21.947238824514986
 2214.661124325016 21.947730193884343
 2237.7052957897685 21.947173016117304
 2260.9477702137137 21.94563090599829
 2284.381709563775 21.943005150930787
 2308.0207899061047 21.940401331995843
 2331.8581732076263 21.937679057945075
 2355.89385946834 21.933702256473164
 2380.134686721322 21.930843100955215
 2404.5738169334954 21.929466169914388
 2429.211250104862 21.92871507673551
 2454.060662301571 21.929105320533764
 2479.1152154905485 21.92974015221007
 2504.368071638718 21.929749584747067
 2529.832906812231 21.928333607390282
 2555.502882978012 21.92470646787139
 2581.3780001360605 21.9206116500063
 2607.4650963194526 21.91645804330595
 2633.7573334951125 21.912240821821175
 2660.261549696116 21.908815714083164
 2686.970906889387 21.906310169022091
 2713.8990811410776 21.904610338109971
 2741.0323963850355 21.904685798405981
 2768.384528687413 21.90498083938892
 2795.948640015133 21.905239247030486
 2823.7178923351216 21.905950635809425
 2851.7059617135287 21.90663328825471
 2879.9128481503553 21.910733590152936
 2908.3317136125247 21.917613638769246
 2936.962558100038 21.92332405279742
 2965.8122196459703 21.926249894158353
 2994.880698250321 21.93054433082974
 3024.161155880016 21.938971096152897
 3053.66043056813 21.948083365618565
 3083.3785223146624 21.956666974289532
 3113.3085930865386 21.965353682783526
 3143.464318949909 21.974652409375966
 3173.832023838623 21.983894102023747
 3204.425383818832 21.994522158249356
 3235.2307228243844 22.004917691469827
 3266.254878888355 22.01393563556549
 3297.504690043821 22.020865259841382
 3328.9664802246302 22.025333650043972
 3360.653925496934 22.027389065664902
 3392.560187827657 22.027283772228614
 3424.6852672167983 22.025476234905617
 3457.0291636643596 22.022148523596175
 3489.5918771703395 22.01802672428804
 3522.3734077347385 22.01400583118968
 3555.380593390632 22.009748027859671
 3588.599758071869 22.00441316042093
 3622.0445778446005 21.998466274883753
 3655.7013766426753 21.99313360105827
 3689.5838305322454 21.989130256865962
 3723.678263447158 21.98643649978752
 3757.998351453565 21.984670641116395
 3792.530418485316 21.98350363886417
 3827.2881406085625 21.98278413371618
