 1.2645633800826088 1.2413665619426361
 1.7805383974254527 1.7468253506966144
 2.302572633538279 2.2375392774329116
 2.8307545441695527 2.7065196754655387
 3.3651473119967523 3.1473323089583957
 3.9058204379651 3.5552087317793925
 4.452849741287569 3.927481751642197
 5.00631104117713 4.263450788243917
 5.566286475114502 4.564109066708609
 6.132832907509415 4.831575038729095
 6.706019839307092 5.068304338830559
 7.285973635862486 5.277417469751781
 7.872751161585324 5.462331141468916
 8.466415599153086 5.626007454972231
 9.067030131243245 5.770589735982477
 9.67478430588823 5.89910311362326
 10.289614940410567 6.01399417120001
 10.911648400165209 6.116209432015449
 11.541011050507105 6.20770057279595
 12.177766074113736 6.289899844340051
 12.82203983634005 6.364332312835587
 13.473832337186051 6.432059047631086
 14.13326994200669 6.493394054162215
 14.800479016156919 6.549441929693617
 15.475522742314215 6.601141722182139
 16.158464303156055 6.648694235125987
 16.849430064037392 6.692217771417659
 17.548546390313177 6.732646187374751
 18.25581328198341 6.76993260819313
 18.97142028708052 6.804255581544812
 19.69536740560451 6.835476939752371
 20.427907368265284 6.864042835000412
 21.168976992385363 6.890727311806842
 21.9187026433197 6.914492629262829
 22.67727386910073 6.935752912091999
 23.44475385240592 6.955151173496175
 24.221205775912757 6.972069527089343
 25.006819187653658 6.98669168153757
 25.801594087628636 6.999326445933965
 26.605656841192633 7.009325844300158
 27.419196996378083 7.017115443590517
 28.242277735862465 7.023204452019775
 29.074962242323245 7.026919287835192
 29.917440063792863 7.028141755409945
 30.769774382948792 7.027072485794765
 31.63209156514598 7.02344223374346
 32.50451797573938 7.017166988306673
 33.38717998008396 7.008257985599915
 34.28014076085718 6.996363156832568
 35.183589866091473 6.981736434781815
 36.09759047846431 6.964800257161132
 37.02233214600813 6.945702883411874
 37.957878051400413 6.9246051454300845
 38.9043545599961 6.901323822290914
 39.861888037150144 6.875804400132665
 40.83066803089498 6.848150464038086
 41.81082090658556 6.818827277312183
 42.80240984689935 6.787824137026838
 43.805561217191325 6.754666273352472
 44.82046456549389 6.719248021259363
 45.84724625716202 6.681681517269847
 46.88603265755064 6.641986017111391
 47.93695013201473 6.600106070157916
 49.0001882285867 6.556123629474612
 50.075810129944045 6.509388144431925
 51.164005384119185 6.458730271604377
 52.26496353914453 6.404192162805486
 53.37874777769759 6.345873417201791
 54.505547647810764 6.283861157275493
 55.64548951483903 6.218560275579849
 56.7987629268148 6.150181544745941
 57.965494249093033 6.078486441448159
 59.14587302970616 6.0031688805855285
 60.33996245133165 5.923827765010525
 61.548015244679405 5.840228999382038
 62.77022095778187 5.7533450773254894
 64.00657959063903 5.66350795946746
 65.25759660467072 5.572439814562929
 66.52314563452197 5.481957308964589
 67.80322668019275 5.390282311137047
 69.09847156845788 5.298195630489592
 70.40824847254257 5.203898071721315
 71.73382104599634 5.107424358404213
 73.07455746204444 5.0104304194985465
 74.43108954746161 4.911818510970291
 75.80341730224788 4.8119379847394254
 77.192172553178 4.712867734415459
 78.5967234734772 4.6162609494582964
 80.01707006314548 4.518373603534062
 81.4544759757324 4.418600743372997
 82.90894121123792 4.320014530713324
 84.37983394288729 4.22156964453877
 85.86778599745527 4.120975724251897
 87.37342920171662 4.019137858787172
 88.89613172889659 3.9136381548366676
 90.4371572325447 3.8037122142303583
 91.99587388588621 3.691923842997172
 93.57228168892108 3.577998526492195
 95.16701246842409 3.461719493420384
 96.78069805117 3.344813107404757
 98.41270661038406 3.227409055639961
 100.06430179961578 3.11056081143615
 101.73485179209041 2.99617606496869
 103.42435658780795 2.8830246453505035
 105.13344801354314 2.771060221120376
 106.86275789607076 2.662505860919413
 108.61228623539083 2.5597604972321472
 110.38140120472858 2.461077093154058
 112.17199828440826 2.3663217115714783
 113.9821819941056 2.2753684236683455
 115.81447964091967 2.187808837942993
 117.66699574452618 2.101771681400877
 119.54162578524941 2.014921869123005
 121.4377379363146 1.9279517534067793
 123.35596402449652 1.8412410826474
 125.29630404979514 1.7559225339623731
 127.25875801221049 1.6724995803457092
 129.2445895652921 1.5932237138645786
 131.25253505549042 1.5190216155629436
 133.28448996312974 1.4496282177691381
 135.33919063466058 1.3836982668608917
 137.41853255040714 1.3199327412521528
 139.52125205682 1.2574949225895633
 141.64798098067385 1.1943200188007847
 143.79998297551824 1.1305218787262085
 145.97662621457843 1.066314579411239
 148.17791069785437 1.0005280907732057
 150.40510007889562 0.9333299532857408
 152.6575625309274 0.8656882143009836
 154.93656170749926 0.7991264286033942
 157.24146578183643 0.7357981315905326
 159.57290658071363 0.6767534025151462
 161.93088410413093 0.6214988344575735
 164.31666200563782 0.5695303912524997
 166.72897663168475 0.5207242916733326
 169.16972346259606 0.47528066992341566
 171.63890249837172 0.43336903888340116
 174.13588191223698 0.3939578469086634
 176.6612935309666 0.3552238332332409
 179.21640100811006 0.3158919251587872
 181.8005725168927 0.27640272550150113
 184.4144398840892 0.23870907464685264
 187.05800310969956 0.20462620086616248
 189.73252584727333 0.17487955742300342
 192.43737627003577 0.1493988808059757
 195.17318620476163 0.1276514924718905
 197.9399556514509 0.1089259571640295
 200.73894826365307 0.09261333838216526
 203.5701640413682 0.07786611714749854
 206.4329711578215 0.06387209163690823
 209.32926509333728 0.05116812561326625
 212.25841402114076 0.04105300992915414
 215.22104976800667 0.03403724212615141
 218.21780416070984 0.029696282487972243
 221.24867719925023 0.027371211835672072
 224.31366888362785 0.026595883667326136
 227.41404286739222 0.0269724761576685
 230.55043097731811 0.02806885661458728
 233.721569559856 0.029544931253417266
 236.92935409533015 0.031144639788194886
 240.1737845837406 0.0325283653978423
 243.45486102508732 0.033515383593005314
 246.77321524614507 0.03429186851157856
 250.12947907368865 0.03496329341702038
 253.5242843344928 0.03513150029056533
 256.95699920178276 0.034513754147900005
 260.4288873291081 0.03337238314579731
 263.9405805432434 0.03209257912048352
 267.49207884418893 0.030766376763325976
 271.08338223194454 0.029366741349271946
 274.71638618683454 0.028112680292625362
 278.38982705530935 0.027266994915584485
 282.10496849091856 0.026988999687689415
 285.8618104936622 0.02760462636268016
 289.66161671708977 0.029399464535547818
 293.50438716120123 0.03224815318684762
 297.39075365277136 0.03595467004882425
 301.3213480185749 0.04065511292877944
 305.2955384318372 0.04638768057580096
 309.3152203728824 0.05265862953927051
 313.3797620149358 0.058701555518815
 317.49042701154695 0.06378956567967312
 321.6472153627159 0.06743720724177425
 325.8507588952173 0.06934734307378866
 330.10168943582596 0.06949113745002079
 334.40063881131663 0.06831286902714458
 338.74760702168936 0.06661892637415877
 343.1438577204936 0.06489762695490658
 347.58939090772935 0.06293820554803509
 352.08420658339673 0.06029087933267289
 356.63020022781995 0.05713956781155921
 361.2267400142242 0.05449556063200964
 365.8750895961591 0.05340871730750832
 370.5752489736246 0.054182009496640023
 375.3278499733955 0.05611541235461641
 380.13352442224646 0.05799148213539903
 384.99290414695235 0.05900297766855197
 389.9066209742879 0.059199740789409
 394.8753067310279 0.05911246965956113
 399.89959324394703 0.05888709603813762
 404.97948051304535 0.057950221228696544
 410.1156003650976 0.05603357474955747
 415.3092164536534 0.0540834293625735
 420.5609606054874 0.05352865252790497
 425.8702009938249 0.05475266076941027
 431.2388330989901 0.05689597179574742
 436.6674887477579 0.05858071879257317
 442.15553611335343 0.05833336542515968
 447.704870676101 0.05506412609066974
 453.3154924360007 0.048382748302949585
 458.9880332198272 0.03874582668051998
 464.7231248543552 0.02700196326321183
 470.5213991663596 0.013784550887458563
 476.3841198093899 -8.653025027178236E-5
 482.31128678344606 -0.012860233428784958
 488.30353191530286 -0.022853413547030836
 494.3621188585098 -0.030307464464895714
 500.4870476130669 -0.0366803841186884
 506.678950005749 -0.04222181303880434
 512.9390896901056 -0.04561382911443868
 519.2680984929112 -0.04624559672681501
 525.6659764141662 -0.04453076597567229
 532.1339871074199 -0.0393388735428174
 538.672762399447 -0.02922210528982983
 545.2829341170225 -0.01667710692551321
 551.9657659136958 -6.6034722890714004E-3
 558.7206259626921 -9.1803033173571E-4
 565.5494097443358 1.8138027213266932E-3
 572.4527490854015 3.5105862131195866E-3
 579.4306439858893 5.746845936754474E-3
 586.4849899261235 9.80217892142175E-3
 593.6151550793293 0.015435345368820476
 600.8230349258309 0.019999349936473283
 608.1092612924034 0.021139515647985562
 615.4738341790465 0.019062598795766057
 622.9180172393097 0.014853279071825758
 630.442442299968 9.42239514488618E-3
 638.050268494895 3.0899545081336803E-3
 645.7332820760188 -6.633915167702368E-3
 653.5047514056095 -0.02266037964446028
 661.3583582159196 -0.04160161043982433
 669.3004207746964 -0.0547372888294776
 677.3183025464449 -0.056267316100445205
 685.4309583344079 -0.047314346852431285
 693.6257516030902 -0.030853918465747354
 701.9090006202393 -8.072944065273539E-3
 710.2807053858554 0.016558509600082337
 718.7408658999383 0.03627692219727975
 727.2894821624881 0.04718001834516194
 735.9328724412525 0.048309189056273973
 744.6710367362314 0.04283226731624658
 753.4913385119294 0.036282886728699316
 762.4127325715897 0.03015781468898661
 771.4289006474644 0.020324011761487265
 780.5398427395537 3.919766956396466E-3
 789.7392405801099 -0.014947626149803623
 799.046048972376 -0.026037886575433575
 808.4413131131089 -0.02004862963751042
 817.9439878055514 1.8703041588876995E-3
 827.5414365142087 0.0299620709081267
 837.2399775068279 0.05199192974191527
 847.0396107834094 0.05457626120116095
 856.9403363439532 0.030532070818173877
 866.9484724562066 -0.015714899807893062
 877.0577008524222 -0.07095845981046853
 887.2743398003475 -0.11905078597489571
 897.5983892999827 -0.15487516215882712
 908.0235310835801 -0.18397553153977946
 918.5624016866349 -0.20665353552609422
 929.2023645736517 -0.2208566860651981
 939.9623745478738 -0.22914672274959815
 950.8234768060579 -0.22742302158578847
 961.804626151447 -0.2038689911263104
 972.893186048546 -0.15609575861305113
 984.0954747651024 -0.08649540782457606
 995.4178105688638 7.5408328825765074E-3
 1006.8475569243351 0.11093900718670575
 1018.3973503670114 0.18643906939567958
 1030.067190896893 0.2126258361436771
 1041.8507602462316 0.20718932342236268
 1053.7606949505232 0.2076243018946579
 1065.784358474272 0.2330176149605242
 1077.9343873529737 0.2637968946105475
 1090.2044633188804 0.27129322909296776
 1102.5945863719921 0.2528333448785724
 1115.1173930478041 0.2239682272347852
 1127.7602468108213 0.20641550307454553
 1140.529465928791 0.2059323497306746
 1153.4250504017136 0.21315146172698912
 1166.4533184973365 0.2299346781931271
 1179.607951947912 0.24852404108132092
 1192.895269021188 0.24179320074346197
 1206.3152697171642 0.20710035262260018
 1219.8679540358405 0.18759043703331301
 1233.5533219772173 0.2249988843085305
 1247.3713735412945 0.2838034270217991
 1261.3221087280721 0.2956451366008048
 1275.4181640730453 0.26478737896219955
 1289.6469030407188 0.23042206037498086
 1304.0146438988401 0.210985336062375
 1318.5213866474095 0.20707379868267386
 1333.1671312864268 0.18821001244766596
 1347.95819608364 0.13082214129838412
 1362.8945810390484 0.07497239031799502
 1377.969967884905 0.0709113756814849
 1393.1906748889571 0.10666307782808991
 1408.5630203189523 0.15255038930214911
 1424.0743676393956 0.20785304452217304
 1439.7436716535298 0.24445038392147744
 1455.551977558112 0.22823924606152135
 1471.518240156385 0.17620783866880032
 1487.6298229128535 0.10415806112640881
 1503.8930440952653 0.04741116198234689
 1520.3142219713681 0.05660170537544197
 1536.887038273414 0.11123098039065801
 1553.617811269151 0.16237555636050232
 1570.500222690831 0.20966431433576376
 1587.5469090739495 0.2857943715037385
 1604.7452338830114 0.3753876042693337
 1622.1078336535115 0.4041997692795713
 1639.6283901177027 0.33926431329890255
 1657.3069032755845 0.21495869146814836
 1675.1496913949051 0.09011527037841634
 1693.1630727434121 -0.01300163180567491
 1711.3344107856094 -0.08493804505549643
 1729.6700237892453 -0.12776546760847656
 1748.16991175432 -0.10042971545806094
 1766.8403929485807 -9.03393552386529E-3
 1785.6814673720273 -0.013409865634997312
 1804.6868167569127 -0.0937717268050794
 1823.8690776387318 -0.10057063218304946
 1843.2156134819895 -0.060745881979764895
 1862.739060822181 -0.033534651261890556
 1882.4331013915584 -2.870297948405538E-3
 1902.297735190122 -0.08789357596146014
 1922.3455987533673 -0.34149230568813354
 1942.5640555457982 -0.545858891354953
 1962.9594238351633 -0.5821969086645509
 1983.531703621462 -0.48748070838575174
 2004.2808949046946 -0.2799859087811898
 2025.2133159526085 -0.032619558987265935
 2046.3226484974561 0.09953670394818936
 2067.615210806985 0.09728766522812113
 2089.091002881196 0.11792952731455542
 2110.7437064523396 0.22362219772956717
 2132.5859580559135 0.2755379140377959
 2154.611439424168 0.17596619653600223
 2176.820150557104 0.10945402688701644
 2199.2184097224694 0.11051032713380893
 2221.799898652516 -4.516125821528015E-3
 2244.564617347244 -0.280540100010554
 2267.5252023421485 -0.5586972194591269
 2290.675335369482 -0.6851345720751338
 2314.0086981614972 -0.6379305972840785
 2337.5379272536893 -0.38982342360472643
 2361.25670437831 -0.02492648276429029
 2385.1650295353597 0.40544701427971624
 2409.2692209925862 0.7041234319331405
 2433.562960482242 0.522774557496585
 2458.0525662720747 0.06371525338000007
 2482.7317200943357 -0.32470368828616164
 2507.6130584845213 -0.6127892502225617
 2532.6839449071362 -0.7568125116026497
 2557.9570158976753 -0.7979438510702711
 2583.425953188391 -0.8911606548376894
 2609.0844385115356 -0.7915380075015099
 2634.9451084026045 -0.7039000789699852
 2661.0079628615976 -0.7445080386887977
 2687.2666836207677 -0.8299077534054916
 2713.7212706801142 -0.5257505157842464
 2740.3780423073853 -0.2758995912497813
 2767.2369985025807 0.5197237897112847
 2794.2918209979525 1.3022532452460497
 2821.548828061249 2.2650700919253505
 2849.0080196924695 3.548097421988475
 2876.663077623867 3.7490562287802884
 2904.526638390936 3.6131807202118637
 2932.586065458182 3.4174024279761705
 2960.8539953611 2.842472180177874
 2989.3177915641945 0.910067116284566
 3017.983772335213 -0.7992611298318241
 3046.858255941904 -1.7760727415866348
 3075.928605848772 -2.3612015811699742
 3105.207458591311 -2.1946633716171164
 3134.688495901775 -1.7131736943029693
 3164.3717177801627 -1.1352406230980593
 3194.257124226475 -0.6638243281583207
 3224.344715240712 -0.3546203646837246
 3254.6344908228725 -0.1773623003532508
 3285.132769240706 -0.08083144237544213
 3315.8269139587155 -0.026726553400879045
 3346.729561512397 6.06999383307646E-3
 3377.8280753662552 0.027612157597836781
 3409.1350920557856 0.04256767467867876
 3440.637975045492 0.05333943507247994
 3472.349360870871 0.06130626904770179
 3504.256612996426 0.06729006069677602
 3536.372367957654 0.07184768585458252
 3568.683989219058 0.07541909531704728
