 0.0E+0 0.0E+0
 0.26523570782524735 3.4183393166704136E-3
 0.7988253717240696 0.012325353950969604
 1.3386930017444713 0.025657017746441447
 1.884914848487119 0.04249581744848776
 2.437551109794645 0.062063501393576345
 2.996695426755587 0.08371229195810281
 3.562414685861759 0.10691530083623421
 4.1347824622541544 0.13125238033404046
 4.71387901972295 0.15639250572939983
 5.299784622058321 0.1820760209375121
 5.892586221699624 0.20809908419959025
 6.492344016489492 0.23430103153422007
 7.099131581568918 0.2605542071369796
 7.71308268992153 0.2867559931026643
 8.334257539389956 0.3128226180408418
 8.962723016466015 0.3386845210414989
 9.598546007641515 0.3642829238760676
 10.241927172391899 0.38956737853347855
 10.892799624225352 0.414494189347164
 11.551297136125498 0.43902527755712272
 12.217553481075969 0.4631271659136619
 12.891635545568572 0.4867701880253064
 13.573677102586938 0.5099279814731029
 14.263678152131066 0.5325773620423934
 14.961772467184579 0.5546984461126168
 15.668093820731107 0.5762750673865447
 16.38270909926246 0.5972950847764872
 17.105685189270452 0.6177500072006972
 17.837155863738715 0.6376340966699829
 18.577254895650867 0.656943580141389
 19.32598228500691 0.6756763135789118
 20.083538691282285 0.6938315701298732
 20.849924114476994 0.7114099642964863
 21.625406100558286 0.7284135934319098
 22.409917763034346 0.7448471044628158
 23.20359287488881 0.7607178934017771
 24.0066320955971 0.7760358908052201
 24.819102311651047 0.790811851013892
 25.641070409542457 0.8050566909060867
 26.472737048746765 0.8187818231709466
 27.314102229263983 0.8319999415031767
 28.165299724077723 0.8447247851992435
 29.026530192663432 0.8569701702899994
 29.89786052151292 0.8687487008244978
 30.779357597118004 0.8800718924653521
 31.67122207895412 0.8909510661539398
 32.57352085351309 0.9013980584630068
 33.48638769377852 0.9114248614219683
 34.40995637273405 0.9210431231385092
 35.34436066336332 0.930263839798305
 36.28966745215811 0.9390982395972068
 37.24607739859389 0.9475583751814323
 38.21365738916246 0.955656975570819
 39.19260808333925 0.9634065514717244
 40.18299636761609 0.9708182327752486
 41.184956014976606 0.9779007824236404
 42.19862079840441 0.9846608429689133
 43.22419137737494 0.9911041506161845
 44.26180152487185 0.9972371729674445
 45.311518127386925 1.003067256139115
 46.3734749579038 1.0086026203520661
 47.44787267589792 1.0138528550487744
 48.5348450543529 1.0188282671983877
 49.634525866252374 1.023538932896355
 50.74704888457997 1.0279946315598678
 51.87261476881112 1.0322041464763203
 53.01129040543764 1.0361756957988845
 54.163276453934983 1.0399185832734725
 55.328773573778555 1.043443318830775
 56.50784865146021 1.0467597936396915
 57.70070234645535 1.0498765920574395
 58.90746843174763 1.0528019126503547
 60.12834756681248 1.0555434461564234
 61.36347352463351 1.0581078495566318
 62.61304696468619 1.060500604814474
 63.877134773462316 1.0627273908209757
 65.15600449692913 1.0647958377774346
 66.44985679456208 1.0667140803631163
 67.75869166636117 1.0684886464713423
 69.08304420426091 1.0701253265712966
 70.42278063527768 1.0716304545808128
 71.77790095941144 1.0730102554679081
 73.14907404158036 1.0742699873681964
 74.5356310168663 1.0754128781921443
 75.93890961510552 1.0764403513334837
 77.3582409713799 1.0773534839232195
 78.79429395060754 1.0781536393655775
 80.24706855278846 1.0788421412395183
 81.7172336428408 1.0794207873401084
 83.20412035584641 1.0798924321572425
 84.7077286918053 1.0802603583885812
 86.22939638055374 1.0805265803191996
 87.76912342209172 1.0806913592622986
 89.3262409515011 1.0807550673619266
 90.90141783370005 1.0807201423859782
 92.49532293360664 1.0805924390614518
 94.1072873863028 1.0803777666684217
 95.73864892162474 1.0800770279137261
 97.38873867465438 1.0796866806061706
 99.05755664539167 1.07920252656099
 100.74577169875477 1.0786231105951624
 102.45405269966182 1.0779500986774155
 104.18173078319465 1.0771862801323035
 105.93014367918956 1.076333868029181
 107.6986225227284 1.075396580109232
 109.48716731381118 1.0743829244947324
 111.29644691735604 1.0733062268066064
 113.12713019828107 1.0721798298864322
 114.9792171565863 1.071014189506794
 116.85203892735363 1.0698144661141772
 118.74760210533739 1.0685766385055652
 120.66390009578322 1.0672910790832874
 122.60360835836363 1.0659504436386246
 124.56472029832426 1.064550980860005
 126.54924251041948 1.0630896199410793
 128.55650612973116 1.061563546944812
 130.58718002117743 1.0599697304233397
 132.64126418475828 1.0583063198481341
 134.71875862047372 1.0565750095185217
 136.82100105816002 1.0547813775138434
 138.94665376798093 1.0529332253329664
 141.0977233446908 1.0510411514000352
 143.2728720584534 1.0491180771807546
 145.4741065040231 1.047173485389549
 147.70008895156368 1.0452091565675516
 149.95148826599324 1.0432141080482237
 152.22964217714803 1.0411664748525581
 154.53388182010996 1.0390449878611258
 156.864207194879 1.0368338659198226
 159.22195603129142 1.0345246831005161
 161.6064594644291 1.0321173415902424
 164.01905522412823 1.0296192613408108
 166.4590744454708 1.0270436873784625
 168.92718599337484 1.0244058437672352
 171.42338986784042 1.0217193508841457
 173.94902379870376 1.0189956692746753
 176.5027500561286 1.0162415273858684
 179.08657523486937 1.0134614408722342
 181.700499334926 1.010660569971842
 184.34385349138045 1.0078399140872473
 187.01730656915077 1.0049935767366335
 189.72219629807327 1.0021114774290122
 192.4578538132298 0.9991819312957679
 195.2249479795385 0.9961942461274811
 198.02347879699937 0.993142605355168
 200.85478399544865 0.990023141002864
 203.71819470996823 0.9868255522131086
 206.61437980547626 0.9835320236895696
 209.54333928197272 0.9801219100305603
 212.50641086929383 0.9765810895736067
 215.50359456743964 0.9729101254174372
 218.53422151149203 0.9691271032029586
 221.60029829620538 0.9652547252039467
 224.70115605666154 0.9613066127842328
 227.8374636577786 0.9572878706352993
 231.00988996447483 0.953201984670146
 234.2184349767501 0.9490419404839716
 237.4630986946045 0.9447878081655414
 240.74521884787418 0.9404200479515558
 244.06546430147736 0.9359207333836609
 247.42249732557775 0.9312705954567378
 250.81832451492977 0.9264497476532662
 254.2529458695334 0.9214450858445368
 257.7263613893886 0.9162594162863604
 261.23923993941355 0.9109115943985459
 264.7922503845264 0.905421048994297
 268.38606158964523 0.8998029135918328
 272.02000468985193 0.8940667646072098
 275.6954174149828 0.8882108535282588
 279.41296862995585 0.8822334511301304
 283.17265833477125 0.8761444697998764
 286.9744865294289 0.8699559616072049
 290.8204598086832 0.8636675631733964
 294.7092404426979 0.8572654017621943
 298.6421661613092 0.8507459632044574
 302.6192369645172 0.8441275620037318
 306.64179058215813 0.8374267696878693
 310.709827014232 0.8306503715659835
 314.8240151256569 0.8237869474999697
 318.98502378135094 0.8168203272026703
 323.1921841163961 0.8097321333713804
 327.44750272554665 0.8025008138565247
 331.75031074388454 0.7951226217848749
 336.101945901246 0.7876159384676833
 340.5024081976311 0.779997106991588
 344.9523664979578 0.77227381400382
 349.4524896671444 0.7644374985268132
 354.00344657010896 0.7564512734031605
 358.6052372068515 0.7482881262611134
 363.25919930720823 0.7399771366379067
 367.9653328711792 0.731567405438105
 372.7236378987644 0.7230873432386263
 377.5361209847183 0.7145328975083483
 382.40211326412264 0.7058714613478669
 387.3229524668138 0.6970758478337907
 392.2986385927916 0.6881643279780891
 397.32984050697433 0.6791751559991855
 402.4172270742801 0.670101589375603
 407.56146715962705 0.6608991750971355
 412.76322962793324 0.6515555647414561
 418.02318334411683 0.6420792572624674
 423.341997173096 0.6324711902173695
 428.7196711148707 0.6227622287080047
 434.156874034359 0.6130062007411495
 439.65494366139733 0.6032049288753145
 445.21454886090373 0.5933217109286588
 450.8350207679601 0.5833661370821793
 456.5183659773207 0.5733973341466762
 462.26525335390385 0.56347648788635
 468.0750140327913 0.5536360821390167
 473.94965460873743 0.543873196434768
 479.8891750817423 0.5341649235536563
 485.8942443167241 0.5245117742343871
 491.96553117860077 0.5149500608692603
 498.1037045322906 0.5055030699277491
 504.31010210762985 0.4961757780830041
 510.5847239046185 0.48698831864507197
 516.9282387881747 0.47796064597113174
 523.3419844881345 0.46906033200835406
 529.8259610044981 0.46023872072895916
 536.3808372021838 0.45147768442804137
 543.0079508110275 0.44278825280728223
 549.7079706959476 0.4342049976216397
 556.4808968569439 0.42578169132594584
 563.3280670238528 0.4176052784545677
 570.2501500615923 0.4097801817743575
 577.2478148350807 0.40233668218906065
 584.3223990741543 0.3952588791933211
 591.4732339138948 0.38852736248017993
 598.7023259490566 0.38209556616249285
 606.0103440445578 0.3758891254182925
 613.3972882003986 0.3698912461688298
 620.8651650113331 0.36418629689534365
 628.4133056124437 0.3588477781191145
 636.0437165984841 0.3539156713828177
 643.757066834373 0.3494151614553314
 651.55335632011 0.34532763134640093
 659.4339227855315 0.3416053827276091
 667.3994350955558 0.3381887657441792
 675.4532375747733 0.33507197758002116
 683.5866349792485 0.33229119227792353
 691.8136734722619 0.3298575988652704
 700.1276644046326 0.32774261051346437
 708.5352964255416 0.3259021406488845
 717.0231922366263 0.3242901845032763
 725.6114177854306 0.32285936291163086
 734.286595773592 0.32157542090020546
 743.0554148502918 0.32040943901312146
 751.91787501553 0.3193342279872046
 760.8739762693065 0.3183402649484666
 769.9237186116213 0.3174424138236624
 779.0737906916559 0.3166693103962498
 788.3241925094102 0.3160498304538454
 797.6615467665214 0.3156082405258896
 807.1059194105337 0.31535254440715543
 816.6506217922656 0.3152605980973187
 826.2956539117173 0.31527701306589706
 836.0343271197073 0.3153395464260294
 845.8867073637796 0.3154195193756203
 855.8327286963903 0.3155245377888754
 865.8924570650831 0.3156782042069117
 876.0525151714959 0.3159104422421699
 886.3195916648094 0.31625077073690843
 896.693686545024 0.31670845661215585
 907.1747998121398 0.3172598168714661
 917.7696201153376 0.31786879854856914
 928.4714588054364 0.3185073685485389
 939.2870045316178 0.31915833903585955
 950.2162572938812 0.3198039192936474
 961.2525284430458 0.3204142577752726
 972.4091952774739 0.3209658097109626
 983.6728804988029 0.32144893503612304
 995.063650054577 0.3218580432081377
 1006.561437997252 0.32220682446148296
 1018.1863102743719 0.32253310278025615
 1029.9248895875741 0.3228671982004937
 1041.78386458604 0.3232082150946939
 1053.7699239189505 0.32353655362137495
 1065.8696902879437 0.3238408146299028
 1078.0965409913817 0.32411348594670863
 1090.4504760292647 0.32438181947715682
 1102.9248067524113 0.32472358442260906
 1115.532910459184 0.3251779518435416
 1128.2614098512203 0.325687204173261
 1141.123682226883 0.3261497049367337
 1154.1130389369905 0.32651662925927843
 1167.229479981543 0.32681231433017177
 1180.486382658903 0.32710597936655883
 1193.870369670708 0.3274873817092251
 1207.388129666139 0.3279930100313208
 1221.0396626451963 0.3285383523473512
 1234.8316572570615 0.3289740746786853
 1248.7574248525527 0.32918384002522993
 1262.8236540808513 0.3291455128719098
 1277.0303449419577 0.32891681701460206
 1291.3774974358714 0.328590540966937
 1305.8651115625928 0.32826558760512913
 1320.4931873221216 0.3281048104733816
 1335.2617247144582 0.3282445362051397
 1350.184101037965 0.32864597320843996
 1365.2469389942791 0.32910741811952715
 1380.456927232582 0.32948559546446393
 1395.8140657528742 0.3297288906188294
 1411.3183545551548 0.32976294066655903
 1426.976482288606 0.3295664009698288
 1442.788448953227 0.3292315345596053
 1458.7475658998371 0.32889457633711655
 1474.8605217776171 0.32859623460429365
 1491.1340052357486 0.32837848219740256
 1507.5546389758692 0.3282891271097084
 1524.1424889455224 0.3282516607383684
 1540.8774891971647 0.32818987899686935
 1557.7797056783397 0.3280417975769825
 1574.8357610906846 0.32775993479519044
 1592.0523440833815 0.3273790420101766
 1609.4361433056108 0.3270382605333247
 1626.9804701081916 0.3269505619525415
 1644.6920131403053 0.32716837315154906
 1662.5640837527705 0.3275414498314568
 1680.6100592439497 0.3278911721625835
 1698.8165623154807 0.32802899576486604
 1717.1969702657252 0.32798318111515706
 1735.7445944455032 0.32779126655569407
 1754.4594348548134 0.32746870686150186
 1773.348180142838 0.32719479679540053
 1792.4175189587581 0.32716718949452755
 1811.6540740042107 0.3273389287197181
 1831.0645339283773 0.32755440120758266
 1850.6488987312586 0.3279036649334184
 1870.413857062035 0.3283489066478672
 1890.3594089207067 0.3288386354167402
 1910.4788656580926 0.3293259484433282
 1930.7856045725552 0.32983972148782864
 1951.266248365732 0.3306202397215242
 1971.934174335986 0.3317230853828062
 1992.7826938341347 0.33271076143701144
 2013.8118068601788 0.3330183899190028
 2035.0348907124814 0.33260487920741543
 2056.4385680926793 0.33193154530387714
 2078.0295276499537 0.3314606343246169
 2099.8077693843047 0.3312844052670689
 2121.773293295733 0.33140675792825813
 2143.932788033419 0.3319783375777391
 2166.279564948182 0.3326143296231491
 2188.8203126892026 0.33307629390391874
 2211.5550312564814 0.33352918176418017
 2234.477032000837 0.333830173097121
 2257.5996922206322 0.3339100251269904
 2280.916323266685 0.3336108018128176
 2304.426925138996 0.3328277694599727
 2328.1381864867462 0.3318001629122085
 2352.0434186607544 0.33040927052830515
 2376.142621661021 0.3286327511264518
 2400.449172785908 0.3265183928779647
 2424.956383386235 0.3242960001665383
 2449.657564812819 0.3228217960573328
 2474.5660943640245 0.32252854177755962
 2499.6752833906693 0.32307655430625142
 2524.9851318927526 0.32358877959605014
 2550.5023285194574 0.32303774386283246
 2576.220184621601 0.321644063154851
 2602.145388848366 0.3203519143486669
 2628.27125255057 0.3195644149854115
 2654.6111530265757 0.3194107523574553
 2681.1517129780213 0.31875813580651274
 2707.9063097032685 0.317211210183038
 2734.8682545531364 0.3149935792945396
 2762.0308588784437 0.31292103456414205
 2789.407499977553 0.3111598548021657
 2816.998177850464 0.3091439315504145
 2844.796203847996 0.3067819520793144
 2872.8015779701486 0.3042931107121323
 2901.020988866103 0.30194740193749086
 2929.4544365358592 0.29867205436977206
 2958.0952323302367 0.2947063400145727
 2986.950064898416 0.29082294345063303
 3016.018934240397 0.2865755788795835
 3045.2951517069986 0.2810301464634203
 3074.792094596584 0.27463226698080867
 3104.4963856107897 0.2675375939328117
 3134.4214020479785 0.2596964419270562
 3164.5537666097884 0.25104834815446946
 3194.9001679454 0.24187702440676225
 3225.467294703995 0.23242395140570587
 3256.241769587211 0.223018375255152
 3287.2369698934094 0.21336824703768486
 3318.4462069734104 0.2033227084794894
 3349.869480827213 0.19287728668582462
 3381.506791454818 0.18215655675817576
 3413.358138856225 0.17071064664498333
 3445.423523031434 0.1585450199678914
 3477.709632629626 0.14611680748042063
 3510.203090352439 0.1336342972976567
 3542.917273498235 0.12186093843732966
 3575.8388047686516 0.11127650365766899
 3608.981061462052 0.10139646599184884
 3642.3306662800723 0.0916780770646266
 3675.900996521076 0.08206914463368599
 3709.6786748867007 0.07260986233793094
 3743.677078675309 0.0635985074156961
 3777.8828305885376 0.05524446074923253
 3812.302619275568 0.04760761784844936
 3846.929756087219 0.04041997819300739
 3881.777618321854 0.03390919972375771
 3916.826140031928 0.028650466106316205
 3952.095387164985 0.024638356192131654
 3987.5652937734812 0.021547423640198255
 4023.2492371557805 0.01908582294128649
 4059.147217311881 0.017052245462123534
 4095.2458569434206 0.01532145583361733
 4131.551844699581 0.013819167229193465
 4168.065180580362 0.012498541643413652
 4204.785864585764 0.011327411501658873
 4241.713896715786 0.01028221341120941
 4278.8425883212485 9.344892627540576E-3
 4316.178628051331 8.50115463253221E-3
 4353.708638607672 7.7393975194368185E-3
 4391.4459972886324 7.05001838479611E-3
 4429.384015445034 6.424941910995585E-3
 4467.522693076873 5.857287468021658E-3
 4505.855341534971 5.341128313277092E-3
 4544.388649468508 4.871311708385307E-3
 4583.115928228304 4.4433226397960065E-3
 4622.037177814357 4.0531781065609884E-3
 4661.152398226669 3.6973442325967153E-3
 4700.461589465239 3.3726699610329346E-3
 4739.964751530066 3.076333637966051E-3
 4779.65519577197 2.8057994637025267E-3
 4819.52623354177 2.5587812800897382E-3
 4859.591242137828 2.3332124009793364E-3
 4899.8435329109624 2.127220497105327E-3
 4940.276417211992 1.9391057708505927E-3
 4980.8898950409175 1.7673226688025695E-3
 5021.683966397738 1.6104638222171523E-3
 5062.665319931636 1.4672462862703014E-3
 5103.813889695066 1.336499316936321E-3
 5145.143052986392 1.2171537663551634E-3
 5186.646121156432 1.10823258982529E-3
 5228.316405556004 1.0088424617658983E-3
 5270.16059483429 9.181662329864304E-4
 5312.172000342111 8.354561948040161E-4
 5354.357310728644 7.600280958228085E-4
 5396.696460046348 6.912554996184217E-4
 5439.202825593584 6.285650287271991E-4
 5481.869718721172 5.714317084501192E-4
 5524.697139429111 5.193749312719614E-4
 5567.678399068222 4.719547289682304E-4
 5610.813497638502 4.287683604258281E-4
 5654.102435139951 3.894472074982126E-4
 5697.53852292339 3.536539258526467E-4
 5741.121760988818 3.2107984558247024E-4
 5784.852149336234 2.9144258413085733E-4
 5828.72968796564 2.644838578860504E-4
 5872.740999578672 2.3996746323611757E-4
 5916.899461473692 2.1767746737364396E-4
 5961.185007703158 1.9741647950353687E-4
 6005.611015565431 1.790041286744527E-4
 6050.164107762149 1.622756265577964E-4
 6094.844284293312 1.4708045675770897E-4
 6139.651545158919 1.3328118479823903E-4
 6184.579201709791 1.207523438274213E-4
 6229.633942595107 1.0937942831221744E-4
 6274.802390516506 9.905796212804464E-5
 6320.091234123169 8.969264720005109E-5
 6365.487096116732 8.119657722672804E-5
 6410.996665146377 7.349052076664834E-5
 6456.613252562924 6.650225998555356E-5
 6502.33016971719 6.016598780501652E-5
 6548.154105258357 5.442175346192273E-5
 6594.071681888063 4.92149517027263E-5
 6640.089588255488 4.449585861002588E-5
 6686.201135711452 4.021920229219039E-5
 6732.392946957591 3.634377152980672E-5
 6778.678399292269 3.283205998466354E-5
 6825.0307381187594 2.9649932186467126E-5
 6871.516849928877 2.676632880991808E-5
 6918.069848230807 2.4152984890815097E-5
 6964.622846532738 2.1784181414583022E-5
 7011.309617818294 1.963651272949772E-5
 7058.063275595662 1.7688674816492108E-5
 7104.883819864846 1.5921271304417563E-5
 7151.771250625841 1.4316635461983438E-5
 7198.658681386837 1.2858668085587364E-5
 7245.67988513146 1.1532686583405574E-5
 7292.701088876081 1.03252886309036E-5
 7339.856065604329 9.224225924391916E-6
 7386.944155840765 8.218287382354116E-6
 7434.166019060825 7.2971918973848374E-6
 7481.387882280887 6.451489487321117E-6
 7528.676631992763 5.672468920566958E-6
 7575.9653817046364 4.952071052820231E-6
 7623.254131416511 4.282808418280143E-6
 7670.6097676202 3.657688050236557E-6
 7718.032290315699 3.070137609921773E-6
 7765.4548130112 2.513933216376289E-6
 7812.810449214888 1.9831258103828596E-6
 7860.2998584022025 1.4719639049049668E-6
 7907.722381097703 9.748055725566773E-7
 7955.211790285016 4.86012442971513E-7
 8002.634312980517 7.590681239896834E-17
