 0.2054342707703902 -5.706690531564156E-6
 0.6187180039165117 -7.256238946963244E-5
 1.0368642399385941 -2.810797975880053E-4
 1.4599320375760218 -7.086120460017152E-4
 1.8879680221493617 -1.4174353890109396E-3
 2.3210447219350496 -2.4531629519266135E-3
 2.7592139428448265 -3.8506623626473157E-3
 3.202532671381606 -5.638879064431542E-3
 3.6510630746394783 -7.841551778094775E-3
 4.104867319712531 -0.010476198521170788
 4.5640127542860264 -0.013553519285590399
 5.028546003680532 -0.017077452709946604
 5.4985240543989615 -0.021045420876852911
 5.9740505182647964 -0.025448557427194037
 6.455172020598601 -0.030272017748559372
 6.94194036731212 -0.03549501753921044
 7.43440736431709 -0.04109014117170884
 7.9327284293487334 -0.04702227950711838
 8.436851756495312 -0.05324829287946377
 8.946880957580303 -0.05971791483392336
 9.46291964442719 -0.06637541456916325
 9.985019622947712 -0.07316145303785557
 10.513284504965354 -0.08001488455463415
 11.04771429048011 -0.08687428174950126
 11.588412591315464 -0.09367908661842013
 12.135483019294895 -0.10037058049092987
 12.688977380330147 -0.10689279531346234
 13.248947480332959 -0.11319391285068124
 13.81549693112681 -0.11922816773343918
 14.388729344535184 -0.12495680317449136
 14.968644720558078 -0.1303472913056766
 15.555398476930716 -0.13537231877790484
 16.148990613653097 -0.1400100801826484
 16.74962835437218 -0.14424525891806952
 17.35725989317623 -0.148069203241915
 17.971988841888727 -0.1514791298417545
 18.59397061824489 -0.1544775369919984
 19.223257028156456 -0.1570705110927201
 19.859899877535173 -0.15926412177705082
 20.504054584116257 -0.16106354164670583
 21.155721147899715 -0.16247659248029194
 21.815003180709016 -0.16351728305814355
 22.482056100279397 -0.16420399833254872
 23.156931712522585 -0.16455237347724988
 23.839681823350325 -0.16457215008575307
 24.53046185049784 -0.16426968282920936
 25.229323599876867 -0.16364756220021206
 25.93637068331089 -0.16270373424832304
 26.65170671262339 -0.16143531505945801
 27.37543529963785 -0.15969662862132272
 28.107608250266004 -0.1579376554337661
 28.84838098224308 -0.15573094976745913
 29.59780530148081 -0.15323398317864012
 30.356036625714427 -0.150450000070654
 31.123126760855662 -0.1473842484964567
 31.899179318728005 -0.14404799584130817
 32.68429791115493 -0.14045432032024232
 33.478637955871654 -0.13661609056151366
 34.282303064701665 -0.1325478015867848
 35.095345043556704 -0.12826656406072506
 35.91786750426025 -0.12379062880008368
 36.750025864547524 -0.11913594116703663
 37.591923736242016 -0.11431686204770763
 38.44366473116718 -0.10935128176958543
 39.30535246114653 -0.10426203690815225
 40.17714234391527 -0.09907427787693486
 41.05908618538515 -0.09381303772086352
 41.95133940329138 -0.08850569685679767
 42.85405741536918 -0.083188772846831
 43.7672920275303 -0.07789733961932083
 44.69119865750996 -0.07265732138218334
 45.62588091713164 -0.06749543541970801
 46.57149422413056 -0.06243466250308134
 47.52814219033019 -0.05749531410626751
 48.49598023346578 -0.05269530906055721
 49.47506015944905 -0.048053653533452575
 50.46558919192696 -0.043597799201318065
 51.467722748634734 -0.039347958613157985
 52.48146082957238 -0.03532151070471931
 53.507217882033813 -0.03153540685471906
 54.54489029419557 -0.027997491477136222
 55.59447806605761 -0.024716366013396946
 56.65649925673738 -0.021703531747607005
 57.730435807117466 -0.018964363323137056
 58.81732383543267 -0.01650293929871403
 59.91664528256558 -0.014323664350093569
 61.028918207633616 -0.012433239385786311
 62.15414261063676 -0.010835887160223398
 63.29283655069244 -9.520756108315159E-3
 64.44448196868323 -8.470075786210724E-3
 65.60907886460915 -7.670872269257612E-3
 66.78766335670498 -7.113952494468819E-3
 67.98023544497076 -6.793877349580342E-3
 69.18627707028905 -6.812917133996324E-3
 70.40630629177728 -6.832177740654244E-3
 71.64084116855282 -7.162531775716386E-3
 72.8893636414983 -7.67499182315858E-3
 74.15290982884854 -8.349145136684832E-3
 75.4309616714861 -9.166698646851188E-3
 76.72351916941099 -0.010161946371149063
 78.03110038174061 -0.011168762105068036
 79.3542233675924 -0.012324687685963568
 80.6923700678489 -0.013563233213641541
 82.04657660074494 -0.01486646979664587
 83.41632490716316 -0.01621668316038255
 84.8016149871035 -0.017596944561506736
 86.2029648996834 -0.018991897157519012
 87.62089270402024 -0.020389691750259807
 89.05539840011403 -0.021781380660943427
 90.50596392884738 -0.023158163759876865
 91.97414346757249 -0.024509897885284796
 93.45838283893713 -0.025825567994389623
 94.96075427941095 -0.027094406356813437
 96.47970361164172 -0.028306878450788244
 98.01678501298166 -0.029454933628944142
 99.57148042431336 -0.030532026915334353
 101.14430790475424 -0.03153277192972857
 102.73526745430426 -0.032450806455851653
 104.34435907296347 -0.03327732533392788
 105.97261887896666 -0.03400306902004383
 107.619010754079 -0.034621147139240304
 109.28508887565272 -0.03512768904287552
 110.96981712545302 -0.03552088054778709
 112.6747496808321 -0.03580001325066069
 114.39885042355516 -0.035965051940917355
 116.1426374127396 -0.036016514717075766
 117.90714676662023 -0.03595544867468574
 119.69186042607966 -0.03578341397773304
 121.49677839111786 -0.03550249224211058
 123.32293677996967 -0.03511531755446172
 125.16981753351764 -0.03462512258127176
 127.03845676999663 -0.03403577713283536
 128.92833643028922 -0.03335183259565372
 130.8399745735128 -0.03257854372945971
 132.7733711996674 -0.03172187872738322
 134.7295624269878 -0.030788499933967473
 136.70751213723917 -0.029785703484176594
 138.7087745077738 -0.028721322893477025
 140.73334953859162 -0.027603587377174724
 142.78071917057525 -0.026440965079504143
 144.8514014628421 -0.0252419895357749
 146.94643253362696 -0.024015073559311685
 149.06529432381245 -0.022768333188559582
 151.208504892516 -0.021509490438818414
 153.37606423973753 -0.020245925279764043
 155.56900848371188 -0.018984870131979643
 157.7868195653217 -0.01773359094993308
 160.03001554368432 -0.016499402312225054
 162.2985964187998 -0.01528947208671068
 164.5935983089029 -0.014135749780541882
 166.91502121399366 -0.012968745343986036
 169.26234707495464 -0.011869558257659701
 171.63713006913812 -0.0108179532386846
 174.03885213742663 -9.818570538356412E-3
 176.46803133893752 -8.875845012927019E-3
 178.92518573278834 -7.993905773454527E-3
 181.41031531897903 -7.176223912344477E-3
 183.92342009750953 -6.42511930374057E-3
 186.4655361866147 -5.741337573569164E-3
 189.03718164541197 -5.123875807173525E-3
 191.6373203556665 -4.570130769084212E-3
 194.2675064947305 -4.0762381820975534E-3
 196.92774006260395 -3.637317440799264E-3
 199.61802105928691 -3.247468006671835E-3
 202.33886754389672 -2.8996724951677486E-3
 205.09079757555085 -2.5858746419914094E-3
 207.87432921336665 -2.297342894244029E-3
 210.68894439822673 -2.0252683195878676E-3
 213.53567924836593 -1.761527585957926E-3
 216.4150518229016 -1.499565321903171E-3
 219.32706212183381 -1.2352762254236343E-3
 222.27171014516247 -9.676743164743562E-4
 225.2505500702399 -6.989925074525382E-4
 228.2625457788312 -4.333192914984424E-4
 231.3087333891712 -1.7311094183180154E-4
 234.38911290125994 8.425205771784794E-5
 237.50472043333223 3.460167820412926E-4
 240.65555598538801 6.199189114963739E-4
 243.84213761654473 9.108197108293765E-4
 247.06498338591975 1.2207910962570463E-3
 250.32357523439574 1.5512608232214114E-3
 253.61946733932487 1.9045091958822292E-3
 256.9521416415897 2.283348198141212E-3
 260.3226342594251 2.6901065067868007E-3
 263.7309451928311 3.1263349801517654E-3
 267.177592500925 3.592588017184947E-3
 270.6630942428243 4.087866224287505E-3
 274.1879684776463 4.610284913304457E-3
 277.75221520539105 5.157033190185343E-3
 281.35687054429342 5.723385040724356E-3
 285.00193449435334 6.304443176399568E-3
 288.6874070555709 6.8970054465607574E-3
 292.41484240529814 7.498729928535024E-3
 296.18372248441784 8.105561621149454E-3
 299.99508341116467 8.711342026478464E-3
 303.84892518553874 9.311695810915522E-3
 307.7457658666574 9.905632886514795E-3
 311.68612351363805 0.010491586382513563
 315.6705161855981 5.356381082850866E-3
 319.69946194165493 1.6375442630728716E-4
 323.77347884092603 0.012127692041932706
 327.89308494252873 0.012581405501955014
 332.058280246463 0.012971842198238293
 336.26958281184636 0.013314104115758226
 340.52802875691355 0.013629306703364747
 344.834136140782 0.01392832248482546
 349.18738690433423 0.014211353501795693
 353.5893352249225 0.014476020525155826
 358.0404991616643 0.014725168905022843
 362.54036065544204 0.014972510646851527
 367.09047388360806 0.015239077364780043
 371.6908388461624 0.015542903582001302
 376.3419736022224 0.015894010061611472
 381.04439621090546 0.016294082719663961
 385.79862473132897 0.016736459211615536
 390.60569528172783 0.0172084243267342
 395.46560786210193 0.017691864737197991
 400.3788805315687 0.018161958661550264
 405.34654940836304 0.01859148580723103
 410.3686144924848 0.018961807202775626
 415.44559384305154 0.019275257644906448
 420.57852357829796 0.019555534691595505
 425.76792175734146 0.019825843791056802
 431.0137883801821 0.020081644455301642
 436.31715956505473 0.02029164118643159
 441.67855337107664 0.02042786337121645
 447.0984878573653 0.02041510635474083
 452.57799914215553 0.020402209111072062
 458.1165691663299 0.02017902937151852
 463.7157521072406 0.019808884028868607
 469.376066024005 0.019351206025327364
 475.09751091662326 0.018880879040476413
 480.8816409624475 0.018428454119973788
 486.72793810236026 0.01796174711797645
 492.6379565137138 0.01742646499845711
 498.6122142556256 0.016797070031520734
 504.65071132809555 0.016089306376035044
 510.75448384935845 0.015337567222497857
 516.9240498785318 0.014567849715024644
 523.1619997112026 0.01380240945454521
 529.4615985788446 0.013070289300253111
 535.8337257229232 0.01238873992078634
 542.2732005522645 0.011747943433051172
 548.7852036580423 0.011109100294099913
 555.3593738579088 0.010397631982701737
 562.011252925386 9.521753741385053E-3
 568.7304796781258 8.41655654457295E-3
 575.5222347073022 7.06196097278337E-3
 582.3865180129154 5.475235551447908E-3
 589.3233295949652 3.718844884199723E-3
 596.3326694534518 1.9440901621782E-3
 603.4197181795489 3.320595349042171E-4
 610.5844757732568 -9.381660069611314E-4
 617.8165810522273 -1.8260217135463632E-3
 625.1315757899827 -2.4067193599610257E-3
 632.5242793953486 -2.783869679621112E-3
 639.9946918683254 -3.075692358978466E-3
 647.5376326177388 -3.444304867758631E-3
 655.168643417111 -4.040772745636387E-3
 662.8721824929199 -4.897398010059506E-3
 670.6637916186875 -5.915162728460827E-3
 678.5331096120659 -6.921406126260261E-3
 686.485317064229 -7.720827697298651E-3
 694.5204139751769 -8.222596471620052E-3
 702.6384003449097 -8.47907125078212E-3
 710.8444567646011 -8.54190201385461E-3
 719.1334026430774 -8.547035213255418E-3
 727.5104185715124 -8.63022942781339E-3
 735.9755045499063 -8.734110695844219E-3
 744.523479987085 -8.800653659953254E-3
 753.1647060653964 -8.837335538081999E-3
 761.8888216024927 -8.836892890803928E-3
 770.7113683718959 -8.68597448104828E-3
 779.6168046000838 -8.321572906004897E-3
 788.6206720605786 -7.79383297632867E-3
 797.7126095710323 -7.2024338289583805E-3
 806.8977977226187 -6.657854859078887E-3
 816.1814171065121 -6.15769831009926E-3
 825.5531065403643 -5.602026750333799E-3
 835.0232272065234 -5.04963555900463E-3
 844.5917791049895 -4.9190194320876E-3
 854.2535816445884 -4.923990359728273E-3
 864.0189960076683 -4.929014594903965E-3
 873.8776610118808 -5.025829183576764E-3
 883.8399378395745 -4.993112603479357E-3
 893.9006458995751 -4.819150798007532E-3
 904.0597851918825 -4.639035860031679E-3
 914.327716898845 -4.6344799446458844E-3
 924.6940798381144 -4.66945712551975E-3
 935.1640546008647 -4.704783903403849E-3
 945.7376411870958 -4.882467802408206E-3
 956.4200201879822 -5.536315342730668E-3
 967.2060110123494 -6.605919674319736E-3
 978.1007942513717 -7.697173649542043E-3
 989.1043699050489 -8.516262843958339E-3
 1000.2167379733811 -9.080205536385626E-3
 1011.4378984563683 -9.608528536482116E-3
 1022.7678513540104 -0.010230275262665015
 1034.2065966663078 -0.010773468025585627
 1045.7644955756081 -0.010846606189796104
 1057.4311868995632 -0.010920432790334873
 1069.2118512293477 -0.010768297938911648
 1081.1064885649611 -0.010206753757587695
 1093.1150989064035 -9.246453961532937E-3
 1105.2428628448492 -8.289549219800152E-3
 1117.489780380298 -7.354590225902526E-3
 1129.8506709215755 -6.113827270098611E-3
 1142.3307150598564 -4.689993699721181E-3
 1154.9350933863142 -3.3962338763684402E-3
 1167.6534447186013 -1.8937197523139714E-3
 1180.5013108302393 -1.350101695900622E-4
 1193.4631499477068 1.6557200477550844E-3
 1206.5545038445252 3.426872780804404E-3
 1219.7650113383467 5.005523410372971E-3
 1233.0998530203455 6.3417855882222365E-3
 1246.5642094816953 7.700282995166353E-3
 1260.1529001312221 9.5142547264185E-3
 1273.8711055601004 0.011812281544241032
 1287.7136451771557 0.013656821255762995
 1301.6908801647364 0.013381376722133522
 1315.7924493404941 0.01310348197767858
 1330.028713886777 0.011498003653505178
 1344.3944932124113 0.010052715858207615
 1358.8897873173964 9.378613516186109E-3
 1373.519776792907 9.123269751120338E-3
 1388.2896422301171 8.988322692301286E-3
 1403.189022446678 9.115901518304121E-3
 1418.2230980337642 9.401508775966613E-3
 1433.391868991376 0.010147488484806177
 1448.7005159106868 0.011711492100379757
 1464.1490387916967 0.013276772518613377
 1479.7322570432322 0.012399625990712034
 1495.4605318476408 0.011514314535024384
 1511.3235020225747 6.72263385701787E-3
 1527.3315287503821 -1.1170872224762928E-4
 1543.4794314398886 -6.5601361130398034E-3
 1559.7672100910942 -0.011375871568725115
 1576.2052258863477 -0.014565415993342372
 1592.7831176433 -0.015681427867970974
 1609.5060659531261 -0.014699961483892113
 1626.3740708158252 -0.012120986941686477
 1643.3871322313975 -8.909871845734456E-3
 1660.5504307910175 -4.995138050115376E-3
 1677.8587859035108 -3.13625958483355E-4
 1695.3173781600512 3.640417313101146E-3
 1712.9262075606395 2.9419907227106333E-3
 1730.6800935141006 2.237810691740281E-3
 1748.5893972027836 -7.432199371963326E-4
 1766.6489380355135 -2.9573015658799282E-3
 1784.858716012291 -3.5750862219647563E-3
 1803.2239117242902 -4.198143577817029E-3
 1821.7393445803363 -4.646365696549912E-3
 1840.4050145804301 -3.7240980204914357E-3
 1859.2312829069192 -1.1008683914705951E-3
 1878.2129689686298 2.528270554023333E-3
 1897.3448921743877 5.8113011615872605E-3
 1916.6374137065413 8.867111951003419E-3
 1936.0853529739163 0.012196093621601367
 1955.6887099765124 0.014667437807466457
 1975.4526653055042 0.014901789269869403
 1995.3720383697175 0.014661298466441985
 2015.4520097603265 0.014418868725457671
 2035.6873988861564 0.012911997627598542
 2056.0885669295562 0.012043898409185681
 2076.645152708177 0.01347816110154024
 2097.367517404368 0.016902880336269063
 2118.2504804269542 0.019046100490404713
 2139.2888611847615 0.02026969996567087
 2160.4930208601385 0.02354279154898259
 2181.8629594530852 0.027026827195667096
 2203.3934963724273 0.03384819277354619
 2225.0846316181646 0.04371161320599772
 2246.941545781472 0.06199397779561299
 2268.9642388623483 0.07699852671590911
 2291.1475302696203 0.10752189099047774
 2313.496600594462 0.11412913936114409
 2336.011449836873 0.11639375876041186
 2358.6868974056797 0.10074613602902296
 2381.5333044832295 0.08498053944564983
 2404.5403098871756 0.08357783297714726
 2427.7182747998645 0.07699663518353088
 2451.0568380389495 0.07036983677936409
 2474.561180195604 0.04584546063935908
 2498.2364818610012 0.027511385122838596
 2522.072381852795 0.017262822156151172
 2546.0792413533313 0.011657185650798594
 2570.251879771438 8.332135828181991E-3
 2594.5902971071136 6.165621612542011E-3
 2619.094493360359 4.6626463975728855E-3
 2643.7644685311743 3.579967288173096E-3
 2668.6002226195587 2.780589981862514E-3
 2693.606936216687 2.1797020864768586E-3
 2718.7742481402106 1.7216598211130384E-3
 2744.1125195724775 1.3685236192965502E-3
 2769.61138933114 1.0936861040450535E-3
 2795.2812185985462 8.780722795580435E-4
 2821.1116461923475 7.077603356311034E-4
 2847.113033294893 5.724359367744382E-4
 2873.2750187238334 4.6435922766156073E-4
 2899.607963661518 3.255288276253838E-4
 2926.1015069255972 3.078306492960435E-4
 2952.7608291072465 2.514017982347156E-4
 2979.580749615291 2.0566302145780127E-4
 3006.5716296320797 1.6849141447686485E-4
 3033.7179273840897 1.3821242922541145E-4
 3061.035184644843 1.134980484179889E-4
 3088.507859640817 9.328987558562272E-5
 3116.1463135543617 7.67407173719706E-5
 3143.9505463854757 6.316980238369088E-5
 3171.910196951811 5.2028146555974845E-5
 3200.0304458445416 4.287166149205686E-5
 3228.3112930636675 3.534010692048098E-5
 3256.7527386091892 2.914052830944642E-5
 3285.354782481106 2.403415853144289E-5
 3314.1122440882445 1.9826014813868786E-5
 3343.0303040217786 1.6356589880749075E-5
 3372.09860109936 1.3495197991663251E-5
 3401.3274965033374 1.1134619580358375E-5
 3430.7118096425356 9.18678628213499E-6
 3460.251540516955 7.579283601176823E-6
 3489.941508535422 6.2525165427810185E-6
 3519.7868942891104 5.157400805396393E-6
 3549.782517186847 4.2534835417247175E-6
 3579.92837722863 3.507406500784805E-6
 3610.224474414461 2.891648926409738E-6
 3640.670808744339 2.3834978154823674E-6
 3671.2673802182644 1.9642018580242775E-6
 3702.0090082450633 1.6182770342783097E-6
 3732.8905122335613 1.3329346943049664E-6
 3763.922253366107 1.0976116644230182E-6
 3795.0990510515257 9.035818409899407E-7
 3826.4157246986433 7.436368053005383E-7
 3857.872274307461 6.118218532300378E-7
 3889.4686998779775 5.032182932546023E-7
 3921.2101820013676 4.1376350362601735E-7
 3953.0811789041085 3.4010236049551836E-7
 3985.092051768549 2.7946445359495244E-7
 4017.237620003515 2.295625456339E-7
 4049.512703017832 1.885087040540343E-7
 4081.9224814026742 1.5474490265472993E-7
 4114.4617745668674 1.269856954171643E-7
 4147.135763101585 1.0417079120787726E-7
 4179.928905233308 8.542584428408304E-8
 4212.85156214438 7.00300404407169E-8
 4245.898553243631 5.7389327748624494E-8
 4279.069878531058 4.701426071693894E-8
 4312.360357415488 3.850171426575274E-8
 4345.769989896921 3.1519762459158313E-8
 4379.298775975358 2.5795194678320503E-8
 4412.941535059623 1.4713439590501093E-8
 4446.698267149718 1.441232194771323E-8
 4480.568972245641 1.4110187640078637E-8
 4514.553650347394 1.1532134441355194E-8
 4548.641940272628 9.422037381834254E-9
 4582.84420320369 7.695547423803405E-9
 4617.1448973670594 6.283408879550619E-9
 4651.554383945085 5.128776952092191E-9
 4686.062301755415 4.1850114570634675E-9
 4720.668650798054 3.413858866994418E-9
 4755.373431072999 2.783955610200662E-9
 4790.171461989077 2.269596622702487E-9
 4825.067924137463 1.849722038063859E-9
 4860.052456335807 1.507083954192277E-9
 4895.130239175282 1.227561755247867E-9
 4930.290911473544 9.995990777192297E-10
 4965.539653821765 8.137414033038081E-10
 5000.871285628769 6.622568828900877E-10
 5036.280626303385 5.388243456777976E-10
 5071.772856436785 4.382778464277195E-10
 5107.337614846622 3.563969529302298E-10
 5142.980082124071 2.897348764627302E-10
 5178.695077677956 2.3547758755654115E-10
 5214.472240325928 1.9132840913269955E-10
 5250.321931250338 1.5541348448098231E-10
 5286.223428086488 1.2620446488872567E-10
 5322.228536746119 1.02455155749151E-10
 5358.285451317492 8.314973688999617E-11
 5394.342365888863 6.746043358920286E-11
 5430.502892283716 5.4712888647225813E-11
 5466.715224590308 4.435788326206342E-11
 5502.979362808643 3.5948228829309323E-11
 5539.295306938717 2.9119904132007383E-11
 5575.61125106879 2.3576651550713632E-11
 5612.0308070223454 1.9077408563509913E-11
 5648.4503629759 1.5426055599103206E-11
 5684.973530752936 1.2463048494245316E-11
 5721.444892618232 1.0058598539931518E-11
 5758.019866307008 8.107106024209418E-12
 5794.594839995785 6.522627373149011E-12
 5831.221619596303 5.235168734401259E-12
 5867.848399196819 4.18766633471535E-12
 5904.4751787973355 3.3335153679749904E-12
 5941.1537643095934 2.6345484887938363E-12
 5977.884155733591 2.0593730348425272E-12
 6014.614547157589 1.5820000778073463E-12
 6051.293132669846 1.1807014209301415E-12
 6088.075330005585 8.370446782429573E-13
 6124.805721429583 5.350718872126664E-13
