 0.0E+0 0.0E+0
 0.21421941024439172 0.021421941024439172
 0.6451767049847358 0.06453221647522911
 1.0812044414507657 0.10816332650579973
 1.5223642039549394 0.15231929313880765
 1.9687046116913027 0.19700237659271513
 2.420301294517259 0.24221273236166701
 2.877208273759526 0.2879481391007372
 3.339484972877493 0.334203787598161
 3.8071962174632205 0.38097215027132025
 4.28040683310877 0.42824270349862803
 4.759187047538872 0.476002008143282
 5.2435854799475745 0.5242335984860179
 5.733661553794265 0.5729180377587333
 6.229523311732379 0.6220330292117333
 6.731219372955961 0.6715536382482234
 7.238803758791729 0.7214524867919905
 7.7523304905664 0.7717000309555184
 8.271961632260126 0.8222648942417274
 8.79764316254619 0.8731142007457127
 9.329483124078028 0.9242137139888016
 9.86758955950907 0.9755281701202938
 10.412016490166039 1.0270214722851418
 10.962871958702365 1.0786569960588778
 11.520155965118052 1.1303975339139913
 12.083976552066531 1.182205378520363
 12.654441762201238 1.234042267211642
 13.23160561684889 1.2858691320839426
 13.815522137336206 1.337645933394973
 14.40629936631662 1.3893312152950516
 15.004045346443563 1.4408817726253675
 15.60876007771704 1.4922522344158073
 16.2206056241172 1.5433945918491567
 16.839581985644045 1.5942578372925524
 17.465905247604442 1.6447876310957423
 18.099521388671675 1.6949259128557221
 18.74053845149918 1.7446110124839835
 19.389118500067105 1.7937773725383974
 20.04531555570217 1.8423559091917647
 20.709183639731094 1.890274289899933
 21.380884816134024 1.9374573499039673
 22.060419084910964 1.9838277308668197
 22.747894488715346 2.02930663057724
 23.443473091527327 2.0738144693532527
 24.14720891467362 2.117271917414189
 24.85915597948094 2.1596008944858984
 25.57947634992944 2.2007256249395932
 26.308224047345845 2.2405734430293797
 27.04550711438358 2.279076042398785
 27.79143359369608 2.316170059183793
 28.546111527936787 2.3517982104521246
 29.309594938432415 2.3859099606067135
 30.082045889163115 2.418462243322806
 30.8635184014556 2.449420322319121
 31.65417453929003 2.478758207860025
 32.45406832399312 2.506459101024516
 33.2633077982183 2.5325159212756402
 34.082001004619016 2.556931167626441
 34.9103100071754 2.579717113007633
 35.74834284854091 2.6008952766981887
 36.59615355004224 2.6204962854912743
 37.45385015433284 2.638559235057589
 38.321594725392856 2.6551312456763742
 39.19949530587573 2.670266296029333
 40.08765993843489 2.68402458456396
 40.98619666572377 2.696471391054269
 41.895267551722525 2.7076760492287625
 42.81492661775788 2.7177109749320287
 43.74533592780997 2.7266506942863353
 44.68665754585894 2.734570788552791
 45.638945493231545 2.741546950059748
 46.602361833907906 2.7476538715303444
 47.57701461054147 2.7529646074458344
 48.56306588711238 2.757549657740807
 49.56062370627407 2.761476579067826
 50.56985013200671 2.7648095127616283
 51.590799185636996 2.767608879404202
 52.6236869524718 2.7699312677575376
 53.66867549649128 2.7718294069968165
 54.72576481769545 2.7733520834099754
 55.79538708669803 2.7745443625322017
 56.87743426084558 2.7754475058454954
 57.97190634013811 2.776099192913165
 59.0793435378428 2.776533576913447
 60.199205640692476 2.776781395706755
 61.33257307522146 2.776870249503796
 62.478905628162614 2.7768249896009282
 63.63874351278309 2.7766673851784275
 64.81208672908288 2.7764172339729467
 65.99947549032917 2.776091862474909
 67.2003695832548 2.7757066812647384
 68.41476900785973 2.7752752960801063
 69.64375419067835 2.7748096466499907
 70.88732513171064 2.7743202010623555
 72.14494161768943 2.7738160945982084
 73.4171438618819 2.773305185265225
 74.70447207755518 2.7727944425331112
 76.00638605144216 2.7722897251991094
 77.32396621007715 2.7717961423565493
 78.656672340193 2.7713179700944134
 80.00450444178968 2.7708587903313945
 81.36800272813437 2.770421629649955
 82.74770741249426 2.770008959296325
 84.14307828160217 2.769622667413691
 85.55519576199242 2.769264336710314
 86.9835196403979 2.768934966791409
 88.42804991681855 2.7686353351277013
 89.88932680452157 2.7683658582213643
 91.36789051677411 2.768126647139644
 92.86374105357619 2.7679176185821066
 94.37633820166066 2.767738467113823
 95.907302600829 2.7675886929321866
 97.45501361127968 2.767467574100096
 99.02163208608142 2.7673742776132037
 100.60553738543273 2.767307776099481
 102.20835014913507 2.767266958886465
 103.8295301639213 2.767250632001259
 105.4696176430586 2.7672574904037183
 107.12861258654692 2.7672862290536985
 108.80651499438632 2.7673354318438097
 110.50440529311112 2.767403710433473
 112.22120305618697 2.7674896209484867
 113.95852892341539 2.76759174728146
 115.71530246826205 2.7677085900245685
 117.49314433052845 2.7678386775367984
 119.29097408368025 2.7679804548767013
 121.10933194098463 2.7681323948696405
 122.94929832897593 2.768292942574168
 124.81033303438699 2.7684605430488353
 126.69243605721778 2.7686336968858182
 128.5966878240027 2.7688110435113486
 130.52254812147447 2.768991305652095
 132.47109737616756 2.76917331710197
 134.44179537481474 2.7693560782557575
 136.43518233068314 2.769538728342299
 138.45125824377285 2.7697204343572474
 140.4911035406182 2.769900446596689
 142.55363779468476 2.770077959823089
 144.64048164577414 2.77025230763297
 146.7516350938863 2.770422823622853
 148.88655792575406 2.7705889246896955
 151.04579035464462 2.7707500554972663
 153.2304128070923 2.770905910610638
 155.43988506982995 2.771056156828071
 157.67474735612475 2.771200655315508
 159.93499966597664 2.7713392672388916
 162.22172242592003 2.771471937064598
 164.53437542268773 2.7715986925594382
 166.8734988695469 2.771719505956602
 169.23909276649754 2.771834460556523
 171.63223754007401 2.7719435841260136
 174.0529331902763 2.7720469599655075
 176.50063950383724 2.7721446436086294
 178.9769771205584 2.772236746122624
 181.4814058271725 2.772323434108362
 184.01446583694675 2.7724049019335232
 186.57669736314838 2.7724814272662245
 189.16810040577735 2.772553343308204
 191.7886749648337 2.7726211776288822
 194.43950146685168 2.7726854855644904
 197.12112012509854 2.7727468779848827
 199.83245051303993 2.772806021293538
 202.57511327047731 2.772863470826687
 205.3491083974108 2.7729196708533154
 208.15443589384025 2.7729750378755966
 210.99163597303294 2.773029821794834
 213.86124884825602 2.773084355812768
 216.76381473277663 2.773138973131136
 219.69879341332767 2.7731940347184895
 222.6672653164434 2.773249957077002
 225.66977065539103 2.7733069901079776
 228.70630943017056 2.773365189345039
 231.776881640782 2.773424554788187
 234.88310792702688 2.7734850864374203
 238.02390786237077 2.7735471174944792
 241.20036187334812 2.7736109533942907
 244.41246995995888 2.7736767329709124
 247.66131254873744 2.7737440952557936
 250.94688963968374 2.7738120128769065
 254.26974144606498 2.7738791252604837
 257.6304081811483 2.7739439607655116
 261.02834963166662 2.7740052143518467
 264.4651864374213 2.7740620530151414
 267.9403783851454 2.7741138658855404
 271.455005901373 2.7741605141289866
 275.00906898610435 2.7742022754135953
 278.6031078526064 2.7742400382773375
 282.2376627141465 2.7742752465944153
 285.9132737839917 2.7743095386067104
 289.62994106214205 2.7743444137220487
 293.38874497513194 2.774380871545647
 297.18968552296126 2.77441935634649
 301.03276270563014 2.7744593960887815
 304.91959716294 2.774499685732377
 308.8496486816237 2.7745384204345242
 312.8239976882156 2.7745741840878332
 316.8426441827157 2.77460603262071
 320.90612837839114 2.7746333829301117
 325.0149904885091 2.7746554020116906
 329.1697707263368 2.7746702294890717
 333.37100930514134 2.7746753385824014
 337.61924643819 2.774668341345885
 341.91502233874984 2.77464762730445
 346.2583370068209 2.774612363453749
 350.64973065567033 2.7745621332916097
 355.09028371183256 2.774496964584843
 359.5805363885747 2.7744173293692453
 364.1199484726296 2.7743243105504684
 368.7101406037987 2.774219546370395
 373.3516529953493 2.7741053970080096
 378.0439454340141 2.7739850278798314
 382.78863855959474 2.773862326339481
 387.5857323720911 2.7737412352742012
 392.43576708477053 2.77362433699747
 397.3392829109 2.7735118258769673
 402.29682006374673 2.7734020359039992
 407.30945896984525 2.7732931344690014
 412.3771996291953 2.7731843996348732
 417.5005822550642 2.7730760535361067
 422.6806872739863 2.7729678185045862
 427.9175146859615 2.77285805629843
 433.2116047042571 2.7727439069360446
 438.5640377554074 2.7726222050009106
 443.9753540526795 2.77249034041274
 449.44555359607346 2.7723469248309542
 454.97571681212366 2.7721924858249735
 460.56638391409722 2.772029244739723
 466.2180951152613 2.7718605058257805
 471.9319308421504 2.771690267504013
 477.7073508814971 2.7715216674241287
 483.5459758731031 2.7713542613171422
 489.4483460302355 2.771182579121173
 495.4144613528943 2.7709989571962263
 501.445942480881 2.7707989250856384
 507.54224920092855 2.770584204331728
 513.7050021528383 2.770362180906373
 519.9347415498776 2.770144627937681
 526.2314673920463 2.7699471781405704
 532.5962601058787 2.7697840481225663
 539.0296599046424 2.769659680573521
 545.5343678546726 2.769566994956483
 552.1033611834965 2.769493274071751
 558.7479843697246 2.7694264948899127
 565.4628352806852 2.769358632802423
 572.2533160490501 2.7692869666617472
 579.1086224094757 2.7692144675167247
 586.0449607599772 2.769149743078943
 593.0515268352113 2.7691037057053513
 600.1337227678496 2.7690857683450733
 607.291548557892 2.769103733472163
 614.5250042053387 2.7691624325118326
 621.8340897101897 2.7692610602265474
 629.2242072051166 2.7693944242225434
 636.6953566901195 2.7695530837838835
 644.2367338998548 2.7697227112357967
 651.8645452323378 2.7698878959978574
 659.5733885548967 2.770034310395293
 667.3632638675316 2.7701495704301417
 675.2287690375708 2.7702293722466087
 683.1861104630294 2.770282212489036
 691.2190817458923 2.7703248067779924
 699.3438892841743 2.770373537532307
 707.5497288125325 2.7704369846967562
 715.8420024636383 2.770509067339605
 724.2207102374917 2.7705682106482605
 732.685852134093 2.7705971158991102
 741.2428302861136 2.770596671630125
 749.8862425608819 2.7705745970149227
 758.6214910910696 2.770541832177264
 767.4485758766767 2.7705079566671422
 776.3620947850317 2.770469221964995
 785.3728520814776 2.7704198525740144
 794.4700435006712 2.7703544339659433
 803.6698754406277 2.770258610699197
 812.9561415033319 2.770119721107698
 822.3450480867989 2.769926408565512
 831.8257909256854 2.7696714814684404
 841.403772152663 2.769372543975022
 851.0843939004035 2.769065387505378
 860.8568519035634 2.768782610296296
 870.7319504274861 2.76854259397704
 880.7096894721718 2.7683606102939766
 890.7846669049487 2.768259677933901
 900.9676869911601 2.7682602332701322
 911.2479454654625 2.768378880855993
 921.6362465931998 2.768618897175249
 932.1271882416997 2.7689407978218394
 942.7207704109626 2.769279275254941
 953.4277973663319 2.7696012869687787
 964.237464842464 2.7699078881021912
 975.1551749720306 2.7702005502961934
 986.1809277550319 2.770493573458747
 997.3201253241396 2.7708216661043185
 1008.5673655466818 2.77121267834492
 1019.9280505553304 2.7716829925993802
 1031.4021803500854 2.7722487136184126
 1042.9897549309464 2.7729127846840446
 1054.690774297914 2.773630556763263
 1066.505238450988 2.774336555714373
 1078.4331473901681 2.774984022226683
 1090.4853053807983 2.775518227914578
 1102.6509081575345 2.775876697452013
 1114.935357853049 2.7760665669095643
 1127.3386544673417 2.776175385044127
 1139.8607980004121 2.776266710087398
 1152.5071905849326 2.7763483722802404
 1165.2778322209028 2.776423231604247
 1178.167320775651 2.7764891500149264
 1191.181058381849 2.7765527082466223
 1204.3244471721684 2.776618154621505
 1217.5866828812661 2.77669281957783
 1230.983971907157 2.776749186205328
 1244.5001078518257 2.7767727879951666
 1258.151297113288 2.776798888798048
 1271.9267354262 2.776900237660297
 1285.8318249232336 2.7771623563615666
 1299.8719677370602 2.7775696954873745
 1314.0417617350085 2.7780456186377726
 1328.34660904975 2.7785101573954253
 1342.7811075486131 2.7789136091676125
 1357.3560614969412 2.779267913683311
 1372.0606666293906 2.779586676680194
 1386.9057272113052 2.7798490730495797
 1401.8858411100131 2.780061766826246
 1417.001008325514 2.7801964358623854
 1432.25663099048 2.780171168063852
 1447.658111237583 2.7799190454147493
 1463.194644801479 2.779468945399116
 1478.8716338148396 2.7789247158922423
 1494.6890782776658 2.7783688243245077
 1510.6523803226284 2.777875963419049
 1526.7615399497278 2.777474732991787
 1543.0111550262922 2.7770990480311752
 1559.4120298176651 2.7767522405546016
 1575.953360058503 2.776491871162461
 1592.6459500141493 2.7763842470007955
 1609.4843975519322 2.776488317010579
 1626.4687026718518 2.7766706338953817
 1643.609669639252 2.776791114090807
 1660.8964941887884 2.77687191551249
 1678.3345784531334 2.776853867084966
 1695.9239224322868 2.7766476985090204
 1713.6645261262488 2.7763035011127352
 1731.561791667691 2.7759553885960173
 1749.6103169239413 2.7756734721580942
 1767.815504027672 2.7754338445742003
 1786.1773529788831 2.775296426623715
 1804.6904616449023 2.7753032017257392
 1823.3656342910737 2.7753944990021985
 1842.197468784725 2.775566347799037
 1861.1859651258566 2.7757898706322174
 1880.3365254471402 2.775969049867312
 1899.6437476159037 2.776056043287977
 1919.1076316321477 2.775962857868331
 1938.7389817612152 2.775596696924089
 1958.5323958704345 2.775059825622283
 1978.482471827134 2.7744782775206524
 1998.6000138966574 2.7739892762020024
 2018.8796199463326 2.773721659672041
 2039.3212899761592 2.7737319333923236
 2059.93042611881 2.7740548891777545
 2080.7016262416127 2.774415913261855
 2101.640292477239 2.774488467940501
 2122.741022693017 2.7743414704400217
 2144.0146211542905 2.774120807588434
 2165.450283595716 2.7738508586463
 2187.058814282637 2.7735556696724446
 2208.834811082381 2.7731789295729925
 2230.772871862277 2.772720943782872
 2252.8838008876687 2.772370137885431
 2275.167598158556 2.7720675074060734
 2297.6188615422665 2.7717097320389272
 2320.237591038801 2.771269156039664
 2343.0291887808307 2.7708148077018597
 2365.993654768355 2.7699301848518862
 2389.125586868704 2.7696349958780306
 2412.4303872145483 2.7668313809132856
 2435.908055805887 2.769658319999754
 2459.5531905100506 2.7661102212830552
 2483.3765955923804 2.7801245198204056
 2507.3674667875343 2.7928367214957496
 2531.536608360855 2.788765829250714
 2555.873216047 2.7843764516769113
 2580.3826919786392 2.780396079237611
 2605.0704382884464 2.7782980189549912
 2629.925650711077 2.777270369258594
 2654.9591335118743 2.7767527958908324
 2680.1654845581674 2.7764719901253727
 2705.544703849956 2.7763116923221495
 2731.0967913872395 2.7762191177723583
 2756.821747170019 2.776167360435582
 2782.7195711982935 2.776141315166324
 2808.7956656047354 2.776132041051258
 2835.0392261240003 2.7761339291944455
 2861.4610570214326 2.7761433976771923
 2888.0503540316885 2.7761581140873272
 2914.817921420112 2.776176440182967
 2941.752954921358 2.7761973208252714
 2968.866258800772 2.7762199785435166
 2996.1470287930096 2.7762438857682827
 3023.6060691634143 2.776268653764208
