 0.0E+0 0.0E+0
 0.22087257712954316 0.06517810331205276
 0.6652144237132979 0.17663801799898912
 1.1147841883921485 0.27238059217574406
 1.5696453681470068 0.35427226596258354
 2.0298480921733306 0.42414322658876046
 2.495470339219607 0.48378669706939125
 2.966567808391901 0.5348716755333763
 3.4432017687068805 0.5788721015808141
 3.9254390590918224 0.6170420316478462
 4.413346518474003 0.6504210714844458
 4.906996555691303 0.6798515952705074
 5.40643929993918 0.7059993084212856
 5.911736020234304 0.7293793395254581
 6.422998114788802 0.7503892532426722
 6.940275712798129 0.7693438965212193
 7.463624513368351 0.7865046225608526
 7.993100215605527 0.8020977340603163
 8.528869916827851 0.8163227688413988
 9.07087791792926 0.829355357269291
 9.619235617121873 0.8413485445003767
 10.174054412617826 0.8524332481862468
 10.735390003523179 0.8627179538689796
 11.303353788050057 0.8722923307411978
 11.87794576619846 0.8812349220918293
 12.459277336180515 0.8896192817227884
 13.04745989620835 0.8975145505768226
 13.642549145388026 0.9049818956780972
 14.244600782825607 0.9120688836251076
 14.85372620673322 0.9188019579667736
 15.470036815322992 0.9251826136140534
 16.093532608594923 0.9311930555968937
 16.7243806838672 0.9368135463268596
 17.362581041139826 0.9420421350275666
 18.00835647683705 0.9469013982100513
 18.661651291852816 0.9514245134138486
 19.322576884399243 0.9556351889612799
 19.991300351794524 0.9595398055236011
 20.667877393144724 0.9631355719511335
 21.352363707555905 0.9664208326288705
 22.04492639234625 0.9693947418793993
 22.745565447515776 0.972054785457501
 23.45439227127659 0.9744021196825652
 24.171573960946894 0.9764456102195069
 24.897166215632747 0.9782026197903875
 25.63122473444021 0.9797038569208962
 26.373916614687477 0.9809971465900452
 27.12529755548061 0.9821327132817329
 27.885478955031736 0.9831437833855484
 28.654572211552977 0.9840443016702787
 29.43268872325647 0.9848430401359932
 30.21988418924827 0.9855469060110049
 31.016325706846561 0.9861398125666212
 31.822068975157417 0.9865784420803042
 32.63728109149903 0.9868291207199571
 33.46201775497745 0.9868841652054638
 34.29639036380481 0.986733759354266
 35.14051031619324 0.9863710815029482
 35.99454470946093 0.9858208739657834
 36.858604941820004 0.985130271374872
 37.732746712376524 0.9843475700330477
 38.61708141934261 0.9835022682355445
 39.51177616003647 0.9826077114548689
 40.41694233267021 0.9816797228566284
 41.33269133545597 0.9807253807219681
 42.25913456660587 0.9797435717020705
 43.196439123438103 0.9787323976728112
 44.14466070505874 0.9776723693812661
 45.10396640878596 0.9765059561461465
 46.07452333193794 0.9751713475215037
 47.05638717362078 0.9736333641950454
 48.049725031152625 0.9718801830655873
 49.05464830274564 0.9699174416473173
 50.07132408571799 0.9677706937608598
 51.099863778281815 0.9654588441555966
 52.140434477755306 0.9629738502576649
 53.19309188324451 0.9603201075815463
 54.258058791173695 0.9575447259330522
 55.335502298861044 0.954711254904409
 56.42542240630656 0.9518390626396578
 57.52826470635875 0.9489031491642347
 58.64391780080549 0.9458562264487688
 59.772381689646763 0.9426292836335006
 60.914213363943225 0.9391121993298006
 62.068855832634234 0.9352080643419126
 63.23742307784104 0.9309159042984501
 64.41935810850305 0.9262922980143373
 65.61521791568084 0.9213962504055813
 66.82500249937445 0.9162893682065698
 68.04926885064451 0.9110239920825578
 69.28745997843038 0.9056396413320212
 70.53957588273205 0.9001525912265311
 71.8067305456708 0.8945742883645025
 73.08892396724663 0.8889177822690466
 74.38559915639891 0.8831436312079927
 75.69731310418825 0.8771920112740542
 77.0246228016753 0.8710516663835065
 78.36697125779943 0.8647429403040233
 79.7254724546819 0.8582837943905789
 81.09956940126209 0.8516765542565861
 82.48926209753996 0.8449336295092122
 83.8951075345762 0.8380763046172837
 85.3176627034314 0.8311342877438628
 86.75637061304494 0.8241518067288467
 88.21234524553807 0.8171944681653426
 89.68502960985019 0.8103521807641745
 91.17442370598128 0.8037199927262814
 92.68108452499197 0.7973525700282215
 94.2055690579429 0.7912288892912454
 95.74787730483406 0.7852776868458553
 97.30745227460486 0.7794376895546185
 98.88596494043712 0.7736644195204415
 100.481744329149 0.7679281927892754
 102.097018404983 0.7622135038180646
 103.73011619475726 0.7564971853536626
 105.38270867165365 0.7508129898395233
 107.05423884461155 0.7452752589885526
 108.74526370469158 0.7399605438804216
 110.45578325189372 0.7348442729558377
 112.18579748621802 0.729833350669751
 113.93642038978571 0.7248717588292544
 115.70653798047555 0.7199676794874137
 117.49782123146939 0.7151768504168752
 119.30915616064603 0.7105361958557462
 121.1422137411873 0.7060079476531689
 122.995879990972 0.7015375498311277
 124.87071190106072 0.6971180006179116
 126.76782345357474 0.6928182143426361
 128.68665765745342 0.6887262824567706
 130.62721451269678 0.6848425260681137
 132.59060800142606 0.6811453092169603
 134.57628113258061 0.677674704426535
 136.58534788828174 0.6744854266881846
 138.61725127746882 0.6715853824634597
 140.67254829120244 0.6689355149144504
 142.75123892948263 0.6664765722153833
 144.85443717443064 0.6641847309185857
 146.98102904392521 0.6620723739440756
 149.13268551114825 0.6601611420248278
 151.30940657609974 0.6584642799677531
 153.51063524771907 0.6569783321846079
 155.73692851706684 0.6556699848681844
 157.98940036626433 0.6545104410623652
 160.26749380425093 0.6534977183830323
 162.57176582208725 0.6526309334351528
 164.9022164197733 0.651902313449152
 167.25995957943032 0.6513031188372792
 169.64443830999772 0.6508247421765935
 172.0562096025361 0.6504593999449938
 174.49527345704544 0.6502060278432187
 176.96274385564706 0.6500613261527256
 179.45862079834094 0.6500184332011728
 181.98234729406641 0.6500674845649959
 184.53559431600544 0.650192207749172
 187.11780487309735 0.6503669116097454
 189.72953595640274 0.6505588427090626
 192.3713445569823 0.6507391711084237
 195.04323067483602 0.6508866191469885
 197.7451943099639 0.6509869324725855
 200.47834944448715 0.6510348414353667
 203.2432530694665 0.6510339502416397
 206.0387912027806 0.6509914500244655
 208.86663481761138 0.6509113883437927
 211.72678391395885 0.6507928988173288
 214.619238491823 0.6506341936891642
 217.54455554226444 0.6504370442737707
 220.5032920563439 0.6502092179119804
 223.49600502512186 0.6499666220604922
 226.5221374575378 0.6497336691592347
 229.58280333571295 0.6495390992222296
 232.6785596507079 0.6494085717983694
 235.80940640252276 0.6493570861492536
 238.9753435911574 0.6493853870090969
 242.17804218979384 0.6494838887313744
 245.4163882163107 0.6496428525468844
 248.69149565282933 0.6498621113262735
 252.0033644993497 0.6501520062252362
 255.35310873799306 0.650525537012988
 258.74072836875944 0.6509900407298945
 262.1667803827095 0.6515413656564274
 265.6318217709037 0.6521607481344712
 269.13529554228165 0.6528183883674853
 272.6788726700251 0.6534804164806762
 276.26199616307343 0.654111478646154
 279.88578000354794 0.654677046763264
 283.55022419144864 0.6551511327369819
 287.2558857178361 0.6555248021004486
 291.0033215737711 0.6558084725865876
 294.79308875031404 0.6560271520684722
 298.6251872474651 0.6562128908224952
 302.5007310473454 0.656395510946057
 306.41972014995513 0.6565931963665534
 310.38215455529416 0.6568077167666712
 314.38970523654444 0.6570247501050477
 318.4418152026453 0.6572163535207324
 322.53959843571794 0.6573555249610321
 326.6830549357625 0.6574433346688342
 330.8727416938396 0.657518795643156
 335.10921570100975 0.6576418189444443
 339.3930339483337 0.6578643042371601
 343.72475342687204 0.6582041497477054
 348.10493112768534 0.658634119404339
 352.5341240418344 0.659096484722746
 357.012332169319 0.6595420482768995
 361.5401125011999 0.6599521733864403
 366.1185790195984 0.6603294631868205
 370.7482887155751 0.6606824703724595
 375.4286845980693 0.6610206859709709
 380.161437640263 0.6613603131955021
 384.9471048332167 0.6617239113487846
 389.7851291858699 0.6621174051221707
 394.6771816714044 0.6625142174588448
 399.62326228982033 0.662883681540484
 404.6239280321782 0.6632099486451818
 409.6797358895386 0.6634618635627756
 414.79124285296234 0.6635822003232208
 419.9595629045706 0.6635049750395815
 425.1846960443633 0.6631949669654733
 430.46719926340114 0.6626817877223998
 435.8081865438054 0.662020903642347
 441.20765788557605 0.6612585574077031
 446.66617027977383 0.6604512766238784
 452.1848377085198 0.659657460044612
 457.76421716287472 0.6588851420977391
 463.4043086428386 0.6581273292656421
 469.1062261305327 0.6574681271078144
 474.87052661701756 0.6570134743291485
 480.6977670933539 0.6567870899830527
 486.58906154166305 0.6567208104613974
 492.54385297088424 0.656732621339111
 498.5638123541994 0.6567857483363059
 504.6494966826692 0.6568552950300243
 510.80090595629366 0.6569194026421452
 517.0197111482546 0.6569921419966254
 523.3053552674914 0.6571110257386163
 529.6595092871861 0.6572366192363188
 536.0827301983992 0.6572784453002622
 542.5750180011306 0.6571890134015725
 549.1374866775018 0.657018949424141
 555.7706932185733 0.6569097314217215
 562.4774225796482 0.6569200098487229
 569.2504338769385 0.6569971481197822
 576.1014239227171 0.6570970749423075
 583.0248228063782 0.6572320508148324
 590.0262004385277 0.6574926042427603
 597.0944169979531 0.6580046226867656
 604.2461822164732 0.6587948219359835
 611.4703562728758 0.6598029040988553
 618.7725090777668 0.6608544723603292
 626.1526406311464 0.6617610536339876
 633.6107509330144 0.6623484607661616
 641.146839983371 0.6623459478207747
 648.7664776928225 0.6615250841197386
 656.4696640613689 0.6599904538178928
 664.2452592677975 0.6581440406736718
 672.1099730439272 0.6565001802222677
 680.0582354791518 0.6553251786115507
 688.0900465734713 0.654462947208348
 696.1998364162794 0.6538482191038926
 704.4043147393949 0.6535372535637781
 712.686771810999 0.6534492963192382
 721.0639173629105 0.653476415558633
 729.524611573917 0.6536074954379949
 738.0744243546245 0.6537214975773705
 746.7133557050333 0.6537115627073096
 755.4414056251434 0.653688319735827
 764.2641440255609 0.6536218147547334
 773.1760009956796 0.6532181128010415
 782.1825464461058 0.65239921535737
 791.2837803768396 0.6515775245301266
 800.4741328772745 0.6512119920950832
 809.7647437686232 0.651300880633041
 819.1444732296732 0.6514533337564467
 828.6300309922433 0.651694324518896
 838.2047073245146 0.6522273576164327
 847.885211958306 0.6527563723105047
 857.660405072405 0.6533958980383687
 867.5358565774177 0.6546077395108464
 877.5171363839506 0.6563204015049815
 887.5931046707911 0.658149914084586
 897.7749012591516 0.660079083149127
 908.0625261490326 0.6618650825828786
 918.4504094298272 0.6634940498682013
 928.9496909227482 0.6648898837364994
 939.5492308065832 0.6656876309968408
 950.2601689025446 0.6659165820376497
 961.0769353000262 0.6656800700267983
 971.9995299990279 0.6652604268257876
 983.0390928207624 0.6651327937868327
 994.1844839440172 0.6654106080982652
 1005.4412732793984 0.6654616636448699
 1016.8094608269059 0.6643275298759761
 1028.2946164971465 0.6624604003479898
 1039.8911703795133 0.6606158790596035
 1051.6046923846131 0.6591208793804533
 1063.4351825124458 0.6588598140731154
 1075.382640763011 0.6593440975347414
 1087.4470671363092 0.6599661682268088
 1099.6284616323403 0.6607282109612893
 1111.926824251104 0.6614657537725361
 1124.3532948138135 0.6620970587699283
 1136.8967334992553 0.6628636541191812
 1149.5627102180367 0.6635638990004477
 1162.351224970157 0.6633817162113315
 1175.2622777556164 0.662608244595652
 1188.3014384850214 0.6619816998350219
 1201.468707158372 0.661477611496463
 1214.7585138650613 0.6602681251518078
 1228.1764285156962 0.6584419812966338
 1241.728021020883 0.6575195953220586
 1255.402151559409 0.6577297558286409
 1269.2155298630927 0.6574821582763529
 1283.151446200116 0.6567979610854554
 1297.2266103022973 0.6580755614295041
 1311.429882348424 0.6609702584517727
 1325.7668322491024 0.663511025069601
 1340.243029914939 0.6656026523005913
 1354.8529054353273 0.6677418290308862
 1369.6020287208737 0.6695898884218384
 1384.484829860972 0.6717358717133334
 1399.5124486768347 0.6747778286559308
 1414.6737453472492 0.6787684807750778
 1429.979859693428 0.6822236934623668
 1445.425221804765 0.6839583481278763
 1461.00983168126 0.6845693717635984
 1476.7392592335193 0.6842589227809842
 1492.61907437215 0.6840712944513425
 1508.6381372759383 0.6841726519411742
 1524.8020178554907 0.6831149791385325
 1541.1107161108081 0.6814016732702298
 1557.5698019524961 0.6793582365105096
 1574.1792753805548 0.6780159212355111
 1590.933566484378 0.6789644054872144
 1607.8438150851782 0.6807076322435294
 1624.898881361743 0.6819650488846993
 1642.1099051352848 0.6830843278464345
 1659.4713164951972 0.6837134601269943
 1676.9831154414803 0.6826933527815721
 1694.6564417953472 0.6808527711296511
 1712.4801557355845 0.6795078741821212
 1730.4598271727991 0.6791788701836216
 1748.5954561069904 0.6787413089097373
 1766.8870425381592 0.6786160670614897
 1785.3401563769111 0.6784624272227746
 1803.9492277126403 0.6791495416140277
 1822.7198264559526 0.6790299770785522
 1841.651952606849 0.6772831390353915
 1860.7400362547216 0.6751641011921384
 1879.9952172207845 0.6721170783183232
 1899.4119255944306 0.671139028925838
 1918.9901613756601 0.6706031455406701
 1938.7354944750795 0.6695756127281377
 1958.642354982082 0.6683226013551636
 1978.710742896668 0.6667617017275533
 1998.95179804005 0.6635951568518296
 2019.3599505016218 0.6585491500972188
 2039.9296303707772 0.6556813611749205
 2060.6719774687285 0.6548387868433492
 2081.5814218848695 0.6557749690158784
 2102.6579636192 0.657642033990354
 2123.907172582327 0.6579445284529337
 2145.3234788636432 0.6595682022771899
 2166.9124523737564 0.6579802307330734
 2188.668523202058 0.6537860178609688
 2210.602831169763 0.6496983062743567
 2232.7042364556573 0.648186249263941
 2254.9838788809543 0.6490342529124222
 2277.436188535047 0.6497507862027676
 2300.0555955073295 0.6487952028192141
 2322.8532396190144 0.6507544005392379
 2345.8291208701016 0.6497599389200537
 2368.977669349985 0.6450004509104533
 2392.2988850586643 0.6393139621888275
 2415.7983379067463 0.6309774049272928
 2439.4760278942303 0.616373664929915
 2463.3263851105102 0.5974905481665935
 2487.354979466193 0.5764593407707592
 2511.561810961278 0.5437115651178759
 2535.941309685159 0.5175667679819097
 2560.5046154590486 0.46782182128523153
 2585.240588461734 0.4169426885495856
 2610.1603685144286 0.35715137317933715
 2635.252815795919 0.3013789746388034
 2660.523500216812 0.24791516557974394
 2685.9779916877137 0.20270593473119616
 2711.6051503874114 0.16717640915538561
 2737.4161161371175 0.14074384579530044
 2763.405319026226 0.12029216775970199
 2789.572759054737 0.10401483707793496
 2815.9184362226505 0.09080472060229926
 2842.4423505299664 0.07996806786416256
 2869.1445019766842 0.07097724211684293
 2896.0304604734114 0.0634065288676792
 2923.0890861989346 0.05693433009051661
 2950.3315189744662 0.051330121951724254
 2977.746618978794 0.046428245840787314
 3005.34552603313 0.04210605794264928
 3033.117100316262 0.038269955985011754
 3061.0724816494034 0.0348467041982136
 3089.2005302113402 0.03177784660123327
 3117.5123858232864 0.029015959855209248
 3145.996908664028 0.02652204327458672
 3174.6596686441725 0.024263645667815175
 3203.4950958531126 0.02221348767706819
 3232.514330112062 0.020348428549369912
 3261.700661689201 0.018648674865091325
 3291.070800316348 0.01709716942496715
 3320.608036261685 0.015679109208774244
 3350.323509346425 0.014381566399476402
 3380.217219570567 0.013193181908894678
 3410.2780271128985 0.01210392164869601
 3440.511501884026 0.011104875099871802
 3470.91764388395 0.010188094274481857
 3501.4964531126697 9.346458180784807E-3
 3532.2479295701855 8.573562470063774E-3
 3563.166503345891 7.863626871315697E-3
 3594.2577443503923 7.211418666230993E-3
 3625.510512762478 6.612186448163916E-3
 3656.935948403359 6.061605658275772E-3
 3688.52848136243 5.555731407095284E-3
 3720.28811163969 5.090958447420644E-3
 3752.209269324534 4.663986149307204E-3
 3784.2975243275677 4.271788777158493E-3
 3816.547306738185 3.911588948615131E-3
 3848.958616556385 3.5808346108990494E-3
 3881.531453782169 3.277179140128451E-3
 3914.2658184155366 2.9984626059743196E-3
 3947.161710456487 2.7426965698341054E-3
 3980.213559994415 2.508049128741521E-3
 4013.4157971187132 2.2928321261917864E-3
 4046.7795616505954 2.0954896416486464E-3
 4080.299283679454 1.9145872467890416E-3
 4113.969393294684 1.7488025041689271E-3
 4147.789890496284 1.5969161385621991E-3
 4181.760775284256 1.4578040937310323E-3
 4215.887617569204 1.330430088420721E-3
 4250.15370761931 1.2138389147481321E-3
 4284.570185255788 1.1071503374482807E-3
 4319.1314805680294 1.0095531658519975E-3
 4353.832023645428 9.203002062893555E-4
 4388.677384398593 8.387032350226024E-4
 4423.661992916915 7.641285921105142E-4
 4458.791419111001 6.959929834814288E-4
 4494.048953249034 6.33759641715158E-4
 4529.445735152224 5.769347781433737E-4
 4564.976194909967 5.250642695531437E-4
 4600.64033252226 4.7773062613095594E-4
 4636.432578078499 4.3455016081371013E-4
 4672.352931578684 3.9517035976081616E-4
 4708.401393022814 3.5926748234921913E-4
 4744.572392500283 3.265442935946011E-4
 4780.865930011092 2.9672802512640124E-4
 4817.282005555239 2.6956841570413884E-4
 4853.820619132725 2.4483596061418303E-4
 4890.470630922339 2.223202503978302E-4
 4927.243180745291 2.0182846560705728E-4
 4964.121558869764 1.8318396387143135E-4
 5001.116905116969 1.6622498188595784E-4
 5038.218079665694 1.5080344040136703E-4
 5075.42508251594 1.3678382639241754E-4
 5112.7379136677054 1.2404218675747178E-4
 5150.151003210385 1.1246516955418913E-4
 5187.669921054585 1.0194916568867254E-4
 5225.283527379092 9.239949931958466E-5
 5262.997392094513 8.372968873125204E-5
 5300.800375379636 7.586077574727708E-5
 5338.698047145066 6.872068684380203E-5
 5376.684837480197 6.224366413708698E-5
 5414.755176474422 5.636973097059893E-5
 5452.914634038349 5.1044205839395015E-5
 5491.152070350765 4.621725480078829E-5
 5529.473055322275 4.184347725851412E-5
 5567.872019042275 3.78815320255354E-5
 5606.337821689549 3.4293787375213055E-5
 5644.881603085312 3.104600131266803E-5
 5683.4810835871385 2.810703739163616E-5
 5722.191962301092 2.5448589292048986E-5
 5760.958540121109 2.304494194871092E-5
 5799.725117941125 2.0872745705881602E-5
 5838.603093973268 1.8910812060834456E-5
 5877.536769111473 1.713992768642796E-5
 5916.526143355743 1.554268345322783E-5
 5955.571216706076 1.4103319102371946E-5
 5994.616290056408 1.280758208630362E-5
 6033.772761618868 1.1642598041244693E-5
 6072.929233181326 1.0596754597095945E-5
 6112.197102955911 9.659595731268976E-6
 6151.409273624435 8.821724669579804E-6
 6190.732842505083 8.074717214295338E-6
 6230.056411385732 7.411044744210368E-6
 6269.435679372445 6.8240033582736084E-6
 6308.814947359156 6.307651492360653E-6
 6348.194215345868 5.856754274762746E-6
 6387.6291824386435 5.466734797049289E-6
 6427.1198486374814 5.133631223326022E-6
 6466.610514836319 4.854060562977121E-6
 6506.045481929095 4.6251878287681255E-6
 6545.591847233997 4.444701500889075E-6
 6585.082513432836 4.310795076894293E-6
 6624.628878737737 4.222149539806054E-6
 6664.119544936576 4.177997434743835E-6
