 1.0368642399385941 0.9998722592428555
 1.4599320375760218 0.9996590707877349
 1.8879680221493617 0.9992699095613167
 2.3210447219350496 0.9986601613812096
 2.7592139428448265 0.9978138734316441
 3.202532671381606 0.9966899990236813
 3.6510630746394783 0.9952569690383897
 4.104867319712531 0.9934869838983602
 4.5640127542860264 0.9913756720722678
 5.028546003680532 0.9889125457092771
 5.4985240543989615 0.9860211523244038
 5.9740505182647964 0.9827034391570181
 6.455172020598601 0.979004717133674
 6.94194036731212 0.9749137114851388
 7.43440736431709 0.9703369347963605
 7.9327284293487334 0.9653899841171711
 8.436851756495312 0.960138424032003
 8.946880957580303 0.9544582356436134
 9.46291964442719 0.9484333588419538
 9.985019622947712 0.9421001148147288
 10.513284504965354 0.9355379070629449
 11.04771429048011 0.9287799846322252
 11.588412591315464 0.9217686558925448
 12.135483019294895 0.9145779879534883
 12.688977380330147 0.9072713521631846
 13.248947480332959 0.8998173109176795
 13.81549693112681 0.8921815390656993
 14.388729344535184 0.8844422464121415
 14.968644720558078 0.8765435106733513
 15.555398476930716 0.8684559631620247
 16.148990613653097 0.8601058144149127
 16.74962835437218 0.8514837508670493
 17.35725989317623 0.8426087033168426
 17.971988841888727 0.8332811506436741
 18.59397061824489 0.8234858916390511
 19.223257028156456 0.8132357919419273
 19.859899877535173 0.8024069300586236
 20.504054584116257 0.7909759302144932
 21.155721147899715 0.7789176887759831
 21.815003180709016 0.7660903398135456
 22.482056100279397 0.7524887361924922
 23.156931712522585 0.738144073346859
 23.839681823350325 0.722986916107489
 24.53046185049784 0.7070213111488446
 25.229323599876867 0.6902866576287748
 25.93637068331089 0.6727747471571329
 26.65170671262339 0.6545065842057644
 27.37543529963785 0.6355267880657122
 28.107608250266004 0.6158382531353066
 28.84838098224308 0.59547978452761
 29.59780530148081 0.5745063726880101
 30.356036625714427 0.5529853189788916
 31.123126760855662 0.531009411016815
 31.899179318728005 0.5086339736977257
 32.68429791115493 0.48592016510609026
 33.478637955871654 0.4629497749393555
 34.282303064701665 0.4398356276005003
 35.095345043556704 0.41666358342153736
 35.91786750426025 0.3935042695886833
 36.750025864547524 0.3704610093285488
 37.591923736242016 0.347643941371282
 38.44366473116718 0.32514624885704013
 39.30535246114653 0.3030531321550662
 40.17714234391527 0.2814722119516995
 41.05908618538515 0.2604999963060323
 41.95133940329138 0.24021397090746665
 42.85405741536918 0.22071173953022607
 43.7672920275303 0.20205856820279108
 44.69119865750996 0.18430388605388475
 45.62588091713164 0.16750014595801696
 46.57149422413056 0.15169084437491994
 47.52814219033019 0.13690521295021101
 48.49598023346578 0.1231589739461815
 49.47506015944905 0.1104412670276958
 50.46558919192696 0.09872203719477801
 51.467722748634734 0.08797970553204397
 52.48146082957238 0.0781729129537715
 53.507217882033813 0.06927403425233473
 54.54489029419557 0.06124857488887937
 55.59447806605761 0.05402687265834296
 56.65649925673738 0.04757858158062175
 57.730435807117466 0.04183646081977592
 58.81732383543267 0.036732368065835303
 59.91664528256558 0.03220795200525392
 61.028918207633616 0.02820100284995311
 62.15414261063676 0.02466833292238491
 63.29283655069244 0.021571151972251297
 64.44448196868323 0.018866996100373414
 65.60907886460915 0.01650093733934147
 66.78766335670498 0.014436372259175219
 67.98023544497076 0.012642089852146593
 69.18627707028905 0.01107433229666141
 70.40630629177728 9.695551186895393E-3
 71.64084116855282 8.484707455734939E-3
 72.8893636414983 7.421077385456855E-3
 74.15290982884854 6.491466319187457E-3
 75.4309616714861 5.68632936099113E-3
 76.72351916941099 4.988553501532276E-3
 78.03110038174061 4.380092312658007E-3
 79.3542233675924 3.8470990214812682E-3
 80.6923700678489 3.3798352153653855E-3
 82.04657660074494 2.9743108287079195E-3
 83.41632490716316 2.6261255277264146E-3
 84.8016149871035 2.325833589747701E-3
 86.2029648996834 2.0643860338670212E-3
 87.62089270402024 1.8342659475114222E-3
 89.05539840011403 1.6295697848215707E-3
 90.50596392884738 1.4454354156240105E-3
 91.97414346757249 1.2806630394787783E-3
 93.45838283893713 1.134216493955413E-3
 94.96075427941095 1.0056328928744935E-3
 96.47970361164172 8.94386822097339E-4
 98.01678501298166 7.987638579196956E-4
 99.57148042431336 7.158594365435637E-4
 101.14430790475424 6.403405288508429E-4
 102.73526745430426 5.687729706345747E-4
 104.34435907296347 5.021296656139112E-4
 105.97261887896666 4.4357378701701975E-4
 107.619010754079 3.936492298692075E-4
 109.28508887565272 3.5065164907357375E-4
 110.96981712545302 3.127567892471963E-4
 112.6747496808321 2.7900185933908076E-4
 114.39885042355516 2.490450368827755E-4
 116.1426374127396 2.2240680343788092E-4
 117.90714676662023 1.988020307649828E-4
 119.69186042607966 1.7788728792182597E-4
 121.49677839111786 1.592129508844199E-4
 123.32293677996967 1.4249650843997004E-4
 125.16981753351764 1.2747507068932561E-4
 127.03845676999663 1.1392670585163671E-4
 128.92833643028922 1.016798003166932E-4
 130.8399745735128 9.056568074933404E-5
 132.7733711996674 8.046054645530495E-5
 134.7295624269878 7.13071395414898E-5
 136.70751213723917 6.304205285159044E-5
 138.7087745077738 5.5616517098725923E-5
 140.73334953859162 4.9025794492087284E-5
 142.78071917057525 4.3208857471023923E-5
 144.8514014628421 3.808101601812796E-5
 146.94643253362696 3.3569344873414226E-5
 149.06529432381245 2.9585891660913587E-5
 151.208504892516 2.6042633698480133E-5
 153.37606423973753 2.287114994289929E-5
 155.56900848371188 2.0027210359529024E-5
 157.7868195653217 1.747856070189321E-5
 160.03001554368432 1.519621645338556E-5
 162.2985964187998 1.3156872910258449E-5
 164.5935983089029 1.134134314929492E-5
 166.91502121399366 9.733055055006023E-6
 169.26234707495464 8.30611363002224E-6
 171.63713006913812 7.038590652144034E-6
 174.03885213742663 5.9133647066169784E-6
 176.46803133893752 4.9177714067264175E-6
 178.92518573278834 4.048415725424299E-6
 181.41031531897903 3.303911981954432E-6
 183.92342009750953 2.6794023369077886E-6
 186.4655361866147 2.1660066649303264E-6
 189.03718164541197 1.7514596530375118E-6
 191.6373203556665 1.4198914291897331E-6
 194.2675064947305 1.1559843558253071E-6
 196.92774006260395 9.467361969889013E-7
 199.61802105928691 7.810017119810068E-7
 202.33886754389672 6.50267741733566E-7
 205.09079757555085 5.482917415459508E-7
 207.87432921336665 4.704133243069876E-7
 210.68894439822673 4.1254702739468E-7
 213.53567924836593 3.7072620678816075E-7
 216.4150518229016 3.4096817857620943E-7
 219.32706212183381 3.18994353565955E-7
 222.27171014516247 3.000798883283024E-7
 225.2505500702399 2.794112770438247E-7
 228.2625457788312 2.527147381292544E-7
 231.3087333891712 2.176743653406328E-7
 234.38911290125994 1.7529426583508357E-7
 237.50472043333223 1.2983748630340846E-7
 240.65555598538801 8.723421504777246E-8
 243.84213761654473 5.258244533159801E-8
 247.06498338591975 2.8249449339790262E-8
 250.32357523439574 1.3519917112578618E-8
 253.61946733932487 5.819363485879869E-9
 256.9521416415897 2.3098618269312573E-9
 260.3226342594251 8.876126843781249E-10
 263.7309451928311 3.5646575165190615E-10
 267.177592500925 1.626000194081855E-10
 270.6630942428243 8.734247251638377E-11
 274.1879684776463 5.362433718874429E-11
 277.75221520539105 3.561680551962048E-11
 281.35687054429342 2.4543890873989415E-11
 285.00193449435334 1.7058173484433713E-11
 288.6874070555709 1.1864115071529887E-11
 292.41484240529814 8.142136316668202E-12
 296.18372248441784 5.552819045816986E-12
 299.99508341116467 3.650057892420038E-12
 303.84892518553874 2.402539135335087E-12
 307.7457658666574 1.4996672188961668E-12
 311.68612351363805 9.781012128391536E-13
 315.6705161855981 5.947964852998759E-13
 319.69946194165493 3.5043516681840423E-13
 323.77347884092603 2.105919495155952E-13
 327.89308494252873 1.0546038266034604E-13
 332.058280246463 7.041586432989621E-14
 336.26958281184636 3.526207962183319E-14
 340.52802875691355 3.5315910747366145E-14
 344.834136140782 0.0E+0
 349.18738690433423 0.0E+0
 353.5893352249225 0.0E+0
 358.0404991616643 3.552822022483475E-14
 362.54036065544204 -3.55805805470809E-14
 367.09047388360806 0.0E+0
 371.6908388461624 0.0E+0
 376.3419736022224 0.0E+0
 381.04439621090546 0.0E+0
 385.79862473132897 3.583844159362455E-14
 390.60569528172783 -3.588927562454789E-14
 395.46560786210193 0.0E+0
 400.3788805315687 0.0E+0
 405.34654940836304 0.0E+0
 410.3686144924848 0.0E+0
 415.44559384305154 0.0E+0
 420.57852357829796 0.0E+0
 425.76792175734146 0.0E+0
 431.0137883801821 0.0E+0
 436.31715956505473 0.0E+0
 441.67855337107664 0.0E+0
 447.0984878573653 3.6434823520330676E-14
 452.57799914215553 -3.648335834508624E-14
 458.1165691663299 0.0E+0
 463.7157521072406 0.0E+0
 469.376066024005 0.0E+0
 475.09751091662326 0.0E+0
 480.8816409624475 0.0E+0
 486.72793810236026 0.0E+0
 492.6379565137138 0.0E+0
 498.6122142556256 3.6866890485616276E-14
 504.65071132809555 -3.691433815849226E-14
 510.75448384935845 0.0E+0
 516.9240498785318 3.7008976704614005E-14
 523.1619997112026 -3.705618066866721E-14
 529.4615985788446 0.0E+0
 535.8337257229232 0.0E+0
 542.2732005522645 0.0E+0
 548.7852036580423 0.0E+0
 555.3593738579088 0.0E+0
 562.011252925386 0.0E+0
 568.7304796781258 0.0E+0
 575.5222347073022 0.0E+0
 582.3865180129154 0.0E+0
 589.3233295949652 0.0E+0
 596.3326694534518 0.0E+0
 603.4197181795489 3.7619171285702214E-14
 610.5844757732568 -3.766599589234785E-14
 617.8165810522273 3.771283668780671E-14
 625.1315757899827 -3.7759700151288184E-14
 632.5242793953486 0.0E+0
 639.9946918683254 3.7853521015710734E-14
 647.5376326177388 0.0E+0
 655.168643417111 -3.794751039809076E-14
 662.8721824929199 3.799458453087326E-14
 670.6637916186875 -3.804172030414652E-14
 678.5331096120659 0.0E+0
 686.485317064229 3.8136202861605433E-14
 694.5204139751769 -3.8183562714994523E-14
 702.6384003449097 0.0E+0
 710.8444567646011 0.0E+0
 719.1334026430774 0.0E+0
 727.5104185715124 0.0E+0
 735.9755045499063 0.0E+0
 744.523479987085 0.0E+0
 753.1647060653964 0.0E+0
 761.8888216024927 0.0E+0
 770.7113683718959 0.0E+0
 779.6168046000838 0.0E+0
 788.6206720605786 0.0E+0
 797.7126095710323 3.8760615411362405E-14
 806.8977977226187 -3.880963272374283E-14
 816.1814171065121 0.0E+0
 825.5531065403643 0.0E+0
 835.0232272065234 0.0E+0
 844.5917791049895 0.0E+0
 854.2535816445884 0.0E+0
 864.0189960076683 0.0E+0
 873.8776610118808 0.0E+0
 883.8399378395745 0.0E+0
 893.9006458995751 0.0E+0
 904.0597851918825 0.0E+0
 914.327716898845 0.0E+0
 924.6940798381144 0.0E+0
 935.1640546008647 0.0E+0
 945.7376411870958 3.951731816437067E-14
 956.4200201879822 -3.9569678356210624E-14
 967.2060110123494 0.0E+0
 978.1007942513717 0.0E+0
 989.1043699050489 0.0E+0
 1000.2167379733811 0.0E+0
 1011.4378984563683 3.983581824271266E-14
 1022.7678513540104 -3.9889965542824384E-14
 1034.2065966663078 0.0E+0
 1045.7644955756081 3.999923912744625E-14
 1057.4311868995632 -4.005438052706292E-14
 1069.2118512293477 0.0E+0
 1081.1064885649611 0.0E+0
 1093.1150989064035 4.02219148303033E-14
 1105.2428628448492 -4.027848871487848E-14
 1117.489780380298 0.0E+0
 1129.8506709215755 4.0392777037136514E-14
 1142.3307150598564 0.0E+0
 1154.9350933863142 -4.05086388826754E-14
 1167.6534447186013 0.0E+0
 1180.5013108302393 0.0E+0
 1193.4631499477068 0.0E+0
 1206.5545038445252 0.0E+0
 1219.7650113383467 4.080560060738222E-14
 1233.0998530203455 -4.086631120402401E-14
 1246.5642094816953 4.0927480668741643E-14
 1260.1529001312221 -4.0989117462701963E-14
 1273.8711055601004 0.0E+0
 1287.7136451771557 0.0E+0
 1301.6908801647364 0.0E+0
 1315.7924493404941 4.124050944157498E-14
 1330.028713886777 -4.1304612103173723E-14
 1344.3944932124113 4.13692342600918E-14
 1358.8897873173964 0.0E+0
 1373.519776792907 -4.150007288798466E-14
 1388.2896422301171 4.1566307456983596E-14
 1403.189022446678 -4.1633097719870354E-14
 1418.2230980337642 4.170045291529014E-14
 1433.391868991376 -4.1768382360031613E-14
 1448.7005159106868 0.0E+0
 1464.1490387916967 4.1906001663105043E-14
 1479.7322570432322 -4.197571055738927E-14
 1495.4605318476408 0.0E+0
 1511.3235020225747 0.0E+0
 1527.3315287503821 0.0E+0
 1543.4794314398886 0.0E+0
 1559.7672100910942 0.0E+0
 1576.2052258863477 0.0E+0
 1592.7831176433 0.0E+0
 1609.5060659531261 0.0E+0
 1626.3740708158252 0.0E+0
 1643.3871322313975 0.0E+0
 1660.5504307910175 0.0E+0
 1677.8587859035108 4.286282377743022E-14
 1695.3173781600512 -4.294127718727729E-14
 1712.9262075606395 0.0E+0
 1730.6800935141006 0.0E+0
 1748.5893972027836 0.0E+0
 1766.6489380355135 0.0E+0
 1784.858716012291 0.0E+0
 1803.2239117242902 0.0E+0
 1821.7393445803363 0.0E+0
 1840.4050145804301 4.3596689906911265E-14
 1859.2312829069192 -4.3682259645655545E-14
 1878.2129689686298 0.0E+0
 1897.3448921743877 0.0E+0
 1916.6374137065413 4.394410707010659E-14
 1936.0853529739163 -4.403314252475846E-14
 1955.6887099765124 0.0E+0
 1975.4526653055042 0.0E+0
 1995.3720383697175 0.0E+0
 2015.4520097603265 0.0E+0
 2035.6873988861564 0.0E+0
 2056.0885669295562 0.0E+0
 2076.645152708177 0.0E+0
 2097.367517404368 0.0E+0
 2118.2504804269542 0.0E+0
 2139.2888611847615 0.0E+0
 2160.4930208601385 0.0E+0
 2181.8629594530852 0.0E+0
 2203.3934963724273 0.0E+0
 2225.0846316181646 0.0E+0
 2246.941545781472 0.0E+0
 2268.9642388623483 0.0E+0
 2291.1475302696203 0.0E+0
 2313.496600594462 0.0E+0
 2336.011449836873 0.0E+0
 2358.6868974056797 0.0E+0
 2381.5333044832295 0.0E+0
 2404.5403098871756 0.0E+0
 2427.7182747998645 0.0E+0
 2451.0568380389495 0.0E+0
 2474.561180195604 0.0E+0
 2498.2364818610012 0.0E+0
 2522.072381852795 0.0E+0
 2546.0792413533313 0.0E+0
 2570.251879771438 0.0E+0
 2594.5902971071136 0.0E+0
 2619.094493360359 0.0E+0
 2643.7644685311743 4.742929916875011E-14
 2668.6002226195587 0.0E+0
 2693.606936216687 0.0E+0
 2718.7742481402106 -4.7811360101901594E-14
 2744.1125195724775 0.0E+0
 2769.61138933114 0.0E+0
 2795.2812185985462 4.8206197971354813E-14
 2821.1116461923475 0.0E+0
 2847.113033294893 -4.8476763598926714E-14
 2873.2750187238334 0.0E+0
 2899.607963661518 0.0E+0
 2926.1015069255972 4.889399689757637E-14
