 0.0E+0 0.0E+0
 0.22867481641618081 0.22867481641618081
 0.6887128687361486 0.6887143430700066
 1.1541635133578473 1.1541551929253655
 1.6250924902687475 1.6250360787126285
 2.101551699458958 2.1013775104876244
 2.5836218742464236 2.58317692449337
 3.071360681286822 3.0704020173919475
 3.5648315539013943 3.562986387877616
 4.064103692076953 4.060824665538579
 4.569246295800309 4.563768408845801
 5.080334331723841 5.07162302864464
 5.597419699837657 5.584146762652061
 6.120565833462999 6.1010514445837165
 6.64988806591122 6.62200327328106
 7.185438297172428 7.146628196600977
 7.7272741939023 7.674515244299872
 8.27545342275651 8.2052244756803
 8.830148983702085 8.73829287623201
 9.391303210083352 9.273241279775782
 9.95903143521166 9.809580521480196
 10.53344899239836 10.346817078126957
 11.11461354829913 10.884455888243586
 11.702640436225323 11.422000608479118
 12.297529656176936 11.958953613604097
 12.899396541465322 12.49480984349383
 13.50835642540183 13.02905141923873
 14.12446697464214 13.561138669994907
 14.747785855841924 14.090500647083323
 15.378428402312537 14.616525638089001
 16.016509947365324 15.138550911833088
 16.662030491000297 15.655856821731826
 17.315163033184472 16.167661165531182
 17.975907573917854 16.673118672555464
 18.644494779823148 17.171322798337204
 19.320866984244673 17.661313159512395
 20.005139520493784 18.1420857888484
 20.697485388537511 18.612605441277445
 21.397962255031522 19.071823540195477
 22.1066277866315 19.5186953546339
 22.82365498330447 19.952199227436928
 23.54904384505043 20.371355034311822
 24.282909705180735 20.775243155630523
 25.025425563662412 21.163021397225715
 25.776649087151135 21.533939091054197
 26.536637942302576 21.88735119586028
 27.30556512908377 22.222728295827966
 28.083488314150393 22.539666086481812
 28.870522830813786 22.837890758576545
 29.66678401238531 23.11726345903424
 30.47238719217632 23.37778272651341
 31.287390036842484 23.619582517316167
 32.11196554635083 23.842929615993657
 32.94617138735704 24.04821778998015
 33.79018055982813 24.23595989322155
 34.644050730419785 24.406777764972904
 35.50789723244336 24.56139012886547
 36.381835399210196 24.700598902444426
 37.26603823068732 24.825274173553022
 38.1606210601861 24.93633817685143
 39.065641554362194 25.034748834496962
 39.98121504652696 25.121483527562386
 40.90751453664743 25.197523405843242
 41.844655358034955 25.263838876993322
 42.79275284400087 25.321376223713254
 43.751922327856554 25.371045836105974
 44.72233680956901 25.41371267706452
 45.70405395579393 25.45018871918896
 46.69724676649834 25.481227758305998
 47.70208824164925 25.507522508732343
 48.71863604790236 25.529703423946486
 49.747063185224675 25.548338817085287
 50.787484986927566 25.563936130003671
 51.84007445297805 25.57694432782365
 52.90494691668748 25.587757280529775
 53.982275378022883 25.596717844470244
 55.07211750363994 25.60412231816653
 56.17470396016134 25.61022506476723
 57.29020774755412 25.61524308989249
 58.41862886581829 25.619360450783286
 59.56042864819925 25.622732425483008
 60.71549176138564 25.625489360011194
 61.88381820537746 25.627740174813926
 63.06598464673148 25.629575505878904
 64.26141441889094 25.631070489744633
 65.47126085496934 25.6322872008642
 66.69494728840995 25.633276763884634
 67.93305038576949 25.634081171863353
 69.18557014704798 25.634734832213634
 70.45308323880221 25.63526587793812
 71.73501299447537 25.635697268506046
 73.03135941406748 25.63604771170336
 74.34327583069206 25.636332429657652
 75.6707622443491 25.636563793803862
 77.01324198848187 25.636751849070023
 78.3712917296471 25.63690474520372
 79.74548813440154 25.637029090775676
 81.13525453618847 25.637130243191947
 82.54174426812136 25.63721254545685
 83.9643806636435 25.63727951922388
 85.40316372275485 25.63733402151818
 86.85867011201219 25.637378371975778
 88.33147649797228 25.63741445556055
 89.82100621407834 25.637443805511964
 91.32841259344389 25.637467670161758
 92.85311896951221 25.63748706674716
 94.39512534228325 25.637502824743545
 95.9550083783138 25.63751562080073
 97.5333447441606 25.637526006939175
 99.13013443982366 25.637534433336657
 100.74480079874624 25.637541266856548
 102.37907382059856 25.637546806145255
 104.0312235057104 25.637551294040044
 105.70355652030875 25.63755492779587
 107.39434286472338 25.637557867560623
 109.10531253862455 25.637560243369346
 110.83588887545548 25.637562160890102
 112.58664854177296 25.637563706100273
 114.35759153757694 25.63756494905683
 116.14871786286747 25.637565946913092
 117.96118085075804 25.63756674632636
 119.79382716813515 25.63756738538514
 121.64838681466905 25.637567895159037
 123.52370645724626 25.63756830095493
 125.42151609553703 25.637568623338395
 127.34066239642786 25.6375688789684
 129.28172202647547 25.63756908128405
 131.2458483187934 25.637569241077024
 133.23246460682491 25.637569366975181
 135.24157089057 25.63756946585526
 137.27432050314217 25.63756954319351
 139.33013677798464 25.63756960335863
 141.41017304821093 25.63756964984929
 143.51385264726434 25.63756968547966
 145.64175224170156 25.63756971252002
 147.79387183152263 25.637569732802322
 149.9713647498411 25.637569747802203
 152.17307766354335 25.63756975870612
 154.40074057229972 25.637569766468065
 156.6543534761102 25.637569771855904
 158.93333970841806 25.637569775486905
 161.23827593578002 25.637569777852977
 163.5703154913096 25.637569779338615
 165.92888170845003 25.63756978023519
 168.31455125375813 25.637569780754535
 170.72732412723385 25.637569781043275
 173.1683536619907 25.637569781197573
 175.63706319147195 25.637569781277058
 178.13402938223433 25.63756978131672
 180.6592522342779 25.637569781336011
 183.21388508071606 25.637569781345245
 185.79792792154893 25.63756978134964
 188.41080409021967 25.637569781351746
 191.05424358639865 25.637569781352777
 193.72766974352902 25.637569781353295
 196.43165922816751 25.63756978135357
 199.16678870687101 25.63756978135372
 201.9330581796394 25.6375697813538
 204.73046764647276 25.63756978135385
 207.56017044048454 25.63756978135388
 210.42274322823152 25.637569781353892
 213.31703267660023 25.637569781353903
 216.24476878526087 25.637569781353906
 219.2059515542135 25.63756978135391
 222.2005809834581 25.63756978135391
 225.2292337395514 25.637569781353914
 228.29248648905021 25.637569781353914
 231.39091589851125 25.637569781353914
 234.5239453013778 25.637569781353914
 237.69272803076333 25.637569781353914
 240.89784075322458 25.637569781353914
 244.13928346876164 25.637569781353914
 247.41705617737443 25.637569781353914
 250.7328888787333 25.637569781353914
 254.08562823972462 25.637569781353914
 257.476427593462 25.637569781353914
 260.9052869399454 25.637569781353914
 264.37335961228836 25.637569781353914
 267.8806456104909 25.637569781353914
 271.42772160110973 25.637569781353914
 275.01516425070155 25.637569781353914
 278.64239689270976 25.637569781353914
 282.3111495268045 25.637569781353914
 286.0208454864291 25.637569781353914
 289.772638104697 25.637569781353914
 293.5665273816083 25.637569781353914
 297.40308998371966 25.637569781353914
 301.2829025775879 25.637569781353914
 305.2065418297697 25.637569781353914
 309.17400774026515 25.637569781353914
 313.1864536421877 25.637569781353914
 317.2438795355374 25.637569781353914
 321.34628542031424 25.637569781353914
 325.49540129618844 25.637569781353914
 329.6906504966033 25.637569781353914
 333.9331863546724 25.637569781353914
 338.2230088703956 25.637569781353914
 342.56069471032964 25.637569781353914
 346.94682054103145 25.637569781353914
 351.3819630290577 25.637569781353914
 355.8666988409651 25.637569781353914
 360.40160464331046 25.637569781353914
 364.9872571026506 25.637569781353914
 369.62365621898533 25.637569781353914
 374.31137865887154 25.637569781353914
 379.0515777554228 25.637569781353914
 383.8448301751958 25.637569781353914
 388.6905592516338 25.637569781353914
 393.590494984407 25.637569781353914
 398.5452140400722 25.637569781353914
 403.5541397520727 25.637569781353914
 408.61900212007873 25.637569781353914
 413.7398011440903 25.637569781353914
 418.9171134906641 25.637569781353914
 424.151515826357 25.637569781353914
 429.44358481772565 25.637569781353914
 434.7944737978837 25.637569781353914
 440.2041827668311 25.637569781353914
 445.6732883911245 25.637569781353914
 451.2029440038775 25.637569781353914
 456.7931496050901 25.637569781353914
 462.4444818613191 25.637569781353914
 468.15809410567794 25.637569781353914
 473.9345630047234 25.637569781353914
 479.7738885584555 25.637569781353914
 485.6772240999877 25.637569781353914
 491.6451462958768 25.637569781353914
 497.6782318126796 25.637569781353914
 503.77763398350964 25.637569781353914
 509.94277614181004 25.637569781353914
 516.175388287251 25.637569781353914
 522.4760470863896 25.637569781353914
 528.8447525392256 25.637569781353914
 535.2832346454294 25.637569781353914
 541.790916738444 25.637569781353914
 548.3695288179399 25.637569781353914
 555.0196475504739 25.637569781353914
 561.7412729360459 25.637569781353914
 568.5355583077692 25.637569781353914
 575.403080332201 25.637569781353914
 582.3467223421247 25.637569781353914
 589.3589876723028 25.637569781353914
 596.4519863204268 25.637569781353914
 603.6199516209296 25.637569781353914
 610.8686502393782 25.637569781353914
 618.1865488446381 25.637569781353914
 625.5909474334114 25.637569781353914
 633.0703126745635 25.637569781353914
 640.6304112336617 25.637569781353914
 648.2712431107059 25.637569781353914
 655.9928083056963 25.637569781353914
 663.7951068186328 25.637569781353914
 671.683905315083 25.637569781353914
 679.659203795047 25.637569781353914
 687.7094689273895 25.637569781353914
 695.8520007088133 25.637569781353914
 704.0810324737507 25.637569781353914
 712.396564222202 25.637569781353914
 720.7928292885994 25.637569781353914
 729.2871276696454 25.637569781353914
 737.8621593686379 25.637569781353914
 746.5352243822789 25.637569781353914
 755.294789379434 25.637569781353914
 764.14662102567 25.637569781353914
 773.0907193209874 25.637569781353914
 782.1270842653863 25.637569781353914
 791.261482524434 25.637569781353914
 800.4881474325629 25.637569781353914
 809.8128456553407 25.637569781353914
 819.2355771927673 25.637569781353914
 828.7505753792753 25.637569781353914
 838.3693735459998 25.637569781353914
 848.0804383618054 25.637569781353914
 857.9010698233952 25.637569781353914
 867.8139679340662 25.637569781353914
 877.8364326905212 25.637569781353914
 887.9569307616251 25.637569781353914
 898.1812288129455 25.637569781353914
 908.5150935100498 25.637569781353914
 918.946991521803 25.637569781353914
 929.4884561793403 25.637569781353914
 940.1394874826618 25.637569781353914
 950.8943187661996 25.637569781353914
 961.764483361089 25.637569781353914
 972.7384479361948 25.637569781353914
 983.8277458226522 25.637569781353914
 995.0266103548937 25.637569781353914
 1006.3350415329191 25.637569781353914
 1017.764572687864 25.637569781353914
 1029.3036704885926 25.637569781353914
 1040.958101600673 25.637569781353914
 1052.727866024105 25.637569781353914
 1064.618730424456 25.637569781353914
 1076.6249281361588 25.637569781353914
 1088.752225824781 25.637569781353914
 1101.0006234903221 25.637569781353914
 1113.3701211327822 25.637569781353914
 1125.8607187521618 25.637569781353914
 1138.4724163484604 25.637569781353914
 1151.2052139216784 25.637569781353914
 1164.070644802951 25.637569781353914
 1177.057175661142 25.637569781353914
 1190.1705731618203 25.637569781353914
 1203.4108373049855 25.637569781353914
 1216.7779680906371 25.637569781353914
 1230.2777321843434 25.637569781353914
 1243.910129586104 25.637569781353914
 1257.6693936303511 25.637569781353914
 1271.5612909826527 25.637569781353914
 1285.5915883085763 25.637569781353914
 1299.7487522769865 25.637569781353914
 1314.0500828845863 25.637569781353914
 1328.478280134673 25.637569781353914
 1343.0506440239491 25.637569781353914
 1357.7556412212795 25.637569781353914
 1372.5990383922321 25.637569781353914
 1387.586602202374 25.637569781353914
 1402.7125659861378 25.637569781353914
 1417.9826964090912 25.637569781353914
 1433.3912268056665 25.637569781353914
 1448.949690506999 25.637569781353914
 1464.6465541819534 25.637569781353914
 1480.4933511616645 25.637569781353914
 1496.4843147805656 25.637569781353914
 1512.619445038656 25.637569781353914
 1528.9045086015034 25.637569781353914
 1545.345272134676 25.637569781353914
 1561.9302023070376 25.637569781353914
 1578.6650657841562 25.637569781353914
 1595.5498625660325 25.637569781353914
 1612.590359318233 25.637569781353914
 1629.7865560407581 25.637569781353914
 1647.1326860680405 25.637569781353914
 1664.6402827312151 25.637569781353914
 1682.297812699147 25.637569781353914
 1700.1168093029712 25.637569781353914
 1718.0915058771197 25.637569781353914
 1736.2219024215928 25.637569781353914
 1754.5195322675263 25.637569781353914
 1772.972862083784 25.637569781353914
 1791.5876585359342 25.637569781353914
 1810.3639216239764 25.637569781353914
 1829.3016513479112 25.637569781353914
 1848.4066143733057 25.637569781353914
 1867.6730440345922 25.637569781353914
 1887.1067069973387 25.637569781353914
 1906.7076032615455 25.637569781353914
 1926.4699661616436 25.637569781353914
 1946.4053290287702 25.637569781353914
 1966.507925197356 25.637569781353914
 1986.7777546674017 25.637569781353914
 2007.220584104475 25.637569781353914
 2027.8306468430075 25.637569781353914
 2048.6079428830007 25.637569781353914
 2069.564005555588 25.637569781353914
 2090.6930681952035 25.637569781353914
 2111.9893641362787 25.637569781353914
 2133.464426709949 25.637569781353914
 2155.1124892506463 25.637569781353914
 2176.933551758371 25.637569781353914
 2198.933380898691 25.637569781353914
 2221.1062100060385 25.637569781353914
 2243.4578057459807 25.637569781353914
 2265.9824014529503 25.637569781353914
 2288.6915304580825 25.637569781353914
 2311.5736594302425 25.637569781353914
 2334.640321700565 25.637569781353914
 2357.8857506034823 25.637569781353914
 2381.3041794734267 25.637569781353914
 2404.9071416415345 25.637569781353914
 2428.6946371078042 25.637569781353914
 2452.660899206669 25.637569781353914
 2476.8059279381286 25.637569781353914
 2501.1354899677512 25.637569781353914
 2525.6495852955363 25.637569781353914
 2550.3424472559163 25.637569781353914
 2575.2198425144592 25.637569781353914
 2600.2817710711642 25.637569781353914
 2625.5224662604646 25.637569781353914
 2650.9534614134945 25.637569781353914
 2676.5632231991203 25.637569781353914
 2702.3632849484756 25.637569781353914
 2728.3421133304264 25.637569781353914
 2754.505475010539 25.637569781353914
 2780.8591366543823 25.637569781353914
 2807.391564930821 25.637569781353914
 2834.114293170989 25.637569781353914
 2861.02155470932 25.637569781353914
 2888.1133495458134 25.637569781353914
 2915.3896776804695 25.637569781353914
 2942.8505391132885 25.637569781353914
 2970.4959338442695 25.637569781353914
 2998.3316285389814 25.637569781353914
 3026.346089866288 25.637569781353914
 3054.5508511573243 25.637569781353914
 3082.9343790809557 25.637569781353914
 3111.508206968318 25.637569781353914
 3140.2608014882744 25.637569781353914
 3169.203695971961 25.637569781353914
 3198.325357088243 25.637569781353914
 3227.6373181682556 25.637569781353914
