 0.0E+0 0.0E+0
 0.2802481195860197 0.024170096913135145
 0.8440391006884027 0.07012543683498061
 1.4144633824682213 0.11420626942839313
 1.9916015313304644 0.15649303424265698
 2.575517152331703 0.19696374079534512
 3.1663091866710457 0.235558152560112
 3.7640483066335712 0.2721932420146877
 4.368812251732865 0.3067722889719605
 4.980685828711021 0.33919166728419836
 5.5997538443101344 0.369346401584446
 6.226108172500805 0.3971352707732064
 6.859812418339603 0.4224660869532402
 7.500944321340116 0.445261282610576
 8.149645226072499 0.46546383658220613
 8.805978737593321 0.48304312069013766
 9.470015528187664 0.49800020774091263
 10.141826270140603 0.5103720216677785
 10.821622980307373 0.5202336520185916
 11.5093349864029 0.527698511149497
 12.205103632997332 0.5329160170767047
 12.909070264660832 0.536067008429487
 13.621305553678477 0.5373571894189213
 14.34195084462042 0.5370093325952988
 15.071006137486666 0.5352549252745193
 15.808612776847367 0.53232606972668
 16.55491210727268 0.5284483176068713
 17.309974801047687 0.5238348384898839
 18.073871530457463 0.5186821877015785
 18.846743640072165 0.5131676436013078
 19.628732474461944 0.5074479189583003
 20.41983803362681 0.5016589305042536
 21.220272334421991 0.49591633959221043
 22.03003537684749 0.49031655724457773
 22.849409850043617 0.4849380039866011
 23.678325081725294 0.47984245767798833
 24.51692241646268 0.4750764684440009
 25.365413871111005 0.47067282800919196
 26.22387011795535 0.4666519795098893
 27.092361829280793 0.46302354516815052
 27.97110102194257 0.4597878159987016
 28.860087695940684 0.45693726190257843
 29.759463195845277 0.45445801210195824
 30.669439538511603 0.4523312592768746
 31.590087396224724 0.45053454865475717
 32.521477441269723 0.449042899712733
 33.46382169050184 0.4478297216032079
 34.41719081620615 0.4468675037906985
 35.3817261629528 0.446128148260245
 36.357569075311964 0.4455830769974964
 37.34486089785379 0.4452028962724535
 38.343672302863353 0.4449568367410411
 39.35421530719589 0.44481195421508123
 40.376560583136473 0.4447324350889415
 41.410920147540345 0.44467941950356804
 42.457364672692584 0.4446120861199369
 43.516035503163344 0.4444909444455668
 44.587073983522785 0.4442844324704851
 45.67069213062612 0.4439798494523308
 46.767031289043544 0.4435990411187333
 47.876162131060105 0.44321803264924852
 48.99822600124597 0.4429878384320256
 50.133434916456366 0.44315112273407464
 51.28193022126146 0.44404694391814203
 52.4438532602314 0.44609469820853525
 53.61934537793635 0.4497504704789065
 54.808618591231535 0.4554356232780043
 56.01174357240205 0.46344849097913926
 57.22893233830311 0.47388093833854444
 58.460396905789956 0.48656589752137963
 59.706207947147674 0.5010749543158859
 60.966577479231474 0.5167686995807688
 62.24164684661155 0.5328858041820534
 63.531628066143113 0.5486472864825986
 64.83666248239632 0.5633528518927666
 66.15696211222641 0.5764527665646026
 67.49259762791846 0.5875874114089403
 68.84385171861277 0.5965943640143384
 70.21093640116459 0.6034884394459697
 71.59385167557393 0.6084235190524395
 72.99316292012139 0.6116458649845806
 74.40872879023684 0.6134479406587008
 75.84054928592025 0.6141291951192412
 77.28933113002242 0.6139675343724097
 78.75436759969257 0.6132022053591301
 80.23707214063226 0.6120267589336694
 81.7367380299907 0.6105895204647092
 83.2540719906187 0.6089987868185449
 84.7890740225162 0.6073301799602442
 86.34245084853406 0.6056343565963548
 87.91349574582144 0.603943942039273
 89.50220871437836 0.6022790951879868
 91.11000319990637 0.6006516837681342
 92.73687920240549 0.5990682280418762
 94.38212999902494 0.5975318669550057
 96.04646231261549 0.5960436902484558
 97.73058286602792 0.5946036013448424
 99.43378493641144 0.5932108948838679
 101.15748196946764 0.5918645809752865
 102.90096724234571 0.5905635237477224
 104.66424075504568 0.5893064367407995
 106.44800923041831 0.5880918285923796
 108.25297939131438 0.5869179981022069
 110.07844451488312 0.5857830909401365
 111.92581804682608 0.5846852457618948
 113.7943932642925 0.5836227111350869
 115.68417016728236 0.5825938785941859
 117.59585547864646 0.5815971725897924
 119.53015592123553 0.5806308965015924
 121.48707149504965 0.5796931004014098
 123.46589547723799 0.5787816421940194
 125.4687480363529 0.5778943351820701
 127.49350900384202 0.5770291243281122
 129.5430052711085 0.5761840841861989
 131.6151166696 0.5753572913951914
 133.71196336786886 0.5745466881236438
 135.8328386430643 0.5737500934935642
 137.97844921803707 0.5729654470172223
 140.1487950927872 0.5721910027945568
 142.3438762673147 0.5714253280744281
 144.5651061873211 0.5706670451170152
 146.81107140710486 0.569914594624374
 149.08389209521831 0.5691662544969108
 151.3821548059599 0.5684203845877095
 153.70797970788197 0.5676756217630828
 156.05995335528297 0.5669308857441905
 158.43878247101366 0.5661852178712982
 160.84588050077562 0.5654377261284623
 163.28054072171804 0.5646877331491608
 165.74276313384095 0.5639349413746948
 168.23396118284591 0.5631795555556394
 170.75342814588213 0.562422145950867
 173.30257746865117 0.5616634623224127
 175.88070242830227 0.5609042946174114
 178.48850974768618 0.5601455576971097
 181.1259994268029 0.5593886827661253
 183.79458491135403 0.5586356974518366
 186.49285275563798 0.5578893145210593
 189.2229231282071 0.5571526006870993
 191.98479602906138 0.55642886922847
 194.77776473535007 0.5557216931001987
 197.60253596992393 0.5550347758051892
 200.4605231784845 0.5543722719743035
 203.35101963818101 0.5537376698520808
 206.27473207186432 0.5531341603153526
 209.2316604795343 0.552564213606957
 212.2232183068926 0.5520324301674571
 215.24869883108837 0.5515433636816822
 218.30880877497247 0.551101517513559
 221.4035481385449 0.550709242600019
 224.53433036750715 0.550371625641443
 227.70115546185925 0.5500928906184439
 230.90331669875044 0.5498767236138496
 234.1429342467331 0.5497224609027116
 237.41930138295634 0.5496337773264633
 240.73312483027098 0.5496124832702582
 244.0851113115279 0.549659701193577
 247.47526082672698 0.5497710664798092
 250.9035733758683 0.5499472446281459
 254.37146240465332 0.5501872645179311
 257.8796346359329 0.5504860507430628
 261.4266766240055 0.5508377624833649
 265.0147085374234 0.5512342160180533
 268.6437303761867 0.551668908751786
 272.3137421402953 0.5521222012062899
 276.0254505525999 0.5525880638179644
 279.77956233595153 0.5530597489841212
 283.57678421320076 0.5535244074625293
 287.4164094614969 0.5539734371222764
 291.29985152654154 0.5544013830026367
 295.22781713118536 0.5547979452062337
 299.2003062754285 0.5551485602890137
 303.21731895927075 0.555452321747557
 307.2809753512647 0.5557059178629126
 311.3898620057086 0.5558933556392652
 315.5453923683041 0.556025805811205
 319.7475664390512 0.5561091807294779
 323.9977976636514 0.5561294767394578
 328.29608604210483 0.5561119471220736
 332.6431382972621 0.5560640051707512
 337.0396611519741 0.555973525551857
 341.4849478833901 0.5558760698037845
 345.98111866006223 0.5557634799124836
 350.52746675913994 0.5556249836911248
 355.12540562632466 0.5555059485848808
 359.7749352616165 0.5553497655178922
 364.47676238786613 0.5551817729587059
 369.2315937279244 0.5550358755778535
 374.0401360046421 0.5548376053238608
 378.9023892180191 0.5546693073943769
 383.8197668137571 0.5544956694886023
 388.79226879185603 0.5543133017133878
 393.819895152316 0.5542081896368333
 398.9047660636893 0.5540408551120697
 404.04617480312504 0.5539534605988643
 409.24553481632483 0.5538580732373656
 414.5028461032888 0.5537970349250677
 419.8188153868676 0.5538293484890132
 425.19414938991207 0.5538052100891981
 430.6295548352729 0.5539385051806389
 436.12573844580106 0.553928579406912
 441.68340694434715 0.5540597471031621
 447.303267053762 0.554129077264068
 452.98531877404565 0.5543073974342466
 458.7302688280488 0.5545191685359889
 464.5395306614732 0.5547770198907023
 470.41381099716943 0.5551320992788323
 476.35240311228676 0.5554574758257632
 482.35742717537755 0.5559193603679184
 488.42958990929264 0.5562832665330237
 494.56818459118113 0.5568066415459878
 500.77533138959546 0.5571853462416366
 507.05103030453562 0.5577299864518875
 513.3959880588524 0.5581148892068278
 519.8109113753965 0.5586544098679102
 526.2965069770187 0.5590640793030285
 532.8541883094207 0.5595944333637417
 539.4839553726024 0.5600759668791759
 546.1865148894146 0.5606036279294317
 552.9632803055589 0.5612144849288325
 559.8142516210352 0.5617409843098928
 566.7401355586944 0.5625263758696212
 573.742345564238 0.5630504924028874
 580.8215883605167 0.5639515168871784
 587.9778639475306 0.564526621127373
 595.2125857709814 0.5653364235308613
 602.5264605537196 0.5661195644304958
 609.9201950185961 0.5668034755477364
 617.3952026113126 0.5677778280554282
 624.9507766090181 0.5682946916028396
 632.5890371802651 0.5690418939673088
 640.3106910479042 0.5697243212782106
 648.1157382119358 0.5702623537666494
 656.0062988409117 0.5711085007108253
 663.9816662119814 0.5716092741767137
 672.0439604936973 0.572132987255575
 680.1938884089102 0.5729769889223325
 688.43144995762 0.5733463525643939
 696.758058585528 0.5738598099507191
 705.1744210154856 0.5747284320375053
 713.6840708617462 0.5751384441332568
 722.2778207272498 0.5756303509723389
 730.9705117918628 0.5763241471733076
 739.7550768270775 0.5765489632216116
 748.6385830614015 0.5764994740174912
 757.6068960378194 0.5763474284218313
 766.6812174418544 0.5759767278330697
 775.8474128164911 0.5748307949650479
 785.1125493902372 0.5735503870995986
 794.4766271630928 0.5722705977701876
 803.9396461350576 0.5708925738538404
 813.501606306132 0.569106256437458
 823.1695749048235 0.5674963860319239
 832.9435519311324 0.566116317765377
 842.8094029280428 0.5650069291068364
 852.7883295810782 0.563524216318153
 862.8732646617309 0.5619792417097959
 873.0642081700008 0.5606148216671633
 883.3540928773803 0.559555207010537
 893.7641204693923 0.5588499274087598
 904.2730892605141 0.5584751343995658
 914.9022009362684 0.5580429543402969
 925.6373210396403 0.5579907339005805
 936.4855167991369 0.5583738393088429
 947.4467882147587 0.5591907917665255
 958.5211352865056 0.5603546360471713
 969.7156252428854 0.5617321347046572
 981.02319085539 0.5631536780964344
 992.4508993525277 0.5644496213899104
 1003.9987507342981 0.5653436349890975
 1015.6596777721938 0.5657211080790722
 1027.44781492323 0.5657618458035387
 1039.3490277303912 0.5654727921672671
 1051.3845178792012 0.5648118639687676
 1063.5330836841358 0.5637209656842154
 1075.815926830719 0.5622137363156126
 1088.2189128619354 0.5604305023372584
 1100.7491090062922 0.5586198553150952
 1113.4135824922973 0.5570649422813172
 1126.1981988629356 0.556023115958886
 1139.1170925752223 0.5556914879114655
 1152.1702636291577 0.5561729136252431
 1165.3506447962336 0.557432347421374
 1178.6723705334657 0.5593081767984134
 1192.1213063838383 0.561260028500765
 1205.7115868043676 0.5630440076649788
 1219.4361445665454 0.5646085652112556
 1233.2949796703715 0.5659865154826894
 1247.3022265728618 0.5673428129939748
 1261.4437508170005 0.5688046347470945
 1275.7266196312955 0.5702724771178561
 1290.150833015747 0.5714480678757685
 1304.7234581988625 0.5715677749153818
 1319.4374279521343 0.5704690351622219
 1334.2998095040702 0.56894632833464
 1349.3106028546703 0.5674796560629599
 1364.4698080039345 0.5664870970672983
 1379.777424951863 0.5657537518429715
 1395.2334536984551 0.5651556368763045
 1410.8378942437118 0.5653095809576952
 1426.6048810446484 0.5659948249938767
 1442.5202796442486 0.5659512345183981
 1458.591157271021 0.5646382255671901
 1474.8175139249653 0.5631589096786732
 1491.1993496060817 0.561949469067459
 1507.7437315428778 0.5597815187212719
 1524.4506597353536 0.5583834440320211
 1541.3130669550014 0.558131996740631
 1558.3380204303286 0.5582367734846986
 1575.532587389844 0.5606722413046971
 1592.882633376531 0.564226966533886
 1610.4093600759131 0.5678266731578673
 1628.0915658024675 0.5722951223326083
 1645.9504522417171 0.5750018803479693
 1663.9718849366465 0.578062643535786
 1682.162931115764 0.579169888206407
 1700.5306580075762 0.5794162992514289
 1719.0679983835761 0.5778907337175383
 1737.7820194722717 0.5759893239097179
 1756.6656540451547 0.5737199266230493
 1775.7330365592408 0.5724730917029555
 1794.9700325575145 0.5713099241191129
 1814.3907764969912 0.5717018416273838
 1833.9882011491638 0.5713175332823955
 1853.7623065140312 0.572229780207679
 1873.7201598201022 0.5725864438077937
 1893.8688282958844 0.5735581746782074
 1914.1941774843617 0.5755176062135754
 1934.703274614042 0.5767133953382071
 1955.396119684926 0.5790167271565794
 1976.2797799255206 0.5819364021659134
 1997.3542553358263 0.5834253842131182
 2018.6124786873351 0.5841357345142743
 2040.068584437063 0.5842402968515848
 2061.708438127994 0.5832108389909613
 2083.546174217144 0.582964517244591
 2105.574725476005 0.5835157027579869
 2127.7940919045763 0.583655727541429
 2150.218407959875 0.5820621251529485
 2172.8335391848845 0.5801812659377437
 2195.646552808113 0.5791387279584939
 2218.65744882956 0.5783723668147698
 2241.866227249226 0.5773436936053655
 2265.279955295619 0.5758569790011377
 2288.8915657402303 0.5737455198834257
 2312.7081258115686 0.5708353181204627
 2336.7296355096336 0.5691662624118048
 2360.949027605917 0.5698357378167188
 2385.3804365574355 0.5724193702630257
 2410.0167951356802 0.5750224300493746
 2434.8581033406512 0.5763792515113366
 2459.9114284008574 0.5763672892371527
 2485.16970308779 0.5751172366894608
 2510.6329274014492 0.5732167335810886
 2536.31523579885 0.5715527799013098
 2562.209561051486 0.5702489991997323
 2588.308835930849 0.5694273702759073
 2614.627194893954 0.5684915174487939
 2641.1575707122933 0.5676507150930817
 2667.8999633858666 0.5667818449574351
 2694.861440143183 0.5663479341328278
 2722.034933755733 0.5665913027278651
 2749.4275114520264 0.5671604021709022
 2777.0321060035535 0.5659556920204905
 2804.862851867331 0.5618710818765672
 2832.905614586343 0.5568535285484749
 2861.1745286176046 0.5535788151195916
 2889.662526732609 0.5523425379745058
 2918.3625417028474 0.5532904517873699
 2947.2887079853362 0.5563111519701401
 2976.441025580075 0.5588684351638574
 3005.812427258556 0.5582079230024244
 3035.4029130207795 0.5563183225165523
 3065.2195500952534 0.5527152991816233
 3095.2623384819762 0.5482799184578759
 3125.5242109524424 0.5444645753437954
 3156.0122347351584 0.5421416845391188
 3186.7264098301243 0.5458957069494348
 3217.659669008833 0.5738222810395801
 3248.826146728299 0.2864153248783889
 3280.2117085315076 0.2233004155164572
 3311.830488875474 0.1786370243302982
 3343.6683533031832 0.14634691326418783
 3375.7323690431417 0.12227579941591901
 3408.0296033238582 0.10366324924781693
 3440.545921688318 0.0888785132661119
 3473.2954585935344 0.07689443171916048
 3506.2711468110014 0.06702574101149056
 3539.4729863407183 0.05879429953975277
 3572.900977182686 0.05185458502557645
 3606.5551193369033 0.04594994509815865
 3640.4354128033705 0.04088552559448937
 3674.548924810596 0.03651076198988191
 3708.881520901564 0.0327076110060304
 3743.4473355332893 0.029382385560084593
 3778.232234248757 0.026459943531316483
 3813.250351504983 0.023879449502219006
 3848.48755284495 0.021591233240271422
 3883.957972725676 0.019554426551705705
 3919.6474766901442 0.017735155685001304
 3955.5701991953706 0.016105154498085017
 3991.712005784339 0.014640679562028412
 4028.0799636855572 0.013321661688442999
 4064.667005670518 0.012131034607720746
 4101.487266196237 0.011054201249569975
 4138.51954357719 0.010078605651018915
 4175.785039498901 9.193390493483795E-3
 4213.262552275846 8.38911808918161E-3
 4250.966216365042 7.657543752136526E-3
 4288.896031766488 6.991432360848089E-3
 4327.037864023168 6.3844062838983054E-3
 4365.39878036359 5.830820144753355E-3
 4403.978780787755 5.325657542532628E-3
 4442.777865295662 4.864445028970467E-3
 4481.796033887311 4.443180035979864E-3
 4521.026219334195 4.058270377138706E-3
 4560.47548886482 3.7064833032951056E-3
 4600.129708022174 3.384902097360183E-3
 4640.0030112632684 3.0908894623418114E-3
 4680.088331359598 2.8220555380247614E-3
 4720.385668311162 2.576231259736009E-3
 4760.887954889452 2.3514443609376307E-3
 4801.602258322977 2.1458993159368462E-3
 4842.521511383229 1.957959148946925E-3
 4883.645714070207 1.7861303145684172E-3
 4924.974866383912 1.6290484780376926E-3
 4966.508968324344 1.4854664941858818E-3
 5008.248019891502 1.35424362424534E-3
 5050.184953856879 1.2343358177188095E-3
 5092.312702991967 1.1247871124693675E-3
 5134.645401753782 1.0247219136401758E-3
 5177.1759829138154 9.333378909505903E-4
 5219.89737924356 8.498998198181614E-4
 5262.809590743015 7.737338135568003E-4
 5305.912617412182 7.042220688851875E-4
 5349.213526479568 6.407983448884808E-4
 5392.691116259648 5.829434670035564E-4
 5436.35952120944 5.301815494153322E-4
 5480.211674100436 4.82076383512177E-4
 5524.240507704126 4.3822815410879504E-4
 5568.453089249019 3.9827046783338416E-4
 5612.842351506608 3.6186760703146695E-4
 5657.4153617054 3.2871200987182643E-4
 5702.150918159872 2.9852195698966513E-4
 5747.06315532704 2.7103946403014996E-4
 5792.145005978395 2.460283322669624E-4
 5837.396470113937 2.232723515442974E-4
 5882.81048050516 2.025736638322528E-4
 5928.387037152062 1.8375125861094034E-4
 5974.126140054643 1.666395645566418E-4
 6020.020721984397 1.5108718845392531E-4
 6066.070782941323 1.36955735253479E-4
 6112.276322925421 1.241187245759189E-4
 6158.63734193669 1.124606027090112E-4
 6205.139705518116 1.0187583154696302E-4
 6251.797548126714 9.226804102797077E-5
 6298.58966807696 8.35492712713263E-5
 6345.53019982587 7.563925058191134E-5
 6392.605008916429 6.846475356020776E-5
 6439.814095348636 6.195900110333884E-5
 6487.157459122493 5.606111373208774E-5
 6534.628033009489 5.071560479432119E-5
 6582.232884238134 4.5871920132897455E-5
 6629.957878351413 4.148401380504604E-5
 6677.810082577831 3.7509960949215345E-5
 6725.775362460375 3.39115988898239E-5
 6773.860785227551 3.0654202560999733E-5
 6822.059283650852 2.7706183346868325E-5
 6870.363790501771 2.5038818442115637E-5
 6918.781373008815 2.26259966608541E-5
 6967.297896714968 2.044398948307591E-5
 7015.920428848738 1.8471243535413413E-5
 7064.641902181619 1.6688185537691117E-5
 7113.448182256592 1.5077048859470353E-5
 7162.353403530676 1.362171219904995E-5
 7211.3292970898364 1.2307553936932219E-5
 7260.446535219154 1.1121317977342464E-5
 7309.63444563355 1.0050992335582637E-5
 7358.822356047946 9.085697782087526E-6
 7408.151611032498 8.21558732938265E-6
 7457.5515383021274 7.431752825893121E-6
 7507.022137856837 6.72614263350363E-6
 7556.563409696622 6.091484509295017E-6
 7606.104681536409 5.5212166269701565E-6
 7655.787297946353 5.009425119411621E-6
 7705.469914356294 4.550787010412241E-6
 7755.293875336393 4.1405189690037024E-6
 7805.047164031415 3.774330833594782E-6
 7854.941797296592 3.448383721343067E-6
 7904.83643056177 3.1592526859763593E-6
 7954.8017361120255 2.90389296977882E-6
 8004.7670416622804 2.679609881780816E-6
 8054.732347212535 2.4840320757305712E-6
 8104.76832504787 2.3150883675202615E-6
 8154.874975168281 2.1709864913438973E-6
 8204.981625288692 2.0501958694886423E-6
 8255.017603124026 1.951431732277629E-6
 8305.194925529517 1.873642580372297E-6
 8355.30157564993 1.8159995142938111E-6
 8405.478898055419 1.7778880250668535E-6
 8455.58554817583 1.7588991826400756E-6
