 1.2600209181347441 1.243839261346592
 1.7741424918944157 1.7637692914379314
 2.294301518990142 2.287386283299399
 2.8205861374268277 2.8154670557030514
 3.3530593029222637 3.3479458106784747
 3.891790266766018 3.8842610000766182
 4.4368545758194395 4.423568629341393
 4.988327776943876 4.96477028968239
 5.5462917125724544 5.506656106594218
 6.110803042851185 6.047800866427397
 6.681931019069637 6.586113981775627
 7.25980155266339 7.1196999065031034
 7.844471303778455 7.646825411183622
 8.436003228132623 8.165198381228507
 9.034460281443684 8.671501011693135
 9.640031330865005 9.163978725465302
 10.252653420678799 9.640452047865155
 10.872452462320645 10.096620440607829
 11.499554367226121 10.529995425082916
 12.134022091113021 10.937536303823835
 12.775981545416922 11.316652162386767
 13.425432730137825 11.664199714357583
 14.082501556711307 11.975841793370721
 14.74731393657295 12.248904429377218
 15.419932825440547 12.480789989918222
 16.100421179031883 12.667843098587738
 16.78890490878254 12.80657320686611
 17.4855099261281 12.895491513883053
 18.19023623106856 12.931722221417441
 18.903272690757287 12.913389796679796
 19.62461930519429 12.838683514039774
 20.35452789725072 12.707519665607313
 21.09293551120879 12.521051982193772
 21.83996805850408 12.27800509879332
 22.595814406289964 11.980729009326852
 23.360537510284224 11.632820030544995
 24.134200326204652 11.236736628165776
 24.916991721204624 10.797210754603013
 25.708911695284136 10.319599077318424
 26.510086159878763 9.808270632692771
 27.320703982141886 9.269863529617183
 28.140828117791283 8.71158862833009
 28.97052152254475 8.13941432995891
 29.809973063555656 7.560134384011532
 30.65924569654179 6.980675928947998
 31.51846533293873 6.407062592187852
 32.387757884182065 5.845194180000691
 33.26724926170736 5.300525368630936
 34.15700242123243 4.7773654180460285
 35.05720622991061 4.27946243939645
 35.96792364345971 3.809677342264199
 36.889343529033105 3.3699990441529545
 37.82152884234858 2.9616311993710406
 38.76460549484171 2.584738325482645
 39.71869939794808 2.238842409429629
 40.683999418821045 1.922963786753412
 41.66063146889621 1.6357166714364246
 42.64865850389135 1.3752079423692902
 43.64820643524204 1.1393447114224513
 44.65946413010166 0.9260004281331392
 45.68255749990579 0.7331592093663055
 46.717612456089995 0.5590770314705726
 47.76475491008988 0.4020584001586689
 48.82417372905879 0.2606551540278138
 49.89593186871454 0.13395275901414377
 50.98021819621048 0.021134184746168915
 52.07722157869998 -0.07833729681091381
 53.18700497190084 -0.16483651161809748
 54.30975724296642 -0.2385463836903817
 55.44560430333231 -0.29950421223138373
 56.59473502015188 -0.34795246326080014
 57.7572753048607 -0.38422269874161324
 58.93341402461214 -0.4085751888979652
 60.123214135124 -0.4215107576707031
 61.32692745926743 -0.42385904289072906
 62.544742864195804 -0.4164969110134821
 63.77666034990912 -0.40052241667766586
 65.02318356214971 -0.3771350180794788
 66.28418658948198 -0.34772973603183343
 67.55966943190592 -0.3136175813750175
 68.85026164659945 -0.27624083632647733
 70.15533367638467 -0.23686015008719071
 71.47614463561737 -0.1967238713717239
 72.81206496711967 -0.15700188343516716
 74.16372422806943 -0.11858361807001658
 75.53112241846667 -0.08226565795663993
 76.9148890954893 -0.048662007089017994
 78.3143947019594 -0.018163647761767407
 79.729639237877 8.982010392650433E-3
 81.16188181759786 0.03262274938721169
 82.61112244112202 0.05280790121816555
 84.07673155127155 0.06966511183073028
 85.55933870522438 0.08335287627397787
 87.05957346015836 0.09416063852156169
 88.57680625889564 0.10235596952758498
 90.11229621579199 0.10824382119965037
 91.66541377366953 0.11217203246934147
 93.23615893252824 0.11441345140553622
 94.82516124954604 0.11522033822065005
 96.43305028190082 0.114892852241374
 98.05919647241467 0.11364187046194447
 99.70485893544338 0.11166945630594725
 101.3694081138091 0.10919541178026221
 103.0528440075118 0.1063210843896372
 104.75579617372937 0.10314821986991303
 106.47889416963969 0.09978403187465586
 108.22213799524282 0.09635749430371457
 109.98489809336083 0.09288197782454681
 111.76906313552739 0.08940715566344058
 113.57274445020883 0.08596301340486681
 115.39846026611676 0.08257373013710498
 117.24432191171746 0.0792484371894854
 119.11221805854464 0.07598400617656674
 121.0015191494204 0.07280236040641871
 122.91285474152264 0.06966159442361233
 124.84622483485133 0.06657415673828071
 126.8016294294065 0.063520210981745
 128.78032763954396 0.06049149342825039
 130.7810603509079 0.057494191067063403
 132.80571623503197 0.05448344487678732
 134.85303617756045 0.051413406590715936
 136.92490885002698 0.04839344293843457
 139.0200751380758 0.04543949564282208
 141.1391645988848 0.04236715842032501
 143.28343634680976 0.039190462244154365
 145.4522608246728 0.03607812270880299
 147.6456380324739 0.03301518360160015
 149.8648270845689 0.029848955744364077
 152.10919842377984 0.02681787484986801
 154.38001116446255 0.02376751765009688
 156.67663574943915 0.02077579374410877
 158.9997017358875 0.01792725983543283
 161.34920912380763 0.015135638049289104
 163.72641702755535 0.012573474951282809
 166.13006633277481 0.010156775593126475
 168.56204571099974 7.887489064753101E-3
 171.02235516223015 5.770162141186209E-3
 173.51036512928811 3.970127123697242E-3
 176.02670516935157 2.4892801172753044E-3
 178.57263439677626 1.167025530607173E-3
 181.14752325438433 2.889871469557495E-6
 183.7520012993537 -7.507461507304858E-4
 186.3860685316843 -1.2556760109111787E-3
 189.05098406573196 -1.6797684771108348E-3
 191.7461183443188 -1.7702800657086806E-3
 194.4721009246227 -1.5221940608198467E-3
 197.2289318066437 -1.1872818206670205E-3
 200.0178701047375 -5.970885578514786E-4
 202.83891581890418 2.53102685203235E-4
 205.69143939196584 1.1078635729924793E-3
 208.57732949545618 2.2222122124096297E-3
 211.4959565721973 3.4306379528622156E-3
 214.44795017936698 4.557218493832524E-3
 217.43393987414333 5.775954181657791E-3
 220.4539256565262 6.915337004559865E-3
 223.50790752651562 7.972439578312862E-3
 226.5971445984674 8.85986659827694E-3
 229.72226642955945 9.491339154437298E-3
 232.88201390543596 0.010038027983781854
 236.07827569763063 0.010411170815743121
 239.31105180614346 0.01061057873452587
 242.58034223097445 0.010810856831731306
 245.88677652930147 0.010835779253745024
 249.23098425830247 0.010682224122035676
 252.6135949751553 0.01070494157024576
 256.0339791226821 0.01072978067508455
 259.4933958152387 0.010750784733537121
 262.99247461000294 0.011039543338267687
 266.53121550697483 0.011686483212076198
 270.10961850615433 0.012603863581046216
 273.7295722790753 0.013881274344033896
 277.3898177113817 0.01561571386032366
 281.09161391742946 0.017446706839866755
 284.8349608972186 0.019373430259052824
 288.62111776510494 0.02130718421611615
 292.4500845210884 0.023067648787245643
 296.32249072234685 0.024471645733747066
 300.2389659260583 0.02542878925862657
 304.1988805750448 0.02611459561322538
 308.20412334084005 0.026256438714653645
 312.2540646662661 0.02584928513216694
 316.3499636656789 0.02516516424593757
 320.4918203390783 0.02411241542090632
 324.6802642436422 0.022961164383249594
 328.91592493654866 0.02189722941373775
 333.19943197497536 0.020921763639625487
 337.53078535892245 0.020034747639729247
 341.91124420274564 0.01914382870955115
 346.340808506445 0.018343811475132348
 350.8194782700205 0.01744769466312417
 355.3491421650059 0.016361003925307014
 359.92917063422316 0.014993529484883113
 364.5608227920282 0.013061476371411807
 369.244098638421 0.010562978664866364
 373.9796277305794 7.587396139111925E-3
 378.76803962568135 3.761009633421185E-3
 383.6099638809048 -9.25143337621461E-4
 388.50603005342753 -6.282460681120904E-3
 393.4568677004275 -0.012597557330915589
 398.4631063790826 -0.019594385348303482
 403.52474608939286 -0.027086337462281773
 408.6424163885361 -0.03479114326123297
 413.8173763908682 -0.042420585684688455
 419.0502556535671 -0.049605390896262605
 424.34042461945483 -0.0563340307495598
 429.689771960065 -0.06260148668754252
 435.0989272325757 -0.06831950211045469
 440.5672608798088 -0.07395790939795772
 446.09666157329826 -0.07970254919013835
 451.6871293130439 -0.08556367468287461
 457.33929365622373 -0.09134581573171623
 463.0537841600155 -0.09733389110942889
 468.8312303815972 -0.10362290621000955
 474.6728914353247 -0.1101200207716233
 480.57876732119785 -0.11712229511812093
 486.5494875963947 -0.12490885923554707
 492.58631137527095 -0.13335618861033377
 498.6892386578266 -0.14240366333062123
 504.8588990012396 -0.1515604732861072
 511.0965515198657 -0.1601222320430947
 517.4028257708828 -0.16782262519670312
 523.777721754291 -0.17453098322194315
 530.222498584446 -0.18068263307668053
 536.7377858185256 -0.18626700420869676
 543.3242130137079 -0.19150346611853297
 549.9830392843487 -0.19622911758456415
 556.71363507327 -0.20069907933972505
 563.5178890520054 -0.20569413187568702
 570.396430777733 -0.2109400033993529
 577.3492602504527 -0.2163098143166606
 584.3782661416982 -0.2201480456606518
 591.4828188942917 -0.21985036939622368
 598.6648071797666 -0.21388864609736052
 605.9248605553013 -0.20015883755670818
 613.2629790208954 -0.17756958799430397
 620.6804216909046 -0.14772058191014963
 628.1778181225072 -0.11250420489595021
 635.7583161015925 -0.07497852745422937
 643.4137313848478 -0.03827110409106581
 651.157284673009 -3.7893020854725244E-3
 658.9826803942972 0.02686142621295708
 666.8962141204911 0.052405705517643855
 674.8852947080331 0.07234066462357543
 682.9688088722598 0.08682617783692034
 691.1341654696137 0.09558772602024274
 699.3876600718733 0.09699862966295897
 707.7292926790387 0.09142838065838081
 716.1590632911101 0.08111196653061244
 724.6769719080875 0.06853280304677664
 733.2893141017497 0.05603031973872045
 741.9960898720968 0.04591964833671632
 750.7847080755708 0.03970835185847747
 759.6740554275087 0.037602600898569545
 768.6578363561315 0.039252249226495776
 777.7360508614391 0.0448719683795543
 786.9024033716528 0.052366779471455605
 796.1757806021092 0.057923784976157924
 805.5372958374717 0.05988385503379652
 815.0058357930768 0.05605737582414648
 824.568809325367 0.0433324589510035
 834.2325120061209 0.020838148555298894
 843.9969438353388 -9.353610048305554E-3
 853.8621048130207 -0.0418705050712084
 863.8342905109454 -0.06954960232145806
 873.9072053573339 -0.0881485173124164
 884.0871449239653 -0.09784302542783316
 894.3741092108396 -0.10087687444861257
 904.7618026461779 -0.09946368273463146
 915.2628163735379 -0.09566353990155146
 925.8645592493618 -0.09139406788171699
 936.5859179889868 -0.08961001784946863
 947.4080058770754 -0.09294940003902585
 958.349709628965 -0.10064691277246338
 969.3984381010974 -0.10743389026501536
 980.5604868652517 -0.1076688246733609
 991.8421514932069 -0.10083887398554937
 1003.2308408414049 -0.0899576179508982
 1014.7391460534038 -0.07625105153488093
 1026.3670671292036 -0.05669274479278225
 1038.1083084970252 -0.02718024435051628
 1049.9754613004267 0.014033538791694763
 1061.9559343958501 0.06335188782019024
 1074.0623189268535 0.11287824700673191
 1086.2883193216575 0.1586527838977584
 1098.6339355802624 0.20051624183772356
 1111.1117588462263 0.237445782260009
 1123.7091979759911 0.2678890886920851
 1136.4325485413355 0.291388041283751
 1149.28181054226 0.3122499292474416
 1162.2632795505433 0.3347585943605493
 1175.3706599944064 0.35124732949658754
 1188.6102474456281 0.3545551447966867
 1201.9820419042091 0.35146905433015224
 1215.4860433701487 0.3507894177000072
 1229.1222518434472 0.35457315071233153
 1242.8906673241044 0.35389896782761826
 1256.7912898121207 0.33923864470639752
 1270.836710451054 0.311965772675306
 1285.0143380973456 0.27518780614574944
 1299.3304683227754 0.22825508011773532
 1313.785101127343 0.1655950732097231
 1328.3782365110484 0.09425828980257162
 1343.1161700456707 0.0379133148009136
 1357.9989017312097 0.01192390270386472
 1373.0201359958866 0.036384418437974463
 1388.1861684114805 0.08692257115275379
 1403.50329454977 0.11364378171289657
 1418.9589232671976 0.1300967384307509
 1434.5719412790997 0.15414409327747635
 1450.32346187014 0.1936074359127443
 1466.2323717556548 0.23960319551220526
 1482.2860797920864 0.2503215062950487
 1498.4908815512142 0.2136891866145381
 1514.8530726048165 0.15253615724082572
 1531.3663573811147 0.09576647424347205
 1548.0370314518877 0.05349666396745977
 1564.8587992453567 0.018710852356863753
 1581.8442519050795 1.001722668792874E-3
 1598.9807982874981 7.595153617601037E-3
 1616.2810295361703 0.027202727573197953
 1633.7386500793174 0.0176346002338877
 1651.3536599169392 -0.04815855870297732
 1669.132354620815 -0.1312931924141771
 1687.081029762724 -0.20497494556390402
 1705.1870941991073 -0.2573691469177946
 1723.4568435017442 -0.2968301085259605
 1741.8902776706356 -0.34235487687572413
 1760.4936922775593 -0.35289336688888273
 1779.2670873225158 -0.3248468433087451
 1798.2041672337265 -0.3133504179213358
 1817.3175231547486 -0.30526360026292786
 1836.594563942025 -0.24077790075670715
 1856.047880739113 -0.11902388523113441
 1875.6711779742336 -4.165841826303827E-3
 1895.464455647387 0.060219806132831885
 1915.4403049021314 0.08505946985950126
 1935.5861345949083 0.07505917891112059
 1955.9082402974975 0.025495297250430312
 1976.406622009898 -0.040462301286523866
 1997.0812797321104 -0.09089220193215876
 2017.938509035914 -0.1330385361817403
 2038.972014349529 -0.19171059587532193
 2060.1880912447345 -0.2366924163982259
 2081.5867397215315 -0.20161152476212601
 2103.16166420814 -0.056469710622306455
 2124.9254558481184 0.13414773839651278
 2146.8718190696872 0.25808816988543276
 2169.0007538728473 0.2579559874394956
 2191.318555829377 0.10722039034750663
 2213.8189293674972 -0.14518246172814797
 2236.5018744872086 -0.331550638166283
 2259.3799823320682 -0.3605267266596854
 2282.446957330298 -0.30116120979926835
 2305.6965039101187 -0.21828316242886922
 2329.141213215088 -0.12550022792443366
 2352.7747896734276 -0.03433672029906288
 2376.597233285136 0.030607380815828671
 2400.6148396219937 0.017150167054541632
 2424.821313112221 -0.0682283433902504
 2449.2229493275976 -0.10872398555212649
 2473.8134526963435 -0.0770421704933365
 2498.6054143620176 -0.10503408583286004
 2523.5862431810614 -0.2016964379990708
 2548.7685302970326 -0.2637588269824642
 2574.145980138153 -0.2711409752513442
 2599.7122971326425 -0.2267253335724707
 2625.4800724240603 -0.13835230409644758
 2651.449306012406 -0.03971004743792409
 2677.6137023259002 0.07507604517688325
 2703.9732613645433 0.20046031796212618
 2730.534278700114 0.2510380566841582
 2757.2967543326126 0.16241000191680443
 2784.25439269026 -0.12940834306321485
 2811.4134893448353 -0.18783194531957678
 2838.774044296338 -2.1077236674647763
 2866.3297619729896 2.6424837058684556
 2894.093233518348 7.889546815662431
 2922.0518677888553 0.5026969955875802
 2950.218255928069 -3.782941722636024
 2978.5798067924324 -1.6386571024559488
 3007.1428159537226 -0.7006590447471359
 3035.91357898372 -0.31323275393995075
 3064.879504738866 -0.1542952637654826
 3094.0531843627186 -0.07914611083534624
 3123.4283222834997 -0.03988907123769106
 3153.0049185012076 -0.01800060988526858
 3182.782973015844 -5.308082094498486E-3
 3212.762485827408 2.191874769724115E-3
 3242.9434569358995 6.666221735365345E-3
 3273.3321819130983 9.308820502335013E-3
 3303.916069615446 0.010797770544606816
 3334.7077111864996 0.011574212627598184
 3365.694515482702 0.011890416229599896
 3396.889073647612 0.011910788179558101
 3428.27879453767 0.011749652643244572
 3459.876269296435 0.011470602708848924
 3491.668906780349 0.01112475168940619
 3523.66929813297 0.010763891409979576
 3555.864852210739 0.010375905546081688
