 0.0E+0 0.0E+0
 0.26523570782524735 0.11317217173734484
 0.7988253717240696 0.3408504004239237
 1.3386930017444713 0.5705305746429113
 1.884914848487119 0.8004900452043646
 2.437551109794645 1.028129966403769
 2.996695426755587 1.2503330876677651
 3.562414685861759 1.4639028982643658
 4.1347824622541544 1.665954498796517
 4.71387901972295 1.8541764822344781
 5.299784622058321 2.0269495180160874
 5.892586221699624 2.183349727883001
 6.492344016489492 2.323077113725648
 7.099131581568918 2.446345975585189
 7.71308268992153 2.5537642642448346
 8.334257539389956 2.646218887034468
 8.962723016466015 2.7247754836443136
 9.598546007641515 2.7905966211519097
 10.241927172391899 2.8448777956241855
 10.892799624225352 2.888801175775224
 11.551297136125498 2.923501516963602
 12.217553481075969 2.950044397736787
 12.891635545568572 2.9694120854774825
 13.573677102586938 2.9824983202650012
 14.263678152131066 2.990107664534844
 14.961772467184579 2.992958388678979
 15.668093820731107 2.9916882593277573
 16.38270909926246 2.98686091735899
 17.105685189270452 2.9789719955413174
 17.837155863738715 2.96845561826541
 18.577254895650867 2.9556941207905467
 19.32598228500691 2.94102700243447
 20.083538691282285 2.924757234519694
 20.849924114476994 2.907152853307842
 21.625406100558286 2.888448446473699
 22.409917763034346 2.868845220444691
 23.20359287488881 2.8485141974304903
 24.0066320955971 2.8276019302631953
 24.819102311651047 2.8062363583821716
 25.641070409542457 2.7845270474822507
 26.472737048746765 2.7625646407053174
 27.314102229263983 2.740422246069936
 28.165299724077723 2.71816237130695
 29.026530192663432 2.695848397124156
 29.89786052151292 2.673551163902509
 30.779357597118004 2.6513460886531805
 31.67122207895412 2.6293043050319653
 32.57352085351309 2.6074855651535226
 33.48638769377852 2.585931522455986
 34.40995637273405 2.5646630327628257
 35.34436066336332 2.5436827785109272
 36.28966745215811 2.5229833418020395
 37.24607739859389 2.5025575444528675
 38.21365738916246 2.4824051082324563
 39.19260808333925 2.4625324489984103
 40.18299636761609 2.442948478877323
 41.184956014976606 2.4236617967422615
 42.19862079840441 2.404680160801334
 43.22419137737494 2.386011156223329
 44.26180152487185 2.367659208318863
 45.311518127386925 2.3496245223101577
 46.3734749579038 2.3319080122007034
 47.44787267589792 2.3145073460498162
 48.5348450543529 2.297407747148048
 49.634525866252374 2.280585791790006
 50.74704888457997 2.2640215360421023
 51.87261476881112 2.247702553517204
 53.01129040543764 2.2316199909768217
 54.163276453934983 2.215764879412955
 55.328773573778555 2.2001329334837143
 56.50784865146021 2.1847349590925775
 57.70070234645535 2.1695948147434096
 58.90746843174763 2.1547358508173486
 60.12834756681248 2.1401763415876837
 61.36347352463351 2.125921971922889
 62.61304696468619 2.111962249503996
 63.877134773462316 2.0982842533479906
 65.15600449692913 2.0848857359304595
 66.44985679456208 2.071770656572447
 67.75869166636117 2.058931653612577
 69.08304420426091 2.0463488264788427
 70.42278063527768 2.0340027888441927
 71.77790095941144 2.02188165213429
 73.14907404158036 2.009982463990065
 74.5356310168663 1.9983189937515841
 75.93890961510552 1.986919202385695
 77.3582409713799 1.9757954347865593
 78.79429395060754 1.9649285125203626
 80.24706855278846 1.954291105842957
 81.7172336428408 1.943855972045291
 83.20412035584641 1.933598559048588
 84.7077286918053 1.9235093308127126
 86.22939638055374 1.9136012494442127
 87.76912342209172 1.9039005774441322
 89.3262409515011 1.8944212272328462
 90.90141783370005 1.885136567521345
 92.49532293360664 1.8759723247558712
 94.1072873863028 1.8668556146263193
 95.73864892162474 1.8577583567806592
 97.38873867465438 1.84869148887679
 99.05755664539167 1.8396813866047017
 100.74577169875477 1.8307620400795212
 102.45405269966182 1.8219581126360493
 104.18173078319465 1.8132625397875872
 105.93014367918956 1.8046617988669444
 107.6986225227284 1.7961689025797125
 109.48716731381118 1.787790229923857
 111.29644691735604 1.779493206078282
 113.12713019828107 1.7712571434299684
 114.9792171565863 1.7631120666063053
 116.85203892735363 1.755097319083662
 118.74760210533739 1.7472234653298048
 120.66390009578322 1.7394667693466805
 122.60360835836363 1.7317859885196755
 124.56472029832426 1.7241803091393737
 126.54924251041948 1.716701720648598
 128.55650612973116 1.7093962770594863
 130.58718002117743 1.7022802241717567
 132.64126418475828 1.6953129954961037
 134.71875862047372 1.6884336326750202
 136.82100105816002 1.6816049737546281
 138.94665376798093 1.6748237009276525
 141.0977233446908 1.6681237528273205
 143.2728720584534 1.6615210574693106
 145.4741065040231 1.6549997540021954
 147.70008895156368 1.6485429519752958
 149.95148826599324 1.642156536032271
 152.22964217714803 1.635884464842915
 154.53388182010996 1.629779031806292
 156.864207194879 1.623841101125155
 159.22195603129142 1.6180526156728252
 161.6064594644291 1.6123942364151746
 164.01905522412823 1.6068438722908624
 166.4590744454708 1.601343895352291
 168.92718599337484 1.5958341861124334
 171.42338986784042 1.590318744941748
 173.94902379870376 1.5848167750844044
 176.5027500561286 1.579354087985373
 179.08657523486937 1.5739364385495087
 181.700499334926 1.5684839368146634
 184.34385349138045 1.56290044830049
 187.01730656915077 1.5572286001936312
 189.72219629807327 1.5515984991441957
 192.4578538132298 1.5461070407775372
 195.2249479795385 1.5407916678729614
 198.02347879699937 1.5355727459197372
 200.85478399544865 1.5303114502669925
 203.71819470996823 1.5249500366699622
 206.61437980547626 1.5195252335154003
 209.54333928197272 1.514069479105834
 212.50641086929383 1.5085608509156853
 215.50359456743964 1.5029481249085585
 218.53422151149203 1.4971813008566567
 221.60029829620538 1.4911995818977916
 224.70115605666154 1.4850301053437562
 227.8374636577786 1.478817493865623
 231.00988996447483 1.4726434991573076
 234.2184349767501 1.4664043549933154
 237.4630986946045 1.4600388913000201
 240.74521884787418 1.4535923742147078
 244.06546430147736 1.4471691666719046
 247.42249732557775 1.4408972802130413
 250.81832451492977 1.434792962954575
 254.2529458695334 1.4287516498255812
 257.7263613893886 1.4226009440388995
 261.23923993941355 1.4162530976554521
 264.7922503845264 1.409761830572793
 268.38606158964523 1.4031277963337
 272.02000468985193 1.3962605678351656
 275.6954174149828 1.3891201699222435
 279.41296862995585 1.381777880504272
 283.17265833477125 1.3742753688798012
 286.9744865294289 1.3666349429704571
 290.8204598086832 1.3589735971839635
 294.7092404426979 1.3513304526904106
 298.6421661613092 1.3434773608306707
 302.6192369645172 1.3352041119338917
 306.64179058215813 1.3265236101538788
 310.709827014232 1.3173673232100793
 314.8240151256569 1.307742797997215
 318.98502378135094 1.2980166125770284
 323.1921841163961 1.2883872753802172
 327.44750272554665 1.2788301254558382
 331.75031074388454 1.269534311377621
 336.101945901246 1.2605484929568913
 340.5024081976311 1.2517742238707405
 344.9523664979578 1.2429798224810413
 349.4524896671444 1.23403981649496
 354.00344657010896 1.2250005047115315
 358.6052372068515 1.2156111954458208
 363.25919930720823 1.2058118925228011
 367.9653328711792 1.1959375494941137
 372.7236378987644 1.1859949199975936
 377.5361209847183 1.1755387270935324
 382.40211326412264 1.1643723084260346
 387.3229524668138 1.152690343857768
 392.2986385927916 1.1405857589044536
 397.32984050697433 1.1278526539332001
 402.4172270742801 1.1143772741523636
 407.56146715962705 1.1002984544429494
 412.76322962793324 1.0858790523419912
 418.02318334411683 1.0713927586308187
 423.341997173096 1.0567042440065563
 428.7196711148707 1.041504431149852
 434.156874034359 1.0258088380939716
 439.65494366139733 1.0098869543866506
 445.21454886090373 0.9935341638426247
 450.8350207679601 0.9766413087110802
 456.5183659773207 0.9593149415910415
 462.26525335390385 0.9416027743427721
 468.0750140327913 0.9235615605144436
 473.94965460873743 0.9051529269281232
 479.8891750817423 0.8864820029182828
 485.8942443167241 0.8677931245483366
 491.96553117860077 0.8488013938039852
 498.1037045322906 0.8293113840717665
 504.31010210762985 0.8094377620763151
 510.5847239046185 0.7890973424192602
 516.9282387881747 0.7682898184257745
 523.3419844881345 0.7470807405435956
 529.8259610044981 0.7255152736266931
 536.3808372021838 0.7037576193587519
 543.0079508110275 0.6817790537257569
 549.7079706959476 0.6591474454702627
 556.4808968569439 0.6360808334814694
 563.3280670238528 0.6130342343583346
 570.2501500615923 0.5900001092216414
 577.2478148350807 0.5667423278855735
 584.3223990741543 0.5430911078654259
 591.4732339138948 0.5193916457815619
 598.7023259490566 0.4959872204835016
 606.0103440445578 0.4726292762528541
 613.3972882003986 0.44920037909765803
 620.8651650113331 0.42602080078318416
 628.4133056124437 0.40380505242262704
 636.0437165984841 0.3830874523222498
 643.757066834373 0.3633676703062588
 651.55335632011 0.34407036735195495
 659.4339227855315 0.3256017157598467
 667.3994350955558 0.3078760643699624
 675.4532375747733 0.2902979197014513
 683.5866349792485 0.27252084792645125
 691.8136734722619 0.2548254533078791
 700.1276644046326 0.23760851404659727
 708.5352964255416 0.22108696248368131
 717.0231922366263 0.2057541616087114
 725.6114177854306 0.19128327130626096
 734.286595773592 0.17714238217899971
 743.0554148502918 0.16361665588132942
 751.91787501553 0.15081555804270382
 760.8739762693065 0.13864822763085352
 769.9237186116213 0.12759508819163115
 779.0737906916559 0.11821247065552022
 788.3241925094102 0.1102669997281225
 797.6615467665214 0.10300365704749356
 807.1059194105337 0.09533135716003102
 816.6506217922656 0.08751499389768201
 826.2956539117173 0.0805431993242717
 836.0343271197073 0.07459602617852899
 845.8867073637796 0.06943386575107068
 855.8327286963903 0.06442830982921285
 865.8924570650831 0.0590491075603055
 876.0525151714959 0.05316744273610731
 886.3195916648094 0.04716639441693047
 896.693686545024 0.041937042445318394
 907.1747998121398 0.03745469483721386
 917.7696201153376 0.03336423169984179
 928.4714588054364 0.029433667569250497
 939.2870045316178 0.025624077645044478
 950.2162572938812 0.022138280329713135
 961.2525284430458 0.019159046924647517
 972.4091952774739 0.01679765326696056
 983.6728804988029 0.01521242024029727
 995.063650054577 0.013991587410651155
 1006.561437997252 0.012572307081645872
 1018.1863102743719 0.010920950188153577
 1029.9248895875741 9.254436175013916E-3
 1041.78386458604 7.821758000679493E-3
 1053.7699239189505 6.712939103081734E-3
 1065.8696902879437 5.8922321675183705E-3
 1078.0965409913817 5.321520776732838E-3
 1090.4504760292647 4.93097715292606E-3
 1102.9248067524113 4.6280071055338194E-3
 1115.532910459184 4.339130338818103E-3
 1128.2614098512203 4.036807921803525E-3
 1141.123682226883 3.7191394435947852E-3
 1154.1130389369905 3.3821334696690235E-3
 1167.229479981543 3.0599870947341516E-3
 1180.486382658903 2.7879012344065394E-3
 1193.870369670708 2.547777283636338E-3
 1207.388129666139 2.2781775636315955E-3
 1221.0396626451963 1.931815713077556E-3
 1234.8316572570615 1.5607062678446375E-3
 1248.7574248525527 1.2384474609365263E-3
 1262.8236540808513 9.600065582192961E-4
 1277.0303449419577 7.055707230238969E-4
 1291.3774974358714 4.85877955858815E-4
 1305.8651115625928 3.208289799520909E-4
 1320.4931873221216 2.090235412541856E-4
 1335.2617247144582 1.3354249259472816E-4
 1350.184101037965 8.614034196791793E-5
 1365.2469389942791 6.160235987436781E-5
 1380.456927232582 4.871389366787102E-5
 1395.8140657528742 3.99780978707967E-5
 1411.3183545551548 3.430018717899686E-5
 1426.976482288606 2.9675462353768433E-5
 1442.788448953227 2.448118381697875E-5
 1458.7475658998371 1.9255899844329215E-5
 1474.8605217776171 1.4742312824887997E-5
 1491.1340052357486 1.1362534774454185E-5
 1507.5546389758692 9.208436158806033E-6
 1524.1424889455224 8.148290192433076E-6
 1540.8774891971647 7.81522744572571E-6
 1557.7797056783397 7.898343979670683E-6
 1574.8357610906846 8.426591785525616E-6
 1592.0523440833815 9.583074255599395E-6
 1609.4361433056108 1.082341771334743E-5
 1626.9804701081916 1.1088649636440353E-5
 1644.6920131403053 1.0404452717031839E-5
 1662.5640837527705 8.713557892774071E-6
 1680.6100592439497 6.153429692682384E-6
 1698.8165623154807 3.8284798433290584E-6
 1717.1969702657252 2.205152255416889E-6
 1735.7445944455032 1.0621071286109417E-6
 1754.4594348548134 3.99276874496391E-7
 1773.348180142838 1.2490541071538464E-7
 1792.4175189587581 3.200941346077385E-8
 1811.6540740042107 6.466369717159994E-9
 1831.0645339283773 1.1704713841687966E-9
 1850.6488987312586 2.6163923788763617E-10
 1870.413857062035 1.0152392228938865E-10
 1890.3594089207067 4.6069189933227964E-11
 1910.4788656580926 1.9778154327075032E-11
 1930.7856045725552 8.561757126740325E-12
 1951.266248365732 3.85019732436087E-12
 1971.934174335986 1.7107198347468324E-12
 1992.7826938341347 7.168634847894975E-13
 2013.8118068601788 2.7587790903127685E-13
 2035.0348907124814 9.203429004742336E-14
 2056.4385680926793 2.58825791808082E-14
 2078.0295276499537 6.2737526418013064E-15
 2099.8077693843047 1.7069545032166524E-15
 2121.773293295733 7.19158030888147E-16
 2143.932788033419 3.3426012239975062E-16
 2166.279564948182 1.365395075883819E-16
 2188.8203126892026 4.243246008401855E-17
 2211.5550312564814 9.393642582167962E-18
 2234.477032000837 1.768762253045897E-18
 2257.5996922206322 4.116212099779498E-19
 2280.916323266685 1.0064102307083876E-19
 2304.426925138996 2.2329523759211777E-20
 2328.1381864867462 4.6880992349461775E-21
 2352.0434186607544 7.89619037711539E-22
 2376.142621661021 1.036940031393945E-22
 2400.449172785908 1.400182283853243E-23
 2424.956383386235 2.185466938624279E-24
 2449.657564812819 4.026004526930744E-25
 2474.5660943640245 7.713211796753265E-26
 2499.6752833906693 1.4326958947307262E-26
 2524.9851318927526 2.5105054613718837E-27
 2550.5023285194574 4.0757219287999995E-28
 2576.220184621601 6.097343340461821E-29
 2602.145388848366 9.083344629558037E-30
 2628.27125255057 1.6091245072580304E-30
 2654.6111530265757 3.2177235727884754E-31
 2681.1517129780213 5.888855085497665E-32
 2707.9063097032685 8.635888735985982E-33
 2734.8682545531364 9.598327660603647E-34
 2762.0308588784437 1.025068513359953E-34
 2789.407499977553 1.3843971342061006E-35
 2816.998177850464 2.0068913424876428E-36
 2844.796203847996 2.957108698434497E-37
 2872.8015779701486 4.328073470517146E-38
 2901.020988866103 5.518097076955975E-39
 2929.4544365358592 7.270585891084182E-40
 2958.0952323302367 7.833456067593709E-41
 2986.950064898416 5.1715775570998073E-42
 3016.018934240397 2.3720609477337086E-43
 3045.2951517069986 1.9366885200136216E-44
 3074.792094596584 2.8037026052097334E-45
 3104.4963856107897 4.504552641982615E-46
 3134.4214020479785 5.979975285415922E-47
 3164.5537666097884 5.99633689969231E-48
 3194.9001679454 4.376304747669496E-49
 3225.467294703995 2.899726627532009E-50
 3256.241769587211 2.8019618845514094E-51
 3287.2369698934094 4.263021023441942E-52
 3318.4462069734104 7.925010249364241E-53
 3349.869480827213 1.3639904696294592E-53
 3381.506791454818 1.844435838783038E-54
 3413.358138856225 1.8743397463712247E-55
 3445.423523031434 1.465760296414617E-56
 3477.709632629626 9.28380289519767E-58
 3510.203090352439 7.180137344567483E-59
 3542.917273498235 1.3146937440986837E-59
 3575.8388047686516 1.7698292351256908E-60
 3608.981061462052 1.5477439171415904E-61
 3642.3306662800723 1.0486964277454485E-62
 3675.900996521076 5.705004874917366E-64
 3709.6786748867007 2.39075440092823E-65
 3743.677078675309 7.631227833233615E-67
