 1.2338854863159065 1.2133236052120555
 1.7373431185931778 1.712329457397016
 2.246712974975978 2.2031399023123494
 2.762081365305263 2.679964549529853
 3.2835099394674323 3.135733623781013
 3.8110665123375206 3.5632095919897923
 4.344825063779207 3.9558758052698936
 4.884859573656168 4.308482233061629
 5.43125018682072 4.617472624604464
 5.984052388170622 4.880974719863032
 6.54333399258091 5.098388509336121
 7.109218299824381 5.270884454170745
 7.68176079479879 5.4010240619933584
 8.261023127390537 5.491899597631963
 8.847066947486018 5.546618062620719
 9.440077204744426 5.56973522032226
 10.039992249279367 5.565585948893715
 10.646935380863631 5.537270623810834
 11.261029899270016 5.488867178339888
 11.882337454384919 5.423876759189839
 12.510981345981135 5.345715159330225
 13.146961574058663 5.257187985813469
 13.7904014383903 5.160267089182235
 14.44142423874884 5.057381247829517
 15.100091625020681 4.950619918253224
 15.76646524709222 4.841313046706584
 16.440668404736257 4.730583627455466
 17.12282439772558 4.619958757396637
 17.812933226060192 4.510068005844723
 18.511179839399286 4.401576242654699
 19.21756423774286 4.294838493041201
 19.93233302063651 4.190481731489369
 20.65542453819383 4.089242954649727
 21.386962090187623 3.9907691739615467
 22.127130626277075 3.8955431040604264
 22.87599179634859 3.80407137941023
 23.633607250288562 3.716123165862172
 24.40016193775618 3.6318740053114795
 25.17565585875146 3.551449892613955
 25.960212313047176 3.4743849393952483
 26.754016250302534 3.400738571075234
 27.557129320403927 3.330635362499237
 28.369613173237752 3.263666138009243
 29.191652758463202 3.199721768259907
 30.023309725966683 3.1388993077405853
 30.864707375520975 3.0810550499625173
 31.715969006898884 3.0261353323578474
 32.577217919873206 2.9741956918162593
 33.44851576433033 2.925147777553232
 34.330047489929455 2.87904716662053
 35.22187474655698 2.835896531713577
 36.12418248387209 2.795615595538384
 37.03703235176119 2.758200795555905
 37.96054764999708 2.7234464812803786
 38.894851678352544 2.691110653088575
 39.84012938648677 2.6610152582867176
 40.796504074172574 2.6331282780769984
 41.764037391296334 2.607378701912018
 42.742852637630853 2.583648847866085
 43.733134762835334 2.5619323469618553
 44.735007066682555 2.5421218427953786
 45.74859284894531 2.5238542078903192
 46.77401540939641 2.506728955909559
 47.811459697695035 2.4906094321323317
 48.860987363727595 2.4752520278257343
 49.92278335715328 2.4602263770100547
 50.99703262763126 2.445432643709029
 52.08379682504796 2.4307611530727335
 53.18326089906256 2.416190054809419
 54.29554814944787 2.401917308251178
 55.42084352586306 2.388369622282468
 56.55927032808094 2.3761317051057875
 57.711013505760703 2.3658592857935145
 58.87613470878874 2.3578861050008792
 60.054880536710633 2.352138411845397
 61.24743593918559 2.3485711398159634
 62.45380091621362 2.3464175882401114
 63.674468666885886 2.3452481739170232
 64.9093158914296 2.3450172659033303
 66.15834258984475 2.344708344344577
 67.42216526099533 2.3447202224191445
 68.70016740601734 2.344322942122198
 69.99358202263876 2.3432973724954493
 71.30179261199561 2.34234474133522
 72.62541567295185 2.3416042028806844
 73.96445120550747 2.3418773084973145
 75.31951570852648 2.344050044678939
 76.6899926831449 2.34843540152372
 78.07588212936268 2.3528673168479907
 79.47841704490784 2.356880589301891
 80.89759742978033 2.3619973088465595
 82.33280678511622 2.3680180342668193
 83.78466160977945 2.3741005085420496
 85.25377840263398 2.3810969391102214
 86.73954066481588 2.388139514820846
 88.24318139405308 2.39467927092798
 89.7640840914816 2.4013208806515122
 91.30224875710145 2.407183924215933
 92.8582918897766 2.4121765904036553
 94.43282998837103 2.4174514426639817
 96.02524655402075 2.4227362442593745
 97.63677458445372 2.4282395336670332
 99.26679758080598 2.434543245676426
 100.91531554307751 2.4398585604977482
 102.5829449701323 2.4432451977364126
 104.27030236083431 2.445485226116523
 105.97738771518354 2.4482922122743717
 107.70358453431605 2.450855795367195
 109.45074231482373 2.4539016316634323
 111.21701156011464 2.456913077815369
 113.00485826564471 2.4601367467807597
 114.81243293482203 2.464383014533136
 116.6415850642385 2.4689951444704925
 118.49169815503015 2.475004841319781
 120.36338870606096 2.4821726928576657
 122.25665671733091 2.4908354923048907
 124.17150218884004 2.4997816562323893
 126.10915811831626 2.509534399168137
 128.06839150803165 2.519731156873069
 130.0510518545781 2.530340406063324
 132.0559061602277 2.5412551630172623
 134.08480392157235 2.5520903158557084
 136.13651214088412 2.562767612503637
 138.21164731702697 2.570879574886591
 140.31144244772883 2.5769948329466356
 142.43528103412577 2.582464464147801
 144.5831630762178 2.5875272323840392
 146.75632157173282 2.5946323506036454
 148.95414002180686 2.6059053949813173
 151.1778514241679 2.622119689500907
 153.42683927995196 2.642147080488692
 155.70172008802296 2.662372317073443
 158.002493848381 2.6796721500513416
 160.33039355875396 2.694287960803587
 162.6841862214139 2.7070725038163994
 165.06572133295276 2.718435031938564
 167.47499889337055 2.7302723557781587
 169.9114024038033 2.742548217393594
 172.37554836311491 2.7550013921785456
 174.8686697690334 2.7688470113552594
 177.39015012269481 2.7841258733147027
 179.94060592296307 2.800142147875694
 182.52003716983821 2.8163823404892642
 185.12967686104812 2.8329787122388854
 187.76890849772894 2.850635379393129
 190.43834857874452 2.870012114509369
 193.13799710409497 2.891560596622079
 195.86908707150814 2.915416440498635
 198.63161848098411 2.941477485573573
 201.42497483365886 2.966336718881052
 204.25100562612436 2.987859295274799
 207.10909435951663 3.0068171367612426
 209.99985753269953 3.024481351003124
 212.9239116445372 3.041796544012088
 215.88125669502954 3.0580998956933327
 218.8718926841766 3.0738287705355733
 221.8970526097063 3.0923896565790065
 224.95735297048261 3.117128231469404
 228.05156076877761 3.1451725876746592
 231.1815255011832 3.1709315717837696
 234.3472471676994 3.1898735263626303
 237.5487257683262 3.1985297638600154
 240.78657780192756 3.1985973791468125
 244.0614197673675 3.196259414109831
 247.37386816350993 3.1988636930987066
 250.72330649149097 3.209196821076358
 254.1109677490385 3.225470474277324
 257.5374684350165 3.246949453903588
 261.00280854942496 3.27347592720178
 264.5069880922639 3.3018711699676392
 268.0518565601253 3.3301243049268576
 271.63618095528113 3.359332022961025
 275.2611942754594 3.3915162077176952
 278.92689652066 3.4265011891411103
 282.634520688611 3.459911919019199
 286.38406677931243 3.487499054164441
 290.1761512916281 3.5092241808814912
 294.0113907244221 3.5307138401890636
 297.8891685788305 3.556121390392999
 301.81133435144505 3.5846838403618717
 305.777271543402 3.6109032255316457
 309.78821315242913 3.628875649051034
 313.8441591785265 3.638615909823196
 317.9457261205581 3.645625208510181
 322.0935304773879 3.6566148197945245
 326.2881887478799 3.6774032127484912
 330.529700932034 3.7115987292413152
 334.8193000275782 3.757082603891959
 339.1569860345126 3.80529750533835
 343.54275895283706 3.8432715881820143
 347.97846827914366 3.868628936495544
 352.46349751456824 3.8948367616250685
 356.9990796568389 3.9325581602179324
 361.5852147059555 3.9764480607633565
 366.22251916078215 4.01327330027227
 370.91160952018276 4.0383386531635805
 375.6531022830214 4.060492785815008
 380.44761394816185 4.090532895299042
 385.29576101446826 4.127102685726117
 390.1981599808046 4.165224487970754
 395.1548108471707 4.203877377413767
 400.16633011243067 4.235009175212805
 405.2339507743125 4.251933524884653
 410.35828933168016 4.257324347187695
 415.5387292856696 4.25290348729042
 420.7771201328727 4.245852217142465
 426.07407837215356 4.246207365862432
 431.42898750464814 4.256283290031397
 436.8436970269484 4.279449700526439
 442.3182069390543 4.316399617089632
 447.85313373982984 4.358383638166768
 453.449093928139 4.39794322922989
 459.10670400284573 4.433145537687083
 464.82719696167805 4.4707753844462585
 470.61057280463586 4.522628269996629
 476.45744803058323 4.586919374805712
 482.36905563724803 4.655181869916134
 488.34539562463027 4.717636768163602
 494.38708449159406 4.759899552938293
 500.4953552358672 4.783350195907234
 506.67082435631363 4.803214430184778
 512.9134918529336 4.82581401813349
 519.2245907234548 4.849800765780037
 525.6047374667412 4.868379427923192
 532.054548581657 4.867651557830241
 538.57525706593 4.845987787367548
 545.1662464206962 4.817296974003146
 551.8293661425477 4.7818731742832385
 558.5652327303482 4.730217718645744
 565.3738461840979 4.683011577167406
 572.2570560003887 4.671313998489195
 579.2142456803567 4.698903361031748
 586.2472647205936 4.751307485055505
 593.3567296199636 4.803093717883808
 600.5426403784667 4.8250605121676004
 607.8062299938306 4.799532991380971
 615.1481149649195 4.742893903319381
 622.5713777860532 4.703549575755695
 630.0680039719999 4.699721923096026
 637.6509399989034 4.715918999653021
 645.3140208781238 4.735125262653403
 653.0634115983007 4.751448723152711
 660.8867821821548 4.7657399334349914
 668.8026275956051 4.780012815522962
 676.7986178613725 4.778509295300403
 684.8809179680964 4.747511553409528
 693.0495279157769 4.712503396927722
 701.3044477044141 4.674915906576677
 709.6456773340079 4.613127480702382
 718.0793817931981 4.52907450314445
 726.6055610819848 4.438189469019418
 735.2118852230881 4.353672111641197
 743.9168491824277 4.280746959034558
 752.7142879713637 4.207582841887678
 761.604201589896 4.119045274362385
 770.580425049385 4.006348660772702
 779.6614533157498 3.889492602688826
 788.8287914230714 3.7875026114401917
 798.1009343372687 3.6879517101914744
 807.4655520810626 3.578436389856962
 816.9288096430923 3.467056174878517
 826.4907070233584 3.365212147719712
 836.1512442218607 3.254909502079031
 845.9165862272388 3.128035546501505
 855.780568050853 3.006225488028206
 865.7493546813432 2.904219127376976
 875.8229461187092 2.8156919749463056
 885.9951773743115 2.71846052697587
 896.2783784254294 2.6007349235785892
 906.6602192947834 2.469137237970094
 917.1591949482928 2.3396283216419866
 927.7568104200384 2.2225603491455525
 938.4715606759393 2.1141678649578343
 949.2911157387161 2.0000461021651245
 960.2216405970087 1.8619143392098496
 971.2693002394566 1.7009964531012458
 982.4217646887805 1.548556586547231
 993.6913639222597 1.429493315106655
 1005.0780979398945 1.3218487851340867
 1016.575801753045 1.192226820343396
 1028.1968053389905 1.0421995359284652
 1039.9287787204516 0.8953338296912982
 1051.784051874708 0.7670387151340134
 1063.7564598131198 0.6549151908724733
 1075.846002535687 0.5563077450442296
 1088.0650100196892 0.4736010187937546
 1100.4011522878467 0.4008906831406774
 1112.8605943287993 0.3329718984732127
 1125.4433361425474 0.2749821685555856
 1138.1555427177302 0.234747539334625
 1150.9910490657082 0.21062031879939974
 1163.9560201751212 0.19229274101494345
 1177.0504560459692 0.17361267358500584
 1190.274356678252 0.1553257683685344
 1203.6277220719698 0.14156575501680587
 1217.1105522271225 0.13324860642441774
 1230.7228471437101 0.12531242339943104
 1244.4769367990124 0.11528409641014498
 1258.3604912157493 0.10230727755893122
 1272.3796753825611 0.08826928758454013
 1286.5344892994476 0.08253161323073682
 1300.8249329664085 0.09065569876983613
 1315.2571713720842 0.10818451856121583
 1329.8312045164743 0.1287849636785493
 1344.5408674109391 0.14637960127834692
 1359.3923250441182 0.1501545286620539
 1374.3917424046517 0.13389274073031975
 1389.52678951526 0.10542045577033124
 1404.8159613418617 0.07463660417982519
 1420.2407629185386 0.04531992970038303
 1435.8196892112093 0.024365499645448061
 1451.5404102425945 0.020779591880567573
 1467.4090910013342 0.02986631182150418
 1483.4318964760675 0.03632215113916176
 1499.602661678155 0.029676244839965913
 1515.9275515962367 0.010064201924597234
 1532.4004012416726 -0.010324791932826715
 1549.0335405917421 -0.010751375057964507
 1565.814639669166 0.020677505838556067
 1582.7560284512233 0.0665374945369214
 1599.8515419492748 0.09551316548034217
 1617.1011801633201 0.1005881456806875
 1634.511108081999 0.09776317698892531
 1652.087490693952 0.09201402163612535
 1669.8179980218985 0.07567619266547862
 1687.7087950544787 0.05272163138925026
 1705.759881791693 0.035500064719519823
 1723.9774232221805 0.02705715356141455
 1742.3614193459413 0.0226240684992951
 1760.9057051743363 0.012110952414153532
 1779.6226106846443 -8.241115004422296E-3
 1798.4998058995861 -0.014562142432303537
 1817.5496207964413 0.011925863230377129
 1836.7658903865697 0.05098148044217351
 1856.1486146699717 0.07604441024065117
 1875.7101236239268 0.08143504155650595
 1895.4380872711551 0.0672062996382199
 1915.338670600297 0.035642471542377485
 1935.411873611352 7.230167212951902E-5
 1955.6576963043203 -0.0296615737423984
 1976.0823036678416 -0.04955013566852488
 1996.6795307132758 -0.06606797014572895
 2017.4555424292634 -0.0916830153892695
 2038.4103388158041 -0.12368193221513685
 2059.5377548842575 -0.15261937409776946
 2080.8501206119044 -0.16689256845062672
 2102.341271010104 -0.14822997627612813
 2124.0112060788565 -0.09075491804467506
 2145.866090806802 -0.027118468285773602
 2167.8997602053 0.014954419450601266
 2190.1122142743515 0.0496097268425999
 2212.515782991235 0.08154850453605222
 2235.104301367312 0.09006605751557789
 2257.8716044139414 0.07274039387283832
 2280.8300221084036 0.04999740709657266
 2303.973389462059 0.031640140049985145
 2327.301706474906 9.003836052943876E-3
 2350.8211381355863 -0.03427790591863139
 2374.5255194554592 -0.08971071028251541
 2398.421015423165 -0.1156786665762185
 2422.5014610500634 -0.09927799936575157
 2446.779186313434 -0.05860089839422314
 2471.2418612359974 4.505348780394708E-3
 2495.901815795033 0.11391590216081537
 2520.752885001901 0.241975221287859
 2545.788903867962 0.3069131516639527
 2571.0222023704955 0.3125179310100512
 2596.452780509501 0.2980253242280814
 2622.0744732963385 0.2782453377536199
 2647.887280731009 0.3006179136680492
 2673.897367802152 0.368527654307975
 2700.1047345097672 0.4276500734969172
 2726.5032158652147 0.47396748267605054
 2753.098976857135 0.5518625908076653
 2779.892017485527 0.6311642615548185
 2806.8761727617516 0.6173892658509343
 2834.0637726630884 0.5377248989356435
 2861.4424872122576 0.479537415870936
 2889.024646386539 0.44083862968985554
 2916.797920208653 0.4107476841509824
 2944.768473667239 0.3980442997572364
 2972.9424717509373 0.3788822540835538
 3001.307584482468 0.321182644314283
 3029.876141839111 0.23968063803066796
 3058.641978832226 0.1910771265445339
 3087.605095461813 0.201952659451898
 3116.765491727873 0.24071305717184537
 3146.123167630405 0.24873776119227117
 3175.678123169409 0.18593692576159998
 3205.436523333525 0.10147551952653461
 3235.3860381454742 0.0482667287128716
 3265.538997582535 -0.015350898532656183
 3295.8830716674283 -0.10822585879349202
 3326.430590377434 -0.19717223018498028
 3357.1692237352713 -0.25381580582255053
 3388.111301718221 -0.2648228405420387
 3419.2444943490036 -0.24893546565252425
 3450.5811316048984 -0.23479627923580337
 3482.1088835086252 -0.21903681831911303
