 0.0E+0 0.0E+0
 0.2780482872687045 4.299226075020364E-5
 0.8374137413692581 6.795409793146388E-4
 1.4033604274688835 3.064526133641142E-3
 1.9759682795594728 8.482378469610108E-3
 2.5553004034240984 0.018123884506295494
 3.1414549636142052 0.03288844178032497
 3.7345020776665416 0.05324633394274603
 4.334518874871527 0.0791957474948202
 4.94158949627326 0.11030728769139443
 5.555798082915837 0.14582538127412397
 6.177235787597028 0.1847921773444147
 6.805965716099905 0.22616705842157722
 7.4420649977148904 0.2689254768019318
 8.085673867515478 0.3121308528018405
 8.73685543128474 0.3549793179697916
 9.395679806559425 0.396820611219384
 10.062217110876276 0.43715974636243093
 10.736677696845538 0.4756448829521842
 11.418991446930463 0.5120469046516397
 12.109298596204543 0.5462355360019581
 12.807739379741275 0.578157045380911
 13.514383915077403 0.6078154999424097
 14.229372437286422 0.6352582142436226
 14.952704946368335 0.6605636843550379
 15.684521677396631 0.683831917072275
 16.424962865444804 0.705176792704851
 17.17409862804961 0.7247196480111199
 17.931999082747783 0.7425827235614163
 18.698804464612827 0.7588855484901339
 19.47465500871823 0.7737435847777551
 20.259550715063994 0.7872691310628311
 21.053701936260363 0.7995711418795863
 21.857108672307333 0.8107541430835415
 22.670051393351894 0.8209147973659888
 23.492459981857294 0.8301389668650563
 24.324474672897036 0.8385002670665385
 25.166305819081355 0.8460611965688728
 26.018023537946994 0.8528770686652529
 26.879697947030713 0.8590021572650957
 27.75153939894274 0.8644929054265701
 28.633547893683083 0.8694071571164151
 29.52586366632523 0.8738017169175919
 30.42869706947943 0.8777312654549082
 31.34211822068242 0.8812470488676468
 32.26619723747095 0.8843929472274507
 33.20114447245527 0.8872005939536299
 34.147030043172115 0.8896898729097513
 35.10399418469498 0.8918737086071329
 36.072177132097365 0.8937615458809687
 37.051719120452766 0.8952178803993104
 38.04269026729793 0.8966912072244876
 39.04530092524309 0.8977718048281252
 40.05962121182499 0.8986295223974227
 41.08586147965388 0.8992817583130006
 42.12409184626651 0.8997393583186227
 43.17445254673637 0.9000183198863401
 44.237083816136944 0.9001439497516006
 45.312196007078483 0.9001445824199868
 46.39992935463449 0.9000443948619714
 47.500353976341685 0.8998620507949475
 48.61361010727359 0.8996116948764065
 49.73990810004043 0.8992999249338046
 50.879388189715704 0.8989227190038296
 52.032190611372904 0.898472485065847
 53.19845560008553 0.8979482289266784
 54.378393508463815 0.8973525716410665
 55.57207445404452 0.8966823498670806
 56.77970878943786 0.8959301523464823
 58.00150686725409 0.8950887033928301
 59.23753880502998 0.8941501850324944
 60.488014955375724 0.8931095359183858
 61.75307555336486 0.8919712751104054
 63.032930951607603 0.8907461579711191
 64.32772138517745 0.8894394266100124
 65.63765720668465 0.888044166865436
 66.96280853366595 0.8865458725551062
 68.30345583626831 0.8849308961181207
 69.65980946710202 0.8831933627766075
 71.03186942616705 0.8813395088332306
 72.42019665375739 0.8793846990916553
 73.82465091479952 0.8773432589717688
 75.24523220929346 0.8752248140711614
 76.68264171260668 0.873038492890834
 78.13617824937171 0.8707893567778763
 79.60724417032348 0.8684644812209701
 81.09513830009453 0.866037655672687
 82.60056181405234 0.8634922951831884
 84.12351471219688 0.86083273804998
 85.66469816989564 0.8580804046169945
 87.22341101178114 0.8552636293898141
 88.79965323785339 0.8524029740909905
 90.39482719884734 0.8495077027933218
 92.00893289476296 0.8465893842901556
 93.6412691502328 0.8436749521785047
 95.29253714062433 0.840795271637496
 96.96343804130501 0.8379587481185463
 98.65327067690738 0.8351475313350447
 100.36343739816638 0.8323272312411412
 102.09323702971454 0.8294659432739315
 103.84266957155185 0.8265390793176304
 105.61243619904577 0.8235781957001136
 107.40323808756382 0.8205140019433282
 109.21437406173847 0.817302034927765
 111.04724647230469 0.8138879303628094
 112.90115414389501 0.8102468334190034
 114.77609707650943 0.8063889119811252
 116.67277644551541 0.8023480589984359
 118.59189342628042 0.79817312550847
 120.53344801880448 0.7939153124599114
 122.49673904772011 0.7896167826816407
 124.4838700391297 0.7853125136972952
 126.49273746693085 0.7810129897258461
 128.52614603259343 0.776685673536003
 130.58199221001507 0.7722804487534587
 132.66237952529817 0.7677604850400164
 134.76660680307523 0.7631105531638078
 136.89537521871375 0.7583447074011269
 139.04868477221367 0.7534917793541448
 141.2265354635751 0.7485566496075551
 143.43032964353287 0.7435451025580316
 145.6586649613521 0.7384786941213045
 147.91364494313518 0.7333501034203331
 150.19386723814716 0.7281305892341444
 152.50143537249047 0.722803521422301
 154.83494699543021 0.7173744584284815
 157.19510328233374 0.7118513086075134
 159.58330658393612 0.7062167187693754
 161.9988557248698 0.7004398689255393
 164.4417507051348 0.6945211657913964
 166.91339387546608 0.6884687888653682
 169.41308406049614 0.6822924541262431
 171.94222361095992 0.676008972476854
 174.50011135149 0.6696142315726911
 177.08744845745377 0.6631092256069324
 179.70423492885132 0.656490565284652
 182.35187311641752 0.6497160425863702
 185.02896066941747 0.642788640091622
 187.73760111395353 0.6357803464246375
 190.47779445002575 0.628697804603472
 193.2488395022667 0.6214855657631345
 196.0514374460437 0.6141317899666833
 198.88699063209185 0.6066735786959092
 201.7547978850436 0.5991410740803552
 204.65556038026642 0.5915225265642773
 207.58927811776032 0.5838261608366962
 210.55735344826024 0.5760795431630109
 213.55908519639874 0.5682905367074498
 216.59517453754324 0.5604830924874908
 219.66562147169378 0.5526360161121959
 222.77182834958526 0.5447327537088216
 225.91379517121774 0.5367385056660404
 229.09082076122368 0.52882151943407
 232.30500864570555 0.5208752496939381
 235.55565764929585 0.5127162226136452
 238.843468947362 0.5042708227073969
 242.1691437152716 0.49560796563869002
 245.53268195302453 0.48683290031263
 248.93408366062084 0.4780547168352379
 252.37475118879544 0.46932429982100426
 255.85538571291584 0.4606205000695902
 259.3745848822471 0.4519116389710865
 262.9344522228916 0.44318044467854983
 266.5349877348493 0.4343821965751953
 270.17619141812036 0.4254593444331777
 273.85876444807206 0.4164077442745674
 277.583408000072 0.4072994570285532
 281.3508232494875 0.39819830085906354
 285.16030902095133 0.3890767411341187
 289.0132676651982 0.3798620526227246
 292.91040035759573 0.370501823268144
 296.85170709814383 0.3610055340580502
 300.8371878868425 0.35141004696405936
 304.86894624979424 0.34175072814896034
 308.945579836264 0.33209889289705823
 313.06849099698683 0.3224879370610247
 317.2376797319626 0.31293825515819506
 321.4545483919264 0.3035234084456454
 325.7190969768781 0.29427266687435743
 330.0320266621853 0.2851216971075739
 334.39403862321523 0.27599258151447386
 338.80443168460072 0.26685452270182885
 343.26530937244393 0.2577441250548407
 347.7759705113776 0.24874235656976381
 352.3378174521365 0.2398122558556643
 356.9508501947208 0.23080238921524404
 361.6157699144978 0.22174198592794572
 366.333277786835 0.21278868887937196
 371.1040749871 0.2039737835212206
 375.92816151529262 0.19528780694205793
 380.80693972214794 0.18671395275811045
 385.74040960766586 0.1781331166266152
 390.7285711718465 0.1695057838877938
 395.7735279407922 0.1609914095702694
 400.8745787391355 0.15271344083337012
 406.03312591761124 0.14467066656904245
 411.24916947621954 0.13685587435768367
 416.52341059032784 0.12926760906200546
 421.85655043530363 0.12193401086801424
 427.2492901865144 0.11485948134005405
 432.7023310193275 0.10817931796121187
 438.2163741091105 0.10142442471044487
 443.7921206312309 0.0949894822493985
 449.42957058568856 0.08874305689120153
 455.129425147851 0.08276256465102591
 460.89308666845334 0.07704529409293073
 466.72125632286287 0.07152401516276198
 472.6132329357121 0.0662149512855659
 478.5711200331035 0.06112590687779229
 484.5956187904046 0.056251120138066795
 490.68602803224786 0.05161396816325969
 496.84445128473566 0.047253857155711724
 503.07088854786803 0.0432033749601843
 509.3660409970125 0.03947276809309802
 515.7306098075364 0.03604953728667142
 522.1652961548074 0.032892856449942706
 528.6715023895603 0.030001211697844896
 535.2492285117951 0.027391720777378732
 541.8991756968792 0.024996176161733475
 548.6227462955477 0.022732633737715918
 555.4199403078005 0.020598486007762914
 562.2914589090053 0.018612200562067783
 569.2387044498967 0.01676858274127379
 576.2623781058422 0.015065617044664883
 583.3624798768421 0.01352614415670102
 590.5404121136312 0.012172545625356176
 597.7968759915767 0.011004275096288265
 605.1325726860464 9.983898936803522E-3
 612.5489045477752 9.044022598967484E-3
 620.0451704013956 8.128381527476998E-3
 627.6234737730098 7.2386712736070904E-3
 635.2845158379855 6.413183639526812E-3
 643.0282965963227 5.676333298259802E-3
 650.8569195741237 5.025314365513241E-3
 658.7696835960211 4.450771935385113E-3
 666.7686921881173 3.9398843051699954E-3
 674.8546465257798 3.4725187918632797E-3
 683.0275466090086 3.052184626240848E-3
 691.2887947885384 2.686924966687119E-3
 699.6390922397371 2.3650014647268466E-3
 708.0819448394417 2.0778159310385147E-3
 716.6082373078752 1.8291510447126417E-3
 725.2326943277545 1.6193942247545798E-3
 733.948304145405 1.4393060272427952E-3
 742.7620785145011 1.279331532684032E-3
 751.6599939276937 1.1338550861011396E-3
 760.6630856460067 1.0033046424667863E-3
 769.7573301620909 8.855078896863394E-4
 778.9497392296207 7.720893829008249E-4
 788.2403128485965 6.619612488201641E-4
 797.6290510190179 5.668510412251009E-4
 807.1159537408852 4.707464027813954E-4
 816.708032767873 3.9181868072933086E-4
 826.4052880999812 3.2723876598765306E-4
 836.1936962298604 2.775556791437906E-4
 846.0942924185349 2.3721208820768084E-4
 856.1000649123298 2.0084126609778502E-4
 866.2110137112453 1.6706074200904783E-4
 876.4201270616065 1.3693379650756457E-4
 886.7484402244376 1.1135293036669425E-4
 897.1749179387145 9.021276362859465E-5
 907.7205954654611 7.286734639001072E-5
 918.3714492973285 5.8658811986727184E-5
 929.1344911879908 4.707976941112769E-5
 940.0097211374483 3.767367069473526E-5
 950.9971391457012 3.0087288943223986E-5
 962.1037569664238 2.4125114712358932E-5
 973.3225628459415 1.960239934334254E-5
 984.6605685379293 1.6165554868962783E-5
 996.1177740423869 1.3328487255200921E-5
 1007.6871676056397 1.076231333151423E-5
 1019.3827727350371 8.417117821761114E-6
 1031.1905659232295 6.3301811625046775E-6
 1043.1315824312414 4.581605498122293E-6
 1055.1847869980483 3.239493468044387E-6
 1067.3712148846743 2.2915661990408995E-6
 1079.6768425837706 1.6638284687134933E-6
 1092.1086818490111 1.2689759713480346E-6
 1104.673744434071 1.0052425961149293E-6
 1117.358006831601 7.681910610674276E-7
 1130.1754925489501 4.925735072960563E-7
 1143.1262015861186 1.6836313055358934E-7
 1156.2031221894314 -1.595014755207573E-7
 1169.4202778662383 -4.1922302369292035E-7
 1182.7636451091898 -5.709854328890877E-7
 1196.2472474256353 -5.823945122304138E-7
 1209.8640730619001 -5.773442056127471E-7
 1223.614122017984 -5.722444881682341E-7
 1237.5114178012368 -5.660789991728722E-7
 1251.5419369043088 -5.353032974319351E-7
 1265.7126910808747 -4.857695203272169E-7
 1280.0236803309346 -4.4907243113055537E-7
 1294.4819164081632 -4.595153187800887E-7
 1309.0803875588858 -5.449546084728886E-7
 1323.826105536777 -6.700060340661478E-7
 1338.719070341837 -7.64347193905843E-7
 1353.7592819740655 -8.193412607082997E-7
 1368.9467404334627 -8.796077598883914E-7
 1384.2814457200286 -9.048444871093777E-7
 1399.7633978337632 -7.996213329123208E-7
 1415.406620282016 -6.93302104192378E-7
 1431.1970895574372 -6.116548058888327E-7
 1447.1418174137018 -5.292098874420016E-7
 1463.2408038508101 -3.8432615623672504E-7
 1479.4940488687614 -3.0715590109939906E-7
 1495.908564221231 -2.5120304795294855E-7
 1512.4843499082185 -1.9728415588224764E-7
 1529.2143941760496 -1.8422059760995796E-7
 1546.1057087783985 -1.720414058032047E-7
 1563.1653054689402 -1.2640552122119313E-7
 1580.3791607403254 -1.1968138604081263E-7
 1597.7683098535778 -1.692627759606526E-7
 1615.3117175476738 -2.169079520704116E-7
 1633.0304190836372 -1.924349185408948E-7
 1650.9103909541188 -1.6773913876239544E-7
 1668.9586449127932 5.7796055665639545E-9
 1687.182192713335 2.3639256121361057E-7
 1705.5740226020693 4.889395052762955E-7
 1724.1411463326714 7.201044677055537E-7
 1742.8765521514662 9.532821290337251E-7
 1761.7942635658032 1.1389075306427713E-6
 1780.880257068333 1.1873314266356903E-6
 1800.1485561664046 1.1181911206706916E-6
 1819.592149106344 9.667996313921765E-7
 1839.2110358881507 7.747996890767267E-7
 1859.0122282654995 5.802141214480566E-7
 1879.0027379920657 4.370027722976937E-7
 1899.1685415604988 3.659003673474985E-7
 1919.5166507244741 3.17142395332304E-7
 1940.047065483992 2.1511610414794278E-7
 1960.7667975927263 7.030429378099796E-8
 1981.6758470506774 -3.160329164168361E-8
 2002.7672021041712 -1.0396398272702992E-7
 2024.054886260556 -3.162470837036862E-7
 2045.5248760124834 -6.978873231307975E-7
 2067.1911948673023 -1.0511107829711754E-6
 2089.046831071338 -9.660615629819443E-7
 2111.09178462459 -8.802756317512285E-7
 2133.3400790344094 -5.364371295612119E-7
 2155.777690793445 -3.53207634092603E-7
 2178.4116316553722 -3.74183465217386E-7
 2201.2419016201906 -4.663381954193161E-7
 2224.268500687901 -5.237364020893507E-7
 2247.4984406121775 -5.906318198576991E-7
 2270.9247096393455 -7.037527013581033E-7
 2294.5543195230802 -7.194620286298266E-7
 2318.387270263381 -6.515850797172972E-7
 2342.416550106573 -5.831489797104621E-7
 2366.6561825600065 -4.986983699429039E-7
 2391.0991558700056 -3.9978890423284554E-7
 2415.7454700365715 -3.0005661164223874E-7
 2440.6021368133783 -7.482766034654616E-7
 2465.662144446751 -7.452966689248601E-7
 2490.9254929366902 -7.422925547251435E-7
 2516.406205790545 -7.740336180422309E-7
 2542.097271254641 -8.264153970780486E-7
 2567.9916775753026 -9.006410463407615E-7
 2594.1034482598806 -8.574603570501634E-7
 2620.425571554699 -8.139318104344526E-7
 2646.9580474597587 -6.052212884153764E-7
 2673.707887728734 -5.973591183800107E-7
 2700.6680806079502 -6.092154143186846E-7
 2727.8456378510823 -8.133329898069099E-7
 2755.2335477044553 -1.2492905397018747E-6
 2782.8458336754183 -1.7294497827332233E-6
 2810.668472256623 -2.437126112660172E-6
 2838.7154869554174 -3.1863282195934527E-6
 2866.9798660181277 -3.3241447996870805E-6
 2895.4545976910785 -3.1309484532211156E-6
 2924.1537054816203 -2.936229751895039E-6
 2953.0771893897517 -2.3564149345798755E-6
 2982.2180376617993 -1.7308649263413661E-6
 3011.5762502977627 -1.1930229566285868E-6
 3041.158839051316 -9.809556769147044E-7
 3070.96580392246 -1.07015441773013E-6
 3100.9901331575197 -1.3011223491476842E-6
 3131.23883851017 -1.5534806179404233E-6
 3161.7119199804096 -1.5988551420817197E-6
 3192.4023658145656 -1.6105158213515741E-6
 3223.3241995199864 -1.5711806895048695E-6
 3254.4633975893234 -1.531569052196204E-6
 3285.833983529925 -1.4411727153162921E-6
 3317.4219338344423 -1.417965941813715E-6
 3349.23426025655 -1.4174222651498392E-6
 3381.277974549923 -1.4168746340381108E-6
 3413.5390532072115 -1.3169133001613633E-6
 3446.0315197357645 -1.0655143374045067E-6
 3478.7483623819084 -8.300329497197679E-7
 3511.6895811456424 -7.158247824070721E-7
 3544.855176026967 -6.17360839028674E-7
 3578.2451470258824 -5.343630166382379E-7
 3611.8594941423875 -5.302051200041007E-7
 3645.705229130158 -5.249856058179119E-7
 3679.768328481844 -4.838962344262639E-7
 3714.062815704795 -4.3134430374703635E-7
 3748.5746672916616 -3.742481239264561E-7
 3783.3179067497935 -3.1516723174493233E-7
 3818.2785105718403 -2.863583514067887E-7
 3853.470502265153 -2.925141922092609E-7
 3888.879858322381 -2.7641185832319324E-7
 3924.5206022508746 -2.6020430126519664E-7
