 0.22867481641618081 -3.1820411501373837E-7
 0.6887128687361486 -9.5835331729713E-7
 1.1541635133578473 -8.645033374886277E-6
 1.6250924902687475 -3.320352675675266E-5
 2.101551699458958 -8.897591817577853E-5
 2.5836218742464236 -1.938751327918366E-4
 3.071360681286822 -3.6869793732817766E-4
 3.5648315539013943 -6.362607636001497E-4
 4.064103692076953 -1.020339423821547E-3
 4.569246295800309 -1.5444278782994677E-3
 5.080334331723841 -2.230363685560226E-3
 5.597419699837657 -3.0968890467739456E-3
 6.120565833462999 -4.158235125272393E-3
 6.64988806591122 -5.422817829405762E-3
 7.185438297172428 -6.892138740988708E-3
 7.7272741939023 -8.559975087927524E-3
 8.27545342275651 -0.010411942456639907
 8.830148983702085 -0.012425492423949538
 9.391303210083352 -0.014570400522122242
 9.95903143521166 -0.01680976016653945
 10.53344899239836 -0.01910146914929833
 11.11461354829913 -0.021400136302373036
 11.702640436225323 -0.023659295337878537
 12.297529656176936 -0.025833764834268746
 12.899396541465322 -0.0278819804818712
 13.50835642540183 -0.02976810810952032
 14.12446697464214 -0.031463800142175063
 14.747785855841924 -0.03294944934358666
 15.378428402312537 -0.034214870154057074
 16.016509947365324 -0.03525933793332881
 16.662030491000297 -0.036090997610832224
 17.315163033184472 -0.03672566001153235
 17.975907573917854 -0.03718509073061488
 18.644494779823148 -0.037494947851969044
 19.320866984244673 -0.03768257690374386
 20.005139520493784 -0.03777491745315976
 20.697485388537511 -0.03779671687842284
 21.397962255031522 -0.03776918393164514
 22.1066277866315 -0.03770907870976298
 22.82365498330447 -0.037628148368846314
 23.54904384505043 -0.037532870692112155
 24.282909705180735 -0.037424576554804696
 25.025425563662412 -0.037300012180081373
 25.776649087151135 -0.03715224375528209
 26.536637942302576 -0.036971692632297034
 27.30556512908377 -0.036747127902037095
 28.083488314150393 -0.036466612283397453
 28.870522830813786 -0.03611840403312053
 29.66678401238531 -0.03569177292726245
 30.47238719217632 -0.035133770039864925
 31.287390036842484 -0.03456925645306541
 32.11196554635083 -0.03386249133184055
 32.94617138735704 -0.03305641801846231
 33.79018055982813 -0.032153394469324164
 34.644050730419785 -0.031159227278907887
 35.50789723244336 -0.030083277229624932
 36.381835399210196 -0.02893835509517812
 37.26603823068732 -0.027740288615571172
 38.1606210601861 -0.0265073291175514
 39.065641554362194 -0.02525960008434841
 39.98121504652696 -0.02401847332904719
 40.90751453664743 -0.02280577534097274
 41.844655358034955 -0.021643114743751724
 42.79275284400087 -0.02055151963688292
 43.751922327856554 -0.019551133125040823
 44.72233680956901 -0.01866083983402134
 45.70405395579393 -0.017897899192702956
 46.69724676649834 -0.0172774359520814
 47.70208824164925 -0.016811748021886382
 48.71863604790236 -0.01650997831883104
 49.747063185224675 -0.016465728499500204
 50.787484986927566 -0.016552150250651643
 51.84007445297805 -0.016639582698482653
 52.90494691668748 -0.01703422543637188
 53.982275378022883 -0.01760284408340629
 55.07211750363994 -0.018341346553425827
 56.17470396016134 -0.019243602836408957
 57.29020774755412 -0.02030149439038567
 58.41862886581829 -0.021504983831396873
 59.56042864819925 -0.022842207627906424
 60.71549176138564 -0.024299591123064227
 61.88381820537746 -0.0258619831784142
 63.06598464673148 -0.02751281923486727
 64.26141441889094 -0.029234319556954803
 65.47126085496934 -0.03100770709852699
 66.69494728840995 -0.032813465287942433
 67.93305038576949 -0.034631613404898085
 69.18557014704798 -0.036442006314914794
 70.45308323880221 -0.03822464435284618
 71.73501299447537 -0.039959985236192034
 73.03135941406748 -0.041629249888997896
 74.34327583069206 -0.04321470255489574
 75.6707622443491 -0.04469990249287971
 77.01324198848187 -0.046069916430192044
 78.3712917296471 -0.0473114883893116
 79.74548813440154 -0.04841316553584165
 81.13525453618847 -0.04936538613671106
 82.54174426812136 -0.05016052353927496
 83.9643806636435 -0.0507928963203379
 85.40316372275485 -0.05117234075232551
 86.85867011201219 -0.051556195560476525
 88.33147649797228 -0.05168516122826718
 89.82100621407834 -0.05164727898421692
 91.32841259344389 -0.051445786366731173
 92.85311896951221 -0.05108539455238607
 94.39512534228325 -0.05057214491640041
 95.9550083783138 -0.049913248678068823
 97.5333447441606 -0.049116917750374904
 99.13013443982366 -0.04819219288319808
 100.74480079874624 -0.0471487670703097
 102.37907382059856 -0.04599682045859539
 104.0312235057104 -0.04474685322747284
 105.70355652030875 -0.04340953876635591
 107.39434286472338 -0.04199559444375905
 109.10531253862455 -0.04051567267444814
 110.83588887545548 -0.0389802797272548
 112.58664854177296 -0.03739971821394477
 114.35759153757694 -0.03578403363769572
 116.14871786286747 -0.03414297312040282
 117.96118085075804 -0.03248593736396882
 119.79382716813515 -0.03082191975616483
 121.64838681466905 -0.029159435327467765
 123.52370645724626 -0.027506434822663825
 125.42151609553703 -0.02587021538944421
 127.34066239642786 -0.024257334650008545
 129.28172202647547 -0.022673561309151917
 131.2458483187934 -0.021123856886023101
 133.23246460682491 -0.019612402778186453
 135.24157089057 -0.018142654389745715
 137.27432050314217 -0.016717411497904982
 139.33013677798464 -0.015338885236521906
 141.41017304821093 -0.014008758313645443
 143.51385264726434 -0.012728247935459782
 145.64175224170156 -0.011498185645266957
 147.79387183152263 -0.010319107988094243
 149.9713647498411 -9.191366796746403E-3
 152.17307766354335 -8.115225945827014E-3
 154.40074057229972 -7.090935101307153E-3
 156.6543534761102 -6.118755837345134E-3
 158.93333970841806 -5.1989567647553634E-3
 161.23827593578002 -4.331769348927287E-3
 163.5703154913096 -3.5173366234280754E-3
 165.92888170845003 -2.7556612270037612E-3
 168.31455125375813 -2.0465599359552485E-3
 170.72732412723385 -1.3896226620845174E-3
 173.1683536619907 -7.841673233714029E-4
 175.63706319147195 -2.2918656836773136E-4
 178.13402938223433 2.7671063481428506E-4
 180.6592522342779 -2.558530966520458E-4
 183.21388508071606 -7.946193287588811E-4
 185.79792792154893 1.520227532444613E-3
 188.41080409021967 1.8520742040967531E-3
 191.05424358639865 2.147680134713344E-3
 193.72766974352902 2.4103777222367734E-3
 196.43165922816751 2.6436242652551206E-3
 199.16678870687101 2.8509695537880254E-3
 201.9330581796394 3.036010807623618E-3
 204.73046764647276 3.202333947304183E-3
 207.56017044048454 3.3534522940259427E-3
 210.42274322823152 3.4927409392889402E-3
 213.31703267660023 3.623347365832595E-3
 216.24476878526087 3.7480520677168932E-3
 219.2059515542135 3.869075786541465E-3
 222.2005809834581 3.987873147973561E-3
 225.2292337395514 4.104977517013176E-3
 228.29248648905021 4.219935164662471E-3
 231.39091589851125 4.331315146308364E-3
 234.5239453013778 4.436757137451947E-3
 237.69272803076333 4.533091124522263E-3
 240.89784075322458 4.616677938435231E-3
 244.13928346876164 4.684065016813604E-3
 247.41705617737443 4.732679040991281E-3
 250.7328888787333 4.761042854469476E-3
 254.08562823972462 4.757890160335951E-3
 257.476427593462 4.754701677104934E-3
 260.9052869399454 4.720342632633498E-3
 264.37335961228836 4.667335975888298E-3
 267.8806456104909 4.599423922369119E-3
 271.42772160110973 4.5218353164962E-3
 275.01516425070155 4.44040740280141E-3
 278.64239689270976 4.360544536146442E-3
 282.3111495268045 4.2864681012471164E-3
 286.0208454864291 4.221179908529647E-3
 289.772638104697 4.167388393989196E-3
 293.5665273816083 4.128910334616098E-3
 297.40308998371966 4.111307327471719E-3
 301.2829025775879 4.1211834772820095E-3
 305.2065418297697 4.164935104437643E-3
 309.17400774026515 4.247797751714183E-3
 313.1864536421877 4.3732691108121E-3
 317.2438795355374 4.542841967725932E-3
 321.34628542031424 4.755921454375001E-3
 325.49540129618844 5.009689525313429E-3
 329.6906504966033 5.2992432550864705E-3
 333.9331863546724 5.61848720801168E-3
 338.2230088703956 5.961321347516094E-3
 342.56069471032964 6.3221450366290465E-3
 346.94682054103145 6.695466300588427E-3
 351.3819630290577 5.197161717618113E-3
 355.8666988409651 3.6821032412483172E-3
 360.40160464331046 7.835647420330836E-3
 364.9872571026506 8.216426592509122E-3
 369.62365621898533 8.608180241789968E-3
 374.31137865887154 9.024602106895855E-3
 379.0515777554228 9.479026651127473E-3
 383.8448301751958 9.980517628816873E-3
 388.6905592516338 0.010533173892139602
 393.590494984407 0.011137830367405427
 398.5452140400722 0.011792633842975398
 403.5541397520727 0.012492300737364069
 408.61900212007873 0.013227864726862246
 413.7398011440903 0.013987375674935694
 418.9171134906641 0.014757560012423
 424.151515826357 0.015525074480203361
 429.44358481772565 0.01627671722887942
 434.7944737978837 0.016997962299825104
 440.2041827668311 0.017672863547765874
 445.6732883911245 0.018286494465959465
 451.2029440038775 0.018828511169945712
 456.7931496050901 0.019292437906312243
 462.4444818613191 0.01967225224468361
 468.15809410567794 0.019960882345683984
 473.9345630047234 0.020152133922144804
 479.7738885584555 0.020195819120359136
 485.6772240999877 0.020170082396875992
 491.6451462958768 0.020144064095486222
 497.6782318126796 0.019962686842011512
 503.77763398350964 0.01970417498230234
 509.94277614181004 0.019380226280515683
 516.175388287251 0.019005640042302856
 522.4760470863896 0.01858545762579524
 528.8447525392256 0.018106161885274293
 535.2832346454294 0.017542867415818182
 541.790916738444 0.01687885133357568
 548.3695288179399 0.016110804380377336
 555.0196475504739 0.015244154253838233
 561.7412729360459 0.014284800919453706
 568.5355583077692 0.013239705930547319
 575.403080332201 0.0121208519005276
 582.3467223421247 0.010944107842092661
 589.3589876723028 9.721225647523285E-3
 596.4519863204268 8.462647985105596E-3
 603.6199516209296 7.1953584011606244E-3
 610.8686502393782 5.9768443461827485E-3
 618.1865488446381 4.879721810630736E-3
 625.5909474334114 3.978816700938224E-3
 633.0703126745635 3.3390637531741985E-3
 640.6304112336617 2.9817418153710046E-3
 648.2712431107059 2.843624976328347E-3
 655.9928083056963 4.526662462577611E-4
 663.7951068186328 1.5560245144560335E-3
 671.683905315083 1.9811854882760397E-3
 679.659203795047 1.989579497332978E-3
 687.7094689273895 1.7344726153379012E-3
 695.8520007088133 1.4764418722311325E-3
 704.0810324737507 9.029119098827832E-4
 712.396564222202 2.9597833887442213E-4
 720.7928292885994 -3.499805133067281E-4
 729.2871276696454 -9.81830511417878E-4
 737.8621593686379 -1.496396881675383E-3
 746.5352243822789 -1.8324204176615075E-3
 755.294789379434 -2.031261839643025E-3
 764.14662102567 -2.202873838301104E-3
 773.0907193209874 -2.450761835829699E-3
 782.1270842653863 -2.806163713761029E-3
 791.261482524434 -3.241302204498538E-3
 800.4881474325629 -3.6960729657420786E-3
 809.8128456553407 -4.128146180828205E-3
 819.2355771927673 -4.5665613175405765E-3
 828.7505753792753 -5.077119635550231E-3
 838.3693735459998 -5.666361842018107E-3
 848.0804383618054 -6.313314574510618E-3
 857.9010698233952 -7.006319311760549E-3
 867.8139679340662 -7.686889804068912E-3
 877.8364326905212 -8.266953166281486E-3
 887.9569307616251 -8.696583646800204E-3
 898.1812288129455 -8.948385648961528E-3
 908.5150935100498 -8.982589886998868E-3
 918.946991521803 -8.71873287506342E-3
 929.4884561793403 -8.06871094263055E-3
 940.1394874826618 -7.053279518775356E-3
 950.8943187661996 -5.828730854594169E-3
 961.764483361089 -4.5859793759966275E-3
 972.7384479361948 -3.5353511396337233E-3
 983.8277458226522 -2.8807506445280416E-3
 995.0266103548937 -2.9009373555222E-3
 1006.3350415329191 -2.9213215678082675E-3
 1017.764572687864 -3.332302000287649E-3
 1029.3036704885926 -3.805686679047883E-3
 1040.958101600673 -4.296529166260374E-3
 1052.727866024105 -4.731468127201487E-3
 1064.618730424456 -4.950330053657066E-3
 1076.6249281361588 -4.7790907271314225E-3
 1088.752225824781 -4.179895102956516E-3
 1101.0006234903221 -3.4113964505649734E-3
 1113.3701211327822 -3.2137169764791173E-3
 1125.8607187521618 -3.4262705092215697E-3
 1138.4724163484604 -3.6408848102870094E-3
 1151.2052139216784 -4.644599795782514E-3
 1164.070644802951 -5.717938369830149E-3
 1177.057175661142 -6.801380085991172E-3
 1190.1705731618203 -7.2482760848023115E-3
 1203.4108373049855 -7.037302926431169E-3
 1216.7779680906371 -6.311982955004728E-3
 1230.2777321843434 -5.3223736232539025E-3
 1243.910129586104 -4.20024308257963E-3
 1257.6693936303511 -3.1530459603249113E-3
 1271.5612909826527 -2.28739179126392E-3
 1285.5915883085763 -1.3638714101621852E-3
 1299.7487522769865 -9.217602698357302E-5
 1314.0500828845863 1.5392526883819556E-3
 1328.478280134673 3.6762462399512582E-3
 1343.0506440239491 6.448193130886163E-3
 1357.7556412212795 9.949726168985781E-3
 1372.5990383922321 0.013554766794404307
 1387.586602202374 0.01648441360595539
 1402.7125659861378 0.018360861771864116
 1417.9826964090912 0.018476694050124687
 1433.3912268056665 0.01787865154471465
 1448.949690506999 0.017274789763428617
 1464.6465541819534 0.015311407771071105
 1480.4933511616645 0.012966534821707197
 1496.4843147805656 0.01065354469047071
 1512.619445038656 8.522125320751556E-3
 1528.9045086015034 6.277274919455025E-3
 1545.345272134676 3.9983499846378365E-3
 1561.9302023070376 2.2324158857143427E-3
 1578.6650657841562 1.414950699738807E-3
 1595.5498625660325 1.3753329050587273E-3
 1612.590359318233 1.3053558614622706E-3
 1629.7865560407581 1.2347394337111254E-3
 1647.1326860680405 1.132883160129363E-3
 1664.6402827312151 1.0595036859601162E-3
 1682.297812699147 9.85495797321699E-4
 1700.1168093029712 3.04190847267369E-4
 1718.0915058771197 -1.1036618218497008E-3
 1736.2219024215928 -3.252970468828036E-3
 1754.5195322675263 -5.226132871876851E-3
 1772.972862083784 -6.6223908300186654E-3
 1791.5876585359342 -7.394951121500631E-3
 1810.3639216239764 -7.205351806019119E-3
 1829.3016513479112 -6.0556944079810685E-3
 1848.4066143733057 -4.415010757750191E-3
 1867.6730440345922 -2.6260473749304793E-3
 1887.1067069973387 -6.316440473660669E-4
 1906.7076032615455 1.1635243467567263E-3
 1926.4699661616436 1.3689100540343233E-3
 1946.4053290287702 1.391618211602297E-3
 1966.507925197356 9.842976082047537E-4
 1986.7777546674017 5.735885086802657E-4
 2007.220584104475 2.1188457448587717E-3
 2027.8306468430075 3.3068648268037266E-3
 2048.6079428830007 3.5268588653320867E-3
 2069.564005555588 3.7487457196235234E-3
 2090.6930681952035 3.859283264682462E-3
 2111.9893641362787 5.106398417301287E-3
 2133.464426709949 7.890548223108626E-3
 2155.1124892506463 0.011457726902523328
 2176.933551758371 0.015155278580947751
 2198.933380898691 0.018065014362155178
 2221.1062100060385 0.01842114505106984
 2243.4578057459807 0.018069002412826
 2265.9824014529503 0.01771413421236666
 2288.6915304580825 0.01700054962414324
 2311.5736594302425 0.017287516638539536
 2334.640321700565 0.017645348869229953
 2357.8857506034823 0.017683668874481524
 2381.3041794734267 0.018379378326418106
 2404.9071416415345 0.01979313658358937
 2428.6946371078042 0.021780239549605243
 2452.660899206669 0.025474309436465565
 2476.8059279381286 0.03124435390262295
 2501.1354899677512 0.040556661872805113
 2525.6495852955363 0.05406852739287885
 2550.3424472559163 0.07544313619546135
 2575.2198425144592 0.09555456238549301
 2600.2817710711642 0.11363082289815078
 2625.5224662604646 0.13183602130217841
 2650.9534614134945 0.11935145312864927
 2676.5632231991203 0.10677912495208604
 2702.3632849484756 0.07534929832682055
 2728.3421133304264 0.042536354022069795
 2754.505475010539 0.02565420357934787
 2780.8591366543823 0.016770186418620117
 2807.391564930821 0.011647342456441983
 2834.114293170989 8.398408727767417E-3
 2861.02155470932 6.210211121296109E-3
 2888.1133495458134 4.678222833090438E-3
 2915.3896776804695 3.575696483957969E-3
 2942.8505391132885 2.765313827662715E-3
 2970.4959338442695 2.159503949738642E-3
 2998.3316285389814 1.70026741530028E-3
 3026.346089866288 1.3480394075687273E-3
 3054.5508511573243 1.075175272850765E-3
 3082.9343790809557 8.619684497904321E-4
 3111.508206968318 6.941294520025573E-4
 3140.2608014882744 5.611425382338757E-4
 3169.203695971961 4.5516875180588722E-4
 3198.325357088243 3.702973286625583E-4
 3227.6373181682556 2.2381109086008988E-4
 3257.1280458808623 2.1304943057730453E-4
 3286.803306891632 2.0222043100452124E-4
 3316.6573345349966 1.6591110287008897E-4
 3346.7016621420916 1.3632140917586626E-4
 3376.918989716214 1.1215110442972628E-4
 3407.326617254066 9.236682862000467E-5
 3437.9072447589455 7.614333083905718E-5
 3468.6724055619883 6.281866405217396E-5
 3499.6220996631936 5.1859767730054753E-5
 3530.744793731426 4.28358232798632E-5
 3562.046254432253 3.539753447603378E-5
 3593.5264817656757 2.9260877520902375E-5
 3625.185475731693 2.4194307186042173E-5
 3657.0232363303052 2.0008621997681657E-5
 3689.0339968959447 1.6548899146256905E-5
 3721.2235240941795 1.3688051886475031E-5
 3753.5802845938742 1.1321658948287204E-5
 3786.1158117261643 9.363795994753707E-6
 3818.8243388254813 7.743672235750662E-6
 3851.705865891826 6.402901152647194E-6
 3884.7546262596297 5.293279012444112E-6
 3917.9763865944614 4.374978206321414E-6
 3951.3653802307535 3.6150684692957946E-6
 3984.921607168504 2.986306846012864E-6
 4018.645067407716 2.46614471031584E-6
 4052.535760948387 2.0359119190994217E-6
 4086.593687790518 1.68014521761361E-6
 4120.813081268541 1.3860346440774357E-6
 4155.188174716889 1.1429670942749303E-6
 4189.730501466696 9.421486425712377E-7
 4224.434294852396 7.762929668999306E-7
 4259.293788208421 6.39363164378451E-7
 4294.30898153477 5.263577693026562E-7
 4329.479874831444 4.3313405188664004E-7
 4364.81223476401 3.562611077686961E-7
 4400.288761335766 2.9289823211711535E-7
 4435.9209878778465 2.4069399774334204E-7
 4471.703147724684 1.977025594905317E-7
 4507.629474210711 1.623142484467952E-7
 4543.705734001495 1.3319792549334085E-7
 4579.926160431469 1.0925323353325809E-7
 4616.296520166199 8.957092157676431E-8
 4652.7995132089845 7.339996190599029E-8
 4689.446672890959 6.012030197745387E-8
 4726.232232546556 4.922024833872895E-8
 4763.156192175774 4.02777105569436E-8
 4800.212785113047 3.29446840388867E-8
 4837.402011358374 2.6934381069572097E-8
 4874.7238709117555 2.20105777208711E-8
 4912.172597107624 7.4328556934019555E-9
 4949.748189945979 9.70238528392879E-9
 4987.450649426821 9.737296893872547E-9
 5025.279975550149 8.854169656715245E-9
 5063.224634984829 7.96834995846905E-9
 5101.296161061997 6.494648051865199E-9
 5139.477253784948 5.291299952917294E-9
 5177.7794464848175 4.30915001790878E-9
 5216.1912058304715 3.507892889666875E-9
 5254.71253182191 2.8544971512769037E-9
 5293.343424459133 2.3219059128100724E-9
 5332.078117076571 1.8879674425774395E-9
 5370.922376339794 1.5345551791570704E-9
 5409.864668917666 1.2468430234763684E-9
 5448.910761475754 1.012711012012638E-9
 5488.049120682923 8.222555249327555E-10
 5527.285513204742 6.673883996761972E-10
 5566.614172375641 5.415068102939363E-10
 5606.029331530054 4.3922322900476805E-10
 5645.536757333548 3.561436700380739E-10
 5685.124916454989 2.886860897784379E-10
 5724.799575559943 2.3393163591539956E-10
 5764.554967982845 1.8950289976097438E-10
 5804.3795603925555 1.5346427313973335E-10
 5844.284886120214 1.2424052615856182E-10
 5884.247878503546 1.0055022961437243E-10
 5924.326204198232 8.135135622967575E-11
 5964.462196548592 6.579687867601702E-11
 6004.598188898954 5.3198556505943975E-11
 6044.849514560666 4.2997350397133543E-11
 6085.158506878053 3.4739332430890055E-11
 6125.525165851118 2.805604637902222E-11
 6165.949491479858 2.2648504047436995E-11
 6206.373817108597 1.8274157989941527E-11
 6246.9134760486895 1.473629780878873E-11
 6287.45313498878 1.1875420778538759E-11
 6328.108127240223 9.562214134807029E-12
 6368.705452835991 7.69184658700685E-12
 6409.418111743109 6.179328996857635E-12
 6450.130770650228 4.955739550690522E-12
 6490.901096213024 3.965157874855599E-12
 6531.671421775818 3.1621672934486662E-12
 6572.441747338612 2.509823467484795E-12
 6613.269739557084 1.977995570883999E-12
 6654.1553984312295 1.5420112605517977E-12
 6695.041057305376 1.18154292257166E-12
 6735.869049523846 8.796872234596108E-13
 6776.812375053669 6.221950225807645E-13
 6817.698033927815 3.968192568117029E-13
