 1.0368642399385941 1.022306843597115
 1.4599320375760218 1.4488562842844838
 1.8879680221493617 1.8778966099778133
 2.3210447219350496 2.310025147622425
 2.7592139428448265 2.745192056101597
 3.202532671381606 3.183009604881651
 3.6510630746394783 3.6229364238479586
 4.104867319712531 4.064319709627911
 4.5640127542860264 4.5065166117833994
 5.028546003680532 4.948812982651844
 5.4985240543989615 5.390070629227288
 5.9740505182647964 5.8294338476980724
 6.455172020598601 6.26631796562196
 6.94194036731212 6.699826066912517
 7.43440736431709 7.128396977087463
 7.9327284293487334 7.551917955277986
 8.436851756495312 7.970114812764096
 8.946880957580303 8.38115489333127
 9.46291964442719 8.784877598743597
 9.985019622947712 9.180845574086034
 10.513284504965354 9.569159866571555
 11.04771429048011 9.949610430420927
 11.588412591315464 10.321031377005935
 12.135483019294895 10.683691923011422
 12.688977380330147 11.037913340043822
 13.248947480332959 11.38295453954061
 13.81549693112681 11.717965928712566
 14.388729344535184 12.043580730804889
 14.968644720558078 12.358704480118815
 15.555398476930716 12.662508213199414
 16.148990613653097 12.953419739463751
 16.74962835437218 13.230714911871328
 17.35725989317623 13.494115372739923
 17.971988841888727 13.739743993424481
 18.59397061824489 13.96643315096168
 19.223257028156456 14.173491600080757
 19.859899877535173 14.357797997715686
 20.504054584116257 14.517835967908878
 21.155721147899715 14.652032267115857
 21.815003180709016 14.75651617648307
 22.482056100279397 14.829866693233525
 23.156931712522585 14.871444798538292
 23.839681823350325 14.878646038479568
 24.53046185049784 14.850342739155844
 25.229323599876867 14.786256315019646
 25.93637068331089 14.685221881496165
 26.65170671262339 14.546799521510305
 27.37543529963785 14.371221254401402
 28.107608250266004 14.157932126260272
 28.84838098224308 13.907325104975621
 29.59780530148081 13.620349145488026
 30.356036625714427 13.298444946336437
 31.123126760855662 12.943884786717373
 31.899179318728005 12.55824472531719
 32.68429791115493 12.143409259539913
 33.478637955871654 11.701946050203004
 34.282303064701665 11.237392635502761
 35.095345043556704 10.752780592173114
 35.91786750426025 10.250878332256761
 36.750025864547524 9.735415103619543
 37.591923736242016 9.210415996824876
 38.44366473116718 8.679548836316584
 39.30535246114653 8.146322845369083
 40.17714234391527 7.6148850595328925
 41.05908618538515 7.089107837944255
 41.95133940329138 6.572341508099442
 42.85405741536918 6.068461179214049
 43.7672920275303 5.580417073759123
 44.69119865750996 5.110658677747308
 45.62588091713164 4.661644930366879
 46.57149422413056 4.235508150700532
 47.52814219033019 3.8338992377275977
 48.49598023346578 3.458003620007844
 49.47506015944905 3.1081712659420093
 50.46558919192696 2.7841219186944874
 51.467722748634734 2.485730246630679
 52.48146082957238 2.2122374417652537
 53.507217882033813 1.9632054384953154
 54.54489029419557 1.737943833381099
 55.59447806605761 1.5347118338125662
 56.65649925673738 1.352838857391872
 57.730435807117466 1.1905683235461985
 58.81732383543267 1.0460840740455203
 59.91664528256558 0.9178212268601567
 61.028918207633616 0.8040829994402597
 62.15414261063676 0.7036973665058704
 63.29283655069244 0.6156044328694122
 64.44448196868323 0.5386287496953484
 65.60907886460915 0.47123009177798874
 66.78766335670498 0.412384284643389
 67.98023544497076 0.3612159948953039
 69.18627707028905 0.3164872684534881
 70.40630629177728 0.2771341607147452
 71.64084116855282 0.24256216455970433
 72.8893636414983 0.21218410328105355
 74.15290982884854 0.18562677165328822
 75.4309616714861 0.16262039360646382
 76.72351916941099 0.14267800557974413
 78.03110038174061 0.12528528079899767
 79.3542233675924 0.1100475031375196
 80.6923700678489 0.09668711606072429
 82.04657660074494 0.08509075844596015
 83.41632490716316 0.07513316093027053
 84.8016149871035 0.06654455634548578
 86.2029648996834 0.05906639126679275
 87.62089270402024 0.05248384477827022
 89.05539840011403 0.04662818562212104
 90.50596392884738 0.04136042926233527
 91.97414346757249 0.03664635176531175
 93.45838283893713 0.03245639107680305
 94.96075427941095 0.028777373155922776
 96.47970361164172 0.025594321431019442
 98.01678501298166 0.022858221961449903
 99.57148042431336 0.020485990666568015
 101.14430790475424 0.018325035404274155
 102.73526745430426 0.01627709430997265
 104.34435907296347 0.014370021744821286
 105.97261887896666 0.012694353806671319
 107.619010754079 0.01126566764443328
 109.28508887565272 0.010035196875146354
 110.96981712545302 8.950740411116353E-3
 112.6747496808321 7.984749068978399E-3
 114.39885042355516 7.127443901137552E-3
 116.1426374127396 6.365104437527014E-3
 117.90714676662023 5.689572830807766E-3
 119.69186042607966 5.091022161479373E-3
 121.49677839111786 4.556585892979587E-3
 123.32293677996967 4.078179807058305E-3
 125.16981753351764 3.648280988966458E-3
 127.03845676999663 3.2605385204583074E-3
 128.92833643028922 2.9100414253336137E-3
 130.8399745735128 2.5919627574184102E-3
 132.7733711996674 2.302759718746675E-3
 134.7295624269878 2.040793880516151E-3
 136.70751213723917 1.8042507734194372E-3
 138.7087745077738 1.5917348178926418E-3
 140.73334953859162 1.4031105744642588E-3
 142.78071917057525 1.2366315694298467E-3
 144.8514014628421 1.0898740888605916E-3
 146.94643253362696 9.607510992778889E-4
 149.06529432381245 8.467454720152091E-4
 151.208504892516 7.453380550097531E-4
 153.37606423973753 6.545706751121083E-4
 155.56900848371188 5.731775031224083E-4
 157.7868195653217 5.002354417354635E-4
 160.03001554368432 4.349149765597123E-4
 162.2985964187998 3.7654913875465447E-4
 164.5935983089029 3.2458880973160615E-4
 166.91502121399366 2.7855970754524467E-4
 169.26234707495464 2.3772072175370565E-4
 171.63713006913812 2.014442738787496E-4
 174.03885213742663 1.6924035226378926E-4
 176.46803133893752 1.4074650829452015E-4
 178.92518573278834 1.1586557450463344E-4
 181.41031531897903 9.455789739081245E-5
 183.92342009750953 7.668444727394579E-5
 186.4655361866147 6.199107334270933E-5
 189.03718164541197 5.012674758677871E-5
 191.6373203556665 4.0637270253589205E-5
 194.2675064947305 3.308425486867942E-5
 196.92774006260395 2.7095575654978536E-5
 199.61802105928691 2.235225848088243E-5
 202.33886754389672 1.8610653196394162E-5
 205.09079757555085 1.5692101946209285E-5
 207.87432921336665 1.3463222897855217E-5
 210.68894439822673 1.180709014591017E-5
 213.53567924836593 1.0610179713845573E-5
 216.4150518229016 9.758504148679033E-6
 219.32706212183381 9.129614697774209E-6
 222.27171014516247 8.588281917804295E-6
 225.2505500702399 7.996747329764623E-6
 228.2625457788312 7.232692418622217E-6
 231.3087333891712 6.229838000909434E-6
 234.38911290125994 5.016920053759206E-6
 237.50472043333223 3.7159467365293515E-6
 240.65555598538801 2.496642193800871E-6
 243.84213761654473 1.504908576322989E-6
 247.06498338591975 8.084991412412385E-7
 250.32357523439574 3.869398235577277E-7
 253.61946733932487 1.665501979188709E-7
 256.9521416415897 6.610881474698345E-8
 260.3226342594251 2.540285220064759E-8
 263.7309451928311 1.0201918597890443E-8
 267.177592500925 4.653578323879236E-9
 270.6630942428243 2.500319731493747E-9
 274.1879684776463 1.5343224831505924E-9
 277.75221520539105 1.0197074214081102E-9
 281.35687054429342 7.018449693741917E-10
 285.00193449435334 4.884024408174705E-10
 288.6874070555709 3.3952814443771826E-10
 292.41484240529814 2.336619885940867E-10
 296.18372248441784 1.582553428057841E-10
 299.99508341116467 1.0484356765275081E-10
 303.84892518553874 6.908170499282337E-11
 307.7457658666574 4.2967209620466916E-11
 311.68612351363805 2.766629144887892E-11
 315.6705161855981 1.6514349474208317E-11
 319.69946194165493 1.0372880937824765E-11
 323.77347884092603 5.615785320415872E-12
 327.89308494252873 3.655959932225329E-12
 332.058280246463 1.9716442012370937E-12
 336.26958281184636 1.128386547898662E-12
 340.52802875691355 2.8252728597892916E-13
 344.834136140782 2.829554639018213E-13
 349.18738690433423 5.667624599420697E-13
 353.5893352249225 0.0E+0
 358.0404991616643 2.84225761798678E-13
 362.54036065544204 -5.692892887532944E-13
 367.09047388360806 2.850613487563481E-13
 371.6908388461624 0.0E+0
 376.3419736022224 0.0E+0
 381.04439621090546 -2.8629896765150723E-13
 385.79862473132897 5.734150654979928E-13
 390.60569528172783 -2.871142049963831E-13
 395.46560786210193 -2.8751904064636964E-13
 400.3788805315687 2.879220956977866E-13
 405.34654940836304 -2.8832342590290003E-13
 410.3686144924848 2.887230867755943E-13
 415.44559384305154 0.0E+0
 420.57852357829796 -2.8951762143178472E-13
 425.76792175734146 2.8991260511889424E-13
 431.0137883801821 0.0E+0
 436.31715956505473 0.0E+0
 441.67855337107664 0.0E+0
 447.0984878573653 2.914785881626454E-13
 452.57799914215553 -2.918668667606899E-13
 458.1165691663299 0.0E+0
 463.7157521072406 0.0E+0
 469.376066024005 0.0E+0
 475.09751091662326 0.0E+0
 480.8816409624475 0.0E+0
 486.72793810236026 -2.941736441881269E-13
 492.6379565137138 2.9455478772823917E-13
 498.6122142556256 2.949351238849302E-13
 504.65071132809555 -2.9531470526793806E-13
 510.75448384935845 0.0E+0
 516.9240498785318 2.9607181363691204E-13
 523.1619997112026 -2.9644944534933765E-13
 529.4615985788446 -2.968265317552393E-13
 535.8337257229232 0.0E+0
 542.2732005522645 2.9757927722033104E-13
 548.7852036580423 0.0E+0
 555.3593738579088 0.0E+0
 562.011252925386 0.0E+0
 568.7304796781258 0.0E+0
 575.5222347073022 0.0E+0
 582.3865180129154 0.0E+0
 589.3233295949652 -3.0020435785876245E-13
 596.3326694534518 0.0E+0
 603.4197181795489 6.019067405712354E-13
 610.5844757732568 -6.026559342775656E-13
 617.8165810522273 6.034053870049074E-13
 625.1315757899827 -6.04155202420611E-13
 632.5242793953486 0.0E+0
 639.9946918683254 6.056563362513717E-13
 647.5376326177388 0.0E+0
 655.168643417111 -6.071601663694522E-13
 662.8721824929199 6.079133524939722E-13
 670.6637916186875 -3.043337624331722E-13
 678.5331096120659 -3.0471139390335785E-13
 686.485317064229 6.101792457856869E-13
 694.5204139751769 -6.109370034399124E-13
 702.6384003449097 3.058480827924595E-13
 710.8444567646011 0.0E+0
 719.1334026430774 0.0E+0
 727.5104185715124 0.0E+0
 735.9755045499063 0.0E+0
 744.523479987085 0.0E+0
 753.1647060653964 0.0E+0
 761.8888216024927 -3.085292376750772E-13
 770.7113683718959 3.089163365836964E-13
 779.6168046000838 0.0E+0
 788.6206720605786 0.0E+0
 797.7126095710323 3.1008492329089924E-13
 806.8977977226187 -6.209541235798852E-13
 816.1814171065121 3.1087059533743704E-13
 825.5531065403643 -3.1126557836833954E-13
 835.0232272065234 0.0E+0
 844.5917791049895 3.12060111630588E-13
 854.2535816445884 -3.124597717647353E-13
 864.0189960076683 3.1286110120303763E-13
 873.8776610118808 0.0E+0
 883.8399378395745 0.0E+0
 893.9006458995751 0.0E+0
 904.0597851918825 -3.1448422589019013E-13
 914.327716898845 3.148947394371972E-13
 924.6940798381144 -3.1530725910198443E-13
 935.1640546008647 3.1572184194568683E-13
 945.7376411870958 3.1613854531496535E-13
 956.4200201879822 -6.3311485369937E-13
 967.2060110123494 3.169785444910265E-13
 978.1007942513717 0.0E+0
 989.1043699050489 0.0E+0
 1000.2167379733811 0.0E+0
 1011.4378984563683 3.1868654594170126E-13
 1022.7678513540104 -3.191197243425951E-13
 1034.2065966663078 0.0E+0
 1045.7644955756081 3.1999391301957E-13
 1057.4311868995632 -3.2043504421650337E-13
 1069.2118512293477 0.0E+0
 1081.1064885649611 0.0E+0
 1093.1150989064035 3.217753186424264E-13
 1105.2428628448492 -3.2222790971902785E-13
 1117.489780380298 -3.226835212632988E-13
 1129.8506709215755 6.462844325941842E-13
 1142.3307150598564 0.0E+0
 1154.9350933863142 -6.481382221228064E-13
 1167.6534447186013 0.0E+0
 1180.5013108302393 3.2500910687479422E-13
 1193.4631499477068 0.0E+0
 1206.5545038445252 0.0E+0
 1219.7650113383467 3.2644480485905775E-13
 1233.0998530203455 -3.269304896321921E-13
 1246.5642094816953 3.2741984534993314E-13
 1260.1529001312221 -3.279129397016157E-13
 1273.8711055601004 0.0E+0
 1287.7136451771557 -3.28910617659187E-13
 1301.6908801647364 3.2941533926726174E-13
 1315.7924493404941 3.2992407553259985E-13
 1330.028713886777 -3.304368968253898E-13
 1344.3944932124113 3.309538740807344E-13
 1358.8897873173964 0.0E+0
 1373.519776792907 -3.320005831038773E-13
 1388.2896422301171 3.3253045965586877E-13
 1403.189022446678 -6.661295635179257E-13
 1418.2230980337642 6.672072466446423E-13
 1433.391868991376 -3.341470588802529E-13
 1448.7005159106868 -3.3469516360254397E-13
 1464.1490387916967 6.704960266096807E-13
 1479.7322570432322 -3.3580568445911417E-13
 1495.4605318476408 0.0E+0
 1511.3235020225747 -3.36935800356618E-13
 1527.3315287503821 3.3750840142120814E-13
 1543.4794314398886 0.0E+0
 1559.7672100910942 0.0E+0
 1576.2052258863477 0.0E+0
 1592.7831176433 -3.398509496000378E-13
 1609.5060659531261 3.4045002765528944E-13
 1626.3740708158252 0.0E+0
 1643.3871322313975 0.0E+0
 1660.5504307910175 0.0E+0
 1677.8587859035108 3.4290259021944175E-13
 1695.3173781600512 -3.4353021749821832E-13
 1712.9262075606395 0.0E+0
 1730.6800935141006 0.0E+0
 1748.5893972027836 0.0E+0
 1766.6489380355135 -3.461012779499467E-13
 1784.858716012291 0.0E+0
 1803.2239117242902 0.0E+0
 1821.7393445803363 3.4809565368822953E-13
 1840.4050145804301 3.487735192552901E-13
 1859.2312829069192 -3.4945807716524436E-13
 1878.2129689686298 -3.5014942210812285E-13
 1897.3448921743877 0.0E+0
 1916.6374137065413 7.031057131217055E-13
 1936.0853529739163 -3.5226514019806766E-13
 1955.6887099765124 0.0E+0
 1975.4526653055042 0.0E+0
 1995.3720383697175 -3.5444544207457203E-13
 2015.4520097603265 3.5518702811588033E-13
 2035.6873988861564 -3.5593619363620654E-13
 2056.0885669295562 3.5669304226250995E-13
 2076.645152708177 -3.5745767868436255E-13
 2097.367517404368 3.582302086686786E-13
 2118.2504804269542 0.0E+0
 2139.2888611847615 0.0E+0
 2160.4930208601385 0.0E+0
 2181.8629594530852 0.0E+0
 2203.3934963724273 0.0E+0
 2225.0846316181646 0.0E+0
 2246.941545781472 0.0E+0
 2268.9642388623483 -3.6470767602260252E-13
 2291.1475302696203 3.6555619268201994E-13
 2313.496600594462 0.0E+0
 2336.011449836873 0.0E+0
 2358.6868974056797 0.0E+0
 2381.5333044832295 0.0E+0
 2404.5403098871756 -3.6993637394915484E-13
 2427.7182747998645 3.708407780048836E-13
 2451.0568380389495 0.0E+0
 2474.561180195604 -3.7267894682263223E-13
 2498.2364818610012 0.0E+0
 2522.072381852795 3.745571130786944E-13
 2546.0792413533313 0.0E+0
 2570.251879771438 0.0E+0
 2594.5902971071136 0.0E+0
 2619.094493360359 0.0E+0
 2643.7644685311743 3.7943439335000086E-13
 2668.6002226195587 0.0E+0
 2693.606936216687 0.0E+0
 2718.7742481402106 -3.8249088081521275E-13
 2744.1125195724775 -3.8353223298351127E-13
 2769.61138933114 0.0E+0
 2795.2812185985462 7.71299167541677E-13
 2821.1116461923475 0.0E+0
 2847.113033294893 -3.878141087914137E-13
 2873.2750187238334 -3.8891443486884766E-13
 2899.607963661518 0.0E+0
 2926.1015069255972 7.823039503612219E-13
