 1.4033604274688835 1.3782053836202807
 1.9759682795594728 1.9410877347719441
 2.5553004034240984 2.488945342170049
 3.1414549636142052 3.012553092896945
 3.7345020776665416 3.501721872680063
 4.334518874871527 3.947010565804549
 4.94158949627326 4.340956309118107
 5.555798082915837 4.678665839815763
 6.177235787597028 4.958082719035769
 6.805965716099905 5.179677076912935
 7.4420649977148904 5.345654063447112
 8.085673867515478 5.460169150890691
 8.73685543128474 5.528652594657282
 9.395679806559425 5.556719226200764
 10.062217110876276 5.549579033126985
 10.736677696845538 5.513433656337291
 11.418991446930463 5.453797351105376
 12.109298596204543 5.374609761575706
 12.807739379741275 5.280455787917613
 13.514383915077403 5.175107423676508
 14.229372437286422 5.062045502329947
 14.952704946368335 4.94395621254317
 15.684521677396631 4.822598740427676
 16.424962865444804 4.700036617167034
 17.17409862804961 4.577920745727729
 17.931999082747783 4.457173067041275
 18.698804464612827 4.338520816294989
 19.47465500871823 4.223082037147854
 20.259550715063994 4.111172139690423
 21.053701936260363 4.00312983954642
 21.857108672307333 3.899015947685574
 22.670051393351894 3.799160557371338
 23.492459981857294 3.7039788727899827
 24.324474672897036 3.6128732321273826
 25.166305819081355 3.5260174403948925
 26.018023537946994 3.443631595155308
 26.879697947030713 3.3653371387725696
 27.75153939894274 3.2911900131711426
 28.633547893683083 3.221217464001614
 29.52586366632523 3.154894486736183
 30.42869706947943 3.0922063851130943
 31.34211822068242 3.033274797751876
 32.26619723747095 2.977759101976459
 33.20114447245527 2.9255815664460813
 34.147030043172115 2.8767450168112373
 35.10399418469498 2.8309647353045845
 36.072177132097365 2.788055148906065
 37.051719120452766 2.7479857554418085
 38.04269026729793 2.710666574653149
 39.04530092524309 2.676137917319511
 40.05962121182499 2.6442799741512792
 41.08586147965388 2.6147775529693495
 42.12409184626651 2.5873667512831413
 43.17445254673637 2.5618474377065982
 44.237083816136944 2.538351772667649
 45.312196007078483 2.517169511100222
 46.39992935463449 2.498495188445382
 47.500353976341685 2.4820970570396654
 48.61361010727359 2.467563534828728
 49.73990810004043 2.454653475067304
 50.879388189715704 2.443207985424397
 52.032190611372904 2.4330799568465133
 53.19845560008553 2.4242268674183296
 54.378393508463815 2.416850286262177
 55.57207445404452 2.4111372426690413
 56.77970878943786 2.407157634615015
 58.00150686725409 2.405179041750054
 59.23753880502998 2.4052044400315186
 60.488014955375724 2.4070947838502543
 61.75307555336486 2.4108633052167927
 63.032930951607603 2.4166217228750586
 64.32772138517745 2.424399010547375
 65.63765720668465 2.4340322299947323
 66.96280853366595 2.445164440734066
 68.30345583626831 2.4573728192341652
 69.65980946710202 2.470393405790371
 71.03186942616705 2.48319709782839
 72.42019665375739 2.4953447940264803
 73.82465091479952 2.507258358116354
 75.24523220929346 2.5185202663126515
 76.68264171260668 2.530064416066411
 78.13617824937171 2.5414729404423206
 79.60724417032348 2.55288403976357
 81.09513830009453 2.5649536171749853
 82.60056181405234 2.5768311953878004
 84.12351471219688 2.5884103644299196
 85.66469816989564 2.600603702119412
 87.22341101178114 2.614436935433077
 88.79965323785339 2.6284427997782646
 90.39482719884734 2.642730648482006
 92.00893289476296 2.658907080183673
 93.6412691502328 2.676243936781417
 95.29253714062433 2.693520866928339
 96.96343804130501 2.7117385611411664
 98.65327067690738 2.73017630153657
 100.36343739816638 2.7486974071380414
 102.09323702971454 2.768291714979203
 103.84266957155185 2.7876972023246402
 105.61243619904577 2.8063215871576177
 107.40323808756382 2.825379640311967
 109.21437406173847 2.844706147845738
 111.04724647230469 2.8649055607209263
 112.90115414389501 2.88744211615792
 114.77609707650943 2.910776243932354
 116.67277644551541 2.9338720815360117
 118.59189342628042 2.9575743338904052
 120.53344801880448 2.9833333005981876
 122.49673904772011 3.009251210369502
 124.4838700391297 3.0354677015427693
 126.49273746693085 3.0603928277500287
 128.52614603259343 3.08326740926275
 130.58199221001507 3.104716708758812
 132.66237952529817 3.124203141096229
 134.76660680307523 3.1434813792387186
 136.89537521871375 3.1628902018372686
 139.04868477221367 3.1839056173168414
 141.2265354635751 3.2060159488265056
 143.43032964353287 3.229586574136019
 145.6586649613521 3.2528671690248063
 147.91364494313518 3.275251002343716
 150.19386723814716 3.2969605285661716
 152.50143537249047 3.318668845385678
 154.83494699543021 3.342144070889935
 157.19510328233374 3.364968759812049
 159.58330658393612 3.3868566603015914
 161.9988557248698 3.4085980764551835
 164.4417507051348 3.4299778720149722
 166.91339387546608 3.4525685278135154
 169.41308406049614 3.4761156434007394
 171.94222361095992 3.499599043327013
 174.50011135149 3.5231436136474885
 177.08744845745377 3.5464316065197065
 179.70423492885132 3.5690389306561516
 182.35187311641752 3.5914911749482514
 185.02896066941747 3.612218003721312
 187.73760111395353 3.6292742270163333
 190.47779445002575 3.645180803037611
 193.2488395022667 3.6619638820428743
 196.0514374460437 3.6804446847860097
 198.88699063209185 3.701446836982696
 201.7547978850436 3.723615314228069
 204.65556038026642 3.744175990427072
 207.58927811776032 3.7610153988418244
 210.55735344826024 3.7746310848012827
 213.55908519639874 3.786060474013204
 216.59517453754324 3.794490655775844
 219.66562147169378 3.7993472683169584
 222.77182834958526 3.801517558608158
 225.91379517121774 3.8031887171013827
 229.09082076122368 3.803415421388172
 232.30500864570555 3.8028076030166997
 235.55565764929585 3.802623329489529
 238.843468947362 3.8012334347352827
 242.1691437152716 3.7978482474593295
 245.53268195302453 3.792240899840367
 248.93408366062084 3.784296806888135
 252.37475118879544 3.7753019162893157
 255.85538571291584 3.7681565691912672
 259.3745848822471 3.7631409469994325
 262.9344522228916 3.7604615061615556
 266.5349877348493 3.76022378422098
 270.17619141812036 3.7587592294338962
 273.85876444807206 3.7522076791934146
 277.583408000072 3.7380420633630806
 281.3508232494875 3.7175305079380236
 285.16030902095133 3.6939073253247753
 289.0132676651982 3.668723756687368
 292.91040035759573 3.6417640720407513
 296.85170709814383 3.6108605289855457
 300.8371878868425 3.572489146052834
 304.86894624979424 3.526447359777566
 308.945579836264 3.47504984183333
 313.06849099698683 3.4211581361319036
 317.2376797319626 3.3679362328661035
 321.4545483919264 3.3161990007243913
 325.7190969768781 3.262493622176369
 330.0320266621853 3.2007646765853947
 334.39403862321523 3.1287468020791964
 338.80443168460072 3.047030814568342
 343.26530937244393 2.960331026585126
 347.7759705113776 2.8762695044302004
 352.3378174521365 2.797220717875587
 356.9508501947208 2.7186145988713694
 361.6157699144978 2.636823661309418
 366.333277786835 2.5526928746704085
 371.1040749871 2.4665317197659084
 375.92816151529262 2.3760182155238864
 380.80693972214794 2.279150143962307
 385.74040960766586 2.1771709154164944
 390.7285711718465 2.0721184383088986
 395.7735279407922 1.9661223109752725
 400.8745787391355 1.8618127003693414
 406.03312591761124 1.760304266175578
 411.24916947621954 1.6604407262393743
 416.52341059032784 1.56207832566313
 421.85655043530363 1.4682124409572747
 427.2492901865144 1.3815916262664642
 432.7023310193275 1.3018328737755442
 438.2163741091105 1.2264186112928974
 443.7921206312309 1.151018774711298
 449.42957058568856 1.0699538235163474
 455.129425147851 0.9823271906253233
 460.89308666845334 0.8936107129092994
 466.72125632286287 0.8089103538539125
 472.6132329357121 0.729509286276514
 478.5711200331035 0.6543280741695722
 484.5956187904046 0.5821471378279268
 490.68602803224786 0.5143131858417934
 496.84445128473566 0.4549081425068237
 503.07088854786803 0.40596744376127713
 509.3660409970125 0.3655708310361319
 515.7306098075364 0.3313484760420024
 522.1652961548074 0.3023435592633333
 528.6715023895603 0.2781332240585325
 535.2492285117951 0.2578011754625285
 541.8991756968792 0.23911271891389196
 548.6227462955477 0.21941447176702633
 555.4199403078005 0.19752426862364763
 562.2914589090053 0.17356659699984
 569.2387044498967 0.14886693137861503
 576.2623781058422 0.1264455706680191
 583.3624798768421 0.10920069588163572
 590.5404121136312 0.09790043238886355
 597.7968759915767 0.09146539614249416
 605.1325726860464 0.08778937830658738
 612.5489045477752 0.08460576704232925
 620.0451704013956 0.08052707761019504
 627.6234737730098 0.07501297854196154
 635.2845158379855 0.06800583925767413
 643.0282965963227 0.06019713789023855
 650.8569195741237 0.05267558993077782
 658.7696835960211 0.04519186063900074
 666.7686921881173 0.03593537945454854
 674.8546465257798 0.024566940970463864
 683.0275466090086 0.013736319079717497
 691.2887947885384 6.1578492332236955E-3
 699.6390922397371 2.0217695659348997E-3
 708.0819448394417 5.984351003952493E-4
 716.6082373078752 2.057013870458199E-3
 725.2326943277545 7.122457568676415E-3
 733.948304145405 0.017261514500037353
 742.7620785145011 0.03385751044813661
 751.6599939276937 0.05417595919536191
 760.6630856460067 0.07083124060393056
 769.7573301620909 0.0784465637406102
 778.9497392296207 0.07630193939118003
 788.2403128485965 0.06422291262661443
 797.6290510190179 0.04355228727219679
 807.1159537408852 0.021515238982214645
 816.708032767873 6.285411617833372E-3
 826.4052880999812 2.117484799225276E-3
 836.1936962298604 9.99570464506888E-3
 846.0942924185349 0.023788223809170984
 856.1000649123298 0.03074481774907395
 866.2110137112453 0.02383083820201002
 876.4201270616065 8.678869249691265E-3
 886.7484402244376 -4.871860143629294E-3
 897.1749179387145 -0.011351831409006925
 907.7205954654611 -0.0107369068314498
 918.3714492973285 -7.93255136005965E-3
 929.1344911879908 -8.415664219130495E-3
 940.0097211374483 -0.014135537130269975
 950.9971391457012 -0.025170210523347332
 962.1037569664238 -0.039633534291644366
 973.3225628459415 -0.04813578032692621
 984.6605685379293 -0.03588576071457439
 996.1177740423869 -2.5859573559038133E-4
 1007.6871676056397 0.03647061358215
 1019.3827727350371 0.0480671473633932
 1031.1905659232295 0.035321327436178655
 1043.1315824312414 0.018578596137376904
 1055.1847869980483 0.013328623746696943
 1067.3712148846743 0.022633196767053435
 1079.6768425837706 0.03733240127417309
 1092.1086818490111 0.04563167224531489
 1104.673744434071 0.039062569514255914
 1117.358006831601 5.4059190528751E-3
 1130.1754925489501 -0.049240182708398694
 1143.1262015861186 -0.0913290028654989
 1156.2031221894314 -0.10151513743775076
 1169.4202778662383 -0.08526232793985969
 1182.7636451091898 -0.06007402297488516
 1196.2472474256353 -0.04611256565707462
 1209.8640730619001 -0.0367032854774089
 1223.614122017984 4.6577943897885943E-5
 1237.5114178012368 0.07010748610984145
 1251.5419369043088 0.1352706685832406
 1265.7126910808747 0.17495989841842746
 1280.0236803309346 0.21278235696182362
 1294.4819164081632 0.2533086608473
 1309.0803875588858 0.2684384985372376
 1323.826105536777 0.24898467591565573
 1338.719070341837 0.20030439164014482
 1353.7592819740655 0.13394659390934532
 1368.9467404334627 0.07118956345181657
 1384.2814457200286 9.75793389220574E-3
 1399.7633978337632 -0.04932509779742479
 1415.406620282016 -0.08441535257169329
 1431.1970895574372 -0.08982162250140192
 1447.1418174137018 -0.07822922188443739
 1463.2408038508101 -0.053925737393724096
 1479.4940488687614 -0.01758958990354136
 1495.908564221231 0.023588875553352203
 1512.4843499082185 0.08149825468132949
 1529.2143941760496 0.15452112237941983
 1546.1057087783985 0.19454666485600236
 1563.1653054689402 0.1815489287566204
 1580.3791607403254 0.16913759722538632
 1597.7683098535778 0.20363299282800617
 1615.3117175476738 0.26289892760258626
 1633.0304190836372 0.3113036500406857
 1650.9103909541188 0.3456855206280442
 1668.9586449127932 0.3613014966459301
 1687.182192713335 0.34016406380083835
 1705.5740226020693 0.2854503910875503
 1724.1411463326714 0.24476118387264797
 1742.8765521514662 0.22789390380328197
 1761.7942635658032 0.18748499107702737
 1780.880257068333 0.13344896983140855
 1800.1485561664046 0.08141366525169076
 1819.592149106344 -2.4161165544640027E-3
 1839.2110358881507 -0.10536661266932153
 1859.0122282654995 -0.15150798652360353
 1879.0027379920657 -0.12534956821255224
 1899.1685415604988 -0.0748595655834276
 1919.5166507244741 -0.03184784801882179
 1940.047065483992 -0.020563839811172102
 1960.7667975927263 -0.03036965443351342
 1981.6758470506774 -9.147218479445458E-3
 2002.7672021041712 0.07881125560352072
 2024.054886260556 0.19426265221444383
 2045.5248760124834 0.25585150097087483
 2067.1911948673023 0.21083553638452018
 2089.046831071338 0.12367212461838313
 2111.09178462459 0.10818386504947824
 2133.3400790344094 0.10834195783882478
 2155.777690793445 0.023118936498995337
 2178.4116316553722 -0.07969062735464894
 2201.2419016201906 -0.10366839710577623
 2224.268500687901 -0.08709742184765541
 2247.4984406121775 -0.13500291822409954
 2270.9247096393455 -0.2358203491964561
 2294.5543195230802 -0.2971314268619931
 2318.387270263381 -0.35013272625144004
 2342.416550106573 -0.4038227158594339
 2366.6561825600065 -0.36669561364595126
 2391.0991558700056 -0.3092915018825688
 2415.7454700365715 -0.2957676907236833
 2440.6021368133783 -0.23549158631871633
 2465.662144446751 -0.08519745734247408
 2490.9254929366902 0.08066832891404285
 2516.406205790545 0.14720690790285395
 2542.097271254641 0.10939909703788826
 2567.9916775753026 0.013265824871068829
 2594.1034482598806 -0.13929132864521434
 2620.425571554699 -0.34893791333849433
 2646.9580474597587 -0.40827042667013885
 2673.707887728734 -0.2517318199634499
 2700.6680806079502 -0.2730915811937908
 2727.8456378510823 -0.4260674898156176
 2755.2335477044553 -0.39416698305694675
 2782.8458336754183 -0.26466877049967163
 2810.668472256623 -0.2120341451661555
 2838.7154869554174 -0.22755964062827813
 2866.9798660181277 -0.1329340695269526
 2895.4545976910785 0.036170083089854886
 2924.1537054816203 0.18589277342989302
 2953.0771893897517 0.30548112412932343
 2982.2180376617993 0.3511485034240369
 3011.5762502977627 0.4649541374884386
 3041.158839051316 0.6724763265388082
 3070.96580392246 0.8490307710757602
 3100.9901331575197 0.927840668789361
 3131.23883851017 1.0208379910170313
 3161.7119199804096 1.0987265822406391
 3192.4023658145656 1.0896673302241084
 3223.3241995199864 1.138725180646716
 3254.4633975893234 1.3095641481509301
 3285.833983529925 1.3997903100674473
 3317.4219338344423 1.1876070840575061
 3349.23426025655 0.7882328174396035
 3381.277974549923 0.41703719030429786
 3413.5390532072115 0.17602566263442342
 3446.0315197357645 -0.027785904220127426
 3478.7483623819084 -0.21124152231098877
 3511.6895811456424 -0.37505201416818872
 3544.855176026967 -0.5322123384264368
 3578.2451470258824 -0.6677629693363709
 3611.8594941423875 -0.7686704837595184
 3645.705229130158 -0.7730276818849022
 3679.768328481844 -0.6578531483175083
 3714.062815704795 -0.4801077759465433
 3748.5746672916616 -0.3312379732658087
 3783.3179067497935 -0.2374566882301017
 3818.2785105718403 -0.16127210358401192
 3853.470502265153 -0.08581813070025776
 3888.879858322381 -0.02326486133906426
 3924.5206022508746 0.01850331301720061
 3960.378710543283 0.0431930325147521
