 0.28174886022159872 0.9998467256058388
 0.8485589660787283 0.9988269473562761
 1.4220378942213933 0.9956391871250025
 2.002266642491118 0.9888805080816295
 2.5893091565522654 0.9773629487237655
 3.1832649074382852 0.9603322819654007
 3.784204945887358 0.937554429100609
 4.39220742771148 0.9092389413540263
 5.00735761379647 0.8759863832064323
 5.62974076502814 0.8386628591396104
 6.259449247366125 0.7982954276933313
 6.896547006474786 0.7559373492773067
 7.541112198166122 0.7125401625510104
 8.19328692391649 0.6690090582202834
 8.853135129390251 0.6261313978394634
 9.52072786532559 0.5844945426290137
 10.19613618246068 0.5444861665474228
 10.879573233010063 0.5064777897427291
 11.57096796623556 0.47068003385164275
 12.27046248361353 0.43711379642370534
 12.97819888662033 0.40583132350296174
 13.69424822599414 0.37680235101801556
 14.418752603211322 0.34997172501990236
 15.151712018271873 0.3252350279939308
 15.893268572652152 0.3024415910451471
 16.64356436782852 0.281479781979042
 17.40267045453916 0.2622286191244858
 18.170657883522242 0.24454253022852112
 18.947668756254135 0.22828772067364341
 19.73384517421119 0.21337053558435511
 20.529187137393414 0.1996727501039736
 21.33390779801534 0.1870954818121058
 22.14800715607697 0.17553855411219346
 22.97176941453103 0.16492209606818933
 23.805123522639323 0.15517646514371463
 24.648211581878225 0.14619844692109557
 25.501246744462267 0.13792887552085156
 26.36430006112963 0.1303171333216035
 27.237442582618491 0.12329326801341944
 28.120887461143393 0.11680685012261921
 29.014634696704337 0.11081078261614324
 29.918826390777677 0.10524891413142874
 30.833675695577955 0.10009242688858257
 31.75925366184335 0.09531912904722588
 32.69563134031203 0.09089301833380216
 33.643021883198564 0.08678753833607494
 34.6014963412411 0.08298124745306254
 35.57119681591601 0.07944942113221475
 36.552265408699653 0.07617317878362886
 37.544844221068395 0.07313722798328924
 38.549004303760405 0.07032138535085734
 39.56495880899023 0.06770859982086651
 40.59277878749603 0.06528141222921875
 41.63267739149237 0.06302388610271195
 42.684725671717416 0.06092487434704487
 43.74906572964753 0.05897008225103073
 44.82583966675908 0.05714639847161156
 45.91526063526658 0.05544282237960799
 47.017470736646416 0.05385138782645988
 48.13254102163674 0.052359817943515706
 49.26061359171394 0.05095280488949389
 50.40190159909254 0.04962121239695822
 51.556547145248906 0.04836218202114205
 52.72469233165938 0.04717420474929252
 53.90647925980034 0.04605400284511076
 55.10212108188632 0.04500026498065081
 56.3116888486555 0.0440091123572895
 57.53539571232241 0.043070186529641306
 58.773454825101595 0.04217458413861917
 60.02593723773124 0.04131315682266562
 61.29305610242587 0.04048203126757956
 62.574953520661864 0.039682086635803165
 63.871842644653746 0.038913872454048474
 65.18386557587787 0.03817583575145474
 66.5112354665488 0.03746473722675088
 67.8540233674047 0.036776109654002124
 69.21251348139826 0.0361102539823291
 70.58691896074406 0.035477783030127184
 71.9772398054421 0.03488216212945613
 73.38404442139779 0.034332126201176725
 74.80719070713478 0.033836862420074845
 76.24667866265307 0.033381456985032295
 77.70321879533448 0.032962728998866853
 79.17610059779717 0.032562156406517335
 80.66674508480477 0.03217794490861327
 82.17444174897547 0.031821780428117195
 83.69990109769107 0.03148578783659128
 85.24312313095155 0.03116405087402822
 86.80481835613872 0.030855152087822346
 88.3842762658708 0.030558217229841845
 89.98149686014776 0.030248126767840007
 91.5979011537332 0.029923853921101507
 93.23348914662715 0.029604750003549517
 94.88755033144778 0.029286228151046377
 96.5607952155769 0.028962754211219392
 98.2539343063963 0.028653395609421816
 99.96625709652419 0.028352981596075344
 101.69918460072415 0.028060897696804174
 103.4520063116144 0.027790415319374234
 105.22472222919492 0.02753054146288495
 107.01804286084754 0.02727442734119853
 108.83267871395402 0.02702954714558259
 110.66791928113258 0.02678490215483509
 112.5251855771468 0.026535596544492594
 114.40376709461492 0.026291047347502805
 116.3036638335369 0.02604344536810952
 118.22558630129456 0.025789562683781398
 120.17024500526965 0.025533946616396553
 122.13763994546224 0.02528689785790919
 124.1270606144905 0.02503516022306803
 126.14063853449981 0.024784700130702937
 128.17624218334478 0.024529151370662753
 130.2367135905526 0.024270813817209042
 132.3199212339779 0.024022377760471912
 134.42799663576604 0.02378265494568703
 136.56022928853525 0.0235599458300165
 138.71732969966731 0.023347431459016826
 140.89929786916223 0.023147424390938566
 143.10613379702 0.022949977719291223
 145.3392584980042 0.022759634795106127
 147.59725095735126 0.02257172713847388
 149.88224269720657 0.022383092438343937
 152.19281270280652 0.022185928834728065
 154.5310924962965 0.02197117422835466
 156.89566106291295 0.021745260586575342
 159.28722891003764 0.02150670229471718
 161.70721705243414 0.021275704754724285
 164.1549149827207 0.021063745495561583
 166.63032270089726 0.020856958703567476
 169.13486122172747 0.020651139530155702
 171.6678200378295 0.020444312733799731
 174.23062016396696 0.020237689564442325
 176.82255109275806 0.020034395323384211
 179.44432333158457 0.019830387485997094
 182.09593688044651 0.01962021930259582
 184.7788127541075 0.0194029600340501
 187.49152993780384 0.019170689679137174
 190.23621995368102 0.018922756324536257
 193.01288280173903 0.01868054495048702
 195.82080797459607 0.018451954681955907
 198.6607059796339 0.0182357391719648
 201.53399783161611 0.018032507320389846
 204.43997302316094 0.017834970548300365
 207.37934206165022 0.01763624464414579
 210.35210494708383 0.017433992149901697
 213.35968269422545 0.01722624901251924
 216.4013647956933 0.017009279550978355
 219.47786175886912 0.01677942326473047
 222.58917358375296 0.016538406002247065
 225.73672128510835 0.016294573490999691
 228.92050486293535 0.01605996883271906
 232.13981380985214 0.01582768740728484
 235.39677964800412 0.015591238770031253
 238.6906918700095 0.015351466021010948
 242.02226098324996 0.015112216547479171
 245.3921974951075 0.014883303499644214
 248.80050140558196 0.01466093252677249
 252.2471727146734 0.014427476105107076
 255.73363243714541 0.014170137463898374
 259.2605910803798 0.013890842719927734
 262.8266276296129 0.013592400287417048
 266.43387360699023 0.013282468515521915
 270.08232901251165 0.012969441488902406
 273.7719938461773 0.012650604831185635
 277.50357861536883 0.012326292425990601
 281.27779382746814 0.012003387563631202
 285.09534998985697 0.011689678714646773
 288.9555365951536 0.01137883879707543
 292.8597746581216 0.01105337870564188
 296.8087746861426 0.010704520875996265
 300.8025366792168 0.010338635691472826
 304.8410606373441 9.966146977671064E-3
 308.9264780826701 9.591975419797649E-3
 313.05736800043086 9.214517678115673E-3
 317.2351514053901 8.839294905223257E-3
 321.45982829754802 8.47520496697748E-3
 325.732819691668 8.12169067603755E-3
 330.0541255877501 7.773831369411397E-3
 334.4244564931761 7.424939672255321E-3
 338.84452291532772 7.07556373170554E-3
 343.3136143468234 6.731855394030449E-3
 347.83386230980823 6.39902919539746E-3
 352.40455629690063 6.07378642110365E-3
 357.02711732286417 5.747301686529009E-3
 361.7015453876988 5.413521755609784E-3
 366.42855099878624 5.0726392127460615E-3
 371.20884466350844 4.733311690068122E-3
 376.0431368892471 4.405431614658269E-3
 380.9314276760022 4.094143270785334E-3
 385.8751380385374 3.800870574115664E-3
 390.87426797685265 3.523624514996832E-3
 395.928817490948 3.2589884989683462E-3
 401.0409181029688 3.00675865042235E-3
 406.2098593055333 2.7655922212965295E-3
 411.43706211340503 2.531544168604478E-3
 416.722526526584 2.300655201890423E-3
 422.066963052452 2.0716111885129276E-3
 427.47108219839094 1.8498049224469231E-3
 432.93559447178245 1.6419980523646755E-3
 438.4612103800084 1.4469702120108031E-3
 444.04864043045063 1.2607555786199118E-3
 449.69859513049084 1.0876458476961905E-3
 455.4110744801291 9.341998119876048E-4
 461.18678898674716 8.007113451964971E-4
 467.0271596651087 6.857934750897534E-4
 472.9328970225954 5.886843829749501E-4
 478.9032905518256 5.064974049723439E-4
 484.9404717749445 4.3720688193617913E-4
 491.04515119933404 3.8153606980851034E-4
 497.2166183176124 3.3907866912558754E-4
 503.45700465192493 3.0710326565910574E-4
 509.76631020227165 2.832977383607923E-4
 516.1452454760345 2.672003951904632E-4
 522.5945209805949 2.580852072739074E-4
 529.114847223335 2.534014099334662E-4
 535.7076452190183 2.4997912041039416E-4
 542.3729149676446 2.4374935675448725E-4
 549.1113669765961 2.3134280534443894E-4
 555.9244222606361 2.1344136271345934E-4
 562.8120808197646 1.9275378651719204E-4
 569.7750531613635 1.718418147426822E-4
 576.8147603001963 1.5285859334284598E-4
 583.9319127436448 1.3628558827680288E-4
 591.1265104917092 1.2209658700099065E-4
 598.3999745591528 1.1155270294714737E-4
 605.7530154533575 1.0637531718587531E-4
 613.1863436817052 1.0686084674532024E-4
 620.7013802589595 1.109438690574793E-4
 628.2974146777384 1.1502286896933324E-4
 635.9765784601874 1.1642677478095165E-4
 643.7395821136884 1.1475084934998864E-4
 651.5864256382413 1.1033901863034504E-4
 659.5192405559914 1.0278490352742205E-4
 667.537316359557 9.18203730139528E-5
 675.6427845710836 7.820883183463449E-5
 683.8363556979529 6.259082387683243E-5
 692.1180297401647 4.514344908278191E-5
 700.4892277124828 2.7101303223636422E-5
 708.9506601222892 1.26974539519163E-5
 717.5058795064924 7.609883400969508E-6
 726.1456492691293 1.3335511952562934E-5
 734.8848900652176 2.754257916961838E-5
 743.7164968209396 4.935150885201025E-5
 752.6475746101128 7.623089788988711E-5
 761.6639132851016 9.803810588122315E-5
 770.7868280673596 1.0352027746261923E-4
 780.0021088092512 9.140383025225724E-5
 789.3168605845942 6.931057124335295E-5
 798.7310833933886 4.302685259749196E-5
 808.2447772356344 1.1468469999851098E-5
 817.8579421113317 -2.5209739377721481E-5
 827.5776830942982 -5.739428507442239E-5
 837.4040001845342 -7.096122919988669E-5
 847.3226832344036 -6.102487984981086E-5
 857.3550474653604 -3.4723443326413183E-5
 867.4939878035865 -3.1002861654320112E-6
 877.739504249082 2.2207122288843733E-5
 888.084491728029 3.4780391500335353E-5
 898.550265461881 3.858333107111266E-5
 909.1155102291848 3.90336699567362E-5
 919.8015412513935 3.5098692307948736E-5
 930.5941483808718 2.3973699299200074E-5
 941.5004366914374 4.844456089272644E-6
 952.5204061830902 -1.9814833791032186E-5
 963.6540568558305 -4.579584737203804E-5
 974.908493783476 -6.961152757953527E-5
 986.2766118922088 -8.223254302776884E-5
 997.765516255847 -7.230094206529979E-5
 1009.3752068743905 -3.911152707546124E-5
 1021.0985786740214 6.633621427391604E-6
 1032.9498418023754 4.969426353188095E-5
 1044.9147861118167 7.41811910124187E-5
 1057.0147268237992 7.276489881019643E-5
 1069.228348716869 5.29081545303118E-5
 1081.57696701248 2.5627875094820328E-5
 1094.0463715629964 -2.0043767060446926E-6
 1106.6436674422361 -2.9150506771386306E-5
 1119.3759597240168 -6.158295279364421E-5
 1132.229038260703 -9.398080699621995E-5
 1145.2171131999302 -1.0353735125861697E-4
 1158.3401845416988 -8.143103373286042E-5
 1171.5911472121906 -4.452141983837117E-5
 1184.9842113590414 -8.946221706067371E-6
 1198.5051668346154 1.845973947064189E-5
 1212.1682237865488 3.6833199667719354E-5
 1225.9662771410232 5.714017568949243E-5
 1239.899326898039 9.040621093014705E-5
 1253.981583205232 1.262817855198408E-4
 1268.198835914966 1.474678228454025E-4
 1282.5581901010591 1.5890539384413125E-4
 1297.0596457635112 1.7281913241573828E-4
 1311.710307976141 1.871080070509679E-4
 1326.5030716651294 1.894880156696271E-4
 1341.4450419042952 1.6591077644737846E-4
 1356.5362186936381 1.1575277074594451E-4
 1371.776602033158 5.624143629832724E-5
 1387.1661919228552 9.281039780632953E-6
 1402.7049883627294 -7.664184397291998E-6
 1418.3929913527808 -3.8966465267176305E-6
 1434.2444110406452 -4.021122585271569E-6
 1450.2450372786865 -5.9471756945297654E-6
 1466.4019751407231 -4.0480711067539764E-6
 1482.715224626755 -1.1134944559743034E-5
 1499.1847857367815 -2.5880555111660783E-5
 1515.8177635446213 -2.6792058655090875E-5
 1532.6141580502742 -1.0166219804290267E-5
 1549.566864179922 1.3269349068906812E-5
 1566.682987007383 5.7239031780717243E-5
 1583.9696316064748 1.2099900393386103E-4
 1601.412587829562 1.569689406702365E-4
 1619.0331708980977 1.7017612899997022E-4
 1636.8100655906287 2.0417939062302074E-4
 1654.7645871286088 2.488170839442461E-4
 1672.8825253644017 2.7012592094401263E-4
 1691.170985371826 2.486066198115095E-4
 1709.6370722246986 2.0447297470552836E-4
 1728.2736808492024 1.5727877300040723E-4
 1747.0879163191555 1.1900716140264328E-4
 1766.0726735607395 1.026131845600582E-4
 1785.2421627215903 9.046864827596621E-5
 1804.582173654072 6.249342847976152E-5
 1824.1069165058206 2.1580730538460616E-5
 1843.8092862030184 -1.4185193723887311E-5
 1863.6892827456647 -4.668749801342937E-5
 1883.754011207578 -8.029754784208762E-5
 1904.0105766625767 -9.959684609452817E-5
 1924.4447689630242 -9.649252515429835E-5
 1945.063693182738 -7.481432735304709E-5
 1965.8673493217195 -4.022536321104053E-5
 1986.8628424537853 -3.933534752794117E-6
 2008.050172578936 3.192533536465197E-5
 2029.422234623354 6.982893685178389E-5
 2050.9932387346743 9.994474885491939E-5
 2072.748974765262 1.1815460911235426E-4
 2094.7036528627527 1.1492808217604079E-4
 2116.850167953328 9.602463163812322E-5
 2139.1885200369874 5.803071818823924E-5
 2161.732919261369 5.007787753628895E-6
 2184.469155478834 -3.309995280616092E-5
 2207.404333763203 -4.281940129062054E-5
 2230.538454114474 -2.0456836062029786E-5
 2253.8715165326484 -1.84557434591679E-5
 2277.4106260915432 -7.983538787006248E-5
 2301.1486777173413 -1.409862599638051E-4
 2325.09277648386 -1.3692376790673296E-4
 2349.2429223910994 -1.1851152411110402E-4
 2373.592010365241 -1.3511249539665718E-4
 2398.1542505539223 -1.452874855128341E-4
 2422.922537883324 -1.3935874560320045E-4
 2447.8968723534462 -1.482005540900349E-4
 2473.084359038108 -1.351902612041092E-4
 2498.4778928634896 -4.065137615067137E-5
 2524.0774738295926 6.475093372267405E-5
 2549.897312084052 7.062017872451323E-5
 2575.9303025530502 3.307723591660848E-5
 2602.169340162769 2.670799309389629E-5
 2628.6286350608447 -5.744308160555577E-6
 2655.3010821734596 -8.949837254314159E-5
 2682.1866815006123 -1.381917824291317E-4
 2709.2925381161226 -1.145939633459907E-4
 2736.611546946171 -9.512117898759693E-5
 2764.1508130645765 -1.1953511220894094E-4
 2791.903231397521 -1.759577937761976E-4
 2819.8830120926395 -2.0808693706927274E-4
 2848.075945002297 -1.5350125623760178E-4
 2876.4962402741293 -7.27696897064246E-5
 2905.136792834318 -3.126896101644957E-5
 2933.9904976090456 -1.4231333368569188E-5
 2963.071564745948 -5.090824229707319E-6
 2992.3799942450245 3.438306256089514E-5
 3021.9086810324583 1.1841225880344762E-4
 3051.6576251082483 2.1372935684361017E-4
 3081.6339315462137 2.654599506097627E-4
 3111.837600346353 2.9111517158576273E-4
 3142.261526434849 3.1984662987083635E-4
 3172.9128148855206 3.6200519683940224E-4
 3203.7914656983657 3.7127887015281552E-4
 3234.8903737995683 3.630780627882783E-4
 3266.223749336763 4.081353371630686E-4
 3297.777382162315 4.6069323947561682E-4
 3329.565482423859 4.3927054577699685E-4
 3361.57383997376 3.331980153305248E-4
 3393.809559885836 2.1300294647775725E-4
 3426.279747233904 1.1562923815366605E-4
 3458.970191870329 5.230958043758223E-5
 3491.8951039427465 -2.1088906962529437E-5
 3525.0473783773386 -1.0417644202288303E-4
 3558.4270151741052 -1.7124710575349054E-4
 3592.034014333047 -2.1937924671871475E-4
 3625.8683758541633 -2.4285557714203722E-4
 3659.930099737454 -2.3679743772632427E-4
 3694.2262910567374 -1.9727263278148123E-4
 3728.742739664378 -1.4461442696800017E-4
 3763.4936557080104 -1.0412250185540693E-4
 3798.46482904 -7.558343166720052E-5
 3833.670469807982 -4.8764111624141695E-5
 3869.0963678643206 -2.4742386296207567E-5
 3904.756733356652 -7.487124405036633E-6
 3940.63735613734 3.3011180050853656E-6
 3976.7524463540212 9.5216367185581E-6
 4013.0877938590583 1.2999289094777048E-5
 4049.65050372627 1.5080190920272843E-5
 4086.4334708818387 1.6418531168896404E-5
 4123.450905473401 1.7371863529902657E-5
 4160.681492279501 1.8116041386296276E-5
 4198.146546521593 1.8654561955615773E-5
 4235.824752978225 1.9076649872100453E-5
 4273.730321797031 1.9406961892239484E-5
 4311.863252978012 1.9681619757134203E-5
 4350.209336373531 1.9872903825150415E-5
 4388.775677057408 2.0005294804101665E-5
 4427.562275029641 2.0136337297954434E-5
 4466.56913029023 2.0238838230891424E-5
 4505.796242839177 2.031525907599248E-5
 4545.236507602661 2.036409001176131E-5
 4584.897029654503 2.0440671906177157E-5
 4624.763598847066 2.0490269777523154E-5
 4664.850425327985 2.0484840950461697E-5
 4705.150404023443 2.0507332053554417E-5
 4745.66353493344 2.0557434829484627E-5
 4786.382712984157 2.0607033706002101E-5
 4827.315043249413 2.063045818514107E-5
 4868.453420655391 2.0629766816569116E-5
 4909.797845202088 2.067989542959847E-5
 4951.348316889507 2.070449070584605E-5
 4993.104835717647 2.072848352353489E-5
 5035.067401686507 2.0779383126159207E-5
 5077.228909722269 2.0808137915884382E-5
 5119.582254751117 2.0859824437635254E-5
 5162.141646920686 2.08845826564417E-5
 5204.8999811571575 2.0937037273665534E-5
 5247.8501523867134 2.1015442481742213E-5
 5290.992160609355 2.1044323952520394E-5
 5334.326005825081 2.109537562372006E-5
 5377.85879310771 2.1197897122415716E-5
 5421.569207235787 2.1253197834949172E-5
 5465.47145835695 2.1306096066608483E-5
 5509.55844139738 2.140987176751625E-5
 5553.823051283259 2.1489060156206242E-5
 5598.272393088404 2.1567502591664516E-5
 5642.899361738999 2.16689622752382E-5
 5687.711062308859 2.1773033439281721E-5
 5732.686179576534 2.1878047596865562E-5
 5777.838923689657 2.2003826080953915E-5
 5823.162189574412 2.2130455737236434E-5
 5868.655977230796 2.2234664988432508E-5
 5914.313181584996 2.2362890082368067E-5
 5960.133802637007 2.2513242557618738E-5
 6006.117840386831 2.2664272769329193E-5
 6052.258189760651 2.281601862458674E-5
 6098.554850758465 2.2966743155757116E-5
 6145.007823380275 2.313909968174649E-5
 6191.61710762608 2.3336489640832973E-5
 6238.368493348244 2.3510127450784426E-5
 6285.276190694402 2.3706804586868677E-5
 6332.318884443102 2.3926591497893522E-5
 6379.51078474198 2.4144974567081777E-5
 6426.837681443398 2.436577807185246E-5
 6474.299574547358 2.4607442712168336E-5
 6521.896464053859 2.4871837713583525E-5
 6569.621244889083 2.513472050164031E-5
 6617.481022126849 2.542008640023127E-5
 6665.46158561952 2.5705836953942866E-5
 6713.570040440913 2.5992022344091896E-5
 6761.792176443394 2.6322392203333605E-5
 6810.135098700781 2.667304542416111E-5
 6858.591702139254 2.7025910366413546E-5
 6907.154881684997 2.7398925286516847E-5
 6955.831742411828 2.779390848762849E-5
 7004.60807417211 2.821086880291686E-5
 7053.490982039661 2.8669158166490717E-5
 7102.473360940664 2.9131952175816982E-5
 7151.541000727482 2.9592961276469723E-5
 7200.708111547752 3.014244661189621E-5
 7249.9462731062 3.067675505176967E-5
 7299.326536141009 3.122979656899825E-5
 7348.777849913998 3.1890316859914935E-5
 7398.229163686986 3.2548261746325345E-5
 7447.822578936333 3.322288927414001E-5
 7497.487044923858 3.396112292875335E-5
 7547.222561649565 3.476082902747777E-5
 7597.029129113451 3.564741902290094E-5
 7646.835696577336 3.654928591749047E-5
 7696.784365517582 3.751178583307691E-5
 7746.733034457826 3.853457784936379E-5
 7796.823804874431 3.968787814977407E-5
 7846.843524552856 4.096643519843568E-5
 7897.005345707638 4.2297192584701446E-5
 7947.167166862423 4.375993159105252E-5
 7997.400038755387 4.538868376761168E-5
 8047.63291064835 4.7238228928563203E-5
 8097.865782541313 4.922177751173834E-5
 8148.169705172457 5.141716237783385E-5
 8198.544678541777 5.3936111488877036E-5
 8248.919651911101 5.690958491931735E-5
 8299.223574542244 6.028616660874178E-5
 8349.669598649747 6.428483485818559E-5
 8400.04457201907 6.914200509525737E-5
