 1.2981846668454102 0.9976658642358582
 1.8278780507752985 0.9937915801300246
 2.3637917515545794 0.9870712324417137
 2.9060165767284984 0.9769897266894731
 3.4546173888293756 0.9633178575461375
 4.009665536642761 0.946050699873306
 4.571238855207438 0.9254051440245454
 5.1394151795621905 0.9017586793815144
 5.714278830999031 0.8756090237680713
 6.295888185797048 0.8474957119551678
 6.8843145927417914 0.8179074841338948
 7.4796877768979 0.7873747420614233
 8.08206611454446 0.7564098956933422
 8.691514468213793 0.7254138217340071
 9.308097700438214 0.6946607052316854
 9.932010398814683 0.6645124456697885
 10.56318770081088 0.6352186649680535
 11.201759331491443 0.6068464386887099
 11.847855015921011 0.5795569395420627
 12.5015396166319 0.5534345955580243
 13.162942858688753 0.5285568048717301
 13.832064742091566 0.5049464682986811
 14.509034991904977 0.4825637744378483
 15.193983333193625 0.4614313632057427
 15.88697462848983 0.44155017314009104
 16.58807374032591 0.4228635911011402
 17.297410393766504 0.4053099451500563
 18.015114313876246 0.3888743761454864
 18.741185500655141 0.37347657210709206
 19.475818541700146 0.3590522603111687
 20.219013437011255 0.3455226895624347
 20.971029636717755 0.3328395266020867
 21.731802278287315 0.32096890693816504
 22.50146108678458 0.30979739726759564
 23.280200649806502 0.29928835885746712
 24.068085829885404 0.2894195364397034
 24.865181489553606 0.2801267424169046
 25.671682216408061 0.27138872841800343
 26.487588010448774 0.2631846521608496
 27.313028596740377 0.2554514873216849
 28.148198562879834 0.2481701355488903
 28.993162771399457 0.24133456431978841
 29.847986084831568 0.234906217113299
 30.712863090773126 0.2288714819506351
 31.58785865175645 0.22322560132363555
 32.47310249284617 0.21794130315033966
 33.36872433910693 0.21299531336019097
 34.27485391560337 0.20836721573374977
 35.19155608486781 0.2040183755017562
 36.11902543449721 0.19991708490487367
 37.05732682702387 0.1960350418046342
 38.00665485004477 0.1923531333338735
 38.96707436609221 0.1888727121970098
 39.938715100230844 0.18559587388906068
 40.92170677752531 0.18253193957715752
 41.91624398557254 0.17968746460047752
 42.922456449437206 0.17706538763256576
 43.940409031651604 0.17464997883184571
 44.97023145728038 0.1724182269405702
 46.01211831392049 0.17036232618419677
 47.06619932663657 0.16847406343159126
 48.13260422049326 0.16673140142243922
 49.211462720555203 0.1651066021630742
 50.30296941441935 0.16358464061111352
 51.40718916461802 0.16214583965224566
 52.524316558748175 0.16076704905609617
 53.65454618440676 0.15945308637892524
 54.79794290412611 0.15820912820694577
 55.954701305503164 0.15704327179125301
 57.124951113602584 0.15597111176859645
 58.30888691602131 0.1550116543985642
 59.50663843782397 0.15417780658514623
 60.71840026660755 0.15347580131649157
 61.94423726490435 0.15289182783999086
 63.18440888284364 0.15240442243533483
 64.43910970802239 0.1520213502233358
 65.70833974044059 0.15170755857896994
 66.99261788035682 0.15144379521337106
 68.29181440270641 0.15123765763984842
 69.60592930748936 0.15103175017445327
 70.93561122002887 0.15085793164964403
 72.28021151500177 0.15067758955896584
 73.6410274430544 0.15049341059398094
 75.0174103788636 0.15035087158541496
 76.41000894775254 0.15022011003055862
 77.81882314972124 0.15011550852646204
 79.24450161009288 0.15008462737172062
 80.68639570354428 0.1501579189431047
 82.14450543007541 0.15022476149866725
 83.62012804033267 0.1502804728114417
 85.11326353431608 0.15042668780568027
 86.62326328670241 0.15064732208255857
 88.15077592281489 0.15089514565241357
 89.69645006797667 0.15123636726932865
 91.2596370968646 0.15163192995631394
 92.84163426012502 0.1520817029903389
 94.44179293243478 0.15267048370423275
 96.06011311379385 0.15337498325184498
 97.69724342952543 0.15419513874918822
 99.35383250495272 0.1551818571332797
 101.0292317147525 0.15625473177804
 102.72473830957118 0.1573291128170019
 104.43970366408557 0.15836277614809954
 106.17412777829566 0.15921516891920556
 107.92865927752463 0.1598499571135718
 109.70394678709567 0.16036697082121076
 111.4999903070088 0.16091609085035457
 113.31614121194085 0.16146677661820063
 115.15434537786132 0.16207204171002295
 117.01265692880068 0.16267597377610995
 118.8936703660517 0.16325359468008251
 120.7954398136448 0.1638148550005934
 122.71991114754957 0.16427521093627414
 124.66643574244279 0.1646752262494278
 126.63566222364766 0.16501891892485381
 128.62759059116416 0.16540751490948513
 130.64222084499232 0.16583332272038936
 132.68085023577853 0.16632343570948932
 134.74218151287638 0.16679432034080918
 136.82816055225544 0.16719676485198423
 138.93749010326934 0.16750112472074021
 141.07211604188765 0.1676822370569658
 143.23074111746402 0.16777126894261334
 145.41401395532156 0.1676787969664082
 147.62323180610673 0.16751912752030334
 149.85774604449633 0.16741977215377
 152.1175566704903 0.16734557416832954
 154.4039609347351 0.1673034855087456
 156.71631021190748 0.16726779156682647
 159.05590175265382 0.1672226708077808
 161.422086931651 0.1671930909613794
 163.8155143742221 0.16721388217695334
 166.23618408036722 0.16732917302312458
 168.6853933007327 0.16756988976088077
 171.16184478467215 0.16786593905426444
 173.66748440815513 0.16816678241851854
 176.2023121711817 0.16859457437921904
 178.7656794484286 0.16918581032007345
 181.3582348652191 0.16991048996281593
 183.98127567219947 0.17077362154996411
 186.6341532440466 0.1717532439143054
 189.3175162060837 0.1728264666297368
 192.03136455831068 0.17397766253993982
 194.77699555137397 0.17522361664441304
 197.5537605599504 0.1765582662246639
 200.36230820936313 0.1778945720120968
 203.2026384996122 0.17913858540309851
 206.0760486813439 0.18021912628703085
 208.98253875455833 0.18115923326465274
 211.92146009393223 0.18193744240595075
 214.89475857543527 0.1825992489906279
 217.90178557374417 0.18319934576811336
 220.94318971418206 0.1837202850559521
 224.01961962207232 0.18420766157920032
 227.13107529741478 0.18473515792641723
 230.27755674020951 0.1853294788039574
 233.46036120110287 0.18600075621781875
 236.68013730541807 0.18686153996345097
 239.93558780250873 0.18793043943649653
 243.2286585683444 0.18916150456707367
 246.5593496029251 0.19048410413228616
 249.92766090625082 0.1916874458121164
 253.3342411036447 0.19268348794199105
 256.77973882043005 0.193583673457854
 260.26480268192995 0.1945139887141876
 263.78878406282126 0.19547180198296676
 267.3529802137504 0.19645585850868624
 270.95803976004043 0.1975077285098275
 274.6039627016915 0.19849169559982485
 278.2907490387035 0.1991103124543383
 282.02034464704604 0.19930600037275447
 285.79145227607273 0.19918339943250581
 289.60536917643 0.19883318668544297
 293.46209534811777 0.19844448072129991
 297.3629280417825 0.19828421558328684
 301.30786725742416 0.19852204141475784
 305.2975616203659 0.19909791016408068
 309.3326597559309 0.19997447793869338
 313.4125130387961 0.2010332164960639
 317.53906734493085 0.20202786889692578
 321.7116740490122 0.20274434036432675
 325.9316304016864 0.2031626140817037
 330.1989364029535 0.2034237655423665
 334.5142406781366 0.20364825881797818
 338.878191852559 0.20397375641072573
 343.2914385515438 0.20455621220216171
 347.75398077509106 0.20547769557369682
 352.26711577384713 0.20660909630653268
 356.830843547812 0.20758096117194482
 361.4451640969857 0.20807619037709138
 366.1120232973379 0.20820375546744396
 370.8307725235452 0.20825550205500517
 375.60270902625404 0.2085617261070032
 380.4278328054645 0.2093311236552173
 385.3067924864998 0.21018787079994358
 390.24023669468294 0.2104810807209884
 395.22881405533735 0.21005240443813327
 400.273173193786 0.20924930770481484
 405.3739627353523 0.20837001353505596
 410.5318313053592 0.20758727980369282
 415.7467789038069 0.2069674151911878
 421.0194541560184 0.20644923378885868
 426.3511543126403 0.20595428582358113
 431.7425279989957 0.2055055605454136
 437.1929265897613 0.20517583014574736
 442.7042959609068 0.20476288103354672
 448.2772847377554 0.20393567390934111
 453.91124429498376 0.20257745019043454
 459.60812050856156 0.20095547736191526
 465.3679133784889 0.19961284241005716
 471.1912715300888 0.19875147402498433
 477.0788435886845 0.1979085252413323
 483.03127817959915 0.19667009354625958
 489.0498725534793 0.19516448426821073
 495.1346267103247 0.19315147188111483
 501.2861892754588 0.19016806278759706
 507.5058574995278 0.1866022252805857
 513.7936313825317 0.18290944280985624
 520.1501595497938 0.1790571528190421
 526.5767392519605 0.1751745545850282
 533.0740191143547 0.17146200995479285
 539.6419991369768 0.16789479717478072
 546.2819765704729 0.16450005149248372
 552.9946000401662 0.16132775691298273
 559.7805181713801 0.15802808449991886
 566.6410282147608 0.15417180058955004
 573.5754815449852 0.14975915291358682
 580.5858240380228 0.1450744223876044
 587.6727043191968 0.1402841031643342
 594.8361223885073 0.135511188204619
 602.0780241219237 0.13092538100466324
 609.3977608941229 0.1263060294390192
 616.7972785810746 0.12144257542969446
 624.2772258081018 0.11641537628440603
 631.8376025752045 0.11111674645801446
 639.4797061330291 0.10526177558331049
 647.204185106899 0.09877613266660319
 655.01428262343 0.0921275341836076
 662.9015665534204 0.08578856311311533
 670.8796580286574 0.08012835757779177
 678.9420707959093 0.07527462740638512
 687.0952911084077 0.07078834858720456
 695.3263464596889 0.06593231036774258
 703.6546956094486 0.060646287767439785
 712.0673660512231 0.05550872234695939
 720.570844038244 0.05069494945370215
 729.1651295705117 0.04606744470753729
 737.8502226480258 0.04166475007826094
 746.6261232707867 0.037625051390658775
 755.4993176920259 0.03397348862835409
 764.4698059117438 0.030579578930444925
 773.5246154234763 0.027231602376507322
 782.6832049869192 0.0240351268241096
 791.9390883488406 0.021140746095187363
 801.2922655092405 0.018468461762011782
 810.7362502148871 0.015977864240981885
 820.2905012254758 0.013720097569793482
 829.9355597813114 0.011684755591311163
 839.6908846420889 9.862799063955813E-3
 849.5435033013454 8.195767412793976E-3
 859.4999020123118 6.659636700588583E-3
 869.5600807749888 5.360895974413304E-3
 879.7240395893764 4.367730927287963E-3
 889.9982647087061 3.6530645394705326E-3
 900.3762698797461 3.1269667682623193E-3
 910.8645413557286 2.7457518467047872E-3
 921.4630791366534 2.5760975186688004E-3
 932.1653969692886 2.7340323227282247E-3
 942.9844673600979 3.213593432452915E-3
 953.9073178026176 3.8978276936038756E-3
 964.9534070565435 4.662384524386283E-3
 976.1032763621797 5.355730442159903E-3
 987.376384479222 5.745574633637473E-3
 998.7597589012067 5.555104435823771E-3
 1010.2598858813656 4.71540136954067E-3
 1021.8832516729304 3.442343315615951E-3
 1033.6168837694376 2.1121542843886734E-3
 1045.473754677351 1.0969067355077308E-3
 1057.4538643966704 4.704308149980043E-4
 1069.5507266741642 9.902139465916417E-6
 1081.7773140162958 -3.8607987247866445E-4
 1094.1206539166016 -5.547546282622412E-4
 1106.5937188815455 -3.799879346809393E-4
 1119.1900226578954 1.3517259822662508E-4
 1131.9095652456514 8.951814216047873E-4
 1144.7653191512777 1.6356459192654175E-3
 1157.7443118683097 2.0646115715547107E-3
 1170.8530296499798 2.0772557477645304E-3
 1184.0914724962876 1.8532534612394474E-3
 1197.4661266604657 1.796843654423157E-3
 1210.9705058892816 2.114734529368764E-3
 1224.6110964359675 2.554539196148544E-3
 1238.3878983005233 2.8573390449837744E-3
 1252.300911482949 3.0446589912058643E-3
 1266.3501359832446 2.960711256425132E-3
 1280.53557180141 2.0443157406219054E-3
 1294.8572189374453 3.056123041518488E-4
 1309.3280498978147 -1.1976611815186E-3
 1323.9350921760535 -1.7602372355281226E-3
 1338.6848320253941 -1.619604378054118E-3
 1353.577269445837 -1.197792619894196E-3
 1368.6124044373812 -8.325793210022423E-4
 1383.7967232532594 -7.332807686505955E-4
 1399.1302258934713 -6.57933986829669E-4
 1414.6064261047847 -2.0147397444183001E-4
 1430.2318101404321 9.51114497107376E-4
 1446.012864253645 3.226101279909009E-3
 1461.9366159379596 6.039797068945321E-3
 1478.0225239530718 7.819388669570323E-3
 1494.2511295392857 8.057893686894892E-3
 1510.6418914562973 7.3875904480911105E-3
 1527.1818371976426 6.358801991252085E-3
 1543.8774530165535 5.164130122204518E-3
 1560.7352251662616 4.007427011755177E-3
 1577.7486673935356 3.220066835311542E-3
 1594.9242659516071 2.9839062730647983E-3
 1612.2555345872442 3.7331951124481396E-3
 1629.7554458069105 5.66985786268609E-3
 1647.4110271041427 8.225696408937192E-3
 1665.2352509854038 0.010488831854141794
 1683.221631197463 0.010986001933659771
 1701.3701677403191 9.465130803915386E-3
 1719.687346867205 7.783270923969392E-3
 1738.1796548313525 6.962870346019444E-3
 1756.834119126297 5.949306524537071E-3
 1775.6572260052707 4.665442195285437E-3
 1794.6489754682745 4.238601652865937E-3
 1813.8158537685392 4.095744628277713E-3
 1833.157860906065 3.4965198837798036E-3
 1852.6685106276206 2.8842608058464403E-3
 1872.3607754396691 1.6325487407629144E-3
 1892.2216828357472 -9.762428944680212E-4
 1912.2642053223187 -2.8539522035844876E-3
 1932.4818566461513 -2.7673324547067257E-3
 1952.874636807245 -2.456317419532931E-3
 1973.4555183120642 -1.8307501981537363E-3
 1994.2115286541443 -6.839450239482714E-4
 2015.1491540867177 -8.237636196019301E-4
 2036.2683946097843 -2.5316642387042424E-3
 2057.569250223344 -4.297740352791419E-3
 2079.0582071806293 -3.3976072108958983E-3
 2100.7287792284073 2.7501794176132936E-4
 2122.5874526199104 1.7285443110965032E-3
 2144.634227355139 -2.1741453676623772E-3
 2166.8626171808605 -7.511113839758105E-3
 2189.2855946035392 -9.594097380715764E-3
 2211.896673369943 -9.328207462665562E-3
 2234.695853480072 -9.160091221315841E-3
 2257.6896211871576 -9.810481966776263E-3
 2280.8714902379683 -0.01035769620300248
 2304.2414606325046 -8.236430934835668E-3
 2327.8125048772294 -2.8201179518629222E-3
 2351.578136718911 1.8820614708221048E-4
 2375.5318699043182 -4.019023941757016E-3
 2399.686676939914 -7.65322735085068E-3
 2424.0360715724673 -4.435394219821266E-3
 2448.5800538019766 -1.274946543497095E-3
 2473.325109881676 -2.9481017815434526E-3
 2498.2647535583314 -5.488735491332266E-3
 2523.4054710851764 -5.600441227559806E-3
 2548.740776208978 -3.8696442585141985E-3
 2574.2836414362004 -1.402849215603812E-3
 2600.0210942603803 8.958449832105883E-5
 2625.9661071879804 1.033673211363896E-3
 2652.11219396577 2.3529951809696573E-3
 2678.452868340516 4.034538176007258E-3
 2705.001102818683 7.683891130912343E-3
 2731.756897400271 0.013139243149774674
 2758.7137658320475 0.019159250335345403
 2785.871708114013 0.02433576914858738
 2813.2372104993996 0.026580941636223143
 2840.8102729882066 0.02693829091678236
 2868.584409327203 0.02749694128822408
 2896.56610576962 0.028210509735319917
 2924.7553623154576 0.030500168851054797
 2953.1456927114845 0.031944732085409724
 2981.7500694641635 0.029688632804386952
 3010.555520067032 0.028964643519518346
 3039.575017026553 0.029970869595077855
 3068.795587836263 0.027155752808182501
 3098.2237187493933 0.02207360866004705
 3127.865896019177 0.019092181779111736
 3157.7091471391495 0.01677155096198211
 3187.766444615774 0.012752464965403535
 3218.03130219582 8.674104455319315E-3
 3248.5037198792865 6.1854162082698935E-3
 3279.183697666174 4.1753036628978555E-3
 3310.0712355564824 5.125436379447585E-4
 3341.166333550211 -4.042425563690458E-3
 3372.475477900593 -7.646328377711121E-3
 3403.9856961011637 -0.01039766821910976
 3435.709960658387 -0.012676172558716711
 3467.6352990657992 -0.015138624410699098
 3499.7746838298644 -0.01694563275644896
 3532.1151424441177 -0.01651218686917866
 3564.669647415024 -0.014639574808219863
 3597.4252262361196 -0.012141122018338774
 3630.394851413868 -9.39118402573881E-3
 3663.5655504418045 -7.1399243605950995E-3
