 0.0E+0 0.0E+0
 0.28174886022159872 0.07173249044232954
 0.8485589660787283 0.19743603713292301
 1.4220378942213933 0.3084265313354552
 2.002266642491118 0.40633230367334194
 2.5893091565522654 0.49262114382188243
 3.1832649074382852 0.5686858756672549
 3.784204945887358 0.6358681316135716
 4.39220742771148 0.6954355794802125
 5.00735761379647 0.7485459117000034
 5.62974076502814 0.7962176140147494
 6.259449247366125 0.8393155038667881
 6.896547006474786 0.8785506007820245
 7.541112198166122 0.9144916183033783
 8.19328692391649 0.9475844860139182
 8.853135129390251 0.9781754041268593
 9.52072786532559 1.0065334888975638
 10.19613618246068 1.0328707436871276
 10.879573233010063 1.0573578121164841
 11.57096796623556 1.0801353708392558
 12.27046248361353 1.1013214736176928
 12.97819888662033 1.1210161960787401
 13.69424822599414 1.1393054124495598
 14.418752603211322 1.156265418123035
 15.151712018271873 1.1719677648994206
 15.893268572652152 1.1864818840725293
 16.64356436782852 1.1998746890731697
 17.40267045453916 1.2122095627061333
 18.170657883522242 1.2235477350064973
 18.947668756254135 1.2339510863990414
 19.73384517421119 1.2434834228755813
 20.529187137393414 1.252209645423664
 21.33390779801534 1.2601943187581734
 22.14800715607697 1.2675008640070397
 22.97176941453103 1.2741899368310358
 23.805123522639323 1.280316698224236
 24.648211581878225 1.2859298425724874
 25.501246744462267 1.2910737330861905
 26.36430006112963 1.2957897136868712
 27.237442582618491 1.300114666340357
 28.120887461143393 1.3040791575194645
 29.014634696704337 1.3077059611484826
 29.918826390777677 1.3110083679114203
 30.833675695577955 1.3139910624066877
 31.75925366184335 1.3166553372927791
 32.69563134031203 1.31900509887826
 33.643021883198564 1.3210481827592346
 34.6014963412411 1.3227945177256863
 35.57119681591601 1.3242569399212154
 36.552265408699653 1.3254538917829374
 37.544844221068395 1.3264101513861887
 38.549004303760405 1.3271557422845625
 39.56495880899023 1.3277228599346058
 40.59277878749603 1.3281397209871526
 41.63267739149237 1.32842448402936
 42.684725671717416 1.3285854027619588
 43.74906572964753 1.3286244175445305
 44.82583966675908 1.3285375468661011
 45.91526063526658 1.3283149011894275
 47.017470736646416 1.3279429030231364
 48.13254102163674 1.3274069720051007
 49.26061359171394 1.3266946137653936
 50.40190159909254 1.3257982825185334
 51.556547145248906 1.324716225374335
 52.72469233165938 1.3234543854708462
 53.90647925980034 1.322026036949094
 55.10212108188632 1.320446740183731
 56.3116888486555 1.3187305198075893
 57.53539571232241 1.316885403352072
 58.773454825101595 1.3149132039794693
 60.02593723773124 1.3128195108985145
 61.29305610242587 1.3106191981395547
 62.574953520661864 1.308330907354663
 63.871842644653746 1.305971103712761
 65.18386557587787 1.3035489382934841
 66.5112354665488 1.301064371114851
 67.8540233674047 1.2985142294109077
 69.21251348139826 1.2959009978993856
 70.58691896074406 1.2932378213513864
 71.9772398054421 1.2905461656804741
 73.38404442139779 1.2878429490145884
 74.80719070713478 1.2851291215057161
 76.24667866265307 1.282395023308447
 77.70321879533448 1.2796280203483527
 79.17610059779717 1.2768124696997011
 80.66674508480477 1.2739303289725414
 82.17444174897547 1.2709662939364954
 83.69990109769107 1.2679142010295643
 85.24312313095155 1.2647784520320153
 86.80481835613872 1.2615682270421897
 88.3842762658708 1.2583007552147646
 89.98149686014776 1.2550058832098804
 91.5979011537332 1.2517214949126682
 93.23348914662715 1.2484815524324037
 94.88755033144778 1.245301255935228
 96.5607952155769 1.2421730441940264
 98.2539343063963 1.2390825819019004
 99.96625709652419 1.2360203981591437
 101.69918460072415 1.2329797270328128
 103.4520063116144 1.2299395653912705
 105.22472222919492 1.2268589570177228
 107.01804286084754 1.223699225872249
 108.83267871395402 1.2204344858324942
 110.66791928113258 1.2170397765837293
 112.5251855771468 1.2134865526943683
 114.40376709461492 1.2097500042310074
 116.3036638335369 1.2058111099746824
 118.22558630129456 1.2016486486480064
 120.17024500526965 1.1972602140025492
 122.13763994546224 1.192675151244991
 124.1270606144905 1.1879420977555201
 126.14063853449981 1.183122077810742
 128.17624218334478 1.1782798441414998
 130.2367135905526 1.1734537312194528
 132.3199212339779 1.1686399723584202
 134.42799663576604 1.1638239385318025
 136.56022928853525 1.1589984101571355
 138.71732969966731 1.1541560660595207
 140.89929786916223 1.149278738187217
 143.10613379702 1.144328452632978
 145.3392584980042 1.139258525482182
 147.59725095735126 1.1340254365685764
 149.88224269720657 1.1285942965080835
 152.19281270280652 1.1229443711123743
 154.5310924962965 1.1170705851052471
 156.89566106291295 1.1109737205593854
 159.28722891003764 1.1046382012761448
 161.70721705243414 1.0980364350524633
 164.1549149827207 1.091173678404398
 166.63032270089726 1.0841059255480158
 169.13486122172747 1.0769095376699684
 171.6678200378295 1.0696207964168458
 174.23062016396696 1.06222749974339
 176.82255109275806 1.054723286569094
 179.44432333158457 1.0471391002348382
 182.09593688044651 1.0395216195416492
 184.7788127541075 1.0318806463383713
 187.49152993780384 1.0241632161201703
 190.23621995368102 1.0162973550080067
 193.01288280173903 1.0082510327881137
 195.82080797459607 1.000057598405068
 198.6607059796339 0.9917872886329983
 201.53399783161611 0.9834845714822547
 204.43997302316094 0.9751358899315324
 207.37934206165022 0.9666999190592735
 210.35210494708383 0.9581564678229003
 213.35968269422545 0.9495163180634519
 216.4013647956933 0.9407680882986884
 219.47786175886912 0.9318462707687056
 222.58917358375296 0.9227071639523845
 225.73672128510835 0.9133522725502459
 228.92050486293535 0.9037994054498094
 232.13981380985214 0.894099445431173
 235.39677964800412 0.8843164776062495
 238.6906918700095 0.8744811514441667
 242.02226098324996 0.8646003663537981
 245.3921974951075 0.8546673307870268
 248.80050140558196 0.8446499660454756
 252.2471727146734 0.8345095590151028
 255.73363243714541 0.824283096454345
 259.2605910803798 0.8140536544117402
 262.8266276296129 0.8038439633895011
 266.43387360699023 0.793568549925464
 270.08232901251165 0.7831197715924838
 273.7719938461773 0.7724116025443781
 277.50357861536883 0.7613116593166659
 281.27779382746814 0.7498101514709155
 285.09534998985697 0.7381168593663434
 288.9555365951536 0.7264806069499031
 292.8597746581216 0.7149958198776098
 296.8087746861426 0.7035677083996207
 300.8025366792168 0.6920857128355435
 304.8410606373441 0.6805551285424208
 308.9264780826701 0.6690174806619722
 313.05736800043086 0.6574581408655963
 317.2351514053901 0.6459348017390885
 321.45982829754802 0.634532588803797
 325.732819691668 0.6232631307072294
 330.0541255877501 0.6121248765448177
 334.4244564931761 0.6011824122299638
 338.84452291532772 0.5904922186778031
 343.3136143468234 0.5800167032871811
 347.83386230980823 0.5696764773428821
 352.40455629690063 0.5594114153263553
 357.02711732286417 0.5492458973888884
 361.7015453876988 0.5392431745703493
 366.42855099878624 0.5294278344193077
 371.20884466350844 0.5197942346364238
 376.0431368892471 0.5103618543905384
 380.9314276760022 0.5011665129246985
 385.8751380385374 0.4922527108584007
 390.87426797685265 0.48370969828433763
 395.928817490948 0.47560662254846636
 401.0409181029688 0.46801091828429236
 406.2098593055333 0.4609813451030859
 411.43706211340503 0.4544949286652109
 416.722526526584 0.44846996280274425
 422.066963052452 0.44281072017627054
 427.47108219839094 0.43746989054175866
 432.93559447178245 0.43248247503757125
 438.4612103800084 0.42787125998881875
 444.04864043045063 0.42360700837058934
 449.69859513049084 0.4196233768723363
 455.4110744801291 0.41582613861395506
 461.18678898674716 0.4122011064556797
 467.0271596651087 0.40883046367972036
 472.9328970225954 0.40577689659371735
 478.9032905518256 0.4030753010143028
 484.9404717749445 0.4006909850923148
 491.04515119933404 0.39856360237474963
 497.2166183176124 0.39667900616345547
 503.45700465192493 0.3950304040483148
 509.76631020227165 0.3935831609615528
 516.1452454760345 0.39233654587503546
 522.5945209805949 0.3913148580763064
 529.114847223335 0.39047735839207
 535.7076452190183 0.38973317278167396
 542.3729149676446 0.38900901799917214
 549.1113669765961 0.3882519504236708
 555.9244222606361 0.3874484044959689
 562.8120808197646 0.3866266693386321
 569.7750531613635 0.3858453312820251
 576.8147603001963 0.3851732091748248
 583.9319127436448 0.3846629272000098
 591.1265104917092 0.3843269649058353
 598.3999745591528 0.3841223283067628
 605.7530154533575 0.3839678187404365
 613.1863436817052 0.38380335300468015
 620.7013802589595 0.3836266876186095
 628.2974146777384 0.38346785222240903
 635.9765784601874 0.38337692091506586
 643.7395821136884 0.3833605690097865
 651.5864256382413 0.38335053546560365
 659.5192405559914 0.38329249736282194
 667.537316359557 0.38319434221778025
 675.6427845710836 0.38309498104803024
 683.8363556979529 0.3830663538749816
 692.1180297401647 0.3831797563576975
 700.4892277124828 0.3834531372854193
 708.9506601222892 0.383843356980705
 717.5058795064924 0.38429851069058335
 726.1456492691293 0.3847794731513261
 734.8848900652176 0.38523756442191653
 743.7164968209396 0.3856222683328317
 752.6475746101128 0.38591057346698592
 761.6639132851016 0.3860441420246124
 770.7868280673596 0.38590407688634192
 780.0021088092512 0.38548322346991203
 789.3168605845942 0.38493390586738562
 798.7310833933886 0.3844298336439484
 808.2447772356344 0.3840949845187306
 817.8579421113317 0.3839361861397519
 827.5776830942982 0.38389281331754304
 837.4040001845342 0.3838526403262667
 847.3226832344036 0.38372001638392194
 857.3550474653604 0.38357422233046756
 867.4939878035865 0.3835160844314755
 877.739504249082 0.38350645590761173
 888.084491728029 0.3834644234368393
 898.550265461881 0.38336513808019706
 909.1155102291848 0.38332331103290634
 919.8015412513935 0.3834042345401183
 930.5941483808718 0.38344845883999034
 941.5004366914374 0.3832403759244046
 952.5204061830902 0.3828708977827637
 963.6540568558305 0.3826064959497027
 974.908493783476 0.38258121653168325
 986.2766118922088 0.38275575026621355
 997.765516255847 0.3830011624997178
 1009.3752068743905 0.3832567213284497
 1021.0985786740214 0.38344636078567534
 1032.9498418023754 0.38353361504580374
 1044.9147861118167 0.3836258220663786
 1057.0147268237992 0.3837136569479759
 1069.228348716869 0.3838265836876145
 1081.57696701248 0.38407336570944405
 1094.0463715629964 0.38455960506121222
 1106.6436674422361 0.38482401426931506
 1119.3759597240168 0.38435620554925836
 1132.229038260703 0.3836822938044203
 1145.2171131999302 0.38355515969501496
 1158.3401845416988 0.3838552064147005
 1171.5911472121906 0.38413794582450583
 1184.9842113590414 0.3840960984984809
 1198.5051668346154 0.38395224653995085
 1212.1682237865488 0.38393893740886625
 1225.9662771410232 0.3838495400969963
 1239.899326898039 0.3836311663845269
 1253.981583205232 0.3831496058342638
 1268.198835914966 0.38250540321005555
 1282.5581901010591 0.3819418724536181
 1297.0596457635112 0.3814030435022006
 1311.710307976141 0.38108410199389602
 1326.5030716651294 0.38155741186441904
 1341.4450419042952 0.3823757738763645
 1356.5362186936381 0.3832424925510575
 1371.776602033158 0.38442187437311076
 1387.1661919228552 0.3851904965918595
 1402.7049883627294 0.3851043584457327
 1418.3929913527808 0.3848881789323459
 1434.2444110406452 0.3854599827810384
 1450.2450372786865 0.3865927640388321
 1466.4019751407231 0.3878960821491074
 1482.715224626755 0.38899974886100546
 1499.1847857367815 0.3898051792534678
 1515.8177635446213 0.3908098468053154
 1532.6141580502742 0.3919000708150189
 1549.566864179922 0.3924161956202453
 1566.682987007383 0.3922735313799726
 1583.9696316064748 0.39194925538146047
 1601.412587829562 0.39147592333340747
 1619.0331708980977 0.3907528710024235
 1636.8100655906287 0.39001561073531093
 1654.7645871286088 0.38900419440847933
 1672.8825253644017 0.38818948418624305
 1691.170985371826 0.3883539344326436
 1709.6370722246986 0.3893927543810245
 1728.2736808492024 0.391349652600186
 1747.0879163191555 0.39305922496572076
 1766.0726735607395 0.39337597487213954
 1785.2421627215903 0.39295753205224
 1804.582173654072 0.3933440054195782
 1824.1069165058206 0.39451140092078895
 1843.8092862030184 0.3945503926223174
 1863.6892827456647 0.39374715265864285
 1883.754011207578 0.3933837982960222
 1904.0105766625767 0.39374135702319124
 1924.4447689630242 0.3948815960918929
 1945.063693182738 0.3965512114389681
 1965.8673493217195 0.3979287902276036
 1986.8628424537853 0.3971769532224602
 2008.050172578936 0.395298425014791
 2029.422234623354 0.3940291170894758
 2050.9932387346743 0.3944739250381231
 2072.748974765262 0.395017643056619
 2094.7036528627527 0.3945336565433504
 2116.850167953328 0.39414864367136254
 2139.1885200369874 0.39465359499426244
 2161.732919261369 0.39635306617796672
 2184.469155478834 0.39721479683245353
 2207.404333763203 0.3966064833279749
 2230.538454114474 0.395032942657979
 2253.8715165326484 0.3945793557147517
 2277.4106260915432 0.39469551430849564
 2301.1486777173413 0.39404467563641343
 2325.09277648386 0.3926991667750758
 2349.2429223910994 0.3907721299927191
 2373.592010365241 0.389790966547538
 2398.1542505539223 0.38890365876786087
 2422.922537883324 0.388206574138212
 2447.8968723534462 0.3879653909633599
 2473.084359038108 0.38701653953902587
 2498.4778928634896 0.3851493133082219
 2524.0774738295926 0.3839689795202482
 2549.897312084052 0.38392255139489184
 2575.9303025530502 0.3839960827313164
 2602.169340162769 0.3829951635211822
 2628.6286350608447 0.3798528823204388
 2655.3010821734596 0.3780182742755211
 2682.1866815006123 0.37698390444898494
 2709.2925381161226 0.3765280290161257
 2736.611546946171 0.37511706354143264
 2764.1508130645765 0.3739198780791648
 2791.903231397521 0.3733766466041379
 2819.8830120926395 0.37174031884712543
 2848.075945002297 0.37081771119358064
 2876.4962402741293 0.37031164118911447
 2905.136792834318 0.36529119088309813
 2933.9904976090456 0.36113616922134744
 2963.071564745948 0.3570731590878538
 2992.3799942450245 0.35298477243615494
 3021.9086810324583 0.34862163887481045
 3051.6576251082483 0.3436521189607359
 3081.6339315462137 0.33587564163727834
 3111.837600346353 0.3277220602523863
 3142.261526434849 0.32082722222674853
 3172.9128148855206 0.3135203813472201
 3203.7914656983657 0.3047143605822994
 3234.8903737995683 0.2939888456071124
 3266.223749336763 0.283973938193526
 3297.777382162315 0.27475704164101094
 3329.565482423859 0.26299659370746253
 3361.57383997376 0.2472469939228914
 3393.809559885836 0.2299675825322147
 3426.279747233904 0.213279412638697
 3458.970191870329 0.1955402023485628
 3491.8951039427465 0.1771751113549954
 3525.0473783773386 0.15871032604580562
 3558.4270151741052 0.14128420067869304
 3592.034014333047 0.12434011065162837
 3625.8683758541633 0.10812612391555576
 3659.930099737454 0.0932525879624212
 3694.2262910567374 0.08117588154164936
 3728.742739664378 0.07162530996722888
 3763.4936557080104 0.06326265007731
 3798.46482904 0.05570432902801839
 3833.670469807982 0.04995789576916485
 3869.0963678643206 0.04382807203875797
 3904.756733356652 0.03744109111807389
 3940.63735613734 0.03233245002903141
 3976.7524463540212 0.028470048910093102
 4013.0877938590583 0.02537752004857498
 4049.65050372627 0.022796692794767592
 4086.4334708818387 0.02058538169795768
 4123.450905473401 0.018656259423420386
 4160.681492279501 0.016952749955237975
 4198.146546521593 0.015435572649943333
 4235.824752978225 0.014075807053093697
 4273.730321797031 0.012851231042417963
 4311.863252978012 0.01174422009080091
 4350.209336373531 0.010740453970764837
 4388.775677057408 9.828072990413288E-3
 4427.562275029641 8.997101072295979E-3
 4466.56913029023 8.239039946453823E-3
 4505.796242839177 7.546569676235339E-3
 4545.236507602661 6.913328222477709E-3
 4584.897029654503 6.333740066781156E-3
 4624.763598847066 5.802885680631763E-3
 4664.850425327985 5.316397109737601E-3
 4705.150404023443 4.87037526895948E-3
 4745.66353493344 4.461322960598648E-3
 4786.382712984157 4.086090625125527E-3
 4827.315043249413 3.741831282232678E-3
 4868.453420655391 3.4259634172557323E-3
 4909.797845202088 3.1361398019603163E-3
 4951.348316889507 2.8702213675580604E-3
 4993.104835717647 2.626254531800939E-3
 5035.067401686507 2.4024522542325484E-3
 5077.228909722269 2.197177598049623E-3
 5119.582254751117 2.0089288970840677E-3
 5162.141646920686 1.836327819164411E-3
 5204.8999811571575 1.678107687787871E-3
 5247.8501523867134 1.5331039714486984E-3
 5290.992160609355 1.4002454566461937E-3
 5334.326005825081 1.2785463326909732E-3
 5377.85879310771 1.1670992638675328E-3
 5421.569207235787 1.0650688728168448E-3
 5465.47145835695 9.716860364443974E-4
 5509.55844139738 8.862426145535647E-4
 5553.823051283259 8.080865895125027E-4
 5598.272393088404 7.366176987284866E-4
 5642.899361738999 6.712834368949734E-4
 5687.711062308859 6.115752493683301E-4
 5732.686179576534 5.570252552312857E-4
 5777.838923689657 5.072029889595059E-4
 5823.162189574412 4.6171255944819943E-4
 5868.655977230796 4.2018995915744727E-4
 5914.313181584996 3.823005960036967E-4
 5960.133802637007 3.477370161267371E-4
 6006.117840386831 3.1621679114841584E-4
 6052.258189760651 2.8748055289933623E-4
 6098.554850758465 2.612902053743052E-4
 6145.007823380275 2.3742724560979431E-4
 6191.61710762608 2.1569124513837794E-4
 6238.368493348244 1.958983883893814E-4
 6285.276190694402 1.77880158604117E-4
 6332.318884443102 1.6148214324267733E-4
 6379.51078474198 1.4656288911817398E-4
 6426.837681443398 1.3299286400270265E-4
 6474.299574547358 1.2065349220369493E-4
 6521.896464053859 1.0943627605725687E-4
 6569.621244889083 9.924196533327102E-5
 6617.481022126849 8.99798132813218E-5
 6665.46158561952 8.156686587123139E-5
 6713.570040440913 7.392733893525565E-5
 6761.792176443394 6.699200126439881E-5
 6810.135098700781 6.06976479720676E-5
 6858.591702139254 5.498659653934889E-5
 6907.154881684997 4.980621698645492E-5
 6955.831742411828 4.510851191038551E-5
 7004.60807417211 4.084972694957489E-5
 7053.490982039661 3.6989988134714285E-5
 7102.473360940664 3.349297667340314E-5
 7151.541000727482 3.03256226223599E-5
 7200.708111547752 2.7457829330616924E-5
 7249.9462731062 2.48622187911555E-5
 7299.326536141009 2.2513897038198664E-5
 7348.777849913998 2.0390242675633E-5
 7398.229163686986 1.847070984818906E-5
 7447.822578936333 1.6736649851145724E-5
 7497.487044923858 1.5171148229712583E-5
 7547.222561649565 1.3758875222990795E-5
 7597.029129113451 1.248595000567492E-5
 7646.835696577336 1.1339816525007234E-5
 7696.784365517582 1.0309131607522E-5
 7746.733034457826 9.383660903288034E-6
 7796.823804874431 8.554188103496514E-6
 7846.843524552856 7.81242926168051E-6
 7897.005345707638 7.150957070063972E-6
 7947.167166862423 6.563133268541512E-6
 7997.400038755387 6.043046684366257E-6
 8047.63291064835 5.585458458040908E-6
 8097.865782541313 5.18575366710221E-6
 8148.169705172457 4.83989832073671E-6
 8198.544678541777 4.54440239143604E-6
 8248.919651911101 4.296287789655407E-6
 8299.223574542244 4.093062127565999E-6
 8349.669598649747 3.932697399215571E-6
 8400.04457201907 3.813614512111222E-6
 8450.49059612657 3.734672380667945E-6
 8500.865569495892 3.695176312593636E-6
