 0.24447015851418352 0.9999056321349179
 0.7362845932464062 0.9992499760273663
 1.2338854863159065 0.9971610264634553
 1.7373431185931778 0.9926722991537272
 2.246712974975978 0.984887925808522
 2.762081365305263 0.9731331440514609
 3.2835099394674323 0.9570334231552313
 3.8110665123375206 0.9364791866770487
 4.344825063779207 0.9116409137942716
 4.884859573656168 0.8829174926942962
 5.43125018682072 0.8508945444574572
 5.984052388170622 0.8162510078626374
 6.54333399258091 0.7796501136485137
 7.109218299824381 0.7418094568627764
 7.68176079479879 0.7034256275182967
 8.261023127390537 0.6650716344950957
 8.847066947486018 0.6271742108221041
 9.440077204744426 0.590207573803676
 10.039992249279367 0.5545099021458463
 10.646935380863631 0.5202237224762785
 11.261029899270016 0.48754355324941356
 11.882337454384919 0.4565705137990902
 12.510981345981135 0.4273738604551793
 13.146961574058663 0.39995810179631974
 13.7904014383903 0.3742614185350297
 14.44142423874884 0.3502598827833113
 15.100091625020681 0.32790666772073973
 15.76646524709222 0.3071102599085154
 16.440668404736257 0.28777737400589703
 17.12282439772558 0.2698493381560042
 17.812933226060192 0.2532226502311299
 18.511179839399286 0.2378080209449818
 19.21756423774286 0.2235101762295381
 19.93233302063651 0.21025843531744375
 20.65542453819383 0.19799489915292875
 21.386962090187623 0.1866163822063419
 22.127130626277075 0.17606920535679765
 22.87599179634859 0.16630595396222871
 23.633607250288562 0.15725241892316765
 24.40016193775618 0.14885882862002228
 25.17565585875146 0.141078208612612
 25.960212313047176 0.1338452140829557
 26.754016250302534 0.12712075383706794
 27.557129320403927 0.12087166325760128
 28.369613173237752 0.11504885388338444
 29.191652758463202 0.10961821097999266
 30.023309725966683 0.10455553426164241
 30.864707375520975 0.0998307981837347
 31.715969006898884 0.09541942695078605
 32.577217919873206 0.09130224214172465
 33.44851576433033 0.08745725612520978
 34.330047489929455 0.0838684641840991
 35.22187474655698 0.08051955370227823
 36.12418248387209 0.07739314881364927
 37.03703235176119 0.07447529142901826
 37.96054764999708 0.07174772234554028
 38.894851678352544 0.0691926915625267
 39.84012938648677 0.0667954595289821
 40.796504074172574 0.06454599917530826
 41.764037391296334 0.06243405420407194
 42.742852637630853 0.06044900783773631
 43.733134762835334 0.05858355905393285
 44.735007066682555 0.056828629108233955
 45.74859284894531 0.055170190285018454
 46.77401540939641 0.05359449794945947
 47.811459697695035 0.05209439191359765
 48.860987363727595 0.05066103198866137
 49.92278335715328 0.04928249356865664
 50.99703262763126 0.047954255990056683
 52.08379682504796 0.04667192190756499
 53.18326089906256 0.045433050468550825
 54.29554814944787 0.04423939708630209
 55.42084352586306 0.04309665340413595
 56.55927032808094 0.042012795138715884
 57.711013505760703 0.04099633284525427
 58.87613470878874 0.040049564210502354
 60.054880536710633 0.03916773936788492
 61.24743593918559 0.03834686203534287
 62.45380091621362 0.037571611326058976
 63.674468666885886 0.03683306255199986
 64.9093158914296 0.03612883260679891
 66.15834258984475 0.03544200136403538
 67.42216526099533 0.03477787183136233
 68.70016740601734 0.03412490492150315
 69.99358202263876 0.03347968951450385
 71.30179261199561 0.03285196441080686
 72.62541567295185 0.032243014425094404
 73.96445120550747 0.03166297050089764
 75.31951570852648 0.031122337498529106
 76.6899926831449 0.030623366740252042
 78.07588212936268 0.030136353299786644
 79.47841704490784 0.029655043233136394
 80.89759742978033 0.029198176844893536
 82.33280678511622 0.02876227443406694
 83.78466160977945 0.028336399478123303
 85.25377840263398 0.02793022370000687
 86.73954066481588 0.027532917227578192
 88.24318139405308 0.027137981474206217
 89.7640840914816 0.026752203024045777
 91.30224875710145 0.02636564502436488
 92.8582918897766 0.025977521782407503
 94.43282998837103 0.025600281247613342
 96.02524655402075 0.025230711939813407
 97.63677458445372 0.024870728932731973
 99.26679758080598 0.02452587709623119
 100.91531554307751 0.024177837628395076
 102.5829449701323 0.023817740543995866
 104.27030236083431 0.023453814310431083
 105.97738771518354 0.02310256279045401
 107.70358453431605 0.022756003728874683
 109.45074231482373 0.02242068716275715
 111.21701156011464 0.022091573867459867
 113.00485826564471 0.02177068787096949
 114.81243293482203 0.021464831600352677
 116.6415850642385 0.02116779591684989
 118.49169815503015 0.02088799519881399
 120.36338870606096 0.020622752146508462
 122.25665671733091 0.020374252062072193
 124.17150218884004 0.020132061890266433
 126.10915811831626 0.019900130286299135
 128.06839150803165 0.01967524253417011
 130.0510518545781 0.019456916186261753
 132.0559061602277 0.01924412071121289
 134.08480392157235 0.019033808147168807
 136.13651214088412 0.018825363957065875
 138.21164731702697 0.018601356302171613
 140.31144244772883 0.018366607121524294
 142.43528103412577 0.01813116132076541
 144.5831630762178 0.01789678567017986
 146.75632157173282 0.01768020672456571
 148.95414002180686 0.017494991289652317
 151.1778514241679 0.01734494660063164
 153.42683927995196 0.017221232867006455
 155.70172008802296 0.017099519048125205
 158.002493848381 0.016959980014697537
 160.33039355875396 0.016804926487424574
 162.6841862214139 0.016640311689492925
 165.06572133295276 0.01646907438983586
 167.47499889337055 0.016302876900779816
 169.9114024038033 0.016141342801887625
 172.37554836311491 0.01598280808998724
 174.8686697690334 0.015834142802411195
 177.39015012269481 0.015695204137787466
 179.94060592296307 0.015561754889132619
 182.52003716983821 0.015430787806419
 185.12967686104812 0.015302948796201494
 187.76890849772894 0.01518189131181787
 190.43834857874452 0.015070828756439785
 193.13799710409497 0.014971711558891694
 195.86908707150814 0.014884758790463994
 198.63161848098411 0.014808969463973653
 201.42497483365886 0.014726979481365865
 204.25100562612436 0.014628604090575117
 207.10909435951663 0.014518261991748754
 209.99985753269953 0.014402521288480713
 212.9239116445372 0.01428606742152312
 215.88125669502954 0.014165888599802196
 218.8718926841766 0.014044165545611333
 221.8970526097063 0.013936344862833395
 224.95735297048261 0.013856764440818492
 228.05156076877761 0.013791707374861281
 231.1815255011832 0.013716411651533963
 234.3472471676994 0.013611961351675826
 237.5487257683262 0.013464944665092822
 240.78657780192756 0.01328415206917104
 244.0614197673675 0.013096321922213777
 247.37386816350993 0.012931500481454522
 250.72330649149097 0.012799943059828194
 254.1109677490385 0.012693334474830726
 257.5374684350165 0.012607862356645011
 261.00280854942496 0.012542107269312314
 264.5069880922639 0.012483285639646739
 268.0518565601253 0.01242362968440248
 271.63618095528113 0.012367216060751396
 275.2611942754594 0.012321268788366868
 278.92689652066 0.012284750702222257
 282.634520688611 0.012241811826189233
 286.38406677931243 0.012177863025746513
 290.1761512916281 0.012093595262321368
 294.0113907244221 0.012008950008341391
 297.8891685788305 0.011937902756477497
 301.81133435144505 0.011877413524362472
 305.777271543402 0.011809103326908764
 309.78821315242913 0.011714225740966715
 313.8441591785265 0.01159386937852518
 317.9457261205581 0.011466345843972168
 322.0935304773879 0.011352802752426125
 326.2881887478799 0.0112705707005848
 330.529700932034 0.01122939259201898
 334.8193000275782 0.011221380537952953
 339.1569860345126 0.01122003122167905
 343.54275895283706 0.01118731661931655
 347.97846827914366 0.011117592184348182
 352.46349751456824 0.01105047738791752
 356.9990796568389 0.0110157548751429
 361.5852147059555 0.010997421553930325
 366.22251916078215 0.010958718562525697
 370.91160952018276 0.010887751356167914
 375.6531022830214 0.01080929767387994
 380.44761394816185 0.01075203497581857
 385.29576101446826 0.010711660167197082
 390.1981599808046 0.010674788108627483
 395.1548108471707 0.01063870473545753
 400.16633011243067 0.010583258095129468
 405.2339507743125 0.010492674197269352
 410.35828933168016 0.010374793250302864
 415.5387292856696 0.01023480230524635
 420.7771201328727 0.010090627664961018
 426.07407837215356 9.966025000711854E-3
 431.42898750464814 9.865674580281677E-3
 436.8436970269484 9.796425260515397E-3
 442.3182069390543 9.758716104873007E-3
 447.85313373982984 9.73185565844877E-3
 453.449093928139 9.69899545284903E-3
 459.10670400284573 9.656144770176163E-3
 464.82719696167805 9.618269101301717E-3
 470.61057280463586 9.610253718827998E-3
 476.45744803058323 9.62725542073532E-3
 482.36905563724803 9.650791952122715E-3
 488.34539562463027 9.660578777960005E-3
 494.38708449159406 9.62800181141437E-3
 500.4953552358672 9.557352714458539E-3
 506.67082435631363 9.480074661571834E-3
 512.9134918529336 9.408750375142058E-3
 519.2245907234548 9.340584178514424E-3
 525.6047374667412 9.262548228641072E-3
 532.054548581657 9.148893526872447E-3
 538.57525706593 8.997906914965298E-3
 545.1662464206962 8.83648842044459E-3
 551.8293661425477 8.66559604580899E-3
 558.5652327303482 8.468618244628624E-3
 565.3738461840979 8.2831323869055E-3
 572.2570560003887 8.163064901804393E-3
 579.2142456803567 8.112642830409432E-3
 586.2472647205936 8.104709206970763E-3
 593.3567296199636 8.094883241017557E-3
 600.5426403784667 8.03459999696346E-3
 607.8062299938306 7.896582085153323E-3
 615.1481149649195 7.710258518612845E-3
 622.5713777860532 7.555153026739432E-3
 630.0680039719999 7.459132740962779E-3
 637.6509399989034 7.3958440434921425E-3
 645.3140208781238 7.337780020854199E-3
 653.0634115983007 7.275747538689758E-3
 660.8867821821548 7.211187697814655E-3
 668.8026275956051 7.147216107570384E-3
 676.7986178613725 7.0605440262029965E-3
 684.8809179680964 6.931960881208319E-3
 693.0495279157769 6.799743620591301E-3
 701.3044477044141 6.666100895729584E-3
 709.6456773340079 6.500655705209264E-3
 718.0793817931981 6.307266748192261E-3
 726.6055610819848 6.108210256786212E-3
 735.2118852230881 5.921703102951604E-3
 743.9168491824277 5.754393990630829E-3
 752.7142879713637 5.589953290491176E-3
 761.604201589896 5.408463030048514E-3
 770.580425049385 5.199171670334822E-3
 779.6614533157498 4.988762062232589E-3
 788.8287914230714 4.801462136958905E-3
 798.1009343372687 4.620966425911369E-3
 807.4655520810626 4.4317392006535524E-3
 816.9288096430923 4.244058467098875E-3
 826.4907070233584 4.071728288091177E-3
 836.1512442218607 3.892757871240639E-3
 845.9165862272388 3.697843714818967E-3
 855.780568050853 3.5128781740736956E-3
 865.7493546813432 3.3546085051212584E-3
 875.8229461187092 3.2149542195170415E-3
 885.9951773743115 3.068288060176429E-3
 896.2783784254294 2.901742689532511E-3
 906.6602192947834 2.7233534662356533E-3
 917.1591949482928 2.5509849247442113E-3
 927.7568104200384 2.3956484713653467E-3
 938.4715606759393 2.2528059056264693E-3
 949.2911157387161 2.1069070229000476E-3
 960.2216405970087 1.9390651373085005E-3
 971.2693002394566 1.7513370473888954E-3
 982.4217646887805 1.576279858057812E-3
 993.6913639222597 1.4385819169121316E-3
 1005.0780979398945 1.3151847865602941E-3
 1016.575801753045 1.1727967111013603E-3
 1028.1968053389905 1.01363105613071E-3
 1039.9287787204516 8.609651009368694E-4
 1051.784051874708 7.292823616602406E-4
 1063.7564598131198 6.15669619621202E-4
 1075.846002535687 5.170926638218625E-4
 1088.0650100196892 4.352741713358615E-4
 1100.4011522878467 3.6431716630897913E-4
 1112.8605943287993 2.9920653526643956E-4
 1125.4433361425474 2.4433421089847725E-4
 1138.1555427177302 2.0625453198765283E-4
 1150.9910490657082 1.8299190913119903E-4
 1163.9560201751212 1.6520765536002675E-4
 1177.0504560459692 1.4749960617403348E-4
 1190.274356678252 1.3049732996224942E-4
 1203.6277220719698 1.1761739210097454E-4
 1217.1105522271225 1.0948075768463061E-4
 1230.7228471437101 1.0182105971521977E-4
 1244.4769367990124 9.263771906285261E-5
 1258.3604912157493 8.13030012148059E-5
 1272.3796753825611 6.937418855761901E-5
 1286.5344892994476 6.415101733399924E-5
 1300.8249329664085 6.969152047365618E-5
 1315.2571713720842 8.225423834365295E-5
 1329.8312045164743 9.684415515015041E-5
 1344.5408674109391 1.0887061479348268E-4
 1359.3923250441182 1.1045800931238668E-4
 1374.3917424046517 9.742071176821339E-5
 1389.52678951526 7.586850082970366E-5
 1404.8159613418617 5.31297430845925E-5
 1420.2407629185386 3.191032425858876E-5
 1435.8196892112093 1.6969943689623918E-5
 1451.5404102425945 1.431568579872653E-5
 1467.4090910013342 2.035325200645574E-5
 1483.4318964760675 2.4485438394042432E-5
 1499.602661678155 1.9789574043825416E-5
 1515.9275515962367 6.63903752596157E-6
 1532.4004012416726 -6.7377129894597765E-6
 1549.0335405917421 -6.940772319636016E-6
 1565.814639669166 1.32057092243054E-5
 1582.7560284512233 4.203945276343763E-5
 1599.8515419492748 5.9701900654589716E-5
 1617.1011801633201 6.220328796771214E-5
 1634.511108081999 5.981234300916148E-5
 1652.087490693952 5.569624006060823E-5
 1669.8179980218985 4.532052373718017E-5
 1687.7087950544787 3.123889979835675E-5
 1705.759881791693 2.081204616380807E-5
 1723.9774232221805 1.569473654927716E-5
 1742.3614193459413 1.298483694553627E-5
 1760.9057051743363 6.87773729949045E-6
 1779.6226106846443 -4.630868160037968E-6
 1798.4998058995861 -8.096896325998568E-6
 1817.5496207964413 6.561569571801081E-6
 1836.7658903865697 2.77563756435078E-5
 1856.1486146699717 4.096923396574699E-5
 1875.7101236239268 4.3416017266991316E-5
 1895.4380872711551 3.5457219505809405E-5
 1915.338670600297 1.8609148567430914E-5
 1935.411873611352 3.735760667558381E-8
 1955.6576963043203 -1.5167184183796857E-5
 1976.0823036678416 -2.5075164512436293E-5
 1996.6795307132758 -3.308919707304308E-5
 2017.4555424292634 -4.544526838569552E-5
 2038.4103388158041 -6.067626077074345E-5
 2059.5377548842575 -7.410427662438829E-5
 2080.8501206119044 -8.020473344662308E-5
 2102.341271010104 -7.050774540462318E-5
 2124.0112060788565 -4.272845442505219E-5
 2145.866090806802 -1.2637666368744861E-5
 2167.8997602053 6.898180306708974E-6
 2190.1122142743515 2.265184928723828E-5
 2212.515782991235 3.685813130303057E-5
 2235.104301367312 4.029652907904261E-5
 2257.8716044139414 3.221662595653232E-5
 2280.8300221084036 2.1920911229637793E-5
 2303.973389462059 1.3732989286567123E-5
 2327.301706474906 3.868821800050403E-6
 2350.8211381355863 -1.4581387387246228E-5
 2374.5255194554592 -3.778081188944484E-5
 2398.421015423165 -4.823160923845799E-5
 2422.5014610500634 -4.098190085071859E-5
 2446.779186313434 -2.3950419754737403E-5
 2471.2418612359974 1.823124265813095E-6
 2495.901815795033 4.564156083037375E-5
 2520.752885001901 9.599412306587347E-5
 2545.788903867962 1.2055806170232942E-4
 2571.0222023704955 1.2155481165070976E-4
 2596.452780509501 1.1478267572168745E-4
 2622.0744732963385 1.0611739833276883E-4
 2647.887280731009 1.1353210629734141E-4
 2673.897367802152 1.378252339138948E-4
 2700.1047345097672 1.583841638497545E-4
 2726.5032158652147 1.7383855093333042E-4
 2753.098976857135 2.0045306040010021E-4
 2779.892017485527 2.2704828846510842E-4
 2806.8761727617516 2.199575985872256E-4
 2834.0637726630884 1.8973791704644614E-4
 2861.4424872122576 1.6758712494995692E-4
 2889.024646386539 1.5259212028098537E-4
 2916.797920208653 1.4082251645548262E-4
 2944.768473667239 1.3517088595537E-4
 2972.9424717509373 1.2744450366246147E-4
 3001.307584482468 1.0701493438740724E-4
 3029.876141839111 7.910632087273307E-5
 3058.641978832226 6.247170371560931E-5
 3087.605095461813 6.540804957955279E-5
 3116.765491727873 7.723228160346247E-5
 3146.123167630405 7.906225767938926E-5
 3175.678123169409 5.855070814047668E-5
 3205.436523333525 3.165757217658319E-5
 3235.3860381454742 1.4918489941499306E-5
 3265.538997582535 -4.7009150373374E-6
 3295.8830716674283 -3.2836905653638944E-5
 3326.430590377434 -5.927486320007304E-5
 3357.1692237352713 -7.560459765325855E-5
 3388.111301718221 -7.816293873436768E-5
 3419.2444943490036 -7.280468662869883E-5
 3450.5811316048984 -6.8045934316657E-5
 3482.1088835086252 -6.29039401644886E-5
 3513.8339150488245 -5.2893547829280335E-5
 3545.7500612368562 -4.018096693894054E-5
 3577.8696520500006 -2.8642710767359415E-5
 3610.1741925223373 -1.77736725703212E-5
 3642.6821776197857 -6.286230866786789E-6
 3675.375112376427 2.9949578281220422E-6
 3708.2653267695413 8.10847261659998E-6
 3741.3528207991275 1.0154903490283974E-5
 3774.625264487906 1.0609405525508765E-5
 3808.0888228245175 1.1236021073941461E-5
 3841.743495808961 1.3620408939246183E-5
 3875.5892834412375 1.7342477476725984E-5
 3909.6261857213467 2.0492668360715062E-5
 3943.848037660648 2.2366955252324733E-5
 3978.2610042477822 2.3587337983093463E-5
 4012.8527555054697 2.440924180107214E-5
 4047.6356214109896 2.487093122045744E-5
 4082.603436975702 2.5398554005374182E-5
 4117.756202199607 2.613038043380029E-5
 4153.087752094065 2.675213918014014E-5
 4188.604251647716 2.71282652531888E-5
 4224.299535871921 2.7298958884568472E-5
 4260.173604766677 2.7399960874164485E-5
 4296.2264583319874 2.7500125645687736E-5
 4332.4580965678514 2.7565725973341847E-5
 4368.868519474267 2.763300940483384E-5
 4405.451562062596 2.7737407715581916E-5
 4442.201059344199 2.7805748706730892E-5
 4479.129341296355 2.7870808240303127E-5
 4516.2302429304245 2.797281849261768E-5
 4553.4975992577665 2.8043583696143762E-5
 4590.931410278383 2.811372374607266E-5
 4628.5316759922725 2.8213153187685923E-5
 4666.304561388075 2.831641767420316E-5
 4704.231571499871 2.8389053026705004E-5
 4742.325036304942 2.849056678810623E-5
 4780.578790814647 2.8595948310709164E-5
 4818.986670040344 2.8731897276377005E-5
 4857.554838970676 2.8866980275087402E-5
 4896.277132617001 2.8969436957709205E-5
 4935.15971596796 2.910693770447684E-5
 4974.184094057635 2.9245711415979476E-5
 5013.362596863303 2.938111922748499E-5
 5052.689059396325 2.9548617141562204E-5
 5092.163481656701 2.9717285175360085E-5
 5131.779698655791 2.988693785178703E-5
 5171.537710393597 3.0085985424460656E-5
 5211.437516870116 3.0285951892438152E-5
 5251.472953096711 3.04566024046147E-5
 5291.64401907338 3.065618995629584E-5
 5331.950714800124 3.09147896882905E-5
 5372.393040276942 3.114640163145779E-5
 5412.958665526556 3.1376461405378875E-5
 5453.659920526245 3.1637321764723205E-5
 5494.478310310088 3.1928706248875906E-5
 5535.426164855367 3.221841381586964E-5
 5576.4911541848005 3.2481639591434444E-5
 5617.67327829839 3.280228922404469E-5
 5658.972537196135 3.315314061646723E-5
 5700.382765889395 3.347268639581871E-5
 5741.910129366812 3.382218662754578E-5
 5783.542297651104 3.420157707651455E-5
 5825.285435730911 3.461062261203642E-5
 5867.127213628954 3.50492898127466E-5
 5909.073796333874 3.545688920592499E-5
 5951.11901885703 3.5925438330346E-5
 5993.256716209782 3.642088950396452E-5
 6035.49305338077 3.691664715978025E-5
 6077.815700392715 3.74704655205906E-5
 6120.230822234256 3.802193337321064E-5
 6162.732253916754 3.860804884793341E-5
 6205.307665462929 3.924910936570234E-5
 6247.969386850061 3.992208697759831E-5
 6290.69275812359 4.060354299993786E-5
 6333.539429169914 4.133845956835117E-5
 6376.447750102637 4.215918591344061E-5
 6419.3560710353594 4.297672492317541E-5
 6462.387691740876 4.38450636316996E-5
 6505.48096233279 4.4826010044825005E-5
 6548.635882811103 4.580417093502604E-5
 6591.852453175813 4.6897499364226193E-5
 6635.069023540523 4.806791803659301E-5
 6678.408893678028 4.929087220377525E-5
 6721.748763815533 5.062210337349663E-5
 6765.211933725833 5.20703729725301E-5
 6808.613453749736 5.360108564389581E-5
 6852.138273546433 5.528589403761884E-5
 6895.663093343132 5.7145667722341634E-5
 6939.249563026227 5.914227146919884E-5
 6982.836032709322 6.143138442919003E-5
 7026.422502392417 6.389947956046929E-5
 7070.0706219619114 6.659469298562955E-5
 7113.780391417801 6.969125530090992E-5
 7157.490160873692 7.333302539382036E-5
 7201.138280443185 7.737403281452748E-5
 7244.909699785474 8.19918028720596E-5
 7288.619469241365 8.607989968694127E-5
