 0.0E+0 0.0E+0
 0.21421941024439172 0.21421941024439172
 0.6451767049847358 0.6451778664911754
 1.0812044414507657 1.0811980421170641
 1.5223642039549394 1.522318536496456
 1.9687046116913027 1.9685617974924651
 2.420301294517259 2.4199280988595237
 2.877208273759526 2.8763925289446543
 3.339484972877493 3.337901158125483
 3.8071962174632205 3.804367480002672
 4.28040683310877 4.275670495118916
 4.759187047538872 4.751653342186802
 5.2435854799475745 5.232123571843244
 5.733661553794265 5.716852325386191
 6.229523311732379 6.205577619827763
 6.731219372955961 6.698006811684119
 7.238803758791729 7.1938209770463
 7.7523304905664 7.692679017896656
 8.271961632260126 8.194224779723976
 8.79764316254619 8.698091157839926
 9.329483124078028 9.203907214994166
 9.86758955950907 9.711303108954075
 10.412016490166039 10.219915841347742
 10.962871958702365 10.729391721453814
 11.520155965118052 11.23938882999135
 12.083976552066531 11.749576197856548
 12.654441762201238 12.25963216359617
 13.23160561684889 12.769239445827818
 13.815522137336206 13.278080215660252
 14.40629936631662 13.785827884060518
 15.004045346443563 14.292139436729967
 15.60876007771704 14.79664694771697
 16.2206056241172 15.298949366784091
 16.839581985644045 15.798603485511919
 17.465905247604442 16.29511873596495
 18.099521388671675 16.787951441848612
 18.74053845149918 17.276503175982647
 19.389118500067105 17.76011911777459
 20.04531555570217 18.238093528308297
 20.709183639731094 18.709671666624974
 21.380884816134024 19.174059918637
 22.060419084910964 19.630432914743082
 22.747894488715346 20.07794557502308
 23.443473091527327 20.515744606924005
 24.14720891467362 20.94298082420931
 24.85915597948094 21.35882146590812
 25.57947634992944 21.76246224151012
 26.308224047345845 22.153138007388232
 27.04550711438358 22.530134264484615
 27.79143359369608 22.89279482343466
 28.546111527936787 23.24053330225296
 29.309594938432415 23.57283832766747
 30.082045889163115 23.889282569015627
 30.8635184014556 24.189529582105055
 31.65417453929003 24.473339284302152
 32.45406832399312 24.74057197872215
 33.2633077982183 24.9911920225385
 34.082001004619016 25.225269058877746
 34.9103100071754 25.442978372700324
 35.74834284854091 25.644598536512472
 36.59615355004224 25.83050579840043
 37.45385015433284 26.001166389531014
 38.321594725392856 26.157128421020562
 39.19949530587573 26.29901339754762
 40.08765993843489 26.42750638956898
 40.98619666572377 26.54334437138105
 41.895267551722525 26.64730373791791
 42.81492661775788 26.740187848924822
 43.74533592780997 26.822815065889724
 44.68665754585894 26.896006953227356
 45.638945493231545 26.960576205708996
 46.602361833907906 27.017315424530863
 47.57701461054147 27.066987590660062
 48.56306588711238 27.110318273783505
 49.56062370627407 27.147989634348423
 50.56985013200671 27.18063642401015
 51.590799185636996 27.208844025550423
 52.6236869524718 27.233148042245737
 53.66867549649128 27.254034765987423
 54.72576481769545 27.27194245023973
 55.79538708669803 27.28726353840089
 56.87743426084558 27.300347524536853
 57.97190634013811 27.311504052281474
 59.0793435378428 27.32100593982289
 60.199205640692476 27.329091939348195
 61.33257307522146 27.335969441737177
 62.478905628162614 27.34181733729609
 63.63874351278309 27.346789106445147
 64.81208672908288 27.351016002387535
 65.99947549032917 27.354610063776846
 67.2003695832548 27.357666806270657
 68.41476900785973 27.36026747854076
 69.64375419067835 27.362481026734936
 70.88732513171064 27.36436585663422
 72.14494161768943 27.365971432104995
 73.4171438618819 27.367339696158232
 74.70447207755518 27.368506281491587
 76.00638605144216 27.36950143468433
 77.32396621007715 27.370350695655847
 78.656672340193 27.37107554263108
 80.00450444178968 27.371694155094097
 81.36800272813437 27.372222198642052
 82.74770741249426 27.37267338070669
 84.14307828160217 27.37305966353526
 85.55519576199242 27.37339124568473
 86.9835196403979 27.373676560269768
 88.42804991681855 27.37392244584025
 89.88932680452157 27.374134453123087
 91.36789051677411 27.374317168955847
 92.86374105357619 27.374474489466312
 94.37633820166066 27.37460982388263
 95.907302600829 27.374726220816231
 97.45501361127968 27.374826409106017
 99.02163208608142 27.374912777314122
 100.60553738543273 27.374987349854542
 102.20835014913507 27.3750518048693
 103.8295301639213 27.37510753053973
 105.4696176430586 27.37515568985676
 107.12861258654692 27.375197272946365
 108.80651499438632 27.375233133410436
 110.50440529311112 27.375264013380803
 112.22120305618697 27.375290561934697
 113.95852892341539 27.375313349223194
 115.71530246826205 27.375332877309183
 117.49314433052845 27.375349588240364
 119.29097408368025 27.375363870148504
 121.10933194098463 27.37537606217701
 122.94929832897593 27.375386458975992
 124.81033303438699 27.375395315268463
 126.69243605721778 27.375402850482291
 128.5966878240027 27.375409253338304
 130.52254812147447 27.375414686079796
 132.47109737616756 27.375419288150432
 134.44179537481474 27.375423179322705
 136.43518233068314 27.375426462409194
 138.45125824377285 27.37542922571596
 140.4911035406182 27.375431545327295
 142.55363779468476 27.37543348711837
 144.64048164577414 27.37543510835205
 146.7516350938863 27.375436458787294
 148.88655792575406 27.375437581403563
 151.04579035464462 27.37543851295676
 153.2304128070923 27.37543928456975
 155.43988506982995 27.375439922437553
 157.67474735612475 27.375440448602542
 159.93499966597664 27.375440881678652
 162.22172242592003 27.375441237448676
 164.53437542268773 27.375441529313384
 166.8734988695469 27.37544176863331
 169.23909276649754 27.37544196500481
 171.63223754007401 27.37544212648907
 174.0529331902763 27.375442259793597
 176.50063950383724 27.375442370408453
 178.9769771205584 27.375442462715461
 181.4814058271725 27.375442540095544
 184.01446583694675 27.37544260505226
 186.57669736314838 27.375442659356956
 189.16810040577735 27.375442704220564
 191.7886749648337 27.375442740496293
 194.43950146685168 27.37544276889963
 197.12112012509854 27.37544279020245
 199.83245051303993 27.375442805349273
 202.57511327047731 27.375442815465806
 205.3491083974108 27.37544282176715
 208.15443589384025 27.3754428254113
 210.99163597303294 27.37544282736572
 213.86124884825602 27.37544282834021
 216.76381473277663 27.375442828794984
 219.69879341332767 27.375442828996131
 222.6672653164434 27.3754428290822
 225.66977065539103 27.375442829118934
 228.70630943017056 27.37544282913517
 231.776881640782 27.375442829142848
 234.88310792702688 27.37544282914678
 238.02390786237077 27.375442829148937
 241.20036187334812 27.375442829150177
 244.41246995995888 27.375442829150905
 247.66131254873744 27.37544282915134
 250.94688963968374 27.375442829151594
 254.26974144606498 27.375442829151744
 257.6304081811483 27.37544282915183
 261.02834963166662 27.37544282915188
 264.4651864374213 27.37544282915191
 267.9403783851454 27.375442829151925
 271.455005901373 27.375442829151932
 275.00906898610435 27.375442829151936
 278.6031078526064 27.37544282915194
 282.2376627141465 27.37544282915194
 285.9132737839917 27.375442829151943
 289.62994106214205 27.375442829151943
 293.38874497513194 27.375442829151943
 297.18968552296126 27.375442829151943
 301.03276270563014 27.375442829151943
 304.91959716294 27.375442829151943
 308.8496486816237 27.375442829151943
 312.8239976882156 27.375442829151943
 316.8426441827157 27.375442829151943
 320.90612837839114 27.375442829151943
 325.0149904885091 27.375442829151943
 329.1697707263368 27.375442829151943
 333.37100930514134 27.375442829151943
 337.61924643819 27.375442829151943
 341.91502233874984 27.375442829151943
 346.2583370068209 27.375442829151943
 350.64973065567033 27.375442829151943
 355.09028371183256 27.375442829151943
 359.5805363885747 27.375442829151943
 364.1199484726296 27.375442829151943
 368.7101406037987 27.375442829151943
 373.3516529953493 27.375442829151943
 378.0439454340141 27.375442829151943
 382.78863855959474 27.375442829151943
 387.5857323720911 27.375442829151943
 392.43576708477053 27.375442829151943
 397.3392829109 27.375442829151943
 402.29682006374673 27.375442829151943
 407.30945896984525 27.375442829151943
 412.3771996291953 27.375442829151943
 417.5005822550642 27.375442829151943
 422.6806872739863 27.375442829151943
 427.9175146859615 27.375442829151943
 433.2116047042571 27.375442829151943
 438.5640377554074 27.375442829151943
 443.9753540526795 27.375442829151943
 449.44555359607346 27.375442829151943
 454.97571681212366 27.375442829151943
 460.56638391409722 27.375442829151943
 466.2180951152613 27.375442829151943
 471.9319308421504 27.375442829151943
 477.7073508814971 27.375442829151943
 483.5459758731031 27.375442829151943
 489.4483460302355 27.375442829151943
 495.4144613528943 27.375442829151943
 501.445942480881 27.375442829151943
 507.54224920092855 27.375442829151943
 513.7050021528383 27.375442829151943
 519.9347415498776 27.375442829151943
 526.2314673920463 27.375442829151943
 532.5962601058787 27.375442829151943
 539.0296599046424 27.375442829151943
 545.5343678546726 27.375442829151943
 552.1033611834965 27.375442829151943
 558.7479843697246 27.375442829151943
 565.4628352806852 27.375442829151943
 572.2533160490501 27.375442829151943
 579.1086224094757 27.375442829151943
 586.0449607599772 27.375442829151943
 593.0515268352113 27.375442829151943
 600.1337227678496 27.375442829151943
 607.291548557892 27.375442829151943
 614.5250042053387 27.375442829151943
 621.8340897101897 27.375442829151943
 629.2242072051166 27.375442829151943
 636.6953566901195 27.375442829151943
 644.2367338998548 27.375442829151943
 651.8645452323378 27.375442829151943
 659.5733885548967 27.375442829151943
 667.3632638675316 27.375442829151943
 675.2287690375708 27.375442829151943
 683.1861104630294 27.375442829151943
 691.2190817458923 27.375442829151943
 699.3438892841743 27.375442829151943
 707.5497288125325 27.375442829151943
 715.8420024636383 27.375442829151943
 724.2207102374917 27.375442829151943
 732.685852134093 27.375442829151943
 741.2428302861136 27.375442829151943
 749.8862425608819 27.375442829151943
 758.6214910910696 27.375442829151943
 767.4485758766767 27.375442829151943
 776.3620947850317 27.375442829151943
 785.3728520814776 27.375442829151943
 794.4700435006712 27.375442829151943
 803.6698754406277 27.375442829151943
 812.9561415033319 27.375442829151943
 822.3450480867989 27.375442829151943
 831.8257909256854 27.375442829151943
 841.403772152663 27.375442829151943
 851.0843939004035 27.375442829151943
 860.8568519035634 27.375442829151943
 870.7319504274861 27.375442829151943
 880.7096894721718 27.375442829151943
 890.7846669049487 27.375442829151943
 900.9676869911601 27.375442829151943
 911.2479454654625 27.375442829151943
 921.6362465931998 27.375442829151943
 932.1271882416997 27.375442829151943
 942.7207704109626 27.375442829151943
 953.4277973663319 27.375442829151943
 964.237464842464 27.375442829151943
 975.1551749720306 27.375442829151943
 986.1809277550319 27.375442829151943
 997.3201253241396 27.375442829151943
 1008.5673655466818 27.375442829151943
 1019.9280505553304 27.375442829151943
 1031.4021803500854 27.375442829151943
 1042.9897549309464 27.375442829151943
 1054.690774297914 27.375442829151943
 1066.505238450988 27.375442829151943
 1078.4331473901681 27.375442829151943
 1090.4853053807983 27.375442829151943
 1102.6509081575345 27.375442829151943
 1114.935357853049 27.375442829151943
 1127.3386544673417 27.375442829151943
 1139.8607980004121 27.375442829151943
 1152.5071905849326 27.375442829151943
 1165.2778322209028 27.375442829151943
 1178.167320775651 27.375442829151943
 1191.181058381849 27.375442829151943
 1204.3244471721684 27.375442829151943
 1217.5866828812661 27.375442829151943
 1230.983971907157 27.375442829151943
 1244.5001078518257 27.375442829151943
 1258.151297113288 27.375442829151943
 1271.9267354262 27.375442829151943
 1285.8318249232336 27.375442829151943
 1299.8719677370602 27.375442829151943
 1314.0417617350085 27.375442829151943
 1328.34660904975 27.375442829151943
 1342.7811075486131 27.375442829151943
 1357.3560614969412 27.375442829151943
 1372.0606666293906 27.375442829151943
 1386.9057272113052 27.375442829151943
 1401.8858411100131 27.375442829151943
 1417.001008325514 27.375442829151943
 1432.25663099048 27.375442829151943
 1447.658111237583 27.375442829151943
 1463.194644801479 27.375442829151943
 1478.8716338148396 27.375442829151943
 1494.6890782776658 27.375442829151943
 1510.6523803226284 27.375442829151943
 1526.7615399497278 27.375442829151943
 1543.0111550262922 27.375442829151943
 1559.4120298176651 27.375442829151943
 1575.953360058503 27.375442829151943
 1592.6459500141493 27.375442829151943
 1609.4843975519322 27.375442829151943
 1626.4687026718518 27.375442829151943
 1643.609669639252 27.375442829151943
 1660.8964941887884 27.375442829151943
 1678.3345784531334 27.375442829151943
 1695.9239224322868 27.375442829151943
 1713.6645261262488 27.375442829151943
 1731.561791667691 27.375442829151943
 1749.6103169239413 27.375442829151943
 1767.815504027672 27.375442829151943
 1786.1773529788831 27.375442829151943
 1804.6904616449023 27.375442829151943
 1823.3656342910737 27.375442829151943
 1842.197468784725 27.375442829151943
 1861.1859651258566 27.375442829151943
 1880.3365254471402 27.375442829151943
 1899.6437476159037 27.375442829151943
 1919.1076316321477 27.375442829151943
 1938.7389817612152 27.375442829151943
 1958.5323958704345 27.375442829151943
 1978.482471827134 27.375442829151943
 1998.6000138966574 27.375442829151943
 2018.8796199463326 27.375442829151943
 2039.3212899761592 27.375442829151943
 2059.93042611881 27.375442829151943
 2080.7016262416127 27.375442829151943
 2101.640292477239 27.375442829151943
 2122.741022693017 27.375442829151943
 2144.0146211542905 27.375442829151943
 2165.450283595716 27.375442829151943
 2187.058814282637 27.375442829151943
 2208.834811082381 27.375442829151943
 2230.772871862277 27.375442829151943
 2252.8838008876687 27.375442829151943
 2275.167598158556 27.375442829151943
 2297.6188615422665 27.375442829151943
 2320.237591038801 27.375442829151943
 2343.0291887808307 27.375442829151943
 2365.993654768355 27.375442829151943
 2389.125586868704 27.375442829151943
 2412.4303872145483 27.375442829151943
 2435.908055805887 27.375442829151943
 2459.5531905100506 27.375442829151943
 2483.3765955923804 27.375442829151943
 2507.3674667875343 27.375442829151943
 2531.536608360855 27.375442829151943
 2555.873216047 27.375442829151943
 2580.3826919786392 27.375442829151943
 2605.0704382884464 27.375442829151943
 2629.925650711077 27.375442829151943
 2654.9591335118743 27.375442829151943
 2680.1654845581674 27.375442829151943
 2705.544703849956 27.375442829151943
 2731.0967913872395 27.375442829151943
 2756.821747170019 27.375442829151943
 2782.7195711982935 27.375442829151943
 2808.7956656047354 27.375442829151943
 2835.0392261240003 27.375442829151943
 2861.4610570214326 27.375442829151943
 2888.0503540316885 27.375442829151943
 2914.817921420112 27.375442829151943
 2941.752954921358 27.375442829151943
 2968.866258800772 27.375442829151943
 2996.1470287930096 27.375442829151943
 3023.6060691634143 27.375442829151943
