 0.0E+0 0.0E+0
 0.24102062801796442 0.24102062801796447
 0.7258954472920038 0.7257942684107581
 1.2164750766374512 1.215727154279841
 1.7128288052454574 1.7099530811710506
 2.2150113351090365 2.207107586916048
 2.72310775821732 2.7053838598329402
 3.237178854562547 3.2026373784237516
 3.7572914821361766 3.696519228272005
 4.283518576928896 4.184615539375433
 4.8159330749313884 4.664575620417035
 5.354613990133562 5.134219806755157
 5.8996160245284334 5.591617199821377
 6.4510060361074614 6.035137246594021
 7.008905584855121 6.463474665563841
 7.573369372764427 6.875652655026617
 8.144458179827616 7.271010800287933
 8.722232786036926 7.649179160530553
 9.306875531369068 8.010045692304825
 9.898325635831808 8.353719971143008
 10.496704659409618 8.680493211297497
 11.102134162086973 8.990801987355145
 11.71467492385611 9.285191955851582
 12.334448504701506 9.564288733845979
 12.96145490462316 9.828770011454502
 13.595815683605547 10.079343587385516
 14.237652401633142 10.316729846726087
 14.88702583869818 10.541646953437633
 15.543996774792902 10.754801965853295
 16.20868676990178 10.956883926509251
 16.881217384009296 11.148559666685134
 17.56158861711544 11.330471091694916
 18.24998280919693 11.50323345334471
 18.946399960253764 11.667434115974093
 19.651083190254894 11.823630088538707
 20.36397171920808 11.972348764985473
 21.085187107097802 12.11408594991868
 21.814911693900764 12.249306598975203
 22.55320625960921 12.37844506561624
 23.300131584215375 12.50190510112732
 24.055870007695972 12.620062569327414
 24.820421530051003 12.733267420902884
 25.59390771126494 12.841847148491802
 26.376510891314495 12.946105799517001
 27.16829185019191 13.04632521014479
 27.969311367889414 13.142765992451887
 28.779751784383726 13.235668521592386
 29.599673879667086 13.325256390882107
 30.429199213723958 13.411736658590339
 31.268449346538826 13.495299847939837
 32.11754583809617 13.576121427857254
 32.976549468388213 13.654363293723584
 33.84564257739168 13.73017944358416
 34.72488594509879 13.803719926816486
 35.61446191148628 13.87513109092198
 36.514431256546373 13.944554100775528
 37.424915540263555 14.012119262415498
 38.34603632262228 14.077946269835449
 39.27797594359928 14.142142971025468
 40.22085596317903 14.204809810223457
 41.17473716135375 14.26604204904079
 42.13974109810792 14.325933468338413
 43.11605011341827 14.384573653517695
 44.10378576726926 14.442043799060867
 45.10306961964536 14.498411525904512
 46.11402323053106 14.553733842940407
 47.13682893990306 14.60806455076772
 48.17154752775361 14.661457943569108
 49.218361334059416 14.713964366859386
 50.27745269879718 14.765626268817718
 51.34888240195915 14.816480914996744
 52.43283278352204 14.866563349823442
 53.52942540347033 14.915908370933064
 54.63884260178071 14.964548801626929
 55.761205938437676 15.0125145037055
 56.89669775341794 15.05983336463532
 58.04537882671372 15.106530063590323
 59.207492278293983 15.152627798993997
 60.38322044813544 15.198149769269847
 61.57256333623809 15.243121393967014
 62.77600718253983 15.2875740156364
 63.99343042705619 15.3315434190802
 65.22483306978715 15.375066869851052
 66.47082291065512 15.41817965916768
 67.7307921497377 15.46090918091315
 69.00595638687965 15.503275918801819
 70.29570782215858 15.54529912258936
 71.60065425549688 15.586996808072742
 72.92079568689454 15.628385510298498
 74.25673991627396 15.66948176431316
 75.60787914371272 15.710304573080661
 76.97421336921086 15.750873926731881
 78.3569581926131 15.791214257649015
 79.75611361391947 15.831358142341651
 81.17107183320758 15.871342599570688
 82.60244065039981 15.911201193012673
 84.05082786541851 15.950963537676323
 85.51562567834134 15.990651104442964
 86.99804968901302 16.030272531023463
 88.4974920975112 16.06982608987565
 90.01395290383587 16.109305857997782
 91.5480399079094 16.148698755427677
 93.10036090965417 16.187984051659228
 94.6703081091478 16.227139041852417
 96.25909710623505 16.266149165294628
 97.86612010099353 16.305013434818903
 99.49137709342327 16.3437397477609
 101.1354758834466 16.382338469373667
 102.79902427098591 16.420820211702
 104.48202225604122 16.45919459962373
 106.18386203869017 16.49746262030581
 107.90636701869983 16.53561810395476
 109.64771379630308 16.57365315323493
 111.41033357118947 16.61156505343718
 113.19240294359184 16.64936589735673
 114.99574531327733 16.687080117375785
 116.81975288032356 16.7247281972087
 118.66503344465289 16.762322229650706
 120.53158700626533 16.799871099204416
 122.4194135651609 16.837389119790714
 124.32972872118431 16.87489628154048
 126.26131687449084 16.91241627646069
 128.2160014248476 16.949971809391364
 130.19256677240986 16.987585091589036
 132.19283631694472 17.02528573806243
 134.21559445860742 17.063099661944164
 136.2614489973204 17.1010303183186
 138.33161553292833 17.139060431763983
 140.42548626550888 17.177159153312892
 142.54306119506205 17.215297608331834
 144.68555592143258 17.253454079147743
 146.85236264469807 17.291606848087564
 149.04469696470331 17.3297339506865
 151.26195108152592 17.36781268210452
 153.50473279508824 17.405825026544672
 155.77304210539031 17.44376160592085
 158.06809461227686 17.481627109276104
 160.38867471590313 17.51943486336436
 162.73660581603627 17.55718610214431
 165.11188791267628 17.59486330340247
 167.51391320590076 17.632455114718823
 169.94328949563211 17.669981773015994
 172.40123238171506 17.707474374053138
 174.88713406422724 17.74494427025027
 177.40160234309104 17.782387512939553
 179.9446372183064 17.819801634203596
 182.51745428971815 17.857196258920232
 185.1194457574039 17.894585701010342
 187.75121942128598 17.931974155933495
 190.41277528136441 17.969361376897953
 193.10532893748396 18.006772783452866
 195.82888038964463 18.044274515784366
 198.582821837924 18.081949989500348
 201.36897668208925 18.1198744760813
 204.186737122218 18.158099555000742
 207.03671095823253 18.196625473050414
 209.91950599005537 18.235402625090706
 212.8351222176864 18.27437893806463
 215.78355964112566 18.31353837050913
 218.76603386021787 18.352878948090285
 221.78315267488548 18.392391786305488
 224.83370048528368 18.432094160576486
 227.9195006911796 18.47204628808767
 231.04055329257326 18.512294072102562
 234.19685828946464 18.55284146128898
 237.3890234817761 18.59370745861086
 240.61765666943006 18.634933771872145
 243.88336565234888 18.676531259909364
 247.18554263061017 18.718476230715538
 250.5254032040587 18.760765969581544
 253.9035551726168 18.803444158645234
 257.3199985362845 18.846537698206194
 260.7747332950618 18.8899710699922
 264.2695828487159 18.933628528677502
 267.8033315974019 18.977421229235947
 271.3771951409646 19.021281550730972
 274.9911734794041 19.0652122078717
 278.64648221256504 19.109262312214255
 282.34312134044745 19.153491587359557
 286.08169866297373 19.198003685838116
 289.8628219800662 19.242874372713906
 293.68588349180254 19.288095257067787
 297.55270659794985 19.333607849257543
 301.46268349858576 19.379323304257013
 305.417029793555 19.4252013950127
 309.41574548285763 19.4713112232116
 313.45943836641595 19.517727319958996
 317.54871624415233 19.56447263688664
 321.68418691598924 19.61152150765365
 325.8658503819266 19.658844810834775
 330.0949222418092 19.70645513280873
 334.3714024956369 19.75441170359295
 338.69529114341 19.80279448371097
 343.06841158489532 19.851629633087156
 347.4901560201707 19.90092184076456
 351.96174004908073 19.950657533197517
 356.4831636716255 20.000738734065524
 361.05503468772735 20.051015393991065
 365.6779608973087 20.101344126973604
 370.35255010029186 20.151679523333104
 375.07941009659924 20.202063044081771
 379.8591486861532 20.25243373166
 384.6923736688762 20.30268521882813
 389.5790850447681 20.352840950801404
 394.5198906137513 20.40290660378983
 399.5160059756707 20.452896738506026
 404.5680389304485 20.503002124964485
 409.6753816781624 20.553501144247153
 414.83985761857945 20.604580370908955
 420.06207455162223 20.656243506825987
 425.3414246773681 20.708536948845232
 430.6797313955843 20.761533994113275
 436.0769947062709 20.81498859126601
 441.53382240935025 20.86847650530356
 447.05082230474465 20.921608545653008
 452.62860219237643 20.974188019298122
 458.26837767209053 21.026389407998603
 463.9701487438868 21.07846937516334
 469.7345232076877 21.130577723378102
 475.5627166633379 21.182983208847
 481.4547291108374 21.23586154728843
 487.41116835010865 21.289070339868803
 493.4332499809964 21.3424104256545
 499.52158180342286 21.39584898134418
 505.6761638173882 21.449515819392733
 511.89821162273716 21.503518540998495
 518.1883330193921 21.558086415687292
 524.5471358072753 21.613640716958144
 530.9758355862316 21.670353952236833
 537.4738245563386 21.72803041567408
 544.0429261173634 21.7864235623223
 550.6837480692285 21.84519528749864
 557.3962904119338 21.903910744158412
 564.1823765452464 21.96232906356405
 571.0413986692439 22.02016223975576
 577.9751801836935 22.077165208536403
 584.9843288885177 22.133688660967557
 592.0688447837161 22.19028491696181
 599.2299434691338 22.247097856103184
 606.4682327446932 22.304181032199107
 613.7867516100059 22.36171731792842
 621.1775986660812 22.419704985748943
 628.653537711289 22.4779426536014
 636.2084907464055 22.536074941381162
 643.8485357706544 22.593456488689923
 651.5615167855883 22.650113702243785
 659.3656677888783 22.70669737185933
 667.2488327820771 22.763435533103695
 675.2170897644083 22.82013173975237
 683.270438735872 22.876535498189952
 691.408879696468 22.932570796560732
 699.6324126461967 22.988111277494184
 707.9471155842814 23.043275647816916
 716.3529885107224 23.0985426835032
 724.8378754270719 23.154323786382487
 733.4200103310015 23.210452372030733
 742.0933152232873 23.26660390931073
 750.8577901039292 23.323008408123534
 759.7073569737038 23.379662413384785
 768.6602498302817 23.436188333733333
 777.6982346759924 23.492750285675818
 786.8395455085065 23.54941194148099
 796.072026329377 23.605510171745297
 805.4017551378272 23.660723653624152
 814.8287319338575 23.715065960663217
 824.3529567174678 23.768681712821727
 833.9805074878817 23.821849784765113
 843.7053062458756 23.874498113305502
 853.5334309906732 23.92620665890257
 863.4648817222743 23.976782677207904
 873.4935804414556 24.026324884917233
 883.6316831466642 24.07471605595439
 893.8670338394527 24.121784423268803
 904.2178665174924 24.16775629488543
 914.665947183112 24.212578610580312
 925.2295098339829 24.25590438116797
 935.8963984716573 24.29766721967053
 946.6726910953593 24.338021124133327
 957.5644657043124 24.377285689858773
 968.5595663000691 24.415665753990506
 979.6701488810771 24.4528950282418
 990.8962134473364 24.488417737615712
 1002.231681999623 24.522082351984302
 1013.6887105363845 24.553929838776294
 1025.2551430591734 24.583937493151676
 1036.9431355664373 24.612264002198823
 1048.7466100589522 24.638968842726914
 1060.6655665367184 24.664075213159442
 1072.7121609981834 24.687448858790222
 1084.8742374448995 24.70902339264138
 1097.1578738760904 24.72891727474778
 1109.5630702917562 24.74718233137468
 1122.095904691121 24.763946894226535
 1134.7502990749603 24.779381249603463
 1147.5323314424986 24.793645812136023
 1160.4420017937354 24.806797343924266
 1173.479310128671 24.818559438220152
 1186.644256447305 24.82880623123662
 1199.936840749638 24.83775243178689
 1213.3570630356696 24.845528839492786
 1226.9170793038472 24.852172473115217
 1240.6047335557234 24.857843747284743
 1254.4261037905223 24.86278204998849
 1268.3811900082434 24.867184814617917
 1282.469992208887 24.871113739107855
 1296.6985883916768 24.874615713888772
 1311.0669785566128 24.877784519821616
 1325.5690847044711 24.880667047336842
 1340.2109848344755 24.88332746228669
 1354.99875694585 24.88582746260598
 1369.920245040147 24.888233682064324
 1384.9936831150373 24.89053131315737
 1400.2008371728502 24.892624107106783
 1415.5599412112567 24.89437386053855
 1431.0588392318093 24.895736150939583
 1446.703609233732 24.89687386085784
 1462.5003292162482 24.89792272574994
 1478.4429211801343 24.898875341863703
 1494.5374631246143 24.899739112951316
 1510.7778770504642 24.900484424004055
 1527.1763189561313 24.901037237500126
 1543.7206328431684 24.90131858008295
 1560.4229747100225 24.901330919669916
 1577.277266557471 24.901185312543717
 1594.2835083855125 24.900968135813116
 1611.4477781933715 24.900615223625894
 1628.776153980272 24.9000352630385
 1646.256479747766 24.89929241990315
 1663.8948334950771 24.89862855012439
 1681.6912152222062 24.89827563793716
 1699.651702928376 24.898307720863275
 1717.776296613587 24.898737138489686
 1736.0589182786154 24.89950712871636
 1754.5117239219086 24.900348688547428
 1773.1225575450193 24.90094839247397
 1791.9035751463952 24.901205055882861
 1810.848698726812 24.901306240495983
 1829.9579282862698 24.901540692648335
 1849.2434198232165 24.901945431100816
 1868.6930173392042 24.90222924160103
 1888.3127988334567 24.902044147796544
 1908.1027643059742 24.9013013046612
 1928.0629137567566 24.900173466412514
 1948.1993251850276 24.89903328857687
 1968.5059205915636 24.89814730623272
 1988.988777975588 24.897495776040916
 2009.6478973371015 24.896950366297023
 2030.4772006768791 24.89633832278352
 2051.48884399337 24.895642370078643
 2072.676749287349 24.895017986978167
 2094.0409165588166 24.894551550590858
 2115.587423806997 24.894361520951584
 2137.3101930326656 24.894603376856117
 2159.209224235823 24.895301797478385
 2181.2966734149163 24.896266753179116
 2203.5664625707222 24.89723911263203
 2226.0125137040172 24.898014038693485
 2248.6469828132476 24.89860633886785
 2271.463791899191 24.899102390263877
 2294.462940961846 24.899519468303324
 2317.650508000438 24.899901995499266
 2341.020415015742 24.900279586860424
 2364.578740006982 24.900585608617177
 2388.3194049749345 24.9009015020435
 2412.254565918047 24.901355598843846
 2436.372066837872 24.901814631478977
 2460.6840637328564 24.90212558907052
 2485.1844786037772 24.902503180431676
 2509.8672334514103 24.903579192415097
 2534.7444842742033 24.905780574729817
 2559.8162310721563 24.908784030197313
 2585.076395846045 24.912155205356388
 2610.5249785958703 24.91558067469812
 2636.1680573208554 24.918969125278952
 2662.005632021 24.922629046773032
 2688.0316246970814 24.92681216675447
 2714.2521133483223 24.931617201918985
 2740.667097974723 24.936738130509827
 2767.27050057706 24.941264291008916
 2794.0744771537806 24.94479588079855
 2821.0668717064372 24.948263304735963
 2848.2598402334774 24.952441488882612
 2875.6412267364544 24.956984924803453
 2903.2171092145904 24.96159005865912
 2930.9935656671104 24.96598541953637
 2958.9584400955664 24.969561431839082
 2987.123888498406 24.97220703928457
 3015.483832876406 24.974169033612145
 3044.038273229565 24.975491837334885
 3072.7872095578845 24.976639418922715
 3101.730641861364 24.97806587517597
 3130.8685701400027 24.97966261772936
 3160.2070723930255 24.981128560660902
 3189.7339926219847 24.982552548996768
 3219.461486825327 24.983638432649765
 3249.3773990046056 24.98400615234135
 3279.493885158268 24.983872884802117
 3309.798789287866 24.983411384249592
 3340.304267391848 24.982342776018345
 3370.998163471766 24.98046962671693
 3401.892633526068 24.978130041028194
