 1.4033604274688835 0.9976429732650438
 1.9759682795594728 0.9935578978616018
 2.5553004034240984 0.9863213727820006
 3.1414549636142052 0.975273694740112
 3.7345020776665416 0.9600868138652466
 4.334518874871527 0.9407353830961337
 4.94158949627326 0.9174983978605269
 5.555798082915837 0.8908769518792797
 6.177235787597028 0.8615268503337122
 6.805965716099905 0.830152708563843
 7.4420649977148904 0.7973967107555303
 8.085673867515478 0.7639153508173535
 8.73685543128474 0.7303122971053989
 9.395679806559425 0.6970466853174992
 10.062217110876276 0.6644224936162518
 10.736677696845538 0.6328002101457454
 11.418991446930463 0.6024122082489701
 12.109298596204543 0.5733057753523599
 12.807739379741275 0.5456113072170038
 13.514383915077403 0.5193835157982661
 14.229372437286422 0.49466662794538374
 14.952704946368335 0.4714483882629891
 15.684521677396631 0.4496530781135741
 16.424962865444804 0.4292595453088657
 17.17409862804961 0.4102253114091516
 17.931999082747783 0.39246160032881843
 18.698804464612827 0.3758833368983286
 19.47465500871823 0.3604560390323704
 20.259550715063994 0.34609229493651483
 21.053701936260363 0.33272145632439292
 21.857108672307333 0.32026028200323786
 22.670051393351894 0.3086567158169063
 23.492459981857294 0.2978781856483734
 24.324474672897036 0.28782703224229194
 25.166305819081355 0.27848322961980442
 26.018023537946994 0.2698367529912544
 26.879697947030713 0.26182698460883535
 27.75153939894274 0.25441822902467636
 28.633547893683083 0.24756506918033241
 29.52586366632523 0.24118065936523466
 30.42869706947943 0.2352173086919282
 31.34211822068242 0.2296365427006523
 32.26619723747095 0.2243715059688224
 33.20114447245527 0.2193878681599437
 34.147030043172115 0.21467370817984585
 35.10399418469498 0.21021028934390348
 36.072177132097365 0.20599560492483251
 37.051719120452766 0.2020375157754891
 38.04269026729793 0.19832358201762367
 39.04530092524309 0.19484215293834072
 40.05962121182499 0.19158356857093533
 41.08586147965388 0.1885469710175946
 42.12409184626651 0.18573665641147413
 43.17445254673637 0.18312822614407472
 44.237083816136944 0.1806872382503912
 45.312196007078483 0.17838689761322704
 46.39992935463449 0.1762145131455586
 47.500353976341685 0.17414741589969831
 48.61361010727359 0.17216303893078854
 49.73990810004043 0.1702669044436633
 50.879388189715704 0.16848136498927135
 52.032190611372904 0.1668142314426208
 53.19845560008553 0.16525469973195552
 54.378393508463815 0.16380911494835531
 55.57207445404452 0.16249654349242934
 56.77970878943786 0.16133472305367954
 58.00150686725409 0.160354847115214
 59.23753880502998 0.15956008668779395
 60.488014955375724 0.15891795212729953
 61.75307555336486 0.15836718273649302
 63.032930951607603 0.15783450993917852
 64.32772138517745 0.15727089757207943
 65.63765720668465 0.15666632064790222
 66.96280853366595 0.15602826075782905
 68.30345583626831 0.1553714349205336
 69.65980946710202 0.154736925932936
 71.03186942616705 0.1541234362138103
 72.42019665375739 0.1535499162241161
 73.82465091479952 0.15306516888360163
 75.24523220929346 0.15264798328290363
 76.68264171260668 0.15234413873580723
 78.13617824937171 0.15210654426546174
 79.60724417032348 0.15191732468915913
 81.09513830009453 0.1517900664896346
 82.60056181405234 0.1516575166984557
 84.12351471219688 0.1515028596841788
 85.66469816989564 0.15137346841562401
 87.22341101178114 0.15133483526809796
 88.79965323785339 0.15130957422065643
 90.39482719884734 0.15129390550421537
 92.00893289476296 0.15134735072293406
 93.6412691502328 0.151378492213617
 95.29253714062433 0.15129384066976317
 96.96343804130501 0.15118772373134214
 98.65327067690738 0.1510924608464683
 100.36343739816638 0.15104992500787703
 102.09323702971454 0.15110959148631866
 103.84266957155185 0.15115816392553516
 105.61243619904577 0.151136276743851
 107.40323808756382 0.15115758947646554
 109.21437406173847 0.15130842348201622
 111.04724647230469 0.1516615039327786
 112.90115414389501 0.152239951801255
 114.77609707650943 0.15287599367976995
 116.67277644551541 0.15344870423963907
 118.59189342628042 0.15397152177334383
 120.53344801880448 0.15452180050291794
 122.49673904772011 0.15498131221125402
 124.4838700391297 0.1553197652162403
 126.49273746693085 0.15547635136092816
 128.52614603259343 0.1554845462318314
 130.58199221001507 0.15544344118467043
 132.66237952529817 0.15540439016559454
 134.76660680307523 0.15552501806967314
 136.89537521871375 0.15578216795623947
 139.04868477221367 0.15611129673556267
 141.2265354635751 0.1563583734834305
 143.43032964353287 0.15649863510190997
 145.6586649613521 0.15654813254601712
 147.91364494313518 0.156680423809665
 150.19386723814716 0.15705160618143776
 152.50143537249047 0.15766168732339466
 154.83494699543021 0.15844683135269663
 157.19510328233374 0.15920962703582391
 159.58330658393612 0.1599721202437135
 161.9988557248698 0.16080641611184076
 164.4417507051348 0.16165865695413533
 166.91339387546608 0.162534008605266
 169.41308406049614 0.16334810771982094
 171.94222361095992 0.1639540185506123
 174.50011135149 0.1642921733256429
 177.08744845745377 0.1643770718685766
 179.70423492885132 0.164313033509137
 182.35187311641752 0.1642885108696852
 185.02896066941747 0.16434125094760981
 187.73760111395353 0.164432103341996
 190.47779445002575 0.16466175722274062
 193.2488395022667 0.16498883053031063
 196.0514374460437 0.16524656068761087
 198.88699063209185 0.16535064955294925
 201.7547978850436 0.16535783281373295
 204.65556038026642 0.1653763509598622
 207.58927811776032 0.16540400528239015
 210.55735344826024 0.16546551763623523
 213.55908519639874 0.1656269785232435
 216.59517453754324 0.16589511619188543
 219.66562147169378 0.1662925535854319
 222.77182834958526 0.16673322320609362
 225.91379517121774 0.1670285427551532
 229.09082076122368 0.16707223756471542
 232.30500864570555 0.16710112456117884
 235.55565764929585 0.16726632144701114
 238.843468947362 0.167381083301429
 242.1691437152716 0.16738591958840101
 245.53268195302453 0.16732047872893374
 248.93408366062084 0.16711778633269766
 252.37475118879544 0.16679200933435395
 255.85538571291584 0.16649404406138262
 259.3745848822471 0.16619086772618174
 262.9344522228916 0.16585649943431526
 266.5349877348493 0.16565002903636058
 270.17619141812036 0.16561772804917307
 273.85876444807206 0.16562512094526352
 277.583408000072 0.16547083045638802
 281.3508232494875 0.16505054499714366
 285.16030902095133 0.16433432514574933
 289.0132676651982 0.16345887613008025
 292.91040035759573 0.16263332148268827
 296.85170709814383 0.16177248183525763
 300.8371878868425 0.16059260559465982
 304.86894624979424 0.1590205059310488
 308.945579836264 0.1572531497687058
 313.06849099698683 0.1555363530690505
 317.2376797319626 0.15378794226079622
 321.4545483919264 0.15174041400945531
 325.7190969768781 0.14946186848706782
 330.0320266621853 0.14724943408264043
 334.39403862321523 0.14529177265118575
 338.80443168460072 0.14333649371575557
 343.26530937244393 0.14097605999064774
 347.7759705113776 0.13829769394767968
 352.3378174521365 0.13586261887471545
 356.9508501947208 0.13387621918482167
 361.6157699144978 0.1319428191792115
 366.333277786835 0.12975663122657507
 371.1040749871 0.1272511649121045
 375.92816151529262 0.12436590267301671
 380.80693972214794 0.12123267365603231
 385.74040960766586 0.11813605376759012
 390.7285711718465 0.11494429493109638
 395.7735279407922 0.11126312065789001
 400.8745787391355 0.10712272981115399
 406.03312591761124 0.10297976492766779
 411.24916947621954 0.09909319171245473
 416.52341059032784 0.0952671962371636
 421.85655043530363 0.09130015229854672
 427.2492901865144 0.08730755323252638
 432.7023310193275 0.08356699376775342
 438.2163741091105 0.08024258477129131
 443.7921206312309 0.07718341551468161
 449.42957058568856 0.07399759969251403
 455.129425147851 0.07047270227235895
 460.89308666845334 0.06676984306905431
 466.72125632286287 0.06305362225557994
 472.6132329357121 0.05934390790376136
 478.5711200331035 0.0557014946538531
 484.5956187904046 0.05207062954920444
 490.68602803224786 0.04833062639587032
 496.84445128473566 0.04461065138801598
 503.07088854786803 0.041121275731840746
 509.3660409970125 0.03786705481645286
 515.7306098075364 0.0347991188879846
 522.1652961548074 0.031940829448550284
 528.6715023895603 0.029220669915849987
 535.2492285117951 0.026628555535361975
 541.8991756968792 0.024353872284366626
 548.6227462955477 0.02245975419312746
 555.4199403078005 0.020780884408097211
 562.2914589090053 0.019131323142848235
 569.2387044498967 0.017432782664783975
 576.2623781058422 0.015704553706415706
 583.3624798768421 0.013969404746711218
 590.5404121136312 0.012287782814922462
 597.7968759915767 0.010819923240151828
 605.1325726860464 9.660476584541203E-3
 612.5489045477752 8.751501339814453E-3
 620.0451704013956 7.980151230909852E-3
 627.6234737730098 7.242467955904118E-3
 635.2845158379855 6.504320496021325E-3
 643.0282965963227 5.8130991246584714E-3
 650.8569195741237 5.208996953010616E-3
 658.7696835960211 4.696743931117638E-3
 666.7686921881173 4.277253153841289E-3
 674.8546465257798 3.8672002711725417E-3
 683.0275466090086 3.368848179068899E-3
 691.2887947885384 2.8578009886639295E-3
 699.6390922397371 2.4536673052248684E-3
 708.0819448394417 2.1369657078311172E-3
 716.6082373078752 1.835081048073401E-3
 725.2326943277545 1.551487408548285E-3
 733.948304145405 1.326872807476312E-3
 742.7620785145011 1.168891099371555E-3
 751.6599939276937 1.052264712636022E-3
 760.6630856460067 9.564164856609163E-4
 769.7573301620909 8.830331435679572E-4
 778.9497392296207 8.280159633306924E-4
 788.2403128485965 7.698877549824174E-4
 797.6290510190179 6.969167155891471E-4
 807.1159537408852 6.133469248750705E-4
 816.708032767873 5.202351297119881E-4
 826.4052880999812 4.2232911251204675E-4
 836.1936962298604 3.3805375110996946E-4
 846.0942924185349 2.8129920749542274E-4
 856.1000649123298 2.448800831241615E-4
 866.2110137112453 2.1371887867072586E-4
 876.4201270616065 1.8141980613594081E-4
 886.7484402244376 1.501089270747892E-4
 897.1749179387145 1.2247673451747331E-4
 907.7205954654611 9.91729680844183E-5
 918.3714492973285 7.987277678150968E-5
 929.1344911879908 6.388379264627175E-5
 940.0097211374483 5.072286860800361E-5
 950.9971391457012 3.9976946538231845E-5
 962.1037569664238 3.1220548326596193E-5
 973.3225628459415 2.4470605440890236E-5
 984.6605685379293 2.029226137153971E-5
 996.1177740423869 1.8478700603505906E-5
 1007.6871676056397 1.7618738785403465E-5
 1019.3827727350371 1.6556347702098936E-5
 1031.1905659232295 1.4888326884311798E-5
 1043.1315824312414 1.250287754391715E-5
 1055.1847869980483 9.634643072683972E-6
 1067.3712148846743 6.919084303460674E-6
 1079.6768425837706 4.798901250238283E-6
 1092.1086818490111 3.2284923893945546E-6
 1104.673744434071 2.16384159143491E-6
 1117.358006831601 1.5996047793465344E-6
 1130.1754925489501 1.34919119799643E-6
 1143.1262015861186 1.1634712675736003E-6
 1156.2031221894314 8.815581036661356E-7
 1169.4202778662383 5.563942550843212E-7
 1182.7636451091898 3.8124607973126034E-7
 1196.2472474256353 3.8694155670247404E-7
 1209.8640730619001 4.2943333590325425E-7
 1223.614122017984 4.2325405957773723E-7
 1237.5114178012368 3.7818535439302435E-7
 1251.5419369043088 3.200393510331544E-7
 1265.7126910808747 2.5311013576914205E-7
 1280.0236803309346 1.8163613665654645E-7
 1294.4819164081632 1.173661984639355E-7
 1309.0803875588858 5.88677892571005E-8
 1323.826105536777 8.97148532590972E-9
 1338.719070341837 -1.718454761214834E-8
 1353.7592819740655 -1.3240957078752235E-8
 1368.9467404334627 1.7417494481899127E-8
 1384.2814457200286 6.156106690320568E-8
 1399.7633978337632 9.080708591337732E-8
 1415.406620282016 9.023540352630157E-8
 1431.1970895574372 6.846479241738107E-8
 1447.1418174137018 3.9098097053165675E-8
 1463.2408038508101 1.99454082774073E-8
 1479.4940488687614 1.8098212575128441E-8
 1495.908564221231 2.2635906480432807E-8
 1512.4843499082185 2.5726145409917284E-8
 1529.2143941760496 2.4612773188698625E-8
 1546.1057087783985 1.7778928312797647E-8
 1563.1653054689402 9.32209103151456E-9
 1580.3791607403254 3.769583488382476E-9
 1597.7683098535778 1.296542579600273E-9
 1615.3117175476738 4.051871184763798E-10
 1633.0304190836372 1.2455850585077456E-10
 1650.9103909541188 3.9867071793409176E-11
 1668.9586449127932 1.2137294427595131E-11
 1687.182192713335 3.1514160114931067E-12
 1705.5740226020693 6.968149968659333E-13
 1724.1411463326714 1.6420492044683885E-13
 1742.8765521514662 4.111382720739837E-14
 1761.7942635658032 0.0E+0
 1780.880257068333 0.0E+0
 1800.1485561664046 0.0E+0
 1819.592149106344 0.0E+0
 1839.2110358881507 0.0E+0
 1859.0122282654995 0.0E+0
 1879.0027379920657 0.0E+0
 1899.1685415604988 0.0E+0
 1919.5166507244741 0.0E+0
 1940.047065483992 0.0E+0
 1960.7667975927263 0.0E+0
 1981.6758470506774 0.0E+0
 2002.7672021041712 0.0E+0
 2024.054886260556 0.0E+0
 2045.5248760124834 4.211697504457725E-14
 2067.1911948673023 -4.218855017765102E-14
 2089.046831071338 0.0E+0
 2111.09178462459 4.233363572661705E-14
 2133.3400790344094 -4.24071662112174E-14
 2155.777690793445 0.0E+0
 2178.4116316553722 0.0E+0
 2201.2419016201906 0.0E+0
 2224.268500687901 0.0E+0
 2247.4984406121775 0.0E+0
 2270.9247096393455 4.286282377743389E-14
 2294.5543195230802 -4.29412771872736E-14
 2318.387270263381 0.0E+0
 2342.416550106573 0.0E+0
 2366.6561825600065 0.0E+0
 2391.0991558700056 0.0E+0
 2415.7454700365715 0.0E+0
 2440.6021368133783 0.0E+0
 2465.662144446751 0.0E+0
 2490.9254929366902 0.0E+0
 2516.406205790545 0.0E+0
 2542.097271254641 0.0E+0
 2567.9916775753026 0.0E+0
 2594.1034482598806 0.0E+0
 2620.425571554699 0.0E+0
 2646.9580474597587 0.0E+0
 2673.707887728734 0.0E+0
 2700.6680806079502 0.0E+0
 2727.8456378510823 0.0E+0
 2755.2335477044553 0.0E+0
 2782.8458336754183 0.0E+0
 2810.668472256623 0.0E+0
 2838.7154869554174 0.0E+0
 2866.9798660181277 0.0E+0
 2895.4545976910785 0.0E+0
 2924.1537054816203 0.0E+0
 2953.0771893897517 0.0E+0
 2982.2180376617993 0.0E+0
 3011.5762502977627 0.0E+0
 3041.158839051316 0.0E+0
 3070.96580392246 0.0E+0
 3100.9901331575197 0.0E+0
 3131.23883851017 0.0E+0
 3161.7119199804096 0.0E+0
 3192.4023658145656 0.0E+0
 3223.3241995199864 4.6130198693313173E-14
 3254.4633975893234 -4.6242046743644355E-14
 3285.833983529925 0.0E+0
 3317.4219338344423 0.0E+0
 3349.23426025655 0.0E+0
 3381.277974549923 0.0E+0
 3413.5390532072115 4.6819639134841185E-14
 3446.0315197357645 0.0E+0
 3478.7483623819084 -4.7059539497905133E-14
 3511.6895811456424 0.0E+0
 3544.855176026967 0.0E+0
 3578.2451470258824 0.0E+0
 3611.8594941423875 0.0E+0
 3645.705229130158 0.0E+0
 3679.768328481844 0.0E+0
 3714.062815704795 0.0E+0
 3748.5746672916616 0.0E+0
 3783.3179067497935 0.0E+0
 3818.2785105718403 0.0E+0
 3853.470502265153 0.0E+0
 3888.879858322381 0.0E+0
 3924.5206022508746 0.0E+0
 3960.378710543283 0.0E+0
