 1.4220378942213933 1.3962064699819796
 2.002266642491118 1.9659006004223944
 2.5893091565522654 2.519691946633239
 3.1832649074382852 3.0479976411003515
 3.784204945887358 3.540339097240925
 4.39220742771148 3.9871041521428227
 5.00735761379647 4.3807907528532954
 5.62974076502814 4.716587646259654
 6.259449247366125 4.992620385847577
 6.896547006474786 5.209606790465116
 7.541112198166122 5.370056342991684
 8.19328692391649 5.478471946599398
 8.853135129390251 5.5406373013216034
 9.52072786532559 5.562511703439862
 10.19613618246068 5.549619834453739
 10.879573233010063 5.508412947991467
 11.57096796623556 5.444571151572012
 12.27046248361353 5.362118715198307
 12.97819888662033 5.265640213090678
 13.69424822599414 5.1588377609919975
 14.418752603211322 5.045069230768314
 15.151712018271873 4.926887379214366
 15.893268572652152 4.805902427458146
 16.64356436782852 4.684020807102554
 17.40267045453916 4.562740176740447
 18.170657883522242 4.442828563184083
 18.947668756254135 4.32490870891928
 19.73384517421119 4.2100524112755994
 20.529187137393414 4.098601115920079
 21.33390779801534 3.9909964712372403
 22.14800715607697 3.8873922671454765
 22.97176941453103 3.788137051469079
 23.805123522639323 3.6936103673359164
 24.648211581878225 3.603179648960245
 25.501246744462267 3.5170303764573542
 26.36430006112963 3.43541091592537
 27.237442582618491 3.35790529154733
 28.120887461143393 3.2844359951319463
 29.014634696704337 3.2148749968713534
 29.918826390777677 3.1486836185405064
 30.833675695577955 3.0859886241120864
 31.75925366184335 3.027045644513322
 32.69563134031203 2.9715994421642233
 33.643021883198564 2.9195988896330664
 34.6014963412411 2.871088844273983
 35.57119681591601 2.8259336807375827
 36.552265408699653 2.784132727519849
 37.544844221068395 2.745762105552057
 38.549004303760405 2.7106640453885844
 39.56495880899023 2.678737986084878
 40.59277878749603 2.649810868450099
 41.63267739149237 2.6237136224207273
 42.684725671717416 2.6004267444369704
 43.74906572964753 2.5797568468270593
 44.82583966675908 2.5615126767661733
 45.91526063526658 2.5455525498936184
 47.017470736646416 2.531837936388192
 48.13254102163674 2.5200956120814894
 49.26061359171394 2.5098555081924107
 50.40190159909254 2.50089575712199
 51.556547145248906 2.4932818965993623
 52.72469233165938 2.487142584615814
 53.90647925980034 2.48250920721303
 55.10212108188632 2.479511005686402
 56.3116888486555 2.4781313138749827
 57.53539571232241 2.477966682977859
 58.773454825101595 2.4786526506696735
 60.02593723773124 2.4797694041237816
 61.29305610242587 2.4811773325095582
 62.574953520661864 2.483016850290442
 63.871842644653746 2.485414092431894
 65.18386557587787 2.4883633719192803
 66.5112354665488 2.4917410363794152
 67.8540233674047 2.4953250578736083
 69.21251348139826 2.499201223495449
 70.58691896074406 2.504186534617663
 71.9772398054421 2.5106443394049113
 73.38404442139779 2.5193470065832643
 74.80719070713478 2.531153684340748
 76.24667866265307 2.545143026886132
 77.70321879533448 2.561223630848984
 79.17610059779717 2.578074477262784
 80.66674508480477 2.5956169486449107
 82.17444174897547 2.614870940986114
 83.69990109769107 2.6352919158249963
 85.24312313095155 2.656456450746697
 86.80481835613872 2.678296640975833
 88.3842762658708 2.7007849861326183
 89.98149686014776 2.7217080426422475
 91.5979011537332 2.7408978983614376
 93.23348914662715 2.7600781281295376
 94.88755033144778 2.7788271593413647
 96.5607952155769 2.7966016336888914
 98.2539343063963 2.8152377175245417
 99.96625709652419 2.834278453163872
 101.69918460072415 2.8536958740737174
 103.4520063116144 2.874895059756061
 105.22472222919492 2.8968228703185885
 107.01804286084754 2.9187932640212093
 108.83267871395402 2.941630408212391
 110.66791928113258 2.964169328385753
 112.5251855771468 2.985851335054543
 114.40376709461492 3.007718221541113
 116.3036638335369 3.0288791508819423
 118.22558630129456 3.0489253089165084
 120.17024500526965 3.068356526187327
 122.13763994546224 3.088410070272399
 124.1270606144905 3.107480781800223
 126.14063853449981 3.1262824518868197
 128.17624218334478 3.143995904587937
 130.2367135905526 3.160878112598509
 132.3199212339779 3.1785791260741373
 134.42799663576604 3.196989756270417
 136.56022928853525 3.2172876738222706
 138.71732969966731 3.2386259698955197
 140.89929786916223 3.261387171231583
 143.10613379702 3.284221213282175
 145.3392584980042 3.307796901834701
 147.59725095735126 3.331464707867837
 149.88224269720657 3.3547591378617447
 152.19281270280652 3.3764796057611077
 154.5310924962965 3.395157562135139
 156.89566106291295 3.4116681077202013
 159.28722891003764 3.4256836862285036
 161.70721705243414 3.440367847789533
 164.1549149827207 3.457646933168085
 166.63032270089726 3.4753391048912405
 169.13486122172747 3.4927606436783107
 171.6678200378295 3.5095686646875003
 174.23062016396696 3.525955184278088
 176.82255109275806 3.5424628407024876
 179.44432333158457 3.5583806809404383
 182.09593688044651 3.5726995686335745
 184.7788127541075 3.585186037106436
 187.49152993780384 3.5942847630099103
 190.23621995368102 3.599734559479972
 193.01288280173903 3.6055172491860543
 195.82080797459607 3.6132108345480293
 198.6607059796339 3.62266707002848
 201.53399783161611 3.6340996647833696
 204.43997302316094 3.6461170609985922
 207.37934206165022 3.657328215024823
 210.35210494708383 3.6672175399073343
 213.35968269422545 3.6753205304972134
 216.4013647956933 3.680764448755221
 219.47786175886912 3.682645696513365
 222.58917358375296 3.6812118334355563
 225.73672128510835 3.678223445538072
 228.92050486293535 3.6763910724762736
 232.13981380985214 3.6741809761337673
 235.39677964800412 3.6700686817606604
 238.6906918700095 3.6641948237980925
 242.02226098324996 3.657437108670564
 245.3921974951075 3.652187943079445
 248.80050140558196 3.6475878002205686
 252.2471727146734 3.639237580310036
 255.73363243714541 3.6237289398918024
 259.2605910803798 3.6012870725182914
 262.8266276296129 3.572390430637444
 266.43387360699023 3.538844407919158
 270.08232901251165 3.5027597035991506
 273.7719938461773 3.4633264281543043
 277.50357861536883 3.4205387826241624
 281.27779382746814 3.376236189293363
 285.09534998985697 3.332619284599297
 288.9555365951536 3.287930086031348
 292.8597746581216 3.2370448022637825
 296.8087746861426 3.177149246113998
 300.8025366792168 3.109841010755681
 304.8410606373441 3.0380493038761713
 308.9264780826701 2.963168293957367
 313.05736800043086 2.884628586397468
 317.2351514053901 2.804092929033801
 321.45982829754802 2.7244012009712617
 325.732819691668 2.6454654984117564
 330.0541255877501 2.5657506226964317
 334.4244564931761 2.483046921686957
 338.84452291532772 2.3974791773924923
 343.3136143468234 2.3111047633012442
 347.83386230980823 2.225765396646625
 352.40455629690063 2.1403990849878233
 357.02711732286417 2.0519123523974096
 361.7015453876988 1.9580510531842427
 366.42855099878624 1.858734115997446
 371.20884466350844 1.7570233790994582
 376.0431368892471 1.6566093998391742
 380.9314276760022 1.5595672328007472
 385.8751380385374 1.4666410907694091
 390.87426797685265 1.3772744393457712
 395.928817490948 1.290310666427654
 401.0409181029688 1.2058164923133156
 406.2098593055333 1.1233954976048918
 411.43706211340503 1.0415562126481183
 416.722526526584 0.9587211122086402
 422.066963052452 0.8743463950004808
 427.47108219839094 0.7907273963427716
 432.93559447178245 0.7108700508840549
 438.4612103800084 0.634432066118525
 444.04864043045063 0.5598293983241415
 449.69859513049084 0.4891059766615126
 455.4110744801291 0.42543907248941126
 461.18678898674716 0.36927275274915366
 467.0271596651087 0.32028008903227422
 472.9328970225954 0.27840441367580576
 478.9032905518256 0.242560236429134
 484.9404717749445 0.2120166634330409
 491.04515119933404 0.1873488978371357
 497.2166183176124 0.16859338230833345
 503.45700465192493 0.15461123351199296
 509.76631020227165 0.1444136958294674
 516.1452454760345 0.13791236512221144
 522.5945209805949 0.13487215280200848
 529.114847223335 0.13407677697724168
 535.7076452190183 0.13391399820261867
 542.3729149676446 0.13220133218610716
 549.1113669765961 0.12703135298290255
 555.9244222606361 0.11865569791310708
 562.8120808197646 0.10848272484503474
 569.7750531613635 0.09790994099425575
 576.8147603001963 0.08816997869661976
 583.9319127436448 0.07958046353609108
 591.1265104917092 0.0721736172552836
 598.3999745591528 0.06675230558447627
 605.7530154533575 0.06443637763339893
 613.1863436817052 0.0655248195996207
 620.7013802589595 0.06886212818203717
 628.2974146777384 0.07226769735696169
 635.9765784601874 0.0740438161828361
 643.7395821136884 0.0738687580263923
 651.5864256382413 0.0718945648607996
 659.5192405559914 0.06778778724640717
 667.537316359557 0.06129280879356085
 675.6427845710836 0.05284060880517994
 683.8363556979529 0.04280134864590502
 692.1180297401647 0.031244210497088094
 700.4892277124828 0.018983938406401626
 708.9506601222892 9.00176000640203E-3
 717.5058795064924 5.460051975810965E-3
 726.1456492691293 9.683443722558948E-3
 734.8848900652176 0.020240419652486487
 743.7164968209396 0.036703166448925135
 752.6475746101128 0.05737408528099291
 761.6639132851016 0.07467148101165727
 770.7868280673596 0.0797909963549009
 780.0021088092512 0.07129432778920584
 789.3168605845942 0.054707355135779574
 798.7310833933886 0.034366478324338485
 808.2447772356344 9.269231245950775E-3
 817.8579421113317 -0.020617830300794812
 827.5776830942982 -0.047497771125457624
 837.4040001845342 -0.05942227900862599
 847.3226832344036 -0.051707356492829405
 857.3550474653604 -0.02977001558138021
 867.4939878035865 -2.689444537482407E-3
 877.739504249082 0.0194917708903465
 888.084491728029 0.030887685342341542
 898.550265461881 0.034668591062549235
 909.1155102291848 0.0354858434177566
 919.8015412513935 0.032283429379335024
 930.5941483808718 0.022309532720520476
 941.5004366914374 4.561008248333169E-3
 952.5204061830902 -0.018873845960741136
 963.6540568558305 -0.04413101738128661
 974.908493783476 -0.06786417990891551
 986.2766118922088 -0.0811032949507777
 997.765516255847 -0.072138616244274
 1009.3752068743905 -0.039477663118421865
 1021.0985786740214 6.773511900380079E-3
 1032.9498418023754 0.05133100449713681
 1044.9147861118167 0.07751242647609784
 1057.0147268237992 0.07691255192159253
 1069.228348716869 0.05657041928399571
 1081.57696701248 0.02771817317388366
 1094.0463715629964 -2.1928569232801862E-3
 1106.6436674422361 -0.0322589124110347
 1119.3759597240168 -0.06893352634719513
 1132.229038260703 -0.10640676435886817
 1145.2171131999302 -0.11857165891835265
 1158.3401845416988 -0.09432379406935844
 1171.5911472121906 -0.052160466615864216
 1184.9842113590414 -0.01060100251774408
 1198.5051668346154 0.022123881707515176
 1212.1682237865488 0.044647519535410594
 1225.9662771410232 0.0700511429232146
 1239.899326898039 0.11209372754800721
 1253.981583205232 0.15835316867790694
 1268.198835914966 0.187016493631467
 1282.5581901010591 0.2038034164000643
 1297.0596457635112 0.22415497749874202
 1311.710307976141 0.2454292020139532
 1326.5030716651294 0.2513543694577866
 1341.4450419042952 0.22255821624264207
 1356.5362186936381 0.1570211933111583
 1371.776602033158 0.07714976396368482
 1387.1661919228552 0.012874181032214322
 1402.7049883627294 -0.010750462291099409
 1418.3929913527808 -5.526928440615287E-3
 1434.2444110406452 -5.767202135267801E-3
 1450.2450372786865 -8.624760284596078E-3
 1466.4019751407231 -5.936030876726073E-3
 1482.715224626755 -0.0165097751689834
 1499.1847857367815 -0.03879940548549342
 1515.8177635446213 -0.04061151869530434
 1532.6141580502742 -0.015580721117394702
 1549.566864179922 0.020561548437384266
 1566.682987007383 0.08967467587770744
 1583.9696316064748 0.19165662766439933
 1601.412587829562 0.251369990165463
 1619.0331708980977 0.2755174498673745
 1636.8100655906287 0.33419983200005776
 1654.7645871286088 0.41172897399291336
 1672.8825253644017 0.45188448440160955
 1691.170985371826 0.42043299119357274
 1709.6370722246986 0.34957140979081613
 1728.2736808492024 0.27181844595010695
 1747.0879163191555 0.2079139495692172
 1766.0726735607395 0.1812208992060327
 1785.2421627215903 0.16150673186733296
 1804.582173654072 0.11277350716547481
 1824.1069165058206 0.03936514407060541
 1843.8092862030184 -0.02615451470441239
 1863.6892827456647 -0.08701024170671655
 1883.754011207578 -0.15125964877372807
 1904.0105766625767 -0.18963130535078237
 1924.4447689630242 -0.18569248992739917
 1945.063693182738 -0.14551715645870341
 1965.8673493217195 -0.07907708510039212
 1986.8628424537853 -7.815331095929048E-3
 2008.050172578936 0.0641070789145865
 2029.422234623354 0.14171129207846464
 2050.9932387346743 0.20498394762159821
 2072.748974765262 0.24490275885324486
 2094.7036528627527 0.24073795098940942
 2116.850167953328 0.20326782953168326
 2139.1885200369874 0.12413770484831249
 2161.732919261369 0.010825390426791008
 2184.469155478834 -0.07230511084234953
 2207.404333763203 -0.09451880293879282
 2230.538454114474 -0.04562932831396388
 2253.8715165326484 -0.0415965284807953
 2277.4106260915432 -0.18181629778079524
 2301.1486777173413 -0.32442763343386393
 2325.09277648386 -0.3183577094242685
 2349.2429223910994 -0.27840969165282686
 2373.592010365241 -0.3206994570783152
 2398.1542505539223 -0.34841875121417986
 2422.922537883324 -0.3376523321158922
 2447.8968723534462 -0.3627764830847135
 2473.084359038108 -0.33433357397027985
 2498.4778928634896 -0.1015655867432857
 2524.0774738295926 0.16343517089807535
 2549.897312084052 0.1800726743042928
 2575.9303025530502 0.08520381429977103
 2602.169340162769 0.06949813693893196
 2628.6286350608447 -0.015099512382072092
 2655.3010821734596 -0.2376428585240476
 2682.1866815006123 -0.3706528846332032
 2709.2925381161226 -0.3104656010481747
 2736.611546946171 -0.2603074195715195
 2764.1508130645765 -0.3304101109919421
 2791.903231397521 -0.4912535934325456
 2819.8830120926395 -0.5867759108137925
 2848.075945002297 -0.4371801085686903
 2876.4962402741293 -0.20931998883077967
 2905.136792834318 -0.09083976769025286
 2933.9904976090456 -0.04175429429335135
 2963.071564745948 -0.015084370881374553
 2992.3799942450245 0.10288633469753994
 3021.9086810324583 0.3578279674870775
 3051.6576251082483 0.6522238172038919
 3081.6339315462137 0.8180440075115939
 3111.837600346353 0.9058951780924319
 3142.261526434849 1.0050335203525924
 3172.9128148855206 1.1486015107902336
 3203.7914656983657 1.1894897797899268
 3234.8903737995683 1.1745092139775075
 3266.223749336763 1.3330502793882466
 3297.777382162315 1.5192526447424685
 3329.565482423859 1.4625675500867543
 3361.57383997376 1.1200611722742184
 3393.809559885836 0.7228865983932071
 3426.279747233904 0.39617505978865014
 3458.970191870329 0.18093610214202981
 3491.8951039427465 -0.0736397236674299
 3525.0473783773386 -0.36722410919873332
 3558.4270151741052 -0.6093655970120309
 3592.034014333047 -0.7880116502423818
 3625.8683758541633 -0.880555845483152
 3659.930099737454 -0.8666561169251991
 3694.2262910567374 -0.728763867843686
 3728.742739664378 -0.5392261363788148
 3763.4936557080104 -0.3918612392508723
 3798.46482904 -0.28709903669281117
 3833.670469807982 -0.18694412390433634
 3869.0963678643206 -0.09573006496816808
 3904.756733356652 -0.02923519017382417
 3940.63735613734 0.013008427498809415
 3976.7524463540212 0.03786491186424249
 4013.0877938590583 0.05216691911214996
