 0.2924047810359126 -1.2603224998036064E-4
 0.8806520050415095 -1.5778609891861912E-3
 1.4758202704264247 -6.057962969434015E-3
 2.0779936384219852 -0.015167085557502484
 2.687238473158188 -0.030091736944676764
 3.3036580077261357 -0.051412398698787983
 3.9273259800480473 -0.07908127082720488
 4.55832350183836 -0.11252139452455626
 5.196739058603736 -0.15078113976924928
 5.842661135850836 -0.19269778804463325
 6.4961855928785414 -0.23704376029277146
 7.157378793816849 -0.2826413249790354
 7.826321850380198 -0.3284404812264378
 8.503162238413022 -0.37356170536351412
 9.187966322045316 -0.41731025632761553
 9.880807839199301 -0.45917038232831375
 10.58176052779719 -0.49878823878063865
 11.291045601605635 -0.5359489756588429
 12.008589322702424 -0.5705517475251863
 12.734539166931986 -0.6025847194206235
 13.469042610138757 -0.6321020176613482
 14.212173390244956 -0.6592034117797327
 14.964078983095018 -0.684016148276003
 15.724759388688941 -0.706680963848458
 16.49436208287116 -0.7273427746739404
 17.27303454148611 -0.7461446347853872
 18.060850502456005 -0.7632234324503586
 18.857883703703066 -0.7787092280754272
 19.664281621071733 -0.792727695683743
 20.480191730406431 -0.8054023574877206
 21.305614031707165 -0.8168516872207413
 22.140769738740583 -0.8271831098956783
 22.98565885150669 -0.8364904361844063
 23.840576321694356 -0.8448576694675618
 24.705448411381357 -0.8523627715033323
 25.580422596412134 -0.8590791935235553
 26.465720090553332 -0.865076207281525
 27.361414631727175 -0.8704191119568694
 28.26757995785588 -0.8751662961062774
 29.184437282706095 -0.8793656375186149
 30.111986606277827 -0.8830547515007776
 31.0503754044155 -0.8862657910708717
 31.999824890885776 -0.8890295436748055
 32.96040880361087 -0.8913727828038457
 33.93220088051299 -0.8933135505633908
 34.9154223353588 -0.894865213008586
 35.91014690607051 -0.8960444466726318
 36.916522068492554 -0.8968734317584947
 37.93469529846937 -0.897378072756952
 38.9648140718454 -0.8974507276961899
 40.006952126542856 -0.8975242303630654
 41.06133067632838 -0.8972118039966567
 42.12802345912419 -0.8966655751176377
 43.207251688696963 -0.8959037513553089
 44.29908910296889 -0.894945036910679
 45.403683177784415 -0.8938054462213377
 46.521181388987976 -0.8924982211995035
 47.65180495034621 -0.8910320932310455
 48.795701337703576 -0.889411738366216
 49.952944288982266 -0.8876429913225864
 51.12368128002673 -0.8857353283435879
 52.30813352460362 -0.8836969428624063
 53.50644849855737 -0.8815329661200257
 54.7187736777324 -0.8792461292608417
 55.94525653797316 -0.8768337425214345
 57.1861182930463 -0.8742927437096037
 58.44143268087404 -0.871627643351699
 59.71142091522303 -0.8688452279277321
 60.99630420985991 -0.8659423524835513
 62.29615630270691 -0.8629045750586433
 63.61119840753068 -0.8597163777871263
 64.94157800017565 -0.856370146569475
 66.28751629440849 -0.8528674538827653
 67.6491607660736 -0.8492146310162768
 69.02673262893767 -0.8454177609734347
 70.42030562092289 -0.8414823888049808
 71.83017469371813 -0.8374145975143406
 73.25656106109005 -0.8332174079127387
 74.69946472303867 -0.8288861853308987
 76.1594755829417 -0.8244102534770944
 77.63644616495472 -0.8197805085366754
 79.13037646907772 -0.8149979022720825
 80.64200387453288 -0.8100716212599172
 82.17059100209802 -0.8050018310240823
 83.71761261021749 -0.7997708205069856
 85.28233131966913 -0.7943572371251741
 86.86548450967508 -0.7887449422981319
 88.46707218023538 -0.7829254943068191
 90.08783171057217 -0.7769100660146704
 91.7270257214633 -0.7707308104397916
 93.38465421290876 -0.764425591174933
 95.0621919433529 -0.7580218851879483
 96.75963891279572 -0.7515327688671533
 98.47625774201504 -0.7449601871184052
 100.21278581023304 -0.738299422510476
 101.96996049667189 -0.7315461714218947
 103.74704442210941 -0.7246979096131446
 105.54551234498996 -0.7177460712222595
 107.36462688609137 -0.7106718692862788
 109.20438804541362 -0.7034150391625419
 111.0655332021789 -0.6960738611135189
 112.94879973560937 -0.6885265091015759
 114.85345026648287 -0.6808102399468937
 116.78095955324373 -0.6729279089367947
 118.73059021666981 -0.6648859715034853
 120.70234225676107 -0.6566970488445489
 122.69695305273972 -0.6483845625922223
 124.71515998382787 -0.6399692446153229
 126.7569630500256 -0.6314578813938626
 128.8216248721107 -0.6228597836473702
 130.9113575877497 -0.6141922072427055
 133.02394905927604 -0.6054592902774371
 135.16234880357845 -0.5966531289852092
 137.32434468299041 -0.5877711991265052
 139.51214883517843 -0.578817721560845
 141.72502388092036 -0.5697863649989487
 143.96370719943834 -0.5606583424778564
 146.22819879073236 -0.5514208258951063
 148.5184986548025 -0.5420792361585127
 150.836081550093 -0.5326423046539448
 153.1794727181596 -0.5231185558623935
 155.55088429666872 -0.5135189971233904
 157.94884152717614 -0.5038422214837625
 160.3755565473483 -0.4940608761185828
 162.82955459874088 -0.484139373388764
 165.31157306057602 -0.4740695198611207
 167.8230866912981 -0.46386344016152813
 170.36335811168495 -0.45354199030173053
 172.93238732173654 -0.44314332354130803
 175.53164907989724 -0.4327034827100807
 178.16040600694486 -0.4222370752924646
 180.82013286132377 -0.4117590232682914
 183.51009226381177 -0.4012745406404969
 186.23102159363105 -0.3907789927398047
 188.98292085078162 -0.38025339397457136
 191.76726479370782 -0.3696749268748051
 194.58257866396525 -0.35904153894411194
 197.43107459922052 -0.3483923765854884
 200.31275259947355 -0.33776736002617596
 203.22687528550224 -0.3271678465621772
 206.17418003652872 -0.3165852703315256
 209.1561416109973 -0.306033676037368
 212.1720226296859 -0.29553072921822365
 215.22256047181664 -0.2850802079571725
 218.3077551373895 -0.2746611238233478
 221.42908138484884 -0.26426361986834195
 224.58580183497252 -0.2538932908000674
 227.7786538669827 -0.24356457857903743
 231.00763748087933 -0.2333067147264748
 234.27422743510683 -0.22324423811120486
 237.57842372966516 -0.21306591808569147
 240.91948898533212 -0.20309983976886664
 244.2996353397743 -0.19325089030371328
 247.7181254137695 -0.1835250782079006
 251.17569658653982 -0.1739445133367362
 254.67308623730755 -0.16453086276908773
 258.2102943660726 -0.1552997560994709
 261.78732097283506 -0.14627254591133817
 265.4056408160392 -0.1374916518428625
 269.06599127490716 -0.12898964486000413
 272.7668975909947 -0.12077932823663957
 276.51057190196826 -0.11287289694630259
 280.29701420782794 -0.10528071692340184
 284.1262245085736 -0.09799832729875874
 287.99894018342746 -0.09099684001324872
 291.9158986116118 -0.08425299482044027
 295.8778371723486 -0.0777650495812571
 299.88401848641586 -0.07155859429106176
 303.9359173122579 -0.06566260804712522
 308.0342710290968 -0.06009130521459469
 312.1790796369326 -0.05486336930399116
 316.3703431357653 -0.05000334751008994
 320.6102736632615 -0.045516557288266333
 324.8973964609768 -0.041389177392642126
 329.23318628735546 -0.03759570721076227
 333.6176431423976 -0.03409020227294515
 338.0522417845475 -0.03083459290918168
 342.53698221380523 -0.027816315441444656
 347.0726018093929 -0.025034898126611304
 351.6598379505326 -0.022497765539338705
 356.2979532580024 -0.02019644451104596
 360.98915986946855 -0.01809148862666299
 365.7327204057091 -0.016144944496722393
 370.5301096251682 -0.014329300807160654
 375.381327527846 -0.012649015530488136
 380.28711149296464 -0.011144768648660023
 385.2481988997463 -9.85495301710549E-3
 390.265327127413 -8.779353040941228E-3
 395.33849617596496 -7.879193918332509E-3
 400.4691808038464 -7.100415542646714E-3
 405.65738101105733 -6.409940444781189E-3
 410.90309679759786 -5.805738060259155E-3
 416.2085403011344 -5.291550056901894E-3
 421.57297414244476 -4.861860350650825E-3
 426.9978730799734 -4.49992123302742E-3
 432.4832371137201 -4.18665524662218E-3
 438.0298036229073 -3.916598364643938E-3
 443.638309986757 -3.690681865950444E-3
 449.30949358449146 -3.4964025715009524E-3
 455.0440917953328 -3.305152675547094E-3
 460.8428419985032 -3.111763298951859E-3
 466.70648157322494 -2.9209259085357986E-3
 472.6350105194978 -2.7456029493799797E-3
 478.6291662165441 -2.5815517955715002E-3
 484.69042342280823 -2.4236703383325166E-3
 490.8195195175123 -2.2746241332116663E-3
 497.0157171214341 -2.1421551055685545E-3
 503.28122837224015 -2.0337857788297153E-3
 509.61679064915273 -1.9505594501540745E-3
 516.0216665729496 -1.8884607579471822E-3
 522.4980682812972 -1.8421021060799566E-3
 529.0459957741956 -1.803929438822394E-3
 535.666186430867 -1.7620703887270634E-3
 542.3593776305336 -1.7056828918790964E-3
 549.1263067524175 -1.6328660303985317E-3
 555.9684485549631 -1.5484679166344677E-3
 562.8858030381703 -1.4551536509448098E-3
 569.8791075812613 -1.3512406828582765E-3
 576.9498369426807 -1.2365254179745061E-3
 584.0979911224281 -1.1146380437662885E-3
 591.3243074997259 -9.915743739432986E-4
 598.6302608330185 -8.765528484584964E-4
 606.0165885015278 -7.81034259575167E-4
 613.4832905052542 -7.154837319006799E-4
 621.0318416026417 -6.805154004951505E-4
 628.6629791729126 -6.583798889826601E-4
 636.3774405952892 -6.21497149499096E-4
 644.1767006282156 -5.575943708953407E-4
 652.0600218924699 -4.7268905051232705E-4
 660.0296165257182 -3.763508120912489E-4
 668.0862219071831 -2.8518362729160006E-4
 676.2298380368645 -2.2218907006594582E-4
 684.4626770524288 -1.9450895886453337E-4
 692.7840015746539 -1.856730074079111E-4
 701.1960237412063 -1.7479300127643847E-4
 709.6994809313082 -1.500525821732722E-4
 718.2943731449596 -1.0772753677267501E-4
 726.9821751406048 -6.0915630802595524E-5
 735.763624297466 -5.419090247104276E-5
 744.6424075116541 -6.610170878883169E-5
 753.6089388532807 -7.813022841546674E-5
 762.6787032860117 -1.120310961722707E-4
 771.8443270176252 -1.3311339150596336E-4
 781.1131838403429 -1.2133710654597183E-4
 790.4705261697214 -7.083226299157644E-5
 799.9384753824258 -6.396059154642312E-5
 809.502283894013 -1.0506774920276991E-4
 819.1693254967042 -1.4661862328717241E-4
 828.9396001904997 -2.6345318587387805E-4
 838.8131079753995 -1.3472919860156526E-3
 848.7898488514036 -4.2469945025049715E-4
 858.8771966107336 -4.0792267991274515E-4
 869.0751512533897 -3.349404145342764E-4
 879.3689651949281 -2.6463897014637456E-4
 889.7807598120144 -2.598886409116315E-4
 900.3031613124266 -2.721425693002354E-4
 910.9361696961648 -2.8452530562565015E-4
 921.6724111710074 -2.7554001436588462E-4
 932.5340071136193 -2.094518195362473E-4
 943.4988361473355 -2.086967163349079E-4
 954.589019648821 -2.5122974515765525E-4
 965.7898100336329 -2.9418697307105623E-4
 977.108581093992 -3.6126157449425054E-4
 988.545332829899 -5.135708061049459E-4
 1000.100065241354 -8.136858770570689E-4
 1011.7801521205782 -1.2031641995215876E-3
 1023.57821967535 -1.5942884502939081E-3
 1035.5016416978915 -1.936560100556524E-3
 1047.5504181882024 -2.244695011500942E-3
 1059.717175354061 -2.515001544905481E-3
 1072.0166607799108 -2.7309741537613115E-3
 1084.4341268813082 -2.916031573636861E-3
 1096.9916950349188 -3.07978987428043E-3
 1109.667243864077 -3.2132781567355962E-3
 1122.4828947454477 -3.352242714750733E-3
 1135.4239000945883 -3.5318651158990676E-3
 1148.49763370372 -3.7289507439764702E-3
 1161.7114693650646 -3.8816914839872977E-3
 1175.0506594941787 -3.9487680592830325E-3
 1188.5299516755055 -3.957472630279958E-3
 1202.1493459090456 -3.976925826948659E-3
 1215.9014684025767 -4.115844576223715E-3
 1229.8010667405424 -4.382430297818718E-3
 1243.8333933384992 -4.748386266751698E-3
 1258.0131957808907 -5.1854186133280045E-3
 1272.3331002754953 -5.663478955864995E-3
 1286.7931068223126 -6.207894520529608E-3
 1301.4079630057865 -6.778131814020578E-3
 1316.1629212414732 -7.248916139603181E-3
 1331.0653553215945 -7.595729682994839E-3
 1346.1152652461503 -7.89928976155357E-3
 1361.3200248073628 -8.117499094907032E-3
 1376.6722602130098 -8.122551712037959E-3
 1392.1793452553131 -7.857794574377424E-3
 1407.841279934273 -7.519411163351957E-3
 1423.658064249889 -7.5201305674386775E-3
 1439.6296982021615 -7.5208570146423304E-3
 1455.7561817910905 -8.145504497820194E-3
 1472.0375150166757 -8.674763452521298E-3
 1488.4884454633611 -8.685225395962701E-3
 1505.0942255467025 -8.69578581578791E-3
 1521.8622290589221 -8.751205767563474E-3
 1538.7924560000201 -8.807161884219894E-3
 1555.8849063699958 -8.994431903484253E-3
 1573.1469539610716 -9.021059733716918E-3
 1590.5785987732472 -9.086702789253033E-3
 1608.172467014301 -9.129017319747707E-3
 1625.9359324764543 -8.884667210245374E-3
 1643.8763689519294 -8.277402219713022E-3
 1661.9790288562828 -7.301323490067004E-3
 1680.2660335661792 -6.355382938820863E-3
 1698.715261704954 -5.699956699739547E-3
 1717.3488346492717 -5.413114949166612E-3
 1736.1520048146896 -5.305948567390885E-3
 1755.1321459934292 -5.434397223757679E-3
 1774.2966319777117 -5.564093438946992E-3
 1793.638088975316 -6.121807193957179E-3
 1813.1638907784636 -6.577375320971288E-3
 1832.866663594933 -6.921096877859895E-3
 1852.7611550091671 -6.9945547306537944E-3
 1872.832617436723 -7.0827586991253745E-3
 1893.0957984620436 -7.171805174275962E-3
 1913.543324292908 -7.486092443161065E-3
 1934.1751949293152 -7.623401555243994E-3
 1954.9987841634876 -7.2791689433057E-3
 1976.0214657876472 -6.611061504226248E-3
 1997.2284922173498 -5.775399597936972E-3
 2018.6272372448172 -5.295661670645782E-3
 2040.21770087005 -4.791434895754996E-3
 2062.0072568852697 -3.3452970835062007E-3
 2083.9959052904755 -1.7668299871691766E-3
 2106.1762722934472 -9.149745464277212E-4
 2128.5631054786267 -5.3192463439267E-4
 2151.1416572615717 -9.687883121120917E-5
 2173.9266752267253 5.281052117180807E-4
 2196.910785581865 3.8145320215463875E-4
 2220.093988326992 2.3353086719555586E-4
 2243.4910310465493 -5.7282174232726734E-5
 2267.087166156093 -5.144241232045105E-4
 2290.8897674478457 -7.300427591943461E-4
 2314.8988349218066 -8.942911347329321E-4
 2339.114368577976 -1.2656528246623431E-3
 2363.5437422085756 -1.1220375415521154E-3
 2388.179582021384 -5.054477619592973E-4
 2413.0292618086223 -1.5559174026389196E-4
 2438.092781570291 6.78747025880302E-5
 2463.362767514168 7.798855541007671E-5
 2488.8539672246974 8.819094502367919E-5
 2514.559006909657 3.0286973215569906E-4
 2540.4778865690464 7.546509909087899E-4
 2566.6179799950882 8.750104139708786E-4
 2592.97191339556 1.4099342173381445E-3
 2619.539686770462 2.2171671036661897E-3
 2646.336047704238 3.3970458971230004E-3
 2673.3536224046656 4.647910774934198E-3
 2700.5850370795237 4.961278558539618E-3
 2728.0450393132555 5.1136035852687314E-3
 2755.7262553136392 5.099360885406969E-3
 2783.6286850806745 5.0850043653545154E-3
 2811.759702406584 5.055580008785175E-3
 2840.1119334991453 5.718925738992754E-3
 2868.692752150581 6.494848827356403E-3
 2897.4947845686674 7.1756734678828345E-3
 2926.5327783378502 8.07364767497548E-3
 2955.7919858736845 9.242210840631704E-3
 2985.2871547606146 0.010472862849822606
 3015.0109112064183 0.011495011019696797
 3044.955881418874 0.011483910238379655
 3075.136812982425 0.011472721984764523
 3105.5537058970712 0.010814372593560941
 3136.1991863705916 0.010187440052905849
 3167.073254402985 9.594677852921209E-3
 3198.183283786475 8.699842806643897E-3
 3229.529274521059 6.509758806704838E-3
 3261.1038528145177 3.769757103431394E-3
 3292.9143924590716 2.010311923801677E-3
 3324.960893454721 4.2631351520702276E-4
 3357.2359820092442 -4.198608969067804E-4
 3389.754405707084 -8.378017579228332E-4
 3422.5014169637984 2.483985551868436E-6
 3455.4917633638292 1.2682661574196683E-3
 3488.710697322734 3.196345806343567E-3
 3522.1655926327343 5.110766919385643E-3
 3555.8638230860515 6.819163120459317E-3
 3589.790641098243 8.27960782571694E-3
 3623.960794253751 9.12482459929148E-3
 3658.366908760355 8.574565732845225E-3
 3693.008984618054 8.020533123637229E-3
 3727.8870218268484 6.543303880832718E-3
 3763.001020386739 5.1235875732718325E-3
 3798.350980297724 3.7381729909791933E-3
 3833.944275352027 2.5092398647562222E-3
 3869.7661579652035 1.6275498578334785E-3
 3905.831375721697 1.048748440377053E-3
 3942.125181037064 6.863013712771355E-4
 3978.662321495749 4.7940795539109127E-4
 4015.4280495133066 3.6104523889147604E-4
 4052.4371126741816 2.8431012041399964E-4
 4089.674763393931 2.282548590055011E-4
 4127.155749256997 1.3864920187565038E-5
 4164.8653226789365 6.816235320487151E-5
 4202.810857451972 8.42873814205841E-5
 4240.984979783881 8.336046425764803E-5
 4279.4024372591075 8.242763860207591E-5
 4318.0411085009855 6.770562405948596E-5
 4356.923114886181 5.568442165681545E-5
 4396.026335038028 4.584553604494826E-5
 4435.365516540972 3.777732624398732E-5
 4474.94065939501 3.1150623558572315E-5
 4514.7370160157 2.570071430106717E-5
 4554.761960195264 2.121371469150661E-5
 4595.015491933701 1.7516142024104414E-5
 4635.497611231012 1.4466824686507379E-5
 4676.208318087197 1.195056838765723E-5
 4717.140238710034 9.873156922118315E-6
 4758.300746891745 8.157378354982749E-6
 4799.675095047885 6.7398482043672084E-6
 4841.278030762901 5.568458304262062E-6
 4883.1021802445675 4.6003168595618514E-6
 4925.147543492886 3.800081827269651E-6
 4967.406746715634 3.1386053584956363E-6
 5009.887163705035 2.5918312023600036E-6
 5052.5814206688664 2.1398923524372183E-6
 5095.489517607127 1.766373306721536E-6
 5138.611454519819 1.4577048294766585E-6
 5181.947231406941 1.2026668001938748E-6
 5225.496848268493 9.919793695523108E-7
 5269.252931312253 8.179659527529644E-7
 5313.208106746 6.742756459338228E-7
 5357.377122154178 5.556538514216498E-7
 5401.752603744564 4.5775320805408905E-7
 5446.3271777249365 3.769768110770926E-7
 5491.100844095296 3.10349186262741E-7
 5536.073602855643 2.5540901386788176E-7
 5581.252827798198 2.1012068093670372E-7
 5626.616397546296 1.728009004165584E-7
 5672.179059684381 1.4205804664760798E-7
 5717.933440420231 1.1674185678688239E-7
 5763.872165961624 9.590183051342493E-8
 5810.0026101007824 7.875272243267006E-8
 5856.317399045484 6.464600989370965E-8
 5902.823906587951 5.304624789978777E-8
 5949.500011351518 4.351148763060714E-8
 5996.360460920628 3.5677081583685895E-8
 6043.39788150306 2.9242244688694626E-8
 6090.612273098812 2.395897330978793E-8
 6137.996261915665 1.9622850392807563E-8
 6185.549847953618 1.6065445849098253E-8
 6233.2730312126705 1.314803492339894E-8
 6281.158437900601 3.547355587574388E-9
 6329.20606801741 5.366169920397437E-9
 6377.415921563096 5.620931957728252E-9
 6425.787998537662 5.211360714997776E-9
 6474.307551356662 4.800540779454097E-9
 6522.9893276045395 3.920134534539976E-9
 6571.81120590463 3.200045720760383E-9
 6620.787933841378 2.611302027324346E-9
 6669.904763830336 2.130124911079868E-9
 6719.16169587151 1.7370063869464443E-9
 6768.558729964896 1.415948611105901E-9
 6818.088492318273 1.153837373030553E-9
 6867.7583567238634 9.39926736812044E-10
 6917.553575597222 7.654148033986414E-10
 6967.4815227305734 6.230949517321781E-10
 7017.527450539471 5.070689858246162E-10
 7067.698732816139 4.125113914776766E-10
 7117.987995768354 3.3547598781205706E-10
 7168.387865603896 2.727367594825637E-10
 7218.905716114985 2.216575107428065E-10
 7269.526799717179 1.8008482941349696E-10
 7320.258490202697 1.4626033438541404E-10
 7371.093413779322 1.1874873479317894E-10
 7422.016822862606 9.637889522968699E-11
 7473.043465036995 7.819556483797305E-11
 7524.143845133601 6.34198543413365E-11
 7575.391701074641 5.1416905087039884E-11
 7626.713294937899 4.1669417636164313E-11
 7678.034888801159 3.375603972143938E-11
 7729.503958508851 2.7333675880138556E-11
 7781.046766138759 2.21230384587999E-11
 7832.663311690888 1.7896854862775797E-11
 7884.353595165232 1.4470231168425626E-11
 7936.043878639576 1.169279097916519E-11
 7987.881637958357 9.442258891377294E-12
 8039.719397277135 7.619231594324392E-12
 8091.704632440349 6.142906112028804E-12
 8143.616129681347 4.947604628934841E-12
 8195.675102766776 3.9799345963096134E-12
 8247.734075852208 3.1964768185125806E-12
 8299.866786859859 2.5618972804560997E-12
 8351.999497867506 2.0474048786417122E-12
 8404.132208875153 1.6294894669257045E-12
 8456.338657805021 1.288885056173367E-12
 8508.618844657103 1.0097134349672265E-12
 8560.899031509187 7.787682373467517E-13
 8613.105480439053 5.8490651832288E-13
 8665.459405213354 4.185093528599894E-13
 8717.739592065438 2.7103275711348803E-13
