 0.0E+0 0.0E+0
 0.22087257712954316 3.983197450659334E-3
 0.6652144237132979 0.014042036551772915
 1.1147841883921485 0.028692001304123304
 1.5696453681470068 0.0466653649800398
 2.0298480921733306 0.066922557345731
 2.495470339219607 0.08865493191297065
 2.966567808391901 0.11126310997892849
 3.4432017687068805 0.13431723847807613
 3.9254390590918224 0.15751510205623012
 4.413346518474003 0.18064703885301924
 4.906996555691303 0.2035694809857773
 5.40643929993918 0.22618508321334515
 5.911736020234304 0.24842762698800688
 6.422998114788802 0.27025096732266756
 6.940275712798129 0.29162091218521662
 7.463624513368351 0.31250965223436044
 7.993100215605527 0.3328924813233633
 8.528869916827851 0.352746322348121
 9.07087791792926 0.3720489605561638
 9.619235617121873 0.39077988178584316
 10.174054412617826 0.4089229950927431
 10.735390003523179 0.42647012009332063
 11.303353788050057 0.44342235955563213
 11.87794576619846 0.45978841316619523
 12.459277336180515 0.4755807155754232
 13.04745989620835 0.49081116260636886
 13.642549145388026 0.5054879072494503
 14.244600782825607 0.519614663074066
 14.85372620673322 0.5331927140198898
 15.470036815322992 0.5462238837455526
 16.093532608594923 0.5587118898350171
 16.7243806838672 0.5706611780624864
 17.362581041139826 0.5820751225240581
 18.00835647683705 0.5929564455233953
 18.661651291852816 0.6033100862367187
 19.322576884399243 0.6131454181981445
 19.991300351794524 0.6224751084135485
 20.667877393144724 0.631311821264691
 21.352363707555905 0.6396672347890506
 22.04492639234625 0.6475537358941208
 22.745565447515776 0.6549839666537363
 23.45439227127659 0.6619666300997824
 24.171573960946894 0.668504739496009
 24.897166215632747 0.6745999697881767
 25.63122473444021 0.6802570347372517
 26.373916614687477 0.6854837459951609
 27.12529755548061 0.690287310416077
 27.885478955031736 0.6946715051986349
 28.654572211552977 0.6986372909895607
 29.43268872325647 0.7021852656122112
 30.21988418924827 0.7053189219620196
 31.016325706846561 0.708047448583413
 31.822068975157417 0.7103871063796995
 32.63728109149903 0.7123585766701406
 33.46201775497745 0.7139801768338057
 34.29639036380481 0.7152652373201664
 35.14051031619324 0.7162243084003174
 35.99454470946093 0.7168664784241695
 36.858604941820004 0.7172023670687947
 37.732746712376524 0.7172495741799147
 38.61708141934261 0.7170285835444252
 39.51177616003647 0.7165509789849336
 40.41694233267021 0.7158212468520875
 41.33269133545597 0.7148442457945716
 42.25913456660587 0.7136282338501501
 43.196439123438103 0.7121851641603804
 44.14466070505874 0.7105284129443185
 45.10396640878596 0.7086656358775838
 46.07452333193794 0.7065910517534362
 47.05638717362078 0.7042932946403244
 48.049725031152625 0.7017668549871575
 49.05464830274564 0.6990097615985237
 50.07132408571799 0.696018413816617
 51.099863778281815 0.6927881389141386
 52.140434477755306 0.6893163196628548
 53.19309188324451 0.6856080189171885
 54.258058791173695 0.681668175991097
 55.335502298861044 0.6774918200907121
 56.42542240630656 0.6730811214199434
 57.52826470635875 0.6684600409585869
 58.64391780080549 0.663658640732039
 59.772381689646763 0.6586960224868901
 60.914213363943225 0.6535911174388996
 62.068855832634234 0.6483794243030306
 63.23742307784104 0.6431089664090934
 64.41935810850305 0.6378297179550031
 65.61521791568084 0.6325821031132808
 66.82500249937445 0.6273768168959559
 68.04926885064451 0.6222065293329436
 69.28745997843038 0.6170613836651858
 70.53957588273205 0.6119364378764972
 71.8067305456708 0.6068350362222666
 73.08892396724663 0.6017732401926532
 74.38559915639891 0.5967771170807868
 75.69731310418825 0.5918690510792587
 77.0246228016753 0.5870651736789914
 78.36697125779943 0.5823767120334372
 79.7254724546819 0.5778175273780332
 81.09956940126209 0.5733939035050845
 82.48926209753996 0.5691113144727127
 83.8951075345762 0.5649990321113185
 85.3176627034314 0.5610887472974752
 86.75637061304494 0.557389733795578
 88.21234524553807 0.5539064926760197
 89.68502960985019 0.5506489929281755
 91.17442370598128 0.5476131048902559
 92.68108452499197 0.5447821720840644
 94.2055690579429 0.5421346838149278
 95.74787730483406 0.5396482426429448
 97.30745227460486 0.5373018548163723
 98.88596494043712 0.5350790447844662
 100.481744329149 0.5329683362930756
 102.097018404983 0.5309733745634962
 103.73011619475726 0.5291046321245879
 105.38270867165365 0.52735039278216
 107.05423884461155 0.5257104922113052
 108.74526370469158 0.5242182050960061
 110.45578325189372 0.522893672552735
 112.18579748621802 0.5217441216362794
 113.93642038978571 0.5207975744859957
 115.70653798047555 0.5200838596936083
 117.49782123146939 0.5196121297989448
 119.30915616064603 0.5193789946829296
 121.1422137411873 0.5193802444359625
 122.995879990972 0.5196060163899356
 124.87071190106072 0.5200319684560571
 126.76782345357474 0.5206367634966772
 128.68665765745342 0.5214107590722673
 130.62721451269678 0.5223553412130134
 132.59060800142606 0.5234733133471398
 134.57628113258061 0.5247557517635772
 136.58534788828174 0.5261851487943199
 138.61725127746882 0.5277478324971997
 140.67254829120244 0.5294397254594952
 142.75123892948263 0.5312509585891291
 144.85443717443064 0.5331687604099554
 146.98102904392521 0.5351837257958904
 149.13268551114825 0.5372802711651279
 151.30940657609974 0.5394482899125442
 153.51063524771907 0.5416933704655318
 155.73692851706684 0.544023557367559
 157.98940036626433 0.5464341318777193
 160.26749380425093 0.548910796197786
 162.57176582208725 0.5514391530329623
 164.9022164197733 0.5540070532992888
 167.25995957943032 0.5566035584798267
 169.64443830999772 0.5592218505847625
 172.0562096025361 0.5618586432906083
 174.49527345704544 0.5645080694826201
 176.96274385564706 0.5671602785747814
 179.45862079834094 0.5698051321400982
 181.98234729406641 0.5724348200745917
 184.53559431600544 0.5750436038890616
 187.11780487309735 0.5776270584717915
 189.72953595640274 0.580181640836563
 192.3713445569823 0.5827044449148617
 195.04323067483602 0.5851937066820281
 197.7451943099639 0.5876492661691144
 200.47834944448715 0.5900720787794936
 203.2432530694665 0.592463494952721
 206.0387912027806 0.5948247956199307
 208.86663481761138 0.5971570788786231
 211.72678391395885 0.5994612217927735
 214.619238491823 0.6017374933867319
 217.54455554226444 0.6039849479729542
 220.5032920563439 0.6062011843027899
 223.49600502512186 0.6083824427637332
 226.5221374575378 0.6105241446948104
 229.58280333571295 0.6126217150841097
 232.6785596507079 0.6146715292062344
 235.80940640252276 0.6166713936168848
 238.9753435911574 0.6186205031476975
 242.17804218979384 0.6205190614143126
 245.4163882163107 0.6223680262970523
 248.69149565282933 0.6241690004672622
 252.0033644993497 0.6259240145420684
 255.35310873799306 0.6276354589036447
 258.74072836875944 0.6293062071462555
 262.1667803827095 0.6309399505245908
 265.6318217709037 0.6325414416419467
 269.13529554228165 0.6341164375849496
 272.6788726700251 0.6356712449281302
 276.26199616307343 0.6372120380231392
 279.88578000354794 0.6387439766349716
 283.55022419144864 0.6402706980613365
 287.2558857178361 0.6417944882990099
 291.0033215737711 0.6433168844726275
 294.79308875031404 0.6448389367997511
 298.6251872474651 0.6463609338314489
 302.5007310473454 0.6478820811751275
 306.41972014995513 0.6494001735502763
 310.38215455529416 0.6509116668944025
 314.38970523654444 0.652412104947294
 318.4418152026453 0.6538961790714394
 322.53959843571794 0.6553565804213333
 326.6830549357625 0.6567825349983869
 330.8727416938396 0.6581593632238579
 335.10921570100975 0.6594696781560476
 339.3930339483337 0.660696433278196
 343.72475342687204 0.6618272283704879
 348.10493112768534 0.6628575653568145
 352.5341240418344 0.6637905670183825
 357.012332169319 0.6646342325947011
 361.5401125011999 0.6653994253806599
 366.1185790195984 0.6660999496988212
 370.7482887155751 0.6667528531011196
 375.4286845980693 0.6673771626892364
 380.161437640263 0.6679912477340568
 384.9471048332167 0.6686099970854404
 389.7851291858699 0.669243199786948
 394.6771816714044 0.6698963308556279
 399.62326228982033 0.6705726848251334
 404.6239280321782 0.6712751464061416
 409.6797358895386 0.6720042434912
 414.79124285296234 0.6727534051734012
 419.9595629045706 0.6735085875262781
 425.1846960443633 0.67425695975592
 430.46719926340114 0.674995025704731
 435.8081865438054 0.6757272947527669
 441.20765788557605 0.6764618909890113
 446.66617027977383 0.6772085470758074
 452.1848377085198 0.6779797282883913
 457.76421716287472 0.6787893905104777
 463.4043086428386 0.6796434360234203
 469.1062261305327 0.6805362147282057
 474.87052661701756 0.6814576289688257
 480.6977670933539 0.6823945914314774
 486.58906154166305 0.6833257743610774
 492.54385297088424 0.6842166207955848
 498.5638123541994 0.6850277569218833
 504.6494966826692 0.6857361613645776
 510.80090595629366 0.6863399384677449
 517.0197111482546 0.6868507415949201
 523.3053552674914 0.6872961192923359
 529.6595092871861 0.6877138797465984
 536.0827301983992 0.6881382265989475
 542.5750180011306 0.6885959633298897
 549.1374866775018 0.6891028945480179
 555.7706932185733 0.6896557779893341
 562.4774225796482 0.6902339460716662
 569.2504338769385 0.6908096565449391
 576.1014239227171 0.6913594442108636
 583.0248228063782 0.6918687899476877
 590.0262004385277 0.6923345094627539
 597.0944169979531 0.6927595749462836
 604.2461822164732 0.6931355702902549
 611.4703562728758 0.6934561956912414
 618.7725090777668 0.6937536380004848
 626.1526406311464 0.6941025713536828
 633.6107509330144 0.694588307911065
 641.146839983371 0.6952601948511722
 648.7664776928225 0.696090594228241
 656.4696640613689 0.6969891464747265
 664.2452592677975 0.6978617199523063
 672.1099730439272 0.6986477859836524
 680.0582354791518 0.6993278027169462
 688.0900465734713 0.699878681194001
 696.1998364162794 0.7002407558769062
 704.4043147393949 0.7003696486335474
 712.686771810999 0.700308793620535
 721.0639173629105 0.7001449667509754
 729.524611573917 0.6999179590359129
 738.0744243546245 0.6996360122416556
 746.7133557050333 0.6993139318574958
 755.4414056251434 0.6990009009920113
 764.2641440255609 0.6987727898990831
 773.1760009956796 0.6986720505122711
 782.1825464461058 0.6986845016512374
 791.2837803768396 0.6987691832323636
 800.4741328772745 0.6989273660744805
 809.7647437686232 0.6992055637508136
 819.1444732296732 0.6996098633549698
 828.6300309922433 0.7000484807612027
 838.2047073245146 0.7003923727648771
 847.885211958306 0.7005179401974595
 857.660405072405 0.7003307689327434
 867.5358565774177 0.6998559041134206
 877.5171363839506 0.6991801456092925
 887.5931046707911 0.698351722004974
 897.7749012591516 0.6974246961671655
 908.0625261490326 0.6964908864336516
 918.4504094298272 0.6955954857201816
 928.9496909227482 0.6947368000247931
 939.5492308065832 0.6938416913365165
 950.2601689025446 0.6929182348009102
 961.0769353000262 0.6920787475419082
 971.9995299990279 0.6914229382418855
 983.0390928207624 0.690974799365743
 994.1844839440172 0.6906562772828978
 1005.4412732793984 0.6904150938462537
 1016.8094608269059 0.6902759160722853
 1028.2946164971465 0.6902143287260608
 1039.8911703795133 0.6902597146621072
 1051.6046923846131 0.6902909613993111
 1063.4351825124458 0.6901593036670962
 1075.382640763011 0.6899650337491291
 1087.4470671363092 0.6898631974160578
 1099.6284616323403 0.690052771763497
 1111.926824251104 0.6906125503945417
 1124.3532948138135 0.6914951106467503
 1136.8967334992553 0.6926492809096487
 1149.5627102180367 0.6940789882287487
 1162.351224970157 0.6957174312083009
 1175.2622777556164 0.6972503414743824
 1188.3014384850214 0.6984744270915942
 1201.468707158372 0.6994299148870089
 1214.7585138650613 0.700161436618775
 1228.1764285156962 0.7004714691522189
 1241.728021020883 0.7004237680277218
 1255.402151559409 0.7004004702265773
 1269.2155298630927 0.700446971867389
 1283.151446200116 0.7004713604383503
 1297.2266103022973 0.7005905990588539
 1311.429882348424 0.7009911253658216
 1325.7668322491024 0.7014120098327524
 1340.243029914939 0.7012748387417521
 1354.8529054353273 0.7003147846022474
 1369.6020287208737 0.6986859808255725
 1384.484829860972 0.6968703999918772
 1399.5124486768347 0.6951667397117839
 1414.6737453472492 0.69372305949637
 1429.979859693428 0.6927155620412813
 1445.425221804765 0.6922900662056993
 1461.00983168126 0.6923257834101513
 1476.7392592335193 0.692565055302139
 1492.61907437215 0.6931715368849356
 1508.6381372759383 0.6941232490303479
 1524.8020178554907 0.694917468041025
 1541.1107161108081 0.6955189578408643
 1557.5698019524961 0.6963774653770309
 1574.1792753805548 0.697696518078283
 1590.933566484378 0.6991277193947039
 1607.8438150851782 0.7000920430247722
 1624.898881361743 0.7004428871776
 1642.1099051352848 0.7005725088094619
 1659.4713164951972 0.7006122239285882
 1676.9831154414803 0.7006405660932665
 1694.6564417953472 0.7007267500771693
 1712.4801557355845 0.7001022883096821
 1730.4598271727991 0.698502056516339
 1748.5954561069904 0.6970193683923814
 1766.8870425381592 0.6959857100575416
 1785.3401563769111 0.6947450364771922
 1803.9492277126403 0.6934566349457097
 1822.7198264559526 0.6935394033012249
 1841.651952606849 0.6950187516354328
 1860.7400362547216 0.6970755842287449
 1879.9952172207845 0.6989869095128572
 1899.4119255944306 0.7000347485035848
 1918.9901613756601 0.6998268669239924
 1938.7354944750795 0.698478497334795
 1958.642354982082 0.6971751811499981
 1978.710742896668 0.6966597419621913
 1998.95179804005 0.6967276974161635
 2019.3599505016218 0.696505526781185
 2039.9296303707772 0.6964008352808128
 2060.6719774687285 0.6975254493429482
 2081.5814218848695 0.7000655485822055
 2102.6579636192 0.7030302889994648
 2123.907172582327 0.7032997072028754
 2145.3234788636432 0.6999219328090199
 2166.9124523737564 0.696462791931897
 2188.668523202058 0.6943560889731951
 2210.602831169763 0.6925671706227428
 2232.7042364556573 0.6897284297271148
 2254.9838788809543 0.6861941370142224
 2277.436188535047 0.6816267399784756
 2300.0555955073295 0.67648669399252
 2322.8532396190144 0.6707763013711537
 2345.8291208701016 0.6644688246632534
 2368.977669349985 0.6569352284702669
 2392.2988850586643 0.6495061041346685
 2415.7983379067463 0.6418556539239659
 2439.4760278942303 0.6327555829488077
 2463.3263851105102 0.6212895305012742
 2487.354979466193 0.606740015888327
 2511.561810961278 0.5871467585288886
 2535.941309685159 0.5605945088698039
 2560.5046154590486 0.5224967809643982
 2585.240588461734 0.47183326988778906
 2610.1603685144286 0.41774716925866556
 2635.252815795919 0.3600325359645823
 2660.523500216812 0.3036260953345637
 2685.9779916877137 0.2513206210483183
 2711.6051503874114 0.20629033068997218
 2737.4161161371175 0.17010581829086518
 2763.405319026226 0.14222922423929607
 2789.572759054737 0.12094860697344137
 2815.9184362226505 0.10450629270002441
 2842.4423505299664 0.09148383412398134
 2869.1445019766842 0.08086077276380403
 2896.0304604734114 0.07197422483963527
 2923.0890861989346 0.06440218398384649
 2950.3315189744662 0.0578632573600815
 2977.746618978794 0.05215900959419876
 3005.34552603313 0.04714313049963435
 3033.117100316262 0.04270407086394543
 3061.0724816494034 0.038754560691685896
 3089.2005302113402 0.03522491493318671
 3117.5123858232864 0.03205855490701776
 3145.996908664028 0.029208895399947656
 3174.6596686441725 0.026637127177988367
 3203.4950958531126 0.024310585097512577
 3232.514330112062 0.022201525632918692
 3261.700661689201 0.020286196999740435
 3291.070800316348 0.018544116652206444
 3320.608036261685 0.016957505989152504
 3350.323509346425 0.015510840890195105
 3380.217219570567 0.01419049161161821
 3410.2780271128985 0.012984431020862398
 3440.511501884026 0.011881998162574988
 3470.91764388395 0.010873702938757555
 3501.4964531126697 9.951064656415876E-3
 3532.2479295701855 9.106479262775267E-3
 3563.166503345891 8.333105938040772E-3
 3594.2577443503923 7.624773047467897E-3
 3625.510512762478 6.97589889638235E-3
 3656.935948403359 6.381423199947088E-3
 3688.52848136243 5.836749030558329E-3
 3720.28811163969 5.337693026804463E-3
 3752.209269324534 4.880441763927405E-3
 3784.2975243275677 4.46151435309626E-3
 3816.547306738185 4.077729659579658E-3
 3848.958616556385 3.7261771149235695E-3
 3881.531453782169 3.4041918470846784E-3
 3914.2658184155366 3.109331446877768E-3
 3947.161710456487 2.839356602694381E-3
 3980.213559994415 2.5922124668084226E-3
 4013.4157971187132 2.3660133513393275E-3
 4046.7795616505954 2.1590277371911614E-3
 4080.299283679454 1.9696654607139446E-3
 4113.969393294684 1.7964658256845835E-3
 4147.789890496284 1.638086981902644E-3
 4181.760775284256 1.4932960600997104E-3
 4215.887617569204 1.3609604251422545E-3
 4250.15370761931 1.2400394585370825E-3
 4284.570185255788 1.1295772133867157E-3
 4319.1314805680294 1.0286955060630975E-3
 4353.832023645428 9.365878503679703E-4
 4388.677384398593 8.525136021270905E-4
 4423.661992916915 7.757926566263194E-4
 4458.791419111001 7.058008029633162E-4
 4494.048953249034 6.419651001955013E-4
 4529.445735152224 5.837598316119327E-4
 4564.976194909967 5.307027379379967E-4
 4600.64033252226 4.8235154361883154E-4
 4636.432578078499 4.383007199955815E-4
 4672.352931578684 3.9817856513022566E-4
 4708.401393022814 3.616444610784288E-4
 4744.572392500283 3.2838635082249573E-4
 4780.865930011092 2.9811845728405675E-4
 4817.282005555239 2.7057914755028125E-4
 4853.820619132725 2.4552891858569813E-4
 4890.470630922339 2.2274864545773146E-4
 4927.243180745291 2.0203788000812332E-4
 4964.121558869764 1.832133243286248E-4
 5001.116905116969 1.661074085770766E-4
 5038.218079665694 1.5056699961498804E-4
 5075.42508251594 1.3645218365565688E-4
 5112.7379136677054 1.236351825304587E-4
 5150.151003210385 1.119993224078721E-4
 5187.669921054585 1.0143810540887237E-4
 5225.283527379092 9.185435311480142E-5
 5262.997392094513 8.315941599747332E-5
 5300.800375379636 7.527244835337243E-5
 5338.698047145066 6.811973946335181E-5
 5376.684837480197 6.163410594943716E-5
 5414.755176474422 5.575432677740445E-5
 5452.914634038349 5.0424631633733825E-5
 5491.152070350765 4.559422686494175E-5
 5529.473055322275 4.1216858692613196E-5
 5567.872019042275 3.7250422157725813E-5
 5606.337821689549 3.3656590532988785E-5
 5644.881603085312 3.0400484941182445E-5
 5683.4810835871385 2.7450368215764133E-5
 5722.191962301092 2.4777363456564717E-5
 5760.958540121109 2.2355196411804652E-5
 5799.725117941125 2.015996331505417E-5
 5838.603093973268 1.8169913378200267E-5
 5877.536769111473 1.636525245623576E-5
 5916.526143355743 1.4727961397891113E-5
 5955.571216706076 1.3241631562905562E-5
 5994.616290056408 1.1891313103234464E-5
 6033.772761618868 1.0663374936147451E-5
 6072.929233181326 9.545377348825438E-6
 6112.197102955911 8.525955221702396E-6
 6151.409273624435 7.594709575556163E-6
 6190.732842505083 6.742107601067958E-6
 6230.056411385732 5.959391508709871E-6
 6269.435679372445 5.238492731721466E-6
 6308.814947359156 4.5719527211883474E-6
 6348.194215345868 3.952848461307486E-6
 6387.6291824386435 3.3747227311961813E-6
 6427.1198486374814 2.8315172105536206E-6
 6466.610514836319 2.3175076540703306E-6
 6506.045481929095 1.8272408519683703E-6
 6545.591847233997 1.3554686131468176E-6
 6585.082513432836 8.970761912157912E-7
 6624.628878737737 4.470014208623645E-7
 6664.119544936576 1.8018275817170672E-16
