 0.2054342707703902 1.0001309181942841
 0.6187180039165117 1.0004100657552557
 1.0368642399385941 1.0007159799706177
 1.4599320375760218 1.001066906472227
 1.8879680221493617 1.0014467196039713
 2.3210447219350496 1.0018456918359706
 2.7592139428448265 1.0022766872859427
 3.202532671381606 1.0027207888534268
 3.6510630746394783 1.0031637563390356
 4.104867319712531 1.0035886918001575
 4.5640127542860264 1.0039964167099078
 5.028546003680532 1.0043806404797557
 5.4985240543989615 1.0046616905926377
 5.9740505182647964 1.004829123135865
 6.455172020598601 1.0049146276470914
 6.94194036731212 1.0048889473009632
 7.43440736431709 1.004626243845111
 7.9327284293487334 1.004201868875584
 8.436851756495312 1.003637725886578
 8.946880957580303 1.0027553171589531
 9.46291964442719 1.0015732323407875
 9.985019622947712 1.0000608163129516
 10.513284504965354 0.9982287481880865
 11.04771429048011 0.9960412968948738
 11.588412591315464 0.9933752467169613
 12.135483019294895 0.9902403634295812
 12.688977380330147 0.9866414754729279
 13.248947480332959 0.9825000055493278
 13.81549693112681 0.9777424738472497
 14.388729344535184 0.9724126888460057
 14.968644720558078 0.966434885992098
 15.555398476930716 0.9597688498566772
 16.148990613653097 0.9523433684077549
 16.74962835437218 0.944157729887785
 17.35725989317623 0.9352456889367674
 17.971988841888727 0.9254402405267625
 18.59397061824489 0.9147516197796299
 19.223257028156456 0.9032206193124727
 19.859899877535173 0.8907634646575389
 20.504054584116257 0.8773919155319196
 21.155721147899715 0.8631195909685396
 21.815003180709016 0.8478575320157151
 22.482056100279397 0.831641075845402
 23.156931712522585 0.8145310595881101
 23.839681823350325 0.7964905153096219
 24.53046185049784 0.7775419702465194
 25.229323599876867 0.7577338841156774
 25.93637068331089 0.7370725183539667
 26.65170671262339 0.7155938634470751
 27.37543529963785 0.6932140170187121
 28.107608250266004 0.6704095717641023
 28.84838098224308 0.646806121846827
 29.59780530148081 0.6226262892139591
 30.356036625714427 0.5979501160794914
 31.123126760855662 0.5728817635125953
 31.899179318728005 0.5475006172426993
 32.68429791115493 0.5218918429272881
 33.478637955871654 0.496158042808034
 34.282303064701665 0.4704255092262976
 35.095345043556704 0.4447931968449668
 35.91786750426025 0.4193401948762261
 36.750025864547524 0.39416486015544116
 37.591923736242016 0.3693691033446517
 38.44366473116718 0.3450433666106786
 39.30535246114653 0.3212701144045984
 40.17714234391527 0.2981415070496011
 41.05908618538515 0.2757325249108458
 41.95133940329138 0.25409967911801645
 42.85405741536918 0.23331938223609494
 43.7672920275303 0.21345058983761522
 44.69119865750996 0.19453639890423685
 45.62588091713164 0.17661541434757832
 46.57149422413056 0.15971029022899868
 47.52814219033019 0.14383188346984857
 48.49598023346578 0.12898096478279541
 49.47506015944905 0.11514201890102778
 50.46558919192696 0.10230214267971585
 51.467722748634734 0.09045189311288263
 52.48146082957238 0.07956479637703907
 53.507217882033813 0.0696201918201671
 54.54489029419557 0.06058146603574484
 55.59447806605761 0.05239051459429225
 56.65649925673738 0.04501754288187507
 57.730435807117466 0.038419026097563584
 58.81732383543267 0.03255714163706788
 59.91664528256558 0.027395616527254806
 61.028918207633616 0.022895352189135548
 62.15414261063676 0.019025615099707904
 63.29283655069244 0.015746566902919253
 64.44448196868323 0.013008757916401088
 65.60907886460915 0.01076356600076531
 66.78766335670498 8.97501503743378E-3
 67.98023544497076 7.613740132480725E-3
 69.18627707028905 6.758286214636959E-3
 70.40630629177728 6.050194104096897E-3
 71.64084116855282 5.783073057757644E-3
 72.8893636414983 5.812679462415256E-3
 74.15290982884854 6.103953328103627E-3
 75.4309616714861 6.623826539876313E-3
 76.72351916941099 7.395622937043982E-3
 78.03110038174061 8.243660419544786E-3
 79.3542233675924 9.29628056818578E-3
 80.6923700678489 0.010480721757980831
 82.04657660074494 0.011773053606018285
 83.41632490716316 0.013148608161755193
 84.8016149871035 0.014585401751779057
 86.2029648996834 0.016063015251833592
 87.62089270402024 0.017564025829094026
 89.05539840011403 0.019074244662654248
 90.50596392884738 0.020583300586408333
 91.97414346757249 0.022077939947375564
 93.45838283893713 0.02354570355529321
 94.96075427941095 0.024974021421546477
 96.47970361164172 0.02635115895857569
 98.01678501298166 0.0276680034296981
 99.57148042431336 0.028915851874366103
 101.14430790475424 0.03008831012722271
 102.73526745430426 0.031178064422743647
 104.34435907296347 0.03217594180713443
 105.97261887896666 0.03307100065695834
 107.619010754079 0.03385548956417364
 109.28508887565272 0.03452409623501242
 110.96981712545302 0.035073529064644774
 112.6747496808321 0.03550219501053996
 114.39885042355516 0.03580902170560427
 116.1426374127396 0.03599394690715551
 117.90714676662023 0.03605740236302448
 119.69186042607966 0.0360006325467019
 121.49677839111786 0.035825388137989473
 123.32293677996967 0.03553426830858913
 125.16981753351764 0.03513063867001445
 127.03845676999663 0.03461857351654638
 128.92833643028922 0.03400292926921396
 130.8399745735128 0.033289090146336346
 132.7733711996674 0.03248312034606073
 134.7295624269878 0.031592218019878104
 136.70751213723917 0.03062385702611618
 138.7087745077738 0.02958574991489225
 140.73334953859162 0.028487041931357297
 142.78071917057525 0.027336624825415486
 144.8514014628421 0.02614326759730231
 146.94643253362696 0.024916435328536622
 149.06529432381245 0.0236652929270196
 151.208504892516 0.022398474968477237
 153.37606423973753 0.021124114870162153
 155.56900848371188 0.019850105794479704
 157.7868195653217 0.018584347557755311
 160.03001554368432 0.017334108449357225
 162.2985964187998 0.016106269819792826
 164.5935983089029 0.014932729408005389
 166.91502121399366 0.013744024435679252
 169.26234707495464 0.012620754766368446
 171.63713006913812 0.011542598170611878
 174.03885213742663 0.010514266267290217
 176.46803133893752 9.540131764301385E-3
 178.92518573278834 8.624551466599514E-3
 181.41031531897903 7.771199821195925E-3
 183.92342009750953 6.98263427473385E-3
 186.4655361866147 6.260144473380928E-3
 189.03718164541197 5.603777409697558E-3
 191.6373203556665 5.011721887157055E-3
 194.2675064947305 4.480846831068712E-3
 196.92774006260395 4.006857728461976E-3
 199.61802105928691 3.584021724574182E-3
 202.33886754389672 3.2054994389934723E-3
 205.09079757555085 2.863438388228539E-3
 207.87432921336665 2.549808217615248E-3
 210.68894439822673 2.256695140518071E-3
 213.53567924836593 1.9767208108094113E-3
 216.4150518229016 1.703968434453917E-3
 219.32706212183381 1.4346661594196996E-3
 222.27171014516247 1.1673917007904712E-3
 225.2505500702399 9.030287037920807E-4
 228.2625457788312 6.42546605997966E-4
 231.3087333891712 3.8427096943169223E-4
 234.38911290125994 1.227854918261689E-4
 237.50472043333223 -1.4937754489942244E-4
 240.65555598538801 -4.380369752130927E-4
 243.84213761654473 -7.457491769683109E-4
 247.06498338591975 -1.0730544799017823E-3
 250.32357523439574 -1.4205886581761546E-3
 253.61946733932487 -1.79015100918441E-3
 256.9521416415897 -2.1839600486292794E-3
 260.3226342594251 -2.6033675486282492E-3
 263.7309451928311 -3.0487232697575844E-3
 267.177592500925 -3.5194053375540036E-3
 270.6630942428243 -4.0139038025104904E-3
 274.1879684776463 -4.530662700148431E-3
 277.75221520539105 -5.067243142817547E-3
 281.35687054429342 -5.619310755292628E-3
 285.00193449435334 -6.183116806692552E-3
 288.6874070555709 -6.757846538712168E-3
 292.41484240529814 -7.344345238521188E-3
 296.18372248441784 -7.941712876539038E-3
 299.99508341116467 -8.54637467289341E-3
 303.84892518553874 -9.154278076902084E-3
 307.7457658666574 -9.76191065208485E-3
 311.68612351363805 -0.010364391643156357
 315.6705161855981 -5.247136960901137E-3
 319.69946194165493 -7.486195853032566E-5
 323.77347884092603 -0.012064076026873215
 327.89308494252873 -0.012550581812693517
 332.058280246463 -0.012981570366034869
 336.26958281184636 -0.013369185253476135
 340.52802875691355 -0.01373080362915352
 344.834136140782 -0.014075254650007194
 349.18738690433423 -0.014401561968708785
 353.5893352249225 -0.014705575309060222
 358.0404991616643 -0.014987105496529833
 362.54036065544204 -0.015255837884081067
 367.09047388360806 -0.01553046778815463
 371.6908388461624 -0.015830607855881521
 376.3419736022224 -0.01617075645249186
 381.04439621090546 -0.016556824504956466
 385.79862473132897 -0.016983340168780343
 390.60569528172783 -0.017437366873294956
 395.46560786210193 -0.01790273212302374
 400.3788805315687 -0.018358554993822027
 405.34654940836304 -0.018780760431102376
 410.3686144924848 -0.019151592269510922
 415.44559384305154 -0.019472549929058766
 420.57852357829796 -0.019765198543743575
 425.76792175734146 -0.02004985670399219
 431.0137883801821 -0.02031976262956802
 436.31715956505473 -0.020541956695170594
 441.67855337107664 -0.02068443994770132
 447.0984878573653 -0.020667050691146077
 452.57799914215553 -0.02064086328052557
 458.1165691663299 -0.02040654254338227
 463.7157521072406 -0.02003851870919509
 469.376066024005 -0.01960061088504861
 475.09751091662326 -0.019162734705494868
 480.8816409624475 -0.018742457290936497
 486.72793810236026 -0.018293965190873513
 492.6379565137138 -0.01775664785054916
 498.6122142556256 -0.017105765974754466
 504.65071132809555 -0.016360790678915215
 510.75448384935845 -0.015563907912094452
 516.9240498785318 -0.014752818193113046
 523.1619997112026 -0.0139579630466152
 529.4615985788446 -0.013207832061264637
 535.8337257229232 -0.012513791531871982
 542.2732005522645 -0.011861230426972789
 548.7852036580423 -0.011211282729902888
 555.3593738579088 -0.010488101963572584
 562.011252925386 -9.590241254719318E-3
 568.7304796781258 -8.442995519818863E-3
 575.5222347073022 -7.031969460172687E-3
 582.3865180129154 -5.394115179236398E-3
 589.3233295949652 -3.607215075749776E-3
 596.3326694534518 -1.821842300517862E-3
 603.4197181795489 -2.056860136838403E-4
 610.5844757732568 1.076102644084318E-3
 617.8165810522273 1.9825756076876236E-3
 625.1315757899827 2.57526284527274E-3
 632.5242793953486 2.9500648344242953E-3
 639.9946918683254 3.2285016579739985E-3
 647.5376326177388 3.5777210363256532E-3
 655.168643417111 4.1572669289646905E-3
 662.8721824929199 5.0031088161766055E-3
 670.6637916186875 6.001707427030621E-3
 678.5331096120659 6.971262221988422E-3
 686.485317064229 7.734050527589599E-3
 694.5204139751769 8.217149365222122E-3
 702.6384003449097 8.473430053481336E-3
 710.8444567646011 8.551483850912126E-3
 719.1334026430774 8.57823910368323E-3
 727.5104185715124 8.674055850432521E-3
 735.9755045499063 8.773291244072974E-3
 744.523479987085 8.82037684947494E-3
 753.1647060653964 8.82327270183551E-3
 761.8888216024927 8.76214179211366E-3
 770.7113683718959 8.521158926941389E-3
 779.6168046000838 8.06243956013923E-3
 788.6206720605786 7.463978218159446E-3
 797.7126095710323 6.830181799737841E-3
 806.8977977226187 6.265709887365638E-3
 816.1814171065121 5.775549624669426E-3
 825.5531065403643 5.276191140331823E-3
 835.0232272065234 4.818380751361438E-3
 844.5917791049895 4.783092770470233E-3
 854.2535816445884 4.862310286427988E-3
 864.0189960076683 4.938790754227231E-3
 873.8776610118808 5.135058450796181E-3
 883.8399378395745 5.225936380243928E-3
 893.9006458995751 5.149268207990464E-3
 904.0597851918825 5.000395923939967E-3
 914.327716898845 4.9766383061645505E-3
 924.6940798381144 4.981461582881855E-3
 935.1640546008647 5.008548927378924E-3
 945.7376411870958 5.213087792486936E-3
 956.4200201879822 5.918397660147758E-3
 967.2060110123494 7.052875505251928E-3
 978.1007942513717 8.212863560532208E-3
 989.1043699050489 9.095606403180294E-3
 1000.2167379733811 9.707245181122969E-3
 1011.4378984563683 0.010244329254359169
 1022.7678513540104 0.010825209139915856
 1034.2065966663078 0.011295185191822302
 1045.7644955756081 0.011265634868409796
 1057.4311868995632 0.011194506502954301
 1069.2118512293477 0.01090608867437673
 1081.1064885649611 0.010287447193222462
 1093.1150989064035 9.334977581377305E-3
 1105.2428628448492 8.388412361705925E-3
 1117.489780380298 7.430736680199786E-3
 1129.8506709215755 6.148389816677421E-3
 1142.3307150598564 4.6931951490199845E-3
 1154.9350933863142 3.401478783506507E-3
 1167.6534447186013 1.9347221203343326E-3
 1180.5013108302393 2.0302933213192414E-4
 1193.4631499477068 -1.5928504266360743E-3
 1206.5545038445252 -3.3729004981105253E-3
 1219.7650113383467 -4.921337236832455E-3
 1233.0998530203455 -6.185648958760625E-3
 1246.5642094816953 -7.459755595326864E-3
 1260.1529001312221 -9.180154693383472E-3
 1273.8711055601004 -0.011379768134666724
 1287.7136451771557 -0.013175779813345811
 1301.6908801647364 -0.012944155759930492
 1315.7924493404941 -0.0127638135824761
 1330.028713886777 -0.011257460297448901
 1344.3944932124113 -9.924797897711139E-3
 1358.8897873173964 -9.392096065956243E-3
 1373.519776792907 -9.280836528994108E-3
 1388.2896422301171 -9.255234374953682E-3
 1403.189022446678 -9.440346499058722E-3
 1418.2230980337642 -9.766551923631893E-3
 1433.391868991376 -0.010522712199640941
 1448.7005159106868 -0.011987026817631388
 1464.1490387916967 -0.01339381179233846
 1479.7322570432322 -0.012436085048399298
 1495.4605318476408 -0.011548813751403772
 1511.3235020225747 -6.745930437086567E-3
 1527.3315287503821 1.2022504331177757E-4
 1543.4794314398886 6.559463510344388E-3
 1559.7672100910942 0.011324177063168368
 1576.2052258863477 0.014507993142044266
 1592.7831176433 0.015628128971558206
 1609.5060659531261 0.014551688001784998
 1626.3740708158252 0.011841038479001668
 1643.3871322313975 8.58209747500666E-3
 1660.5504307910175 4.741380872897089E-3
 1677.8587859035108 2.138344150735501E-4
 1695.3173781600512 -3.5868679862524613E-3
 1712.9262075606395 -2.7998350614872073E-3
 1730.6800935141006 -2.0906787294266422E-3
 1748.5893972027836 8.628940840217332E-4
 1766.6489380355135 3.0617623558165624E-3
 1784.858716012291 3.648451325484214E-3
 1803.2239117242902 4.209623610394251E-3
 1821.7393445803363 4.5822605425684115E-3
 1840.4050145804301 3.552181508883008E-3
 1859.2312829069192 8.300649851158224E-4
 1878.2129689686298 -2.839649880357447E-3
 1897.3448921743877 -6.1286800176539365E-3
 1916.6374137065413 -9.129037295154284E-3
 1936.0853529739163 -0.012306626444481928
 1955.6887099765124 -0.014555744658030889
 1975.4526653055042 -0.014646981305010279
 1995.3720383697175 -0.014488390945062612
 2015.4520097603265 -0.01443539642328782
 2035.6873988861564 -0.013058499468281401
 2056.0885669295562 -0.01224056364196499
 2076.645152708177 -0.013654439831759457
 2097.367517404368 -0.017049405754373164
 2118.2504804269542 -0.019235525127324976
 2139.2888611847615 -0.020494239308013036
 2160.4930208601385 -0.02376836730742442
 2181.8629594530852 -0.027301821349059157
 2203.3934963724273 -0.03423535069484431
 2225.0846316181646 -0.04414163047025078
 2246.941545781472 -0.06255906649130652
 2268.9642388623483 -0.07733298422896041
 2291.1475302696203 -0.10815147820753095
 2313.496600594462 -0.11383073538268065
 2336.011449836873 -0.11547337456108707
 2358.6868974056797 -0.09812341297861762
 2381.5333044832295 -0.07979430516661945
 2404.5403098871756 -0.08126255760331272
 2427.7182747998645 -0.07781544557712802
 2451.0568380389495 -0.07203037635337586
 2474.561180195604 -0.04758985016977197
 2498.2364818610012 -0.02858606388862537
 2522.072381852795 -0.017834829640946004
 2546.0792413533313 -0.011945733478207095
 2570.251879771438 -8.483664476980216E-3
 2594.5902971071136 -6.249454081223201E-3
 2619.094493360359 -4.709914854229262E-3
 2643.7644685311743 -3.605746435816583E-3
 2668.6002226195587 -2.792992519176696E-3
 2693.606936216687 -2.1834589196458296E-3
 2718.7742481402106 -1.7196782938589524E-3
 2744.1125195724775 -1.362662537709083E-3
 2769.61138933114 -1.0851678327378102E-3
 2795.2812185985462 -8.677243122103262E-4
 2821.1116461923475 -6.961427088652909E-4
 2847.113033294893 -5.599369278824833E-4
 2873.2750187238334 -4.512548653856675E-4
 2899.607963661518 -3.120077316728846E-4
 2926.1015069255972 -2.940328417117175E-4
 2952.7608291072465 -2.374282137448107E-4
 2979.580749615291 -1.9157635347185925E-4
 3006.5716296320797 -1.5433986504503977E-4
 3033.7179273840897 -1.2403928274777787E-4
 3061.035184644843 -9.932478820707995E-5
 3088.507859640817 -7.912562850400408E-5
 3116.1463135543617 -6.259850697458181E-5
 3143.9505463854757 -4.905710343141682E-5
 3171.910196951811 -3.7943371145225283E-5
 3200.0304458445416 -2.881573312543858E-5
 3228.3112930636675 -2.131275608531321E-5
 3256.7527386091892 -1.513631406622106E-5
 3285.354782481106 -1.0056623735842682E-5
 3314.1122440882445 -5.834810569725608E-6
 3343.0303040217786 -2.3752995998750653E-6
 3372.09860109936 4.6108267742465262E-7
 3401.3274965033374 2.8452104785660005E-6
 3430.7118096425356 4.817573736136675E-6
 3460.251540516955 6.450572997349181E-6
 3489.941508535422 7.802581827148486E-6
 3519.7868942891104 8.922675076438574E-6
 3549.782517186847 9.852534330589445E-6
 3579.92837722863 1.0672084570731673E-5
 3610.224474414461 1.1360818699389315E-5
 3640.670808744339 1.1940999536755792E-5
 3671.2673802182644 1.2480144030020599E-5
 3702.0090082450633 1.2900352640082462E-5
 3732.8905122335613 1.3257862687264873E-5
 3763.922253366107 1.3610101537946345E-5
 3795.0990510515257 1.3922394298423518E-5
 3826.4157246986433 1.424679050710351E-5
 3857.872274307461 1.449598712619313E-5
 3889.4686998779775 1.4719291156613251E-5
 3921.2101820013676 1.5016127576532344E-5
 3953.0811789041085 1.5251450673059227E-5
 3985.092051768549 1.5470918775020723E-5
 4017.237620003515 1.577074986510506E-5
 4049.512703017832 1.6015217269581457E-5
 4081.9224814026742 1.6205882900124414E-5
 4114.4617745668674 1.647806920562873E-5
 4147.135763101585 1.6790300888605294E-5
 4179.928905233308 1.7053634089801343E-5
 4212.85156214438 1.7310236486558416E-5
 4245.898553243631 1.7607413269522576E-5
 4279.069878531058 1.7945074025113853E-5
 4312.360357415488 1.8280074584112955E-5
 4345.769989896921 1.8611065131690895E-5
 4379.298775975358 1.8940113186901906E-5
 4412.941535059623 1.9316512851228884E-5
 4446.698267149718 1.9722705311971725E-5
 4480.568972245641 2.0126020370148344E-5
 4514.553650347394 2.0574627256104255E-5
 4548.641940272628 2.1019936141868115E-5
 4582.84420320369 2.1463652976317935E-5
 4617.1448973670594 2.194806661780499E-5
 4651.554383945085 2.2471382745104838E-5
 4686.062301755415 2.3036644963113892E-5
 4720.668650798054 2.3598674061199608E-5
 4755.373431072999 2.415906551358883E-5
 4790.171461989077 2.4799358599414476E-5
 4825.067924137463 2.543801492515327E-5
 4860.052456335807 2.6116292274358007E-5
 4895.130239175282 2.68755256254763E-5
 4930.290911473544 2.7632962437807576E-5
 4965.539653821765 2.8386677803945276E-5
 5000.871285628769 2.9222749930059802E-5
 5036.280626303385 3.009601174164946E-5
 5071.772856436785 3.1008156349446226E-5
 5107.337614846622 3.200005086990328E-5
 5142.980082124071 3.298772619319252E-5
 5178.695077677956 3.405956239473253E-5
 5214.472240325928 3.5208378747715535E-5
 5250.321931250338 3.6398534719655624E-5
 5286.223428086488 3.7648726175118846E-5
 5322.228536746119 3.8973291089072484E-5
 5358.285451317492 4.0430613732519514E-5
 5394.342365888863 4.1896819760688916E-5
 5430.502892283716 4.34473354624028E-5
 5466.715224590308 4.5142775157745245E-5
 5502.979362808643 4.6913055174332675E-5
 5539.295306938717 4.8872932475346106E-5
 5575.61125106879 5.091376148821147E-5
 5612.0308070223454 5.306759205017537E-5
 5648.4503629759 5.5413119987119774E-5
 5684.973530752936 5.7951543525458664E-5
 5721.444892618232 6.0685372089721026E-5
 5758.019866307008 6.360747595385673E-5
 5794.594839995785 6.684458112847557E-5
 5831.221619596303 7.043295038915712E-5
 5867.848399196819 7.434679037254161E-5
 5904.4751787973355 7.864123058032958E-5
 5941.1537643095934 8.34214238037763E-5
 5977.884155733591 8.887792233009007E-5
 6014.614547157589 9.521148379412943E-5
 6051.293132669846 1.0243836039002029E-4
 6088.075330005585 1.1110955948311568E-4
 6124.805721429583 1.2154520453221343E-4
