 0.0E+0 0.0E+0
 0.22867481641618081 2.481366525980105E-4
 0.6887128687361486 9.271602101214963E-4
 1.1541635133578473 1.982991327836318E-3
 1.6250924902687475 3.3654671961351524E-3
 2.101551699458958 5.028484464522848E-3
 2.5836218742464236 6.929807300439915E-3
 3.071360681286822 9.030869465845982E-3
 3.5648315539013943 0.011296586082719417
 4.064103692076953 0.013695189606529433
 4.569246295800309 0.01619809449975599
 5.080334331723841 0.01877980638313399
 5.597419699837657 0.02141787182272865
 6.120565833462999 0.024092863579361484
 6.64988806591122 0.02678838946351275
 7.185438297172428 0.029491091343848634
 7.7272741939023 0.03219061514730698
 8.27545342275651 0.03487949993668046
 8.830148983702085 0.037552966787327994
 9.391303210083352 0.0402085768835396
 9.95903143521166 0.042845751614328575
 10.53344899239836 0.04546517800600253
 11.11461354829913 0.04806813184641444
 11.702640436225323 0.05065578006544819
 12.297529656176936 0.05322852062959463
 12.899396541465322 0.05578543366947615
 13.50835642540183 0.058323871824719465
 14.12446697464214 0.060839237115665155
 14.747785855841924 0.0633249319346899
 15.378428402312537 0.06577248249576123
 16.016509947365324 0.06817181970507113
 16.662030491000297 0.07051170866060244
 17.315163033184472 0.07278031467461747
 17.975907573917854 0.0749658863721821
 18.644494779823148 0.07705751221556549
 19.320866984244673 0.07904588772801566
 20.005139520493784 0.08092398070559786
 20.697485388537511 0.0826875228555349
 21.397962255031522 0.08433530852796063
 22.1066277866315 0.08586939061361584
 22.82365498330447 0.08729527937026971
 23.54904384505043 0.08862223253947764
 24.282909705180735 0.08986354466668016
 25.025425563662412 0.09103671545645373
 25.776649087151135 0.09216332694406815
 26.536637942302576 0.09326867896798784
 27.30556512908377 0.094381248154352
 28.083488314150393 0.09553215558191648
 28.870522830813786 0.09675474841504816
 29.66678401238531 0.09808426123990883
 30.47238719217632 0.09955721767540585
 31.287390036842484 0.10121036018133893
 32.11196554635083 0.10307917441123614
 32.94617138735704 0.10519650558835508
 33.79018055982813 0.10759164312235671
 34.644050730419785 0.11028970091811267
 35.50789723244336 0.11331101371478383
 36.381835399210196 0.1166706146362102
 37.26603823068732 0.12037821251749928
 38.1606210601861 0.12443848186952362
 39.065641554362194 0.12885135380605533
 39.98121504652696 0.13361226762786265
 40.90751453664743 0.1387123949203865
 41.844655358034955 0.14413876492294586
 42.79275284400087 0.14987454447271078
 43.751922327856554 0.15589964983267898
 44.72233680956901 0.162191677635323
 45.70405395579393 0.1687270697552487
 46.69724676649834 0.1754822577862346
 47.70208824164925 0.18243429412988795
 48.71863604790236 0.18956073873790721
 49.747063185224675 0.1968393293834755
 50.787484986927566 0.2042478421578252
 51.84007445297805 0.21176427285386842
 52.90494691668748 0.21936710740782605
 53.982275378022883 0.22703556998895893
 55.07211750363994 0.2347498001931195
 56.17470396016134 0.24249096495029162
 57.29020774755412 0.2502413401678949
 58.41862886581829 0.25798437613711844
 59.56042864819925 0.2657047500162918
 60.71549176138564 0.2733883857297226
 61.88381820537746 0.2810225077053615
 63.06598464673148 0.2885956540875466
 64.26141441889094 0.29609768505251354
 65.47126085496934 0.3035197855151519
 66.69494728840995 0.3108544581738119
 67.93305038576949 0.31809550973214834
 69.18557014704798 0.3252379803622936
 70.45308323880221 0.33227813759012564
 71.73501299447537 0.33921337598697787
 73.03135941406748 0.3460421240918957
 74.34327583069206 0.3527638148083098
 75.6707622443491 0.35937876947779873
 77.01324198848187 0.3658880802239462
 78.3712917296471 0.37229359910102183
 79.74548813440154 0.3785977617067397
 81.13525453618847 0.38480355387877396
 82.54174426812136 0.3909143797386398
 83.9643806636435 0.3969339520376956
 85.40316372275485 0.40286620174059645
 86.85867011201219 0.4087151877613789
 88.33147649797228 0.4144849737240878
 89.82100621407834 0.42017952277206116
 91.32841259344389 0.4258026480073424
 92.85311896951221 0.4313579034002763
 94.39512534228325 0.4368485287026946
 95.9550083783138 0.44227739755552686
 97.5333447441606 0.4476469608794878
 99.13013443982366 0.45295927549400832
 100.74480079874624 0.45821593385422526
 102.37907382059856 0.46341813641537565
 104.0312235057104 0.4685666572775194
 105.70355652030875 0.4736619256237749
 107.39434286472338 0.47870400234726634
 109.10531253862455 0.4836926694576553
 110.83588887545548 0.48862742346104914
 112.58664854177296 0.49350755779154725
 114.35759153757694 0.4983321720950233
 116.14871786286747 0.5031002546082421
 117.96118085075804 0.5078107329674998
 119.79382716813515 0.5124624956374351
 121.64838681466905 0.5170544971301698
 123.52370645724626 0.5215857603593541
 125.42151609553703 0.5260554432761656
 127.34066239642786 0.5304628321320313
 129.28172202647547 0.5348073922224027
 131.2458483187934 0.5390887222956175
 133.23246460682491 0.543306579885612
 135.24157089057 0.5474608501051046
 137.27432050314217 0.5515515406352556
 139.33013677798464 0.5555787345278823
 141.41017304821093 0.5595426298667857
 143.51385264726434 0.563443487846173
 145.64175224170156 0.5672816427835132
 147.79387183152263 0.5710575118381059
 149.9713647498411 0.5747715750408993
 152.17307766354335 0.5784244146976807
 154.40074057229972 0.5820166836779448
 156.6543534761102 0.5855491327799712
 158.93333970841806 0.5890226257415687
 161.23827593578002 0.5924381310277341
 163.5703154913096 0.5957967367618351
 165.92888170845003 0.5990996257696725
 168.31455125375813 0.6023480796603994
 170.72732412723385 0.6055434102563472
 173.1683536619907 0.608686948829763
 175.63706319147195 0.61177997484906
 178.13402938223433 0.6148237183681938
 180.6592522342779 0.6178192855973998
 183.21388508071606 0.6207676519093709
 185.79792792154893 0.6236696548795273
 188.41080409021967 0.6265259603572451
 191.05424358639865 0.6293371045416635
 193.72766974352902 0.6321034758889394
 196.43165922816751 0.6348253772784538
 199.16678870687101 0.6375030174684576
 201.9330581796394 0.6401365819446408
 204.73046764647276 0.6427262387959358
 207.56017044048454 0.6452721444269054
 210.42274322823152 0.64777439167205
 213.31703267660023 0.650232969480655
 216.24476878526087 0.6526477337997899
 219.2059515542135 0.6550183428322685
 222.2005809834581 0.657344281025425
 225.2292337395514 0.6596248567169019
 228.29248648905021 0.6618592712055745
 231.39091589851125 0.6640466404166763
 234.5239453013778 0.6661860718870983
 237.69272803076333 0.6682767402026692
 240.89784075322458 0.6703179156144262
 244.13928346876164 0.6723090425292197
 247.41705617737443 0.6742497464990587
 250.7328888787333 0.6761398713034964
 254.08562823972462 0.6779794806999939
 257.476427593462 0.6797688404828294
 260.9052869399454 0.681508490412385
 264.37335961228836 0.6831992905383669
 267.8806456104909 0.6848424177486404
 271.42772160110973 0.6864392641250142
 275.01516425070155 0.6879913320601542
 278.64239689270976 0.6895002192516921
 282.3111495268045 0.6909676382318417
 286.0208454864291 0.6923954210475011
 289.772638104697 0.6937854069139556
 293.5665273816083 0.6951392436324242
 297.40308998371966 0.6964582155091961
 301.2829025775879 0.6977431602660045
 305.2065418297697 0.6989944543096706
 309.17400774026515 0.7002120364736163
 313.1864536421877 0.7013953974217098
 317.2438795355374 0.7025436555145682
 321.34628542031424 0.7036556316199156
 325.49540129618844 0.7047299997498903
 329.6906504966033 0.7057653546298895
 333.9331863546724 0.7067601971787474
 338.2230088703956 0.7077129200110646
 342.56069471032964 0.7086218454515788
 346.94682054103145 0.7094855015492981
 351.3819630290577 0.7103030056247519
 355.8666988409651 0.7110742980077265
 360.40160464331046 0.711800246585986
 364.9872571026506 0.7124824049267715
 369.62365621898533 0.7131225638203508
 374.31137865887154 0.7137222582650313
 379.0515777554228 0.7142824853283456
 383.8448301751958 0.714803830017038
 388.6905592516338 0.7152868030132343
 393.590494984407 0.7157322382587749
 398.5452140400722 0.716141745803258
 403.5541397520727 0.7165180407102524
 408.61900212007873 0.7168652526546736
 413.7398011440903 0.7171889711348808
 418.9171134906641 0.7174959280252609
 424.151515826357 0.7177933322922515
 429.44358481772565 0.7180877867115643
 434.7944737978837 0.718384055918401
 440.2041827668311 0.7186838463936769
 445.6732883911245 0.7189857092222874
 451.2029440038775 0.7192863024712622
 456.7931496050901 0.719582755214762
 462.4444818613191 0.7198745509303834
 468.15809410567794 0.7201641333120332
 473.9345630047234 0.7204560034733881
 479.7738885584555 0.7207549415316662
 485.6772240999877 0.7210655881643608
 491.6451462958768 0.7213928288419005
 497.6782318126796 0.7217427438523908
 503.77763398350964 0.7221209033025562
 509.94277614181004 0.722528578537648
 516.175388287251 0.7229592340218991
 522.4760470863896 0.7233981491720934
 528.8447525392256 0.7238255157372735
 535.2832346454294 0.7242196845791303
 541.790916738444 0.7245608900490068
 548.3695288179399 0.7248363953955328
 555.0196475504739 0.7250444977959211
 561.7412729360459 0.7251948791607583
 568.5355583077692 0.7253056589207985
 575.403080332201 0.7253983689795362
 582.3467223421247 0.7254940375534921
 589.3589876723028 0.7256105202684816
 596.4519863204268 0.725760789011889
 603.6199516209296 0.7259541476920047
 610.8686502393782 0.7261956490267567
 618.1865488446381 0.726485952819471
 625.5909474334114 0.7268221799599357
 633.0703126745635 0.7271987586734205
 640.6304112336617 0.7276068248580889
 648.2712431107059 0.7280342858872321
 655.9928083056963 0.7284672360990049
 663.7951068186328 0.7288935473996422
 671.683905315083 0.7293072336694975
 679.659203795047 0.7297064665706406
 687.7094689273895 0.730090074323645
 695.8520007088133 0.730455543560908
 704.0810324737507 0.7307961938033428
 712.396564222202 0.731095781043246
 720.7928292885994 0.7313299826539724
 729.2871276696454 0.7314720234553891
 737.8621593686379 0.7314967340450751
 746.5352243822789 0.7313830528691647
 755.294789379434 0.7311230585342434
 764.14662102567 0.7307357477319547
 773.0907193209874 0.7302729568831106
 782.1270842653863 0.7298035080464981
 791.261482524434 0.7293841664139308
 800.4881474325629 0.7290238910704516
 809.8128456553407 0.7286814512718893
 819.2355771927673 0.7283101402302818
 828.7505753792753 0.7279026635278901
 838.3693735459998 0.7274946516798041
 848.0804383618054 0.7271319187546478
 857.9010698233952 0.7268406488571778
 867.8139679340662 0.7266182694550178
 877.8364326905212 0.7264474271397616
 887.9569307616251 0.7263159410676957
 898.1812288129455 0.7262329210075913
 908.5150935100498 0.7262347004743923
 918.946991521803 0.7263483257739769
 929.4884561793403 0.7265608515485479
 940.1394874826618 0.7268425757765778
 950.8943187661996 0.7271703244285842
 961.764483361089 0.7275212132323841
 972.7384479361948 0.7278690558837405
 983.8277458226522 0.7282170204108215
 995.0266103548937 0.7286161170725806
 1006.3350415329191 0.7291093540920622
 1017.764572687864 0.729670767562907
 1029.3036704885926 0.7302403524442341
 1040.958101600673 0.7307939116001332
 1052.727866024105 0.7313499659639817
 1064.618730424456 0.7319309732646763
 1076.6249281361588 0.7325420603577517
 1088.752225824781 0.7331358694416354
 1101.0006234903221 0.7336187863530526
 1113.3701211327822 0.7339238129901752
 1125.8607187521618 0.7340152225212796
 1138.4724163484604 0.7338967317907298
 1151.2052139216784 0.7336252468923136
 1164.070644802951 0.7332779479682343
 1177.057175661142 0.7329265149398618
 1190.1705731618203 0.7326386985404556
 1203.4108373049855 0.7324922608794574
 1216.7779680906371 0.732500629534434
 1230.2777321843434 0.732637668822455
 1243.910129586104 0.7329326723284594
 1257.6693936303511 0.7333796833263132
 1271.5612909826527 0.7339376689587198
 1285.5915883085763 0.7345559891481921
 1299.7487522769865 0.735113109521472
 1314.0500828845863 0.7356214665386607
 1328.478280134673 0.7361086032633867
 1343.0506440239491 0.7365660648980166
 1357.7556412212795 0.7369519824900875
 1372.5990383922321 0.7371420338936601
 1387.586602202374 0.7370667508313098
 1402.7125659861378 0.7366218900341365
 1417.9826964090912 0.7357889465384538
 1433.3912268056665 0.7346364108331015
 1448.949690506999 0.7333335528673431
 1464.6465541819534 0.7321102260359812
 1480.4933511616645 0.7311779991139178
 1496.4843147805656 0.7306628697037825
 1512.619445038656 0.7306257681479316
 1528.9045086015034 0.7309575918417539
 1545.345272134676 0.7314680691285772
 1561.9302023070376 0.7316906713958345
 1578.6650657841562 0.7313884369240696
 1595.5498625660325 0.7307702003369825
 1612.590359318233 0.7300288237003657
 1629.7865560407581 0.7293125449149873
 1647.1326860680405 0.7287689644773921
 1664.6402827312151 0.7285098854208208
 1682.297812699147 0.7285534702251566
 1700.1168093029712 0.7287852348049424
 1718.0915058771197 0.7289801673253423
 1736.2219024215928 0.7290375199802516
 1754.5195322675263 0.7292624321224732
 1772.972862083784 0.730087567495525
 1791.5876585359342 0.7317865112917229
 1810.3639216239764 0.7342695716718713
 1829.3016513479112 0.737015512828775
 1848.4066143733057 0.7395034362102681
 1867.6730440345922 0.7413682905800497
 1887.1067069973387 0.7425920693271083
 1906.7076032615455 0.7432799081740937
 1926.4699661616436 0.7435268293041168
 1946.4053290287702 0.7435458887882196
 1966.507925197356 0.7433436076592678
 1986.7777546674017 0.7427429516044822
 2007.220584104475 0.741620560375261
 2027.8306468430075 0.740139581391112
 2048.6079428830007 0.7386005113158585
 2069.564005555588 0.7370391379241124
 2090.6930681952035 0.7351932816014819
 2111.9893641362787 0.732958847576249
 2133.464426709949 0.7308412670136695
 2155.1124892506463 0.7293345919685519
 2176.933551758371 0.7281162363539819
 2198.933380898691 0.7269919430284232
 2221.1062100060385 0.7264817897416141
 2243.4578057459807 0.7265179108654023
 2265.9824014529503 0.7265319360130311
 2288.6915304580825 0.7262049660366866
 2311.5736594302425 0.7258889641623972
 2334.640321700565 0.7254839653171109
 2357.8857506034823 0.724437439308217
 2381.3041794734267 0.7218200329020953
 2404.9071416415345 0.7166152677594707
 2428.6946371078042 0.708959062553426
 2452.660899206669 0.699395062135175
 2476.8059279381286 0.6882024157893989
 2501.1354899677512 0.6746288730863733
 2525.6495852955363 0.6575630677044367
 2550.3424472559163 0.6365587207834684
 2575.2198425144592 0.6115250708442461
 2600.2817710711642 0.5844077332846183
 2625.5224662604646 0.5477146925559822
 2650.9534614134945 0.45826051761564745
 2676.5632231991203 0.3584550794266004
 2702.3632849484756 0.2831073878818259
 2728.3421133304264 0.23035745026552606
 2754.505475010539 0.1926686764056811
 2780.8591366543823 0.164353935025628
 2807.391564930821 0.14215811341339601
 2834.114293170989 0.124226638058421
 2861.02155470932 0.10942038328266941
 2888.1133495458134 0.09698972007068583
 2915.3896776804695 0.08641534608101827
 2942.8505391132885 0.07732337153780494
 2970.4959338442695 0.06943633713193055
 2998.3316285389814 0.0625432212546994
 3026.346089866288 0.05648022731743212
 3054.5508511573243 0.051118007307820255
 3082.9343790809557 0.0463528997368831
 3111.508206968318 0.0421007600188236
 3140.2608014882744 0.03829250918169546
 3169.203695971961 0.03487087246422765
 3198.325357088243 0.031787925461591315
 3227.6373181682556 0.029003247963271312
 3257.1280458808623 0.026482483445370602
 3286.803306891632 0.024196237022598803
 3316.6573345349966 0.022119193443881392
 3346.7016621420916 0.020229421876623007
 3376.918989716214 0.01850781974118558
 3407.326617254066 0.016937661616919997
 3437.9072447589455 0.015504233364148677
 3468.6724055619883 0.014194532825767221
 3499.6220996631936 0.012997022821802926
 3530.744793731426 0.011901426643240577
 3562.046254432253 0.010898558573184492
 3593.5264817656757 9.980181493743405E-3
 3625.185475731693 9.138885500123907E-3
 3657.0232363303052 8.367988184993272E-3
 3689.0339968959447 7.661448463304153E-3
 3721.2235240941795 7.013791332226616E-3
 3753.5802845938742 6.420046145193792E-3
 3786.1158117261643 5.875691471033555E-3
 3818.8243388254813 5.376607986300206E-3
 3851.705865891826 4.919037407566569E-3
 3884.7546262596297 4.499546384099378E-3
 3917.9763865944614 4.114994992834555E-3
 3951.3653802307535 3.762508908550579E-3
 3984.921607168504 3.4394546488212547E-3
 4018.645067407716 3.143417800668097E-3
 4052.535760948387 2.872183369044609E-3
 4086.593687790518 2.623717916303872E-3
 4120.813081268541 2.3961546214541925E-3
 4155.188174716889 2.187778388030082E-3
 4189.730501466696 1.9970133514241403E-3
 4224.434294852396 1.8224112407615076E-3
 4259.293788208421 1.6626408012778905E-3
 4294.30898153477 1.5164782706625617E-3
 4329.479874831444 1.3827986346068537E-3
 4364.81223476401 1.2605676521005647E-3
 4400.288761335766 1.148834507282271E-3
 4435.9209878778465 1.0467252141065734E-3
 4471.703147724684 9.534364374840614E-4
 4507.629474210711 8.682299032073526E-4
 4543.705734001495 7.904272574681788E-4
 4579.926160431469 7.194051916646286E-4
 4616.296520166199 6.54591228310684E-4
 4652.7995132089845 5.954596049736915E-4
 4689.446672890959 5.415276067336269E-4
 4726.232232546556 4.92352127102001E-4
 4763.156192175774 4.4752654158839924E-4
 4800.212785113047 4.0667778969213073E-4
 4837.402011358374 3.6946370393343063E-4
 4874.7238709117555 3.3557053982116155E-4
 4912.172597107624 3.0471069806951324E-4
 4949.748189945979 2.7662065502112603E-4
 4987.450649426821 2.510589545531971E-4
 5025.279975550149 2.2780449977204627E-4
 5063.224634984829 2.0665485980019785E-4
 5101.296161061997 1.8742476370482133E-4
 5139.477253784948 1.699447044260274E-4
 5177.7794464848175 1.5405963909735298E-4
 5216.1912058304715 1.3962781177746056E-4
 5254.71253182191 1.2651964568020443E-4
 5293.343424459133 1.1461674612472054E-4
 5332.078117076571 1.0381096253579126E-4
 5370.922376339794 9.400353823881773E-5
 5409.864668917666 8.510432550906876E-5
 5448.910761475754 7.703105122355333E-5
 5488.049120682923 6.970866505660636E-5
 5527.285513204742 6.30687183207319E-5
 5566.614172375641 5.70488051226138E-5
 5606.029331530054 5.15920438260588E-5
 5645.536757333548 4.664660385103298E-5
 5685.124916454989 4.2165269432514534E-5
 5724.799575559943 3.810503848403777E-5
 5764.554967982845 3.442675769572948E-5
 5804.3795603925555 3.109478414643713E-5
 5844.284886120214 2.807667720090578E-5
 5884.247878503546 2.5342915435763165E-5
 5924.326204198232 2.286663598911544E-5
 5964.462196548592 2.0623398719356853E-5
 6004.598188898954 1.8590966942521874E-5
 6044.849514560666 1.674910747886259E-5
 6085.158506878053 1.5079408722329252E-5
 6125.525165851118 1.3565111541668034E-5
 6165.949491479858 1.219095733295245E-5
 6206.373817108597 1.0943044647521007E-5
 6246.9134760486895 9.808703081458542E-6
 6287.45313498878 8.776371249727668E-6
 6328.108127240223 7.835489960284713E-6
 6368.705452835991 6.976401802228033E-6
 6409.418111743109 6.1902576750677225E-6
 6450.130770650228 5.468932513269863E-6
 6490.901096213024 4.804946007604241E-6
 6531.671421775818 4.191389513601013E-6
 6572.441747338612 3.621857630860903E-6
 6613.269739557084 3.0903848435046705E-6
 6654.1553984312295 2.59138461384184E-6
 6695.041057305376 2.1195924527959697E-6
 6735.869049523846 1.6700105203001291E-6
 6776.812375053669 1.2378531596089813E-6
 6817.698033927815 8.184910944857137E-7
 6858.641359457637 4.0739236563228235E-7
 6899.527018331783 3.90527809500777E-16
