 0.21421941024439172 1.000169307636052
 0.6451767049847358 1.0005033754867094
 1.0812044414507657 1.0008236023031327
 1.5223642039549394 1.0011361435068655
 1.9687046116913027 1.001415779183769
 2.420301294517259 1.0016453861578697
 2.877208273759526 1.0018305297843062
 3.339484972877493 1.0019455164569648
 3.8071962174632205 1.001968047091039
 4.28040683310877 1.0018742946602086
 4.759187047538872 1.0016611151973677
 5.2435854799475745 1.0013153595495891
 5.733661553794265 1.0007493132285953
 6.229523311732379 0.9999445597127075
 6.731219372955961 0.9989220453672636
 7.238803758791729 0.9976386929433012
 7.7523304905664 0.9959539163262058
 8.271961632260126 0.9939316435448998
 8.79764316254619 0.9915808176804711
 9.329483124078028 0.9887089002564792
 9.86758955950907 0.9853242060878525
 10.412016490166039 0.9813853970876222
 10.962871958702365 0.9768939759015162
 11.520155965118052 0.9718036331791168
 12.083976552066531 0.9659809996745607
 12.654441762201238 0.9594292154562679
 13.23160561684889 0.9521488401623572
 13.815522137336206 0.9440566407108674
 14.40629936631662 0.9350749213325185
 15.004045346443563 0.9252481578080511
 15.60876007771704 0.9145045150394246
 16.2206056241172 0.9028142343054618
 16.839581985644045 0.8901201551168364
 17.465905247604442 0.8764385673840028
 18.099521388671675 0.8618237765310676
 18.74053845149918 0.8461331292061736
 19.389118500067105 0.8294031563409641
 20.04531555570217 0.8117038266774343
 20.709183639731094 0.7929871051333006
 21.380884816134024 0.7733035254725771
 22.060419084910964 0.7527085612951152
 22.747894488715346 0.7311586740873319
 23.443473091527327 0.7087297065801285
 24.14720891467362 0.6855248160025211
 24.85915597948094 0.6615587245821654
 25.57947634992944 0.6369044976986175
 26.308224047345845 0.6116644195746934
 27.04550711438358 0.5859062704670193
 27.79143359369608 0.5597273136380476
 28.546111527936787 0.5331966255668265
 29.309594938432415 0.5065573444435194
 30.082045889163115 0.4797676336848242
 30.8635184014556 0.45299387986012873
 31.65417453929003 0.42635109148259114
 32.45406832399312 0.3999670744158238
 33.2633077982183 0.37394275673468713
 34.082001004619016 0.34837996788227504
 34.9103100071754 0.3233883547579053
 35.74834284854091 0.2990875818613974
 36.59615355004224 0.275569850305672
 37.45385015433284 0.252905790522012
 38.321594725392856 0.23117209176060787
 39.19949530587573 0.21043896051099025
 40.08765993843489 0.19075853796946051
 40.98619666572377 0.17216691386951993
 41.895267551722525 0.15469798296560383
 42.81492661775788 0.138369202290747
 43.74533592780997 0.1231806755048988
 44.68665754585894 0.10913293477671489
 45.638945493231545 0.09620904891682952
 46.602361833907906 0.0843825303485818
 47.57701461054147 0.07362270361238199
 48.56306588711238 0.06389306434234997
 49.56062370627407 0.05515345399939801
 50.56985013200671 0.04736103486624297
 51.590799185636996 0.040469710316077864
 52.6236869524718 0.034433478921491116
 53.66867549649128 0.02920850577911826
 54.72576481769545 0.024744817546930624
 55.79538708669803 0.02099354379071816
 56.87743426084558 0.017904236909827595
 57.97190634013811 0.015422855889034012
 59.0793435378428 0.01360458055247009
 60.199205640692476 0.012087706735321092
 61.33257307522146 0.011140217230050778
 62.478905628162614 0.010613562474312279
 63.63874351278309 0.010466667427545798
 64.81208672908288 0.010661338211138082
 65.99947549032917 0.011158584353209166
 67.2003695832548 0.011921737606788585
 68.41476900785973 0.01291864882867231
 69.64375419067835 0.014117064654361987
 70.88732513171064 0.015483620971586155
 72.14494161768943 0.016989447364643674
 73.4171438618819 0.018608692377399083
 74.70447207755518 0.020312940677019865
 76.00638605144216 0.022077254117256223
 77.32396621007715 0.02387764086008539
 78.656672340193 0.025689577186595195
 80.00450444178968 0.027461139174889237
 81.36800272813437 0.029268071199315508
 82.74770741249426 0.030993417563602826
 84.14307828160217 0.03265221597527598
 85.55519576199242 0.03422865107287033
 86.9835196403979 0.035708080044921826
 88.42804991681855 0.03708001102702283
 89.88932680452157 0.038334225415553653
 91.36789051677411 0.03946159315790655
 92.86374105357619 0.040454447516973406
 94.37633820166066 0.041307495675751676
 95.907302600829 0.0420153153400806
 97.45501361127968 0.042574498212803485
 99.02163208608142 0.042982557648749114
 100.60553738543273 0.043238056942419923
 102.20835014913507 0.0433411331180204
 103.8295301639213 0.04329265647083375
 105.4696176430586 0.043095012612784415
 107.12861258654692 0.04275169568683539
 108.80651499438632 0.04226729116696876
 110.50440529311112 0.04164777939797862
 112.22120305618697 0.04090003789010685
 113.95852892341539 0.04003183403263414
 115.71530246826205 0.03905179927178852
 117.49314433052845 0.03796929344068585
 119.29097408368025 0.036794511712124125
 121.10933194098463 0.03553744966635966
 122.94929832897593 0.034208896194649694
 124.81033303438699 0.03281988314168141
 126.69243605721778 0.031380959833257116
 128.5966878240027 0.029902971280138947
 130.52254812147447 0.028396270498064757
 132.47109737616756 0.026871165113050932
 134.44179537481474 0.02533797647343226
 136.43518233068314 0.023806242566860875
 138.45125824377285 0.022285156012245923
 140.4911035406182 0.020783666379108046
 142.55363779468476 0.019309854574215752
 144.64048164577414 0.017870919483750625
 146.7516350938863 0.01647344159421559
 148.88655792575406 0.015122304779846767
 151.04579035464462 0.013821466528402963
 153.2304128070923 0.012574263562820214
 155.43988506982995 0.01138301489692303
 157.67474735612475 0.010249418971232074
 159.93499966597664 9.174661205394265E-3
 162.22172242592003 8.160118735610162E-3
 164.53437542268773 7.2067557169511395E-3
 166.8734988695469 6.31529458343349E-3
 169.23909276649754 5.486159140728722E-3
 171.63223754007401 4.314264254642291E-3
 174.0529331902763 4.013834444010029E-3
 176.50063950383724 3.368414385143254E-3
 178.9769771205584 2.7809453788180697E-3
 181.4814058271725 2.2488454651771096E-3
 184.01446583694675 1.7690159270850737E-3
 186.57669736314838 1.3383103168025725E-3
 189.16810040577735 9.537050931536831E-4
 191.7886749648337 6.120172881542605E-4
 194.43950146685168 3.098267903449109E-4
 197.12112012509854 4.391548653041809E-5
 199.83245051303993 -1.8922821528161797E-4
 202.57511327047731 -3.930879616951226E-4
 205.3491083974108 -5.705449146923367E-4
 208.15443589384025 -7.24551446856954E-4
 210.99163597303294 -8.581838468912699E-4
 213.86124884825602 -9.749283698453184E-4
 216.76381473277663 -1.079129808399929E-3
 219.69879341332767 -1.1754634716727955E-3
 222.6672653164434 -1.2685830199546076E-3
 225.66977065539103 -1.3624922249984967E-3
 228.70630943017056 -1.4598980582481285E-3
 231.776881640782 -1.5623924559653216E-3
 234.88310792702688 -1.6700153726197433E-3
 238.02390786237077 -1.7814571425744643E-3
 241.20036187334812 -1.894253694914281E-3
 244.41246995995888 -2.005100649372784E-3
 247.66131254873744 -2.1118993926748505E-3
 250.94688963968374 -2.215269827269093E-3
 254.26974144606498 -2.3193831727522425E-3
 257.6304081811483 -2.431069579492903E-3
 261.02834963166662 -2.5577331433315857E-3
 264.4651864374213 -2.7068342953570742E-3
 267.9403783851454 -2.886061517294099E-3
 271.455005901373 -3.1034354877274563E-3
 275.00906898610435 -3.3669637439143022E-3
 278.6031078526064 -3.682500366277145E-3
 282.2376627141465 -4.051068416616445E-3
 285.9132737839917 -4.46769109314565E-3
 289.62994106214205 -4.923376227049192E-3
 293.38874497513194 -5.4070961087045454E-3
 297.18968552296126 -5.906173925411093E-3
 301.03276270563014 -6.4073795616664975E-3
 304.91959716294 -6.899623180234399E-3
 308.8496486816237 -7.376892489899447E-3
 312.8239976882156 -7.840114937698107E-3
 316.8426441827157 -8.296230820879307E-3
 320.90612837839114 -8.754196771244586E-3
 325.0149904885091 -9.22163947024653E-3
 329.1697707263368 -6.842219272633139E-3
 333.37100930514134 -4.441325937539009E-3
 337.61924643819 -0.01073170054653886
 341.91502233874984 -0.011275233447775439
 346.2583370068209 -0.011827225099761718
 350.64973065567033 -0.012375444805751343
 355.09028371183256 -0.012910786219189969
 359.5805363885747 -0.013430105848074567
 364.1199484726296 -0.013936919492771288
 368.7101406037987 -0.01444081619204532
 373.3516529953493 -0.014955689521900318
 378.0439454340141 -0.015494885850326125
 382.78863855959474 -0.016062754918660996
 387.5857323720911 -0.016649227630989905
 392.43576708477053 -0.0172334610966325
 397.3392829109 -0.017795711697670975
 402.29682006374673 -0.018331445300112093
 407.30945896984525 -0.018855614342872275
 412.3771996291953 -0.019388144771463385
 417.5005822550642 -0.019931983558942687
 422.6806872739863 -0.020463288891282054
 427.9175146859615 -0.020939699623859373
 433.2116047042571 -0.021319162880128257
 438.5640377554074 -0.02157948063097914
 443.9753540526795 -0.02172653405940841
 449.44555359607346 -0.02174881491958376
 454.97571681212366 -0.021727578362779966
 460.56638391409722 -0.021700687901767944
 466.2180951152613 -0.021588272708332915
 471.9319308421504 -0.02142154030898058
 477.7073508814971 -0.021175599642121824
 483.5459758731031 -0.02082556350300744
 489.4483460302355 -0.020365721455563264
 495.4144613528943 -0.01981940967933551
 501.445942480881 -0.01923358714295764
 507.54224920092855 -0.01865375588088765
 513.7050021528383 -0.018086747199234125
 519.9347415498776 -0.01749613651141568
 526.2314673920463 -0.016827020025070506
 532.5962601058787 -0.01602202327574127
 539.0296599046424 -0.015043214940190048
 545.5343678546726 -0.013903213019291668
 552.1033611834965 -0.012658992880271088
 558.7479843697246 -0.011381825572563252
 565.4628352806852 -0.010141584007706575
 572.2533160490501 -8.989645150335849E-3
 579.1086224094757 -7.93264743743389E-3
 586.0449607599772 -6.9371628849483994E-3
 593.0515268352113 -5.965298747809989E-3
 600.1337227678496 -5.001529687139665E-3
 607.291548557892 -4.041593867525343E-3
 614.5250042053387 -2.658156147372018E-4
 621.8340897101897 -7.62101296265742E-4
 629.2242072051166 -5.921651564232372E-4
 636.6953566901195 -4.372683389032402E-4
 644.2367338998548 3.7630809839163804E-4
 651.8645452323378 1.1729268740757372E-3
 659.5733885548967 1.942571009435095E-3
 667.3632638675316 2.6476586672035725E-3
 675.2287690375708 3.2248450252508947E-3
 683.1861104630294 3.670402328612709E-3
 691.2190817458923 4.077748861945187E-3
 699.3438892841743 4.5610849414661194E-3
 707.5497288125325 5.173906649166729E-3
 715.8420024636383 5.828527455367155E-3
 724.2207102374917 6.332849008538811E-3
 732.685852134093 6.561219062139492E-3
 741.2428302861136 6.573193485790182E-3
 749.8862425608819 6.5155420315611E-3
 758.6214910910696 6.488400079657466E-3
 767.4485758766767 6.5220422792512484E-3
 776.3620947850317 6.5508072247609464E-3
 785.3728520814776 6.78849010186477E-3
 794.4700435006712 7.229746718391938E-3
 803.6698754406277 7.79183374863606E-3
 812.9561415033319 8.31760586726449E-3
 822.3450480867989 8.734202895896844E-3
 831.8257909256854 8.987801258601878E-3
 841.403772152663 8.999742072487278E-3
 851.0843939004035 8.67718569751053E-3
 860.8568519035634 8.050773470085806E-3
 870.7319504274861 7.360624944431219E-3
 880.7096894721718 6.84298116980255E-3
 890.7846669049487 6.511301272833869E-3
 900.9676869911601 6.190067264055767E-3
 911.2479454654625 5.728354897405728E-3
 921.6362465931998 5.182484176507768E-3
 932.1271882416997 4.7519423334552975E-3
 942.7207704109626 4.733475149726113E-3
 953.4277973663319 4.857724860082654E-3
 964.237464842464 4.984924443273237E-3
 975.1551749720306 5.140433933938322E-3
 986.1809277550319 5.029012950667131E-3
 997.3201253241396 4.776371695609374E-3
 1008.5673655466818 4.803601959788487E-3
 1019.9280505553304 5.080612034041438E-3
 1031.4021803500854 5.366511563994991E-3
 1042.9897549309464 5.931642777913984E-3
 1054.690774297914 6.448460999040202E-3
 1066.505238450988 6.889736765452611E-3
 1078.4331473901681 7.316700024879181E-3
 1090.4853053807983 7.967256260651041E-3
 1102.6509081575345 8.6047932791884E-3
 1114.935357853049 8.955624649609419E-3
 1127.3386544673417 8.593562997950235E-3
 1139.8607980004121 7.7436271463006455E-3
 1152.5071905849326 6.791728640360789E-3
 1165.2778322209028 5.9863193972979E-3
 1178.167320775651 5.271755135656154E-3
 1191.181058381849 4.150402666067818E-3
 1204.3244471721684 2.3316100407289393E-3
 1217.5866828812661 2.445180990937986E-4
 1230.983971907157 -1.637172991710267E-3
 1244.5001078518257 -3.3488438416411632E-3
 1258.151297113288 -4.982022890379467E-3
 1271.9267354262 -6.947922325293022E-3
 1285.8318249232336 -9.538219686891109E-3
 1299.8719677370602 -0.012734839400205769
 1314.0417617350085 -0.01585119516443989
 1328.34660904975 -0.018042491508259064
 1342.7811075486131 -0.018037407886528262
 1357.3560614969412 -0.01802240177182223
 1372.0606666293906 -0.01606376837724393
 1386.9057272113052 -0.01357975293854382
 1401.8858411100131 -0.010926618285632106
 1417.001008325514 -8.574798440133181E-3
 1432.25663099048 -7.022940301514436E-3
 1447.658111237583 -6.485257671072902E-3
 1463.194644801479 -6.647037395734473E-3
 1478.8716338148396 -6.709577615774446E-3
 1494.6890782776658 -6.766466053838536E-3
 1510.6523803226284 -7.514192519241806E-3
 1526.7615399497278 -7.637745179058615E-3
 1543.0111550262922 -6.7349836090560295E-3
 1559.4120298176651 -5.805914231590945E-3
 1575.953360058503 -2.960145803014211E-3
 1592.6459500141493 5.64194832636261E-4
 1609.4843975519322 4.443013062546167E-3
 1626.4687026718518 7.850810957388894E-3
 1643.609669639252 9.97293029316813E-3
 1660.8964941887884 0.011225217299673847
 1678.3345784531334 0.011894903855122325
 1695.9239224322868 0.010752566221455897
 1713.6645261262488 7.740334205426315E-3
 1731.561791667691 3.924413334375178E-3
 1749.6103169239413 1.603264497828249E-4
 1767.815504027672 -2.6656948202760737E-3
 1786.1773529788831 -3.198235931442971E-3
 1804.6904616449023 -2.788352419100709E-3
 1823.3656342910737 -2.393502730852271E-3
 1842.197468784725 -6.282453379762977E-4
 1861.1859651258566 -2.5243250995023603E-4
 1880.3365254471402 1.1852479304256986E-3
 1899.6437476159037 -4.01982738957303E-4
 1919.1076316321477 -2.1630299693152516E-3
 1938.7389817612152 -3.471639841315222E-3
 1958.5323958704345 -4.76155500668691E-3
 1978.482471827134 -6.135731879754956E-3
 1998.6000138966574 -8.320867084701606E-3
 2018.8796199463326 -0.011665564834913475
 2039.3212899761592 -0.015499495708816253
 2059.93042611881 -0.016485587244061378
 2080.7016262416127 -0.01631060847134773
 2101.640292477239 -0.01619444507770596
 2122.741022693017 -0.014983808003140083
 2144.0146211542905 -0.015405990306926605
 2165.450283595716 -0.01723090257837001
 2187.058814282637 -0.018620060363408807
 2208.834811082381 -0.019450546475278381
 2230.772871862277 -0.020577606183635938
 2252.8838008876687 -0.02216753439708279
 2275.167598158556 -0.02417225071795791
 2297.6188615422665 -0.029368286891824732
 2320.237591038801 -0.03708188843626192
 2343.0291887808307 -0.05075026545173411
 2365.993654768355 -0.06710352303998299
 2389.125586868704 -0.09640095679443883
 2412.4303872145483 -0.10872135887580876
 2435.908055805887 -0.11995265783899858
 2459.5531905100506 -0.1146904502795226
 2483.3765955923804 -0.10834628664126938
 2507.3674667875343 -0.09877173203750562
 2531.536608360855 -0.09532104340500751
 2555.873216047 -0.06004108428428121
 2580.3826919786392 -0.03598316314860014
 2605.0704382884464 -0.021992237621129395
 2629.925650711077 -0.014520675198299015
 2654.9591335118743 -0.01018029946540347
 2680.1654845581674 -7.412068286254918E-3
 2705.544703849956 -5.529094034092941E-3
 2731.0967913872395 -4.19584381602762E-3
 2756.821747170019 -3.225956865116566E-3
 2782.7195711982935 -2.5061631409407482E-3
 2808.7956656047354 -1.9635348398083464E-3
 2835.0392261240003 -1.5492189691924528E-3
 2861.4610570214326 -1.229487234943002E-3
 2888.0503540316885 -9.805266370025514E-4
 2914.817921420112 -7.851769754697489E-4
 2941.752954921358 -6.308702628908001E-4
 2968.866258800772 -5.082855549023082E-4
 2996.1470287930096 -4.1041259055959615E-4
 3023.6060691634143 -2.413114873474617E-4
 3051.232575646642 -2.2952350779641836E-4
 3079.031950375366 -2.1771885652343962E-4
 3106.9987912169126 -1.7638353584481392E-4
 3135.1439024366272 -1.428139213985786E-4
 3163.4510776364936 -1.1549460859314932E-4
 3191.9365232145264 -9.321191044966984E-5
 3220.5840327727114 -7.500408779960706E-5
 3249.4044105763923 -6.0113264444050524E-5
 3278.3976566255682 -4.791592650612698E-5
 3307.5529666548964 -3.790734601716657E-5
 3336.8757427970476 -2.9692559941165997E-5
 3366.3659850520225 -2.294523474744325E-5
 3396.0236934198214 -1.7391166470102876E-5
 3425.8488679004435 -1.2823227144885336E-5
 3455.836106361218 -9.056794898204718E-6
 3485.9908109348152 -5.942469438872603E-6
 3516.302177355894 -3.390523280199228E-6
 3546.7810098897957 -1.3093049699654651E-6
 3577.4219064038493 4.457896642823735E-7
 3608.2248668980546 1.9396650887818425E-6
 3639.18448923974 3.1352288980690777E-6
 3670.3061755615776 4.0772494259851625E-6
 3701.584523730896 4.936395491612192E-6
 3733.0195337476934 5.653235222226298E-6
 3764.611205611972 6.208002760428009E-6
 3796.35953932373 6.709516084205643E-6
 3828.2645348829682 7.1312821344336745E-6
 3860.3207901570153 7.531134529978027E-6
 3892.522903013199 7.832147652048461E-6
 3924.881677716863 8.086540326691405E-6
 3957.391712135335 8.390262410599697E-6
 3990.047604135944 8.620573755706586E-6
 4022.8493537186895 8.782465862619162E-6
 4055.796960883572 9.006216632408311E-6
 4088.895827763263 9.213510027783128E-6
 4122.129747959747 9.364344604889819E-6
 4155.509525738368 9.543550363646189E-6
 4189.029758966453 9.754874916533799E-6
 4222.685045511333 9.957056395261814E-6
 4256.480787505677 1.011024436553204E-5
 4290.411582816814 1.0297784617420241E-5
 4324.4828335774154 1.0521978136264889E-5
 4358.678333389468 1.0741807764228045E-5
 4393.008886518313 1.0956224517594476E-5
 4427.4690908312804 1.1167495696504334E-5
 4462.058946328369 1.141611007290828E-5
 4496.773050876907 1.1662363285766688E-5
 4531.611404476895 1.1905397282501996E-5
 4566.574007128333 1.2186270818848704E-5
 4601.655456698548 1.2476349334241298E-5
 4636.855753187542 1.2786209318452517E-5
 4672.174896595314 1.3096431826040786E-5
 4707.612886921865 1.3446512832119308E-5
 4743.158919901849 1.37946200895108E-5
 4778.823799800612 1.418077277768947E-5
 4814.591320220137 1.4565736308962991E-5
 4850.472285425769 1.4947790863145254E-5
 4886.4558911521635 1.5445441677247922E-5
 4922.542137399321 1.590176840329531E-5
 4958.731024167242 1.635649779272168E-5
 4995.017149323253 1.684688688203241E-5
 5031.4059150000284 1.7411883268646164E-5
 5067.886516932223 1.7975323109591962E-5
 5104.464357252507 1.857483329507997E-5
 5141.12863169554 1.924855374699376E-5
 5177.884742393992 1.988118982220562E-5
 5214.727287215192 2.0588938601241556E-5
 5251.650864026467 2.1368678241702095E-5
 5288.660874960491 2.214647633345301E-5
 5325.746515751918 2.295989387547065E-5
 5362.913188533422 2.384448468053418E-5
 5400.155491172331 2.4805236295787136E-5
 5437.462619403299 2.579965613170262E-5
 5474.845377491672 2.683136585290162E-5
 5512.282156906762 2.795842516846943E-5
 5549.826978975287 2.911713325631217E-5
 5587.425822370529 3.0388277649908118E-5
 5625.024665765772 3.178328281947256E-5
 5662.731551814448 3.3186976768896584E-5
 5700.492459189841 3.4719102692478094E-5
 5738.307387891953 3.635691707444413E-5
 5776.176337920781 3.8127491724668344E-5
 5814.04528794961 4.0014077087116224E-5
 5852.022280631873 4.2004559567022715E-5
 5889.999273314136 4.417130780648632E-5
 5928.0843086498334 4.6547079139891756E-5
 5966.115322658815 4.906609673881356E-5
 6004.254379321229 5.1799347316522706E-5
 6042.393435983645 5.485391601376511E-5
 6080.5865139727775 5.819499286576152E-5
 6118.779591961909 6.190344009237456E-5
 6156.972669951042 6.5930156466376E-5
 6195.219769266892 7.040791374510031E-5
 6233.520889909459 7.553919313236936E-5
 6271.822010552026 8.15408464735111E-5
 6310.069109867875 8.837271301636755E-5
 6348.42425183716 9.646005715379057E-5
 6386.725372479727 1.0634701597391858E-4
