 0.0E+0 0.0E+0
 0.2802481195860197 0.2802481195860197
 0.8440391006884027 0.8440390061265731
 1.4144633824682213 1.4143990250947675
 1.9916015313304644 1.9912733602119525
 2.575517152331703 2.574523395601083
 3.1663091866710457 3.1639141143433486
 3.7640483066335712 3.759103387251314
 4.368812251732865 4.359631891714219
 4.980685828711021 4.964919541289036
 5.5997538443101344 5.574263595483952
 6.226108172500805 6.186843490311667
 6.859812418339603 6.801730709420027
 7.500944321340116 7.417901595559455
 8.149645226072499 8.03425499260366
 8.805978737593321 8.649629047474132
 9.470015528187664 9.262818852160848
 10.141826270140603 9.872590095285933
 10.821622980307373 10.4776893532824
 11.5093349864029 11.076847660803114
 12.205103632997332 11.66877883052833
 12.909070264660832 12.252175042660527
 13.621305553678477 12.825697393841873
 14.34195084462042 13.387967706216045
 15.071006137486666 13.937563276826813
 15.808612776847367 14.473017087642113
 16.55491210727268 14.992825156395991
 17.309974801047687 15.495463128489053
 18.073871530457463 15.979413370091708
 18.846743640072165 16.44319689180068
 19.628732474461944 16.885413673257815
 20.41983803362681 17.30478592810561
 21.220272334421991 17.70019905867818
 22.03003537684749 18.070742610692203
 22.849409850043617 18.415742826975616
 23.678325081725294 18.73478890047463
 24.51692241646268 19.027748747060332
 25.365413871111005 19.294775810308145
 26.22387011795535 19.53630523905996
 27.092361829280793 19.753040739918244
 27.97110102194257 19.945933070782697
 28.860087695940684 20.116151141540115
 29.759463195845277 20.26504763312641
 30.669439538511603 20.394120416107497
 31.590087396224724 20.50497180601241
 32.521477441269723 20.599267146589415
 33.46382169050184 20.678694527192067
 34.41719081620615 20.744927167470741
 35.3817261629528 20.799589628702502
 36.357569075311964 20.84422903419465
 37.34486089785379 20.88029185322562
 38.343672302863353 20.909106744179776
 39.35421530719589 20.93187333926285
 40.376560583136473 20.949656752372852
 41.410920147540345 20.963387186355117
 42.457364672692584 20.97386393186029
 43.516035503163344 20.981762835589776
 44.587073983522785 20.98764632747423
 45.67069213062612 20.991975112292728
 46.767031289043544 20.995120675135115
 47.876162131060105 20.997377905948063
 48.99822600124597 20.998977270009032
 50.133434916456366 21.000096103650104
 51.28193022126146 21.00086876430056
 52.4438532602314 21.00139548373594
 53.61934537793635 21.001749892315856
 54.808618591231535 21.001985253023043
 56.01174357240205 21.00213950911852
 57.22893233830311 21.002239280288197
 58.460396905789956 21.002302959756335
 59.706207947147674 21.00234306520031
 60.966577479231474 21.002367987910755
 62.24164684661155 21.00238326903425
 63.531628066143113 21.002392513178605
 64.83666248239632 21.002398030399668
 66.15696211222641 21.00240127917673
 67.49259762791846 21.002403166688964
 68.84385171861277 21.002404248832203
 70.21093640116459 21.00240486118353
 71.59385167557393 21.002405203307738
 72.99316292012139 21.002405392123165
 74.40872879023684 21.002405495119536
 75.84054928592025 21.002405550690063
 77.28933113002242 21.002405580368183
 78.75436759969257 21.002405596068662
 80.23707214063226 21.002405604300886
 81.7367380299907 21.00240560858001
 83.2540719906187 21.002405610784578
 84.7890740225162 21.00240561190936
 86.34245084853406 21.00240561247684
 87.91349574582144 21.002405612759364
 89.50220871437836 21.0024056128978
 91.11000319990637 21.00240561296436
 92.73687920240549 21.002405612995655
 94.38212999902494 21.00240561301
 96.04646231261549 21.002405613016385
 97.73058286602792 21.00240561301914
 99.43378493641144 21.002405613020286
 101.15748196946764 21.00240561302075
 102.90096724234571 21.002405613020926
 104.66424075504568 21.002405613020993
 106.44800923041831 21.00240561302102
 108.25297939131438 21.002405613021025
 110.07844451488312 21.002405613021025
 111.92581804682608 21.00240561302103
 113.7943932642925 21.00240561302103
 115.68417016728236 21.00240561302103
 117.59585547864646 21.00240561302103
 119.53015592123553 21.00240561302103
 121.48707149504965 21.00240561302103
 123.46589547723799 21.00240561302103
 125.4687480363529 21.00240561302103
 127.49350900384202 21.00240561302103
 129.5430052711085 21.00240561302103
 131.6151166696 21.00240561302103
 133.71196336786886 21.00240561302103
 135.8328386430643 21.00240561302103
 137.97844921803707 21.00240561302103
 140.1487950927872 21.00240561302103
 142.3438762673147 21.00240561302103
 144.5651061873211 21.00240561302103
 146.81107140710486 21.00240561302103
 149.08389209521831 21.00240561302103
 151.3821548059599 21.00240561302103
 153.70797970788197 21.00240561302103
 156.05995335528297 21.00240561302103
 158.43878247101366 21.00240561302103
 160.84588050077562 21.00240561302103
 163.28054072171804 21.00240561302103
 165.74276313384095 21.00240561302103
 168.23396118284591 21.00240561302103
 170.75342814588213 21.00240561302103
 173.30257746865117 21.00240561302103
 175.88070242830227 21.00240561302103
 178.48850974768618 21.00240561302103
 181.1259994268029 21.00240561302103
 183.79458491135403 21.00240561302103
 186.49285275563798 21.00240561302103
 189.2229231282071 21.00240561302103
 191.98479602906138 21.00240561302103
 194.77776473535007 21.00240561302103
 197.60253596992393 21.00240561302103
 200.4605231784845 21.00240561302103
 203.35101963818101 21.00240561302103
 206.27473207186432 21.00240561302103
 209.2316604795343 21.00240561302103
 212.2232183068926 21.00240561302103
 215.24869883108837 21.00240561302103
 218.30880877497247 21.00240561302103
 221.4035481385449 21.00240561302103
 224.53433036750715 21.00240561302103
 227.70115546185925 21.00240561302103
 230.90331669875044 21.00240561302103
 234.1429342467331 21.00240561302103
 237.41930138295634 21.00240561302103
 240.73312483027098 21.00240561302103
 244.0851113115279 21.00240561302103
 247.47526082672698 21.00240561302103
 250.9035733758683 21.00240561302103
 254.37146240465332 21.00240561302103
 257.8796346359329 21.00240561302103
 261.4266766240055 21.00240561302103
 265.0147085374234 21.00240561302103
 268.6437303761867 21.00240561302103
 272.3137421402953 21.00240561302103
 276.0254505525999 21.00240561302103
 279.77956233595153 21.00240561302103
 283.57678421320076 21.00240561302103
 287.4164094614969 21.00240561302103
 291.29985152654154 21.00240561302103
 295.22781713118536 21.00240561302103
 299.2003062754285 21.00240561302103
 303.21731895927075 21.00240561302103
 307.2809753512647 21.00240561302103
 311.3898620057086 21.00240561302103
 315.5453923683041 21.00240561302103
 319.7475664390512 21.00240561302103
 323.9977976636514 21.00240561302103
 328.29608604210483 21.00240561302103
 332.6431382972621 21.00240561302103
 337.0396611519741 21.00240561302103
 341.4849478833901 21.00240561302103
 345.98111866006223 21.00240561302103
 350.52746675913994 21.00240561302103
 355.12540562632466 21.00240561302103
 359.7749352616165 21.00240561302103
 364.47676238786613 21.00240561302103
 369.2315937279244 21.00240561302103
 374.0401360046421 21.00240561302103
 378.9023892180191 21.00240561302103
 383.8197668137571 21.00240561302103
 388.79226879185603 21.00240561302103
 393.819895152316 21.00240561302103
 398.9047660636893 21.00240561302103
 404.04617480312504 21.00240561302103
 409.24553481632483 21.00240561302103
 414.5028461032888 21.00240561302103
 419.8188153868676 21.00240561302103
 425.19414938991207 21.00240561302103
 430.6295548352729 21.00240561302103
 436.12573844580106 21.00240561302103
 441.68340694434715 21.00240561302103
 447.303267053762 21.00240561302103
 452.98531877404565 21.00240561302103
 458.7302688280488 21.00240561302103
 464.5395306614732 21.00240561302103
 470.41381099716943 21.00240561302103
 476.35240311228676 21.00240561302103
 482.35742717537755 21.00240561302103
 488.42958990929264 21.00240561302103
 494.56818459118113 21.00240561302103
 500.77533138959546 21.00240561302103
 507.05103030453562 21.00240561302103
 513.3959880588524 21.00240561302103
 519.8109113753965 21.00240561302103
 526.2965069770187 21.00240561302103
 532.8541883094207 21.00240561302103
 539.4839553726024 21.00240561302103
 546.1865148894146 21.00240561302103
 552.9632803055589 21.00240561302103
 559.8142516210352 21.00240561302103
 566.7401355586944 21.00240561302103
 573.742345564238 21.00240561302103
 580.8215883605167 21.00240561302103
 587.9778639475306 21.00240561302103
 595.2125857709814 21.00240561302103
 602.5264605537196 21.00240561302103
 609.9201950185961 21.00240561302103
 617.3952026113126 21.00240561302103
 624.9507766090181 21.00240561302103
 632.5890371802651 21.00240561302103
 640.3106910479042 21.00240561302103
 648.1157382119358 21.00240561302103
 656.0062988409117 21.00240561302103
 663.9816662119814 21.00240561302103
 672.0439604936973 21.00240561302103
 680.1938884089102 21.00240561302103
 688.43144995762 21.00240561302103
 696.758058585528 21.00240561302103
 705.1744210154856 21.00240561302103
 713.6840708617462 21.00240561302103
 722.2778207272498 21.00240561302103
 730.9705117918628 21.00240561302103
 739.7550768270775 21.00240561302103
 748.6385830614015 21.00240561302103
 757.6068960378194 21.00240561302103
 766.6812174418544 21.00240561302103
 775.8474128164911 21.00240561302103
 785.1125493902372 21.00240561302103
 794.4766271630928 21.00240561302103
 803.9396461350576 21.00240561302103
 813.501606306132 21.00240561302103
 823.1695749048235 21.00240561302103
 832.9435519311324 21.00240561302103
 842.8094029280428 21.00240561302103
 852.7883295810782 21.00240561302103
 862.8732646617309 21.00240561302103
 873.0642081700008 21.00240561302103
 883.3540928773803 21.00240561302103
 893.7641204693923 21.00240561302103
 904.2730892605141 21.00240561302103
 914.9022009362684 21.00240561302103
 925.6373210396403 21.00240561302103
 936.4855167991369 21.00240561302103
 947.4467882147587 21.00240561302103
 958.5211352865056 21.00240561302103
 969.7156252428854 21.00240561302103
 981.02319085539 21.00240561302103
 992.4508993525277 21.00240561302103
 1003.9987507342981 21.00240561302103
 1015.6596777721938 21.00240561302103
 1027.44781492323 21.00240561302103
 1039.3490277303912 21.00240561302103
 1051.3845178792012 21.00240561302103
 1063.5330836841358 21.00240561302103
 1075.815926830719 21.00240561302103
 1088.2189128619354 21.00240561302103
 1100.7491090062922 21.00240561302103
 1113.4135824922973 21.00240561302103
 1126.1981988629356 21.00240561302103
 1139.1170925752223 21.00240561302103
 1152.1702636291577 21.00240561302103
 1165.3506447962336 21.00240561302103
 1178.6723705334657 21.00240561302103
 1192.1213063838383 21.00240561302103
 1205.7115868043676 21.00240561302103
 1219.4361445665454 21.00240561302103
 1233.2949796703715 21.00240561302103
 1247.3022265728618 21.00240561302103
 1261.4437508170005 21.00240561302103
 1275.7266196312955 21.00240561302103
 1290.150833015747 21.00240561302103
 1304.7234581988625 21.00240561302103
 1319.4374279521343 21.00240561302103
 1334.2998095040702 21.00240561302103
 1349.3106028546703 21.00240561302103
 1364.4698080039345 21.00240561302103
 1379.777424951863 21.00240561302103
 1395.2334536984551 21.00240561302103
 1410.8378942437118 21.00240561302103
 1426.6048810446484 21.00240561302103
 1442.5202796442486 21.00240561302103
 1458.591157271021 21.00240561302103
 1474.8175139249653 21.00240561302103
 1491.1993496060817 21.00240561302103
 1507.7437315428778 21.00240561302103
 1524.4506597353536 21.00240561302103
 1541.3130669550014 21.00240561302103
 1558.3380204303286 21.00240561302103
 1575.532587389844 21.00240561302103
 1592.882633376531 21.00240561302103
 1610.4093600759131 21.00240561302103
 1628.0915658024675 21.00240561302103
 1645.9504522417171 21.00240561302103
 1663.9718849366465 21.00240561302103
 1682.162931115764 21.00240561302103
 1700.5306580075762 21.00240561302103
 1719.0679983835761 21.00240561302103
 1737.7820194722717 21.00240561302103
 1756.6656540451547 21.00240561302103
 1775.7330365592408 21.00240561302103
 1794.9700325575145 21.00240561302103
 1814.3907764969912 21.00240561302103
 1833.9882011491638 21.00240561302103
 1853.7623065140312 21.00240561302103
 1873.7201598201022 21.00240561302103
 1893.8688282958844 21.00240561302103
 1914.1941774843617 21.00240561302103
 1934.703274614042 21.00240561302103
 1955.396119684926 21.00240561302103
 1976.2797799255206 21.00240561302103
 1997.3542553358263 21.00240561302103
 2018.6124786873351 21.00240561302103
 2040.068584437063 21.00240561302103
 2061.708438127994 21.00240561302103
 2083.546174217144 21.00240561302103
 2105.574725476005 21.00240561302103
 2127.7940919045763 21.00240561302103
 2150.218407959875 21.00240561302103
 2172.8335391848845 21.00240561302103
 2195.646552808113 21.00240561302103
 2218.65744882956 21.00240561302103
 2241.866227249226 21.00240561302103
 2265.279955295619 21.00240561302103
 2288.8915657402303 21.00240561302103
 2312.7081258115686 21.00240561302103
 2336.7296355096336 21.00240561302103
 2360.949027605917 21.00240561302103
 2385.3804365574355 21.00240561302103
 2410.0167951356802 21.00240561302103
 2434.8581033406512 21.00240561302103
 2459.9114284008574 21.00240561302103
 2485.16970308779 21.00240561302103
 2510.6329274014492 21.00240561302103
 2536.31523579885 21.00240561302103
 2562.209561051486 21.00240561302103
 2588.308835930849 21.00240561302103
 2614.627194893954 21.00240561302103
 2641.1575707122933 21.00240561302103
 2667.8999633858666 21.00240561302103
 2694.861440143183 21.00240561302103
 2722.034933755733 21.00240561302103
 2749.4275114520264 21.00240561302103
 2777.0321060035535 21.00240561302103
 2804.862851867331 21.00240561302103
 2832.905614586343 21.00240561302103
 2861.1745286176046 21.00240561302103
 2889.662526732609 21.00240561302103
 2918.3625417028474 21.00240561302103
 2947.2887079853362 21.00240561302103
 2976.441025580075 21.00240561302103
 3005.812427258556 21.00240561302103
 3035.4029130207795 21.00240561302103
 3065.2195500952534 21.00240561302103
 3095.2623384819762 21.00240561302103
 3125.5242109524424 21.00240561302103
 3156.0122347351584 21.00240561302103
 3186.7264098301243 21.00240561302103
 3217.659669008833 21.00240561302103
 3248.826146728299 21.00240561302103
 3280.2117085315076 21.00240561302103
 3311.830488875474 21.00240561302103
 3343.6683533031832 21.00240561302103
 3375.7323690431417 21.00240561302103
 3408.0296033238582 21.00240561302103
 3440.545921688318 21.00240561302103
 3473.2954585935344 21.00240561302103
 3506.2711468110014 21.00240561302103
 3539.4729863407183 21.00240561302103
 3572.900977182686 21.00240561302103
 3606.5551193369033 21.00240561302103
 3640.4354128033705 21.00240561302103
 3674.548924810596 21.00240561302103
 3708.881520901564 21.00240561302103
 3743.4473355332893 21.00240561302103
 3778.232234248757 21.00240561302103
 3813.250351504983 21.00240561302103
 3848.48755284495 21.00240561302103
 3883.957972725676 21.00240561302103
 3919.6474766901442 21.00240561302103
 3955.5701991953706 21.00240561302103
