 0.0E+0 0.0E+0
 0.25054838022535685 0.13911180274272164
 0.7545907171000179 0.41885851334429935
 1.2645633800826088 0.7003081081157894
 1.7805383974254527 0.9802155997488287
 2.302572633538279 1.2541573090378543
 2.8307545441695527 1.5174445105233653
 3.3651473119967523 1.7659437963218982
 3.9058204379651 1.9965581438827961
 4.452849741287569 2.2073704172276014
 5.00631104117713 2.3975594422605945
 5.566286475114502 2.567199023156841
 6.132832907509415 2.717021285894092
 6.706019839307092 2.8481911984886747
 7.285973635862486 2.962123625836687
 7.872751161585324 3.0603467577596066
 8.466415599153086 3.144408677354008
 9.067030131243245 3.2158149123909822
 9.67478430588823 3.2759920930831576
 10.289614940410567 3.3262698836481252
 10.911648400165209 3.367872874292209
 11.541011050507105 3.401915384570465
 12.177766074113736 3.429396916201365
 12.82203983634005 3.451203824235553
 13.473832337186051 3.468117176703724
 14.13326994200669 3.48082109145314
 14.800479016156919 3.4899145002384686
 15.475522742314215 3.4959247075696633
 16.158464303156055 3.4993178598773986
 16.849430064037392 3.5005061607567773
 17.548546390313177 3.4998539377165602
 18.25581328198341 3.4976777130191867
 18.97142028708052 3.494237538466731
 19.69536740560451 3.4897365272122606
 20.427907368265284 3.484332417692877
 21.168976992385363 3.478152177706406
 21.9187026433197 3.4713031104043006
 22.67727386910073 3.463878273690397
 23.44475385240592 3.455956187336331
 24.221205775912757 3.4476027322123576
 25.006819187653658 3.438873354511439
 25.801594087628636 3.4298062888495164
 26.605656841192633 3.420411344853363
 27.419196996378083 3.410668318776926
 28.242277735862465 3.4005418192520435
 29.074962242323245 3.389997956159218
 29.917440063792863 3.3790104828850013
 30.769774382948792 3.3675549491686846
 31.63209156514598 3.3556018329245
 32.50451797573938 3.3431115957256887
 33.38717998008396 3.3300292739840182
 34.28014076085718 3.316285265199162
 35.183589866091473 3.301804570215143
 36.09759047846431 3.2865200310469364
 37.02233214600813 3.2703779478309726
 37.957878051400413 3.2533175300596006
 38.9043545599961 3.2352654911436222
 39.861888037150144 3.216164750320342
 40.83066803089498 3.1960023229701022
 41.81082090658556 3.174806234156079
 42.80240984689935 3.1526147907938946
 43.805561217191325 3.129460026781804
 44.82046456549389 3.105381789779389
 45.84724625716202 3.080432661009518
 46.88603265755064 3.054669616137841
 47.93695013201473 3.0281461161198603
 49.0001882285867 3.0008872198448632
 50.075810129944045 2.9728882880388116
 51.164005384119185 2.9441505475962266
 52.26496353914453 2.9147004194348524
 53.37874777769759 2.884573521191464
 54.505547647810764 2.8538088096205806
 55.64548951483903 2.8224776588898277
 56.7987629268148 2.7906665047220182
 57.965494249093033 2.7584245391008477
 59.14587302970616 2.7257660005674182
 60.33996245133165 2.6926887179903453
 61.548015244679405 2.659155774914868
 62.77022095778187 2.625123492070882
 64.00657959063903 2.5905732613681444
 65.25759660467072 2.5554886360170017
 66.52314563452197 2.5198809954305554
 67.80322668019275 2.4837768969889375
 69.09847156845788 2.447199389125159
 70.40824847254257 2.4101912848090103
 71.73382104599634 2.3727471730735727
 73.07455746204444 2.3348211280887656
 74.43108954746161 2.296401985405657
 75.80341730224788 2.257479456924234
 77.192172553178 2.218087212139014
 78.5967234734772 2.1783101132035662
 80.01707006314548 2.1381712918108877
 81.4544759757324 2.09769694974605
 82.90894121123792 2.0569849043292456
 84.37983394288729 2.016097057507434
 85.86778599745527 1.9750067669373527
 87.37342920171662 1.9337886141579163
 88.89613172889659 1.892598732725273
 90.4371572325447 1.8515978619075055
 91.99587388588621 1.8110023733234128
 93.57228168892108 1.7709976567570326
 95.16701246842409 1.7316086787869593
 96.78069805117 1.6927818266367082
 98.41270661038406 1.6545824545799427
 100.06430179961578 1.6170879313506356
 101.73485179209041 1.5802879457270597
 103.42435658780795 1.5441491574714565
 105.13344801354314 1.5085159360759996
 106.86275789607076 1.4733068416402037
 108.61228623539083 1.4385135835672695
 110.38140120472858 1.4040344892446663
 112.17199828440826 1.3696968383949383
 113.9821819941056 1.3353993439933347
 115.81447964091967 1.3011135074869104
 117.66699574452618 1.26692110836262
 119.54162578524941 1.2330737810490062
 121.4377379363146 1.1998156820159995
 123.35596402449652 1.1670904893134204
 125.29630404979514 1.13481540518791
 127.25875801221049 1.1031282874301984
 129.2445895652921 1.072144458849449
 131.25253505549042 1.0417046587661815
 133.28448996312974 1.011533116450113
 135.33919063466058 0.981410700721836
 137.41853255040714 0.9512630779599187
 139.52125205682 0.9212284686532392
 141.64798098067385 0.8914607651275068
 143.79998297551824 0.8619836917600756
 145.97662621457843 0.8327077045225769
 148.17791069785437 0.80350572336707
 150.40510007889562 0.7743790247134488
 152.6575625309274 0.7455422755141626
 154.93656170749926 0.717382412494866
 157.24146578183643 0.6900676296509957
 159.57290658071363 0.6632772667651146
 161.93088410413093 0.636488772781275
 164.31666200563782 0.609614761698733
 166.72897663168475 0.5831114879506756
 169.16972346259606 0.5574602184973134
 171.63890249837172 0.5326812990752846
 174.13588191223698 0.5084121489849356
 176.6612935309666 0.48426383530763272
 179.21640100811006 0.4604036559760393
 181.8005725168927 0.4372303496149464
 184.4144398840892 0.41491957754539376
 187.05800310969956 0.39343280247458933
 189.73252584727333 0.3725780839374482
 192.43737627003577 0.35225030603400353
 195.17318620476163 0.33240435506380283
 197.9399556514509 0.31286149643454103
 200.73894826365307 0.2931829386408465
 203.5701640413682 0.27350051701667282
 206.4329711578215 0.25490479040815156
 209.32926509333728 0.2379556078814004
 212.25841402114076 0.22238390157605902
 215.22104976800667 0.20783614951904946
 218.21780416070984 0.19397757733976317
 221.24867719925023 0.18073730994399525
 224.31366888362785 0.16846383135412404
 227.41404286739222 0.15720474505388826
 230.55043097731811 0.14648462163759337
 233.721569559856 0.13631143844316312
 236.92935409533015 0.12703549877945671
 240.1737845837406 0.1185545355540129
 243.45486102508732 0.11046916897182663
 246.77321524614507 0.10244641984837834
 250.12947907368865 0.09438696119454601
 253.5242843344928 0.08685864811265318
 256.95699920178276 0.08008949672574114
 260.4288873291081 0.0738347079303155
 263.9405805432434 0.06838376212104062
 267.49207884418893 0.06385871600979252
 271.08338223194454 0.06001477987508914
 274.71638618683454 0.05656933092286608
 278.38982705530935 0.052910905493440775
 282.10496849091856 0.04862906148950445
 285.8618104936622 0.04428772872680329
 289.66161671708977 0.04016019465819484
 293.50438716120123 0.03550042586323426
 297.39075365277136 0.030698199238260313
 301.3213480185749 0.027028247487931103
 305.2955384318372 0.024454049063626106
 309.3152203728824 0.02118860947975935
 313.3797620149358 0.016735641241418137
 317.49042701154695 0.012641971534971156
 321.6472153627159 0.010068311594404982
 325.8507588952173 8.54017222356187E-3
 330.10168943582596 7.168399735075863E-3
 334.40063881131663 5.720011231213642E-3
 338.74760702168936 4.453488498656528E-3
 343.1438577204936 3.579219927015186E-3
 347.58939090772935 3.0316289207373953E-3
 352.08420658339673 2.6608888138425473E-3
 356.63020022781995 2.370727776266356E-3
 361.2267400142242 2.113140870502742E-3
 365.8750895961591 1.8644541915628421E-3
 370.5752489736246 1.6228753809006757E-3
 375.3278499733955 1.4070389371934916E-3
 380.13352442224646 1.2302315979376833E-3
 384.99290414695235 1.0873733972147036E-3
 389.9066209742879 9.695246159285451E-4
 394.8753067310279 8.688962868849011E-4
 399.89959324394703 7.806588701444105E-4
 404.97948051304535 7.042575010173746E-4
 410.1156003650976 6.401328222653627E-4
 415.3092164536534 5.874986155913867E-4
 420.5609606054874 5.434937875667957E-4
 425.8702009938249 5.014323790350454E-4
 431.2388330989901 4.522392229221215E-4
 436.6674887477579 3.922839830745525E-4
 442.15553611335343 3.281594773162642E-4
 447.704870676101 2.7095253599073956E-4
 453.3154924360007 2.2706250297881383E-4
 458.9880332198272 1.9542504357502796E-4
 464.7231248543552 1.7134538163582265E-4
 470.5213991663596 1.506030988282864E-4
 476.3841198093899 1.3076225044204235E-4
 482.31128678344606 1.1127177483695392E-4
 488.30353191530286 9.325680391907605E-5
 494.3621188585098 7.85876171837198E-5
 500.4870476130669 6.824904828100946E-5
 506.678950005749 6.116119510555929E-5
 512.9390896901056 5.493232234717135E-5
 519.2680984929112 4.755436089259649E-5
 525.6659764141662 3.864341554743211E-5
 532.1339871074199 2.965433354169249E-5
 538.672762399447 2.2429391614120233E-5
 545.2829341170225 1.7391081003634667E-5
 551.9657659136958 1.3823163963636654E-5
 558.7206259626921 1.109971454598871E-5
 565.5494097443358 8.93819598112391E-6
 572.4527490854015 7.200797950901768E-6
 579.4306439858893 5.7925664972863904E-6
 586.4849899261235 4.645290469176469E-6
 593.6151550793293 3.7150128563410074E-6
 600.8230349258309 2.972157259405797E-6
 608.1092612924034 2.389733178537566E-6
 615.4738341790465 1.9373368552619263E-6
 622.9180172393097 1.5827157844146598E-6
 630.442442299968 1.297513038491261E-6
 638.050268494895 1.0616103033191723E-6
 645.7332820760188 8.629760058236039E-7
 653.5047514056095 6.950440619898746E-7
 661.3583582159196 5.538830502027055E-7
 669.3004207746964 4.363255928698427E-7
 677.3183025464449 3.3950614556874656E-7
 685.4309583344079 2.6081916767631083E-7
 693.6257516030902 1.977912588838671E-7
 701.9090006202393 1.4815033001389172E-7
 710.2807053858554 1.0985689857867904E-7
 718.7408658999383 8.095644605130496E-8
 727.2894821624881 5.954217081816985E-8
 735.9328724412525 4.387955225728074E-8
 744.6710367362314 3.2511709047170685E-8
 753.4913385119294 2.42849014716337E-8
 762.4127325715897 1.8311770038019224E-8
 771.4289006474644 1.3927477916239436E-8
 780.5398427395537 1.0674812953955907E-8
 789.7392405801099 8.250385809993802E-9
 799.046048972376 6.411883207743133E-9
 808.4413131131089 4.9761425662756124E-9
 817.9439878055514 3.848222187836632E-9
 827.5414365142087 2.9544586488794276E-9
 837.2399775068279 2.220326391692816E-9
 847.0396107834094 1.6139069939207443E-9
 856.9403363439532 1.1248074121103468E-9
 866.9484724562066 7.37576697153415E-10
 877.0577008524222 4.452289819473715E-10
 887.2743398003475 2.4388447155449343E-10
 897.5983892999827 1.197318631064193E-10
 908.0235310835801 5.2369995310575293E-11
 918.5624016866349 2.0301120575866492E-11
 929.2023645736517 6.744130744485375E-12
 939.9623745478738 1.827905075396136E-12
 950.8234768060579 3.905021366432125E-13
 961.804626151447 6.306803347832943E-14
 972.893186048546 7.388532285404836E-15
 984.0954747651024 6.542609471105808E-16
 995.4178105688638 5.296147385575557E-17
 1006.8475569243351 4.7664883361300145E-18
 1018.3973503670114 4.666487333273825E-19
 1030.067190896893 4.4793694681981943E-20
 1041.8507602462316 4.219834730964888E-21
 1053.7606949505232 6.108811587619117E-22
 1065.784358474272 1.446759187795456E-22
 1077.9343873529737 3.4561328485334703E-23
 1090.2044633188804 7.41496820327826E-24
 1102.5945863719921 1.3856333688704177E-24
 1115.1173930478041 2.228159425398617E-25
 1127.7602468108213 3.091007074947317E-26
 1140.529465928791 3.719599323483238E-27
 1153.4250504017136 3.8492833874662904E-28
 1166.4533184973365 3.3343620980963753E-29
 1179.607951947912 2.3064952423994232E-30
 1192.895269021188 1.1971891017799923E-31
 1206.3152697171642 5.1427986788781126E-33
 1219.8679540358405 1.899779651037681E-34
 1233.5533219772173 5.424181508340516E-36
 1247.3713735412945 1.2117652294337234E-37
 1261.3221087280721 3.132382548762453E-39
 1275.4181640730453 1.688876278464735E-40
 1289.6469030407188 1.6031170749211985E-41
 1304.0146438988401 1.7251734014362844E-42
 1318.5213866474095 1.8830877345014304E-43
 1333.1671312864268 2.0544978652042521E-44
 1347.95819608364 2.2244633734324097E-45
 1362.8945810390484 2.3602776763440675E-46
 1377.969967884905 2.4323590222221146E-47
 1393.1906748889571 2.3952938000093357E-48
 1408.5630203189523 2.179877135976939E-49
 1424.0743676393956 1.7447416150101221E-50
 1439.7436716535298 1.1603493680997379E-51
 1455.551977558112 6.251074178553995E-53
 1471.518240156385 3.3697509703464794E-54
 1487.6298229128535 4.8211816695009524E-55
 1503.8930440952653 1.054276871973258E-55
 1520.3142219713681 2.241696069995529E-56
 1536.887038273414 4.501792158361826E-57
 1553.617811269151 8.335836621007963E-58
 1570.500222690831 1.4228678179914394E-58
 1587.5469090739495 2.260341563098917E-59
 1604.7452338830114 3.319961085823642E-60
 1622.1078336535115 4.7037494264098273E-61
 1639.6283901177027 1.0639522063064221E-61
 1657.3069032755845 5.728368524099782E-62
 1675.1496913949051 3.3118075389639985E-62
 1693.1630727434121 1.552374776466106E-62
 1711.3344107856094 4.911998455419703E-63
 1729.6700237892453 1.4481050277536493E-63
 1748.16991175432 5.379891371750938E-64
 1766.8403929485807 2.023848989607003E-64
 1785.6814673720273 9.145113876323061E-65
 1804.6868167569127 4.724607959650472E-65
 1823.8690776387318 2.318289604851708E-65
 1843.2156134819895 1.0191498930702346E-65
 1862.739060822181 3.865000053024507E-66
 1882.4331013915584 1.2093449236450227E-66
 1902.297735190122 3.055932104516011E-67
 1922.3455987533673 6.384156443317447E-68
 1942.5640555457982 1.1866140719905363E-68
 1962.9594238351633 2.1331037277508374E-69
 1983.531703621462 3.663619901506788E-70
 2004.2808949046946 5.5625735031165784E-71
 2025.2133159526085 6.874641542214817E-72
 2046.3226484974561 6.601308118692714E-73
 2067.615210806985 5.5713929247686925E-74
 2089.091002881196 6.246396293667925E-75
 2110.7437064523396 1.416087095747434E-75
 2132.5859580559135 3.4876060309717594E-76
 2154.611439424168 6.757907213072101E-77
 2176.820150557104 9.25930076412204E-78
 2199.2184097224694 1.0672659594288498E-78
 2221.799898652516 1.4415990093416233E-79
 2244.564617347244 2.043984354305751E-80
 2267.5252023421485 2.283295914074191E-81
 2290.675335369482 2.036018137245034E-82
 2314.0086981614972 2.122701187306963E-83
 2337.5379272536893 2.1600863330078644E-84
 2361.25670437831 2.0397440296501773E-85
 2385.1650295353597 2.224129280652467E-86
 2409.2692209925862 1.6556315215004097E-87
 2433.562960482242 7.933092047120449E-89
 2458.0525662720747 3.60832846604869E-90
 2482.7317200943357 2.5198055531413874E-91
 2507.6130584845213 2.00786781630578E-92
 2532.6839449071362 1.5888756296298853E-93
 2557.9570158976753 1.2559111134301355E-94
 2583.425953188391 1.0237423068832485E-95
 2609.0844385115356 1.3419250431850905E-96
 2634.9451084026045 3.503284636172982E-97
 2661.0079628615976 1.1994240202925285E-97
 2687.2666836207677 3.587406389137669E-98
 2713.7212706801142 7.897006313688457E-99
 2740.3780423073853 1.3920183600359252E-99
 2767.2369985025807 1.957825224993396E-100
 2794.2918209979525 2.4962237128925027E-101
 2821.548828061249 4.746083624721555E-102
 2849.0080196924695 7.549178754769189E-103
 2876.663077623867 8.556119416640624E-104
 2904.526638390936 1.1470533083826141E-104
 2932.586065458182 1.5902813121602786E-105
 2960.8539953611 2.5199460832402714E-106
 2989.3177915641945 3.78494867540091E-107
 3017.983772335213 4.3039906832769655E-108
 3046.858255941904 3.3594803191427815E-109
 3075.928605848772 1.7693484891396143E-110
 3105.207458591311 6.178176318738756E-112
 3134.688495901775 1.4331665101213436E-113
 3164.3717177801627 2.3885362643183213E-115
 3194.257124226475 3.214655618869826E-117
 3224.344715240712 4.219343889691054E-119
 3254.6344908228725 1.522966602692431E-120
 3285.132769240706 9.569825582176653E-122
 3315.8269139587155 4.972572025245263E-123
 3346.729561512397 2.0982853840638153E-124
 3377.8280753662552 7.357428480888882E-126
 3409.1350920557856 2.189864121157281E-127
 3440.637975045492 5.6344034595751756E-129
 3472.349360870871 1.2728639309490128E-130
 3504.256612996426 2.5591196539239253E-132
 3536.372367957654 4.634430110170806E-134
