 0.0E+0 0.0E+0
 0.2924047810359126 0.1237527492664083
 0.8806520050415095 0.37271639864624916
 1.4758202704264247 0.623645200850035
 2.0779936384219852 0.874106625015358
 2.687238473158188 1.1205067960056032
 3.3036580077261357 1.358681804743478
 3.9273259800480473 1.5845717804011452
 4.55832350183836 1.794755888450849
 5.196739058603736 1.9867484932595793
 5.842661135850836 2.159077802616666
 6.4961855928785414 2.311215183775121
 7.157378793816849 2.4434217313822612
 7.826321850380198 2.5565607490849342
 8.503162238413022 2.651908866487347
 9.187966322045316 2.730988333827727
 9.880807839199301 2.795429484466353
 10.58176052779719 2.8468687136074852
 11.291045601605635 2.8868788627659793
 12.008589322702424 2.916928013116679
 12.734539166931986 2.9383583663904144
 13.469042610138757 2.952377032595474
 14.212173390244956 2.9600542100974505
 14.964078983095018 2.9623274820837393
 15.724759388688941 2.9600117043486777
 16.49436208287116 2.953811560400536
 17.27303454148611 2.9443357079889445
 18.060850502456005 2.9321110399334364
 18.857883703703066 2.9175957052400183
 19.664281621071733 2.9011869829585226
 20.480191730406431 2.8832263642242343
 21.305614031707165 2.8640057559904743
 22.140769738740583 2.843775657009952
 22.98565885150669 2.8227494119237244
 23.840576321694356 2.8011049085349695
 24.705448411381357 2.778988412027349
 25.580422596412134 2.7565223045696183
 26.465720090553332 2.7338121661012486
 27.361414631727175 2.710952158752404
 28.26757995785588 2.688024996056166
 29.184437282706095 2.6651014106353025
 30.111986606277827 2.642243593328535
 31.0503754044155 2.619509888703944
 31.999824890885776 2.5969547624470474
 32.96040880361087 2.574620811305124
 33.93220088051299 2.552535320974337
 34.9154223353588 2.5307188625875514
 35.91014690607051 2.509192885016718
 36.916522068492554 2.4879806337137102
 37.93469529846937 2.4671075322351585
 38.9648140718454 2.446599486626259
 40.006952126542856 2.426472835349456
 41.06133067632838 2.4067218459957322
 42.12802345912419 2.3873210501826922
 43.207251688696963 2.368245363991605
 44.29908910296889 2.349483201295379
 45.403683177784415 2.3310360768388846
 46.521181388987976 2.312912678482705
 47.65180495034621 2.2951220122115105
 48.795701337703576 2.2776681921848873
 49.952944288982266 2.2605441785970596
 51.12368128002673 2.24373636900975
 52.30813352460362 2.2272387868605805
 53.50644849855737 2.2110538425178196
 54.7187736777324 2.1951811818506774
 55.94525653797316 2.1796038802311934
 57.1861182930463 2.164296081813
 58.44143268087404 2.1492395577321605
 59.71142091522303 2.1344208391442376
 60.99630420985991 2.119807274572507
 62.29615630270691 2.105354550188747
 63.61119840753068 2.091042617932096
 64.94157800017565 2.076886603039886
 66.28751629440849 2.0629244255642942
 67.6491607660736 2.0491837090318405
 69.02673262893767 2.0356574810918166
 70.42030562092289 2.0223162979221473
 71.83017469371813 2.009128379804981
 73.25656106109005 1.9960633008124957
 74.69946472303867 1.9830986162965216
 76.1594755829417 1.9702499729853617
 77.63644616495472 1.95756721835622
 79.13037646907772 1.9451075966564266
 80.64200387453288 1.932921411505958
 82.17059100209802 1.9210102989830022
 83.71761261021749 1.9093334299802007
 85.28233131966913 1.8978425451574327
 86.86548450967508 1.8864861048050947
 88.46707218023538 1.875206078967224
 90.08783171057217 1.8639499866304236
 91.7270257214633 1.8526868704772534
 93.38465421290876 1.8414225010642981
 95.0621919433529 1.8302029880473846
 96.75963891279572 1.8190891284440966
 98.47625774201504 1.8081078762944036
 100.21278581023304 1.7972365853060001
 101.96996049667189 1.786425557557782
 103.74704442210941 1.775633241020863
 105.54551234498996 1.764830766845064
 107.36462688609137 1.7540083481335191
 109.20438804541362 1.7431877713654453
 111.0655332021789 1.7324000941323702
 112.94879973560937 1.7216570691844521
 114.85345026648287 1.7109487641620715
 116.78095955324373 1.700270805540452
 118.73059021666981 1.689638346855785
 120.70234225676107 1.6790918148303044
 122.69695305273972 1.6686477229388076
 124.71515998382787 1.6582289133366185
 126.7569630500256 1.6477169977789065
 128.8216248721107 1.637076054244184
 130.9113575877497 1.626363931085731
 133.02394905927604 1.6156461736411853
 135.16234880357845 1.6049470032633792
 137.32434468299041 1.5942452484116393
 139.51214883517843 1.5835213613057645
 141.72502388092036 1.5727764761688007
 143.96370719943834 1.562004069366746
 146.22819879073236 1.551160255395515
 148.5184986548025 1.540179768764217
 150.836081550093 1.5290462585881623
 153.1794727181596 1.5177444281367113
 155.55088429666872 1.5062733544138511
 157.94884152717614 1.4946204077857134
 160.3755565473483 1.4827154032767044
 162.82955459874088 1.4704843689733626
 165.31157306057602 1.4579257647691676
 167.8230866912981 1.4450915587024737
 170.36335811168495 1.4320219288884292
 172.93238732173654 1.4187311484883493
 175.53164907989724 1.405243049830605
 178.16040600694486 1.3915825921625475
 180.82013286132377 1.377706901680227
 183.51009226381177 1.3635497695940042
 186.23102159363105 1.3491940619271574
 188.98292085078162 1.3347967655000314
 191.76726479370782 1.3203683421089336
 194.58257866396525 1.3058241168688726
 197.43107459922052 1.2910548670759534
 200.31275259947355 1.2759610863416324
 203.22687528550224 1.2604502893442941
 206.17418003652872 1.2444463544814925
 209.1561416109973 1.2279711017895755
 212.1720226296859 1.2111435954156064
 215.22256047181664 1.1940703536949901
 218.3077551373895 1.1767770679947215
 221.42908138484884 1.1592078291029643
 224.58580183497252 1.141309329361486
 227.7786538669827 1.1231452291393202
 231.00763748087933 1.1048087225631748
 234.27422743510683 1.0862534874405096
 237.57842372966516 1.0673512033566301
 240.91948898533212 1.047936548574344
 244.2996353397743 1.0279336243526144
 247.7181254137695 1.0074608154247632
 251.17569658653982 0.9866677412867991
 254.67308623730755 0.9656181226978751
 258.2102943660726 0.944333605105865
 261.78732097283506 0.9227614645759514
 265.4056408160392 0.9008602375714956
 269.06599127490716 0.8787279945875014
 272.7668975909947 0.8564288111910776
 276.51057190196826 0.8339662962683503
 280.29701420782794 0.8115221317503204
 284.1262245085736 0.7892709475265698
 287.99894018342746 0.7669851626682042
 291.9158986116118 0.7444040918296363
 295.8778371723486 0.7217276385146265
 299.88401848641586 0.6991747890897358
 303.9359173122579 0.6766877640577146
 308.0342710290968 0.6542331064425199
 312.1790796369326 0.6318788948598834
 316.3703431357653 0.6095015118491469
 320.6102736632615 0.5868524392198505
 324.8973964609768 0.5639483300690777
 329.23318628735546 0.540979465145589
 333.6176431423976 0.5181071916927614
 338.0522417845475 0.49546797677093012
 342.53698221380523 0.47325460482942954
 347.0726018093929 0.4515786290921895
 351.6598379505326 0.43036553454577214
 356.2979532580024 0.409476424187316
 360.98915986946855 0.38886925575024167
 365.7327204057091 0.3686828075446753
 370.5301096251682 0.34895866536321545
 375.381327527846 0.3295616122831964
 380.28711149296464 0.31055748952074413
 385.2481988997463 0.2922752985555507
 390.265327127413 0.2749647405099903
 395.33849617596496 0.25859814426922222
 400.4691808038464 0.24314007221233935
 405.65738101105733 0.2285587877099288
 410.90309679759786 0.21491058137919794
 416.2085403011344 0.20206533506821483
 421.57297414244476 0.18977239749192273
 426.9978730799734 0.17794793677614031
 432.4832371137201 0.1665456969744769
 438.0298036229073 0.15533027428389198
 443.638309986757 0.14443550470405513
 449.30949358449146 0.13421600002327396
 455.0440917953328 0.12458261431722222
 460.8428419985032 0.11517106632274657
 466.70648157322494 0.10615449778107136
 472.6350105194978 0.0980767180824483
 478.6291662165441 0.09068372278024095
 484.69042342280823 0.08338681407519924
 490.8195195175123 0.07627661133375804
 497.0157171214341 0.06983559489199613
 503.28122837224015 0.06423568938223992
 509.61679064915273 0.059471815767754183
 516.0216665729496 0.05527556558985059
 522.4980682812972 0.05094439006103811
 529.0459957741956 0.04622758622726373
 535.666186430867 0.04163991812482096
 542.3593776305336 0.03738089186617986
 549.1263067524175 0.033458965414190515
 555.9684485549631 0.030026423968622012
 562.8858030381703 0.027051280569757057
 569.8791075812613 0.023994619460292042
 576.9498369426807 0.020581289796859646
 584.0979911224281 0.01712718421977312
 591.3243074997259 0.014273270872174315
 598.6302608330185 0.012307354874305643
 606.0165885015278 0.011027877460484678
 613.4832905052542 0.01012622893794671
 621.0318416026417 9.336756567473561E-3
 628.6629791729126 8.470213302731901E-3
 636.3774405952892 7.4572478607131944E-3
 644.1767006282156 6.34533105273275E-3
 652.0600218924699 5.283019999436748E-3
 660.0296165257182 4.371305321206338E-3
 668.0862219071831 3.543366137993541E-3
 676.2298380368645 2.750044764319217E-3
 684.4626770524288 2.080756787244312E-3
 692.7840015746539 1.6067858663330273E-3
 701.1960237412063 1.3004462827618328E-3
 709.6994809313082 1.1028098962221238E-3
 718.2943731449596 9.686828333898391E-4
 726.9821751406048 8.668729815855434E-4
 735.763624297466 7.803220003147201E-4
 744.6424075116541 6.990206272126404E-4
 753.6089388532807 6.143953074342264E-4
 762.6787032860117 5.211490032352065E-4
 771.8443270176252 4.2307245629809E-4
 781.1131838403429 3.320840651752521E-4
 790.4705261697214 2.5884776532009265E-4
 799.9384753824258 2.053610857000266E-4
 809.502283894013 1.6684534456796215E-4
 819.1693254967042 1.371110935661292E-4
 828.9396001904997 1.1212093102150863E-4
 838.8131079753995 9.174138017361251E-5
 848.7898488514036 7.647786401036761E-5
 858.8771966107336 6.494144440797864E-5
 869.0751512533897 5.530381068109798E-5
 879.3689651949281 4.631879680170204E-5
 889.7807598120144 3.7830457275871636E-5
 900.3031613124266 3.0442627746543282E-5
 910.9361696961648 2.4614111985191361E-5
 921.6724111710074 2.047833078645934E-5
 932.5340071136193 1.7823429919339093E-5
 943.4988361473355 1.6076176385705168E-5
 954.589019648821 1.4586828857982953E-5
 965.7898100336329 1.3050812295253988E-5
 977.108581093992 1.151805995365999E-5
 988.545332829899 1.0116931171794714E-5
 1000.100065241354 8.925805379124016E-6
 1011.7801521205782 7.947381072544265E-6
 1023.57821967535 7.163173754973607E-6
 1035.5016416978915 6.547992350882112E-6
 1047.5504181882024 6.032769224785914E-6
 1059.717175354061 5.538975892727746E-6
 1072.0166607799108 5.0274171187686544E-6
 1084.4341268813082 4.505689945355139E-6
 1096.9916950349188 3.992240623613193E-6
 1109.667243864077 3.4953750457485535E-6
 1122.4828947454477 3.044604615787493E-6
 1135.4239000945883 2.674576464164258E-6
 1148.49763370372 2.3558094382701646E-6
 1161.7114693650646 2.01657302188826E-6
 1175.0506594941787 1.656889712312591E-6
 1188.5299516755055 1.3651927191985953E-6
 1202.1493459090456 1.1747483664067186E-6
 1215.9014684025767 1.0064433383797956E-6
 1229.8010667405424 8.168958006853122E-7
 1243.8333933384992 6.207058565657887E-7
 1258.0131957808907 4.388830321795445E-7
 1272.3331002754953 2.985096779077198E-7
 1286.7931068223126 2.131767614409018E-7
 1301.4079630057865 1.5648839288379956E-7
 1316.1629212414732 1.0776672567168704E-7
 1331.0653553215945 7.045180460987363E-8
 1346.1152652461503 4.7614134627808083E-8
 1361.3200248073628 3.241794165733358E-8
 1376.6722602130098 1.9851525428962983E-8
 1392.1793452553131 1.003673611378273E-8
 1407.841279934273 4.040206403907618E-9
 1423.658064249889 1.2939179166624646E-9
 1439.6296982021615 3.368326650466363E-10
 1455.7561817910905 7.358230500781508E-11
 1472.0375150166757 1.3885367795350972E-11
 1488.4884454633611 2.302273294807747E-12
 1505.0942255467025 3.3519707364891563E-13
 1521.8622290589221 4.3910124996412975E-14
 1538.7924560000201 6.678118660375279E-15
 1555.8849063699958 1.6708534671051352E-15
 1573.1469539610716 5.348983534866387E-16
 1590.5785987732472 1.6052358755537615E-16
 1608.172467014301 4.19208174234071E-17
 1625.9359324764543 1.0560333783548679E-17
 1643.8763689519294 2.5240455505999234E-18
 1661.9790288562828 5.207127442107488E-19
 1680.2660335661792 8.978130950906257E-20
 1698.715261704954 1.3315724469940456E-20
 1717.3488346492717 1.8655042095894765E-21
 1736.1520048146896 2.6484391385544283E-22
 1755.1321459934292 4.119999253429875E-23
 1774.2966319777117 7.046509436357936E-24
 1793.638088975316 1.2896910430509839E-24
 1813.1638907784636 2.396035379656998E-25
 1832.866663594933 4.350391645237688E-26
 1852.7611550091671 7.739703598126353E-27
 1872.832617436723 1.3566347687353314E-27
 1893.0957984620436 2.251332259644015E-28
 1913.543324292908 3.431446757190423E-29
 1934.1751949293152 4.710307252146296E-30
 1954.9987841634876 5.872025869942232E-31
 1976.0214657876472 7.209411965941414E-32
 1997.2284922173498 8.503561198897623E-33
 2018.6272372448172 8.823877993406959E-34
 2040.21770087005 7.819053873176493E-35
 2062.0072568852697 6.120136969644742E-36
 2083.9959052904755 4.500230676073534E-37
 2106.1762722934472 3.280939418471857E-38
 2128.5631054786267 2.4957969974286758E-39
 2151.1416572615717 1.7826325087024706E-40
 2173.9266752267253 1.16779405731231E-41
 2196.910785581865 7.447083737282666E-43
 2220.093988326992 4.179567162783677E-44
 2243.4910310465493 1.9922246752706877E-45
 2267.087166156093 8.802379123173866E-47
 2290.8897674478457 4.0195619346190965E-48
 2314.8988349218066 2.0332983931809694E-49
 2339.114368577976 1.1746155170383984E-50
 2363.5437422085756 7.618186571573962E-52
 2388.179582021384 5.020823961227544E-53
 2413.0292618086223 3.1072137865479116E-54
 2438.092781570291 1.5609939944293321E-55
 2463.362767514168 6.100240115720657E-57
 2488.8539672246974 2.03081467414983E-58
 2514.559006909657 5.979393219724119E-60
 2540.4778865690464 1.522743682722857E-61
 2566.6179799950882 4.5635923595324585E-63
 2592.97191339556 1.9179484413177E-64
 2619.539686770462 8.672305671771179E-66
 2646.336047704238 6.851314548662237E-67
 2673.3536224046656 1.4049592025358618E-67
 2700.5850370795237 3.734071542990883E-68
 2728.0450393132555 8.716578393797352E-69
 2755.7262553136392 1.7814968169224757E-69
 2783.6286850806745 3.235832940698521E-70
 2811.759702406584 5.252389933203496E-71
 2840.1119334991453 7.319162464211442E-72
 2868.692752150581 8.212113410366603E-73
 2897.4947845686674 7.807400350730787E-74
 2926.5327783378502 5.487669695762793E-75
 2955.7919858736845 2.5127559697592237E-76
 2985.2871547606146 1.1980722061941305E-77
 3015.0109112064183 7.465162510091949E-79
 3044.955881418874 4.3770339784677045E-80
 3075.136812982425 2.6752186110501303E-81
 3105.5537058970712 1.3750820957481882E-82
 3136.1991863705916 7.112476219625446E-84
 3167.073254402985 4.3009653376155793E-85
 3198.183283786475 3.742738335892564E-86
 3229.529274521059 4.780447016045538E-87
 3261.1038528145177 6.73517515928877E-88
 3292.9143924590716 7.054480061003248E-89
 3324.960893454721 4.443273674061444E-90
 3357.2359820092442 2.5547378231574174E-91
 3389.754405707084 1.796444254704197E-92
 3422.5014169637984 1.3594755671157578E-93
 3455.4917633638292 9.255553341636942E-95
 3488.710697322734 7.2215690000395745E-96
 3522.1655926327343 7.878066115068578E-97
 3555.8638230860515 9.47601246507107E-98
 3589.790641098243 1.83164221229267E-98
 3623.960794253751 2.99466342669081E-99
 3658.366908760355 7.715608189255202E-100
 3693.008984618054 2.5774407004652685E-100
 3727.8870218268484 7.730193013500336E-101
 3763.001020386739 1.5609528019454104E-101
 3798.350980297724 1.8309085843852017E-102
 3833.944275352027 1.2959838388881187E-103
 3869.7661579652035 6.299232241411947E-105
 3905.831375721697 2.355071601417315E-106
 3942.125181037064 7.271523414952345E-108
 3978.662321495749 1.9331754032018065E-109
 4015.4280495133066 4.538861867180236E-111
 4052.4371126741816 9.566866367176325E-113
 4089.674763393931 1.830950061208769E-114
 4127.155749256997 3.2087767276544156E-116
