 1.2338854863159065 1.2139283457989975
 1.7373431185931778 1.7141962537868917
 2.246712974975978 2.207446391449042
 2.762081365305263 2.6881060183656773
 3.2835099394674323 3.1490648144417043
 3.8110665123375206 3.5827988756366706
 4.344825063779207 3.9823454312567014
 4.884859573656168 4.34194795396936
 5.43125018682072 4.657569259309025
 5.984052388170622 4.926943329122732
 6.54333399258091 5.14918778687564
 7.109218299824381 5.325311994805096
 7.68176079479879 5.457830153197318
 8.261023127390537 5.549876016485317
 8.847066947486018 5.604658858825996
 9.440077204744426 5.626871812904033
 10.039992249279367 5.620993745208551
 10.646935380863631 5.590259659353854
 11.261029899270016 5.538877118383753
 11.882337454384919 5.470474482008322
 12.510981345981135 5.388582451578333
 13.146961574058663 5.296113974902068
 13.7904014383903 5.195173072666797
 14.44142423874884 5.0883370281156654
 15.100091625020681 4.977847093853793
 15.76646524709222 4.865170001009344
 16.440668404736257 4.751519970235999
 17.12282439772558 4.638468701095193
 17.812933226060192 4.526645468031587
 18.511179839399286 4.416695956862375
 19.21756423774286 4.308968749060965
 19.93233302063651 4.204101130707687
 20.65542453819383 4.102831197672535
 21.386962090187623 4.004773104623108
 22.127130626277075 3.910368300751364
 22.87599179634859 3.82005052947017
 23.633607250288562 3.7334599161431745
 24.40016193775618 3.650613049993906
 25.17565585875146 3.571465922259774
 25.960212313047176 3.4954277607463777
 26.754016250302534 3.422558997643877
 27.557129320403927 3.35308092090569
 28.369613173237752 3.2867543483815984
 29.191652758463202 3.2236364294034522
 30.023309725966683 3.1638921321233635
 30.864707375520975 3.107411663654914
 31.715969006898884 3.0541683086383102
 32.577217919873206 3.0042185907242684
 33.44851576433033 2.9573475184785142
 34.330047489929455 2.913396376107621
 35.22187474655698 2.8721651910588916
 36.12418248387209 2.83340851877975
 37.03703235176119 2.796927447293527
 37.96054764999708 2.7623469670914433
 38.894851678352544 2.729343773767804
 39.84012938648677 2.6977622978800916
 40.796504074172574 2.6677353579368454
 41.764037391296334 2.6392942210628453
 42.742852637630853 2.6123366982519362
 43.733134762835334 2.58694505123473
 44.735007066682555 2.5633153575785452
 45.74859284894531 2.5415329780219635
 46.77401540939641 2.5214538499133842
 47.811459697695035 2.50282915202981
 48.860987363727595 2.48512503769071
 49.92278335715328 2.4675699177492642
 50.99703262763126 2.449680507348712
 52.08379682504796 2.431086341497434
 53.18326089906256 2.4118581142440445
 54.29554814944787 2.3925550796478387
 55.42084352586306 2.3737195828455592
 56.55927032808094 2.355681686257505
 57.711013505760703 2.338808597308169
 58.87613470878874 2.3233864552664105
 60.054880536710633 2.309508928749752
 61.24743593918559 2.297257346354649
 62.45380091621362 2.2858752193698212
 63.674468666885886 2.275084262882306
 64.9093158914296 2.2651298222522315
 66.15834258984475 2.2552342997057812
 67.42216526099533 2.2460212469420555
 68.70016740601734 2.2372442981721265
 69.99358202263876 2.229311256500587
 71.30179261199561 2.2230462413521103
 72.62541567295185 2.218027648961884
 73.96445120550747 2.214226790098439
 75.31951570852648 2.2114677191709715
 76.6899926831449 2.208827537998716
 78.07588212936268 2.2035162974907405
 79.47841704490784 2.1953261183225407
 80.89759742978033 2.1867869861386335
 82.33280678511622 2.178947252389893
 83.78466160977945 2.171601325248472
 85.25377840263398 2.1654833660309793
 86.73954066481588 2.160196523921826
 88.24318139405308 2.1566117175945427
 89.7640840914816 2.1564717300978495
 91.30224875710145 2.1588443878003826
 92.8582918897766 2.1625982928898346
 94.43282998837103 2.1679916761137096
 96.02524655402075 2.1745091812442307
 97.63677458445372 2.182077293371946
 99.26679758080598 2.190713838984326
 100.91531554307751 2.1980455232212592
 102.5829449701323 2.2024062201896956
 104.27030236083431 2.204030328723868
 105.97738771518354 2.20430445570744
 107.70358453431605 2.2032298201505664
 109.45074231482373 2.2033970164165985
 111.21701156011464 2.20637168934828
 113.00485826564471 2.2135315185360102
 114.81243293482203 2.2251353811411953
 116.6415850642385 2.2385757145113487
 118.49169815503015 2.2526358014738994
 120.36338870606096 2.265660722489131
 122.25665671733091 2.2775834794913554
 124.17150218884004 2.2885747616043135
 126.10915811831626 2.300325868953424
 128.06839150803165 2.311376098957911
 130.0510518545781 2.3196749182180114
 132.0559061602277 2.324257317101679
 134.08480392157235 2.3250062696864146
 136.13651214088412 2.3237820310890233
 138.21164731702697 2.3219116739890997
 140.31144244772883 2.322720403864116
 142.43528103412577 2.3282404295896474
 144.5831630762178 2.337929838979653
 146.75632157173282 2.351650329673581
 148.95414002180686 2.3672842402122937
 151.1778514241679 2.381961627497889
 153.42683927995196 2.393918565049365
 155.70172008802296 2.4011389534824565
 158.002493848381 2.4037188271766543
 160.33039355875396 2.4067212754830853
 162.6841862214139 2.413411367212684
 165.06572133295276 2.42177220785646
 167.47499889337055 2.4305443154659727
 169.9114024038033 2.4386872783655832
 172.37554836311491 2.4455400409891376
 174.8686697690334 2.4531067247622053
 177.39015012269481 2.463496712734456
 179.94060592296307 2.4769897106611233
 182.52003716983821 2.494050058458458
 185.12967686104812 2.515356536022147
 187.76890849772894 2.5373088491663762
 190.43834857874452 2.5525928595373863
 193.13799710409497 2.557586926323906
 195.86908707150814 2.556941722730238
 198.63161848098411 2.558055802437266
 201.42497483365886 2.560102974159287
 204.25100562612436 2.561506407314418
 207.10909435951663 2.5669519067702286
 209.99985753269953 2.577673078620651
 212.9239116445372 2.587850278038437
 215.88125669502954 2.5952194608755734
 218.8718926841766 2.6051864936276927
 221.8970526097063 2.623285210774545
 224.95735297048261 2.650094712405447
 228.05156076877761 2.67955209284727
 231.1815255011832 2.7067325494030072
 234.3472471676994 2.7314928674317346
 237.5487257683262 2.7531234396690882
 240.78657780192756 2.771134402831794
 244.0614197673675 2.7863375523472746
 247.37386816350993 2.799798477858976
 250.72330649149097 2.8110366597192855
 254.1109677490385 2.82183569189396
 257.5374684350165 2.836894837840998
 261.00280854942496 2.8568764220175992
 264.5069880922639 2.8758191426799597
 268.0518565601253 2.8876057094945335
 271.63618095528113 2.8929306265372316
 275.2611942754594 2.8991121298114306
 278.92689652066 2.913641562808139
 282.634520688611 2.9391505764700123
 286.38406677931243 2.971401035113312
 290.1761512916281 2.9977011716638055
 294.0113907244221 3.0093153999831647
 297.8891685788305 3.013663423130532
 301.81133435144505 3.021484256695202
 305.777271543402 3.0294290873764082
 309.78821315242913 3.0317716291918586
 313.8441591785265 3.031007452344215
 317.9457261205581 3.0310793426948143
 322.0935304773879 3.033301196465274
 326.2881887478799 3.0409106090996962
 330.529700932034 3.066829983128989
 334.8193000275782 3.115247872994274
 339.1569860345126 3.1608782067466725
 343.54275895283706 3.177882487794083
 347.97846827914366 3.1752531108583963
 352.46349751456824 3.173408502336833
 356.9990796568389 3.177650275863166
 361.5852147059555 3.1936400478800432
 366.22251916078215 3.2306482988677034
 370.91160952018276 3.2798118547374035
 375.6531022830214 3.3171697876727357
 380.44761394816185 3.335594988090566
 385.29576101446826 3.3509468275904445
 390.1981599808046 3.3848066177045996
 395.1548108471707 3.447903872932588
 400.16633011243067 3.5184483705364044
 405.2339507743125 3.560779410072546
 410.35828933168016 3.5735319895736794
 415.5387292856696 3.5789807658819046
 420.7771201328727 3.5976347536888533
 426.07407837215356 3.6339720784977402
 431.42898750464814 3.662437884095558
 436.8436970269484 3.6736035955714982
 442.3182069390543 3.689061950548864
 447.85313373982984 3.719109363821024
 453.449093928139 3.7607082023682254
 459.10670400284573 3.797435923024736
 464.82719696167805 3.8054575513830273
 470.61057280463586 3.790707687151023
 476.45744803058323 3.7776008169271455
 482.36905563724803 3.7786464709662577
 488.34539562463027 3.7870529137781496
 494.38708449159406 3.8033174941948306
 500.4953552358672 3.85469010525915
 506.67082435631363 3.934859912045384
 512.9134918529336 3.9953246569054314
 519.2245907234548 4.021851959869814
 525.6047374667412 4.043168955413752
 532.054548581657 4.069075957604632
 538.57525706593 4.077865472738579
 545.1662464206962 4.071674205279938
 551.8293661425477 4.060247954869037
 558.5652327303482 4.020634224600433
 565.3738461840979 3.979297064775109
 572.2570560003887 3.9933630765696555
 579.2142456803567 4.03829630654536
 586.2472647205936 4.063793184114283
 593.3567296199636 4.081873054790768
 600.5426403784667 4.097205423686206
 607.8062299938306 4.085509638623192
 615.1481149649195 4.051820975913309
 622.5713777860532 4.018796010276583
 630.0680039719999 4.015348316741905
 637.6509399989034 4.049173858625404
 645.3140208781238 4.0906817398307975
 653.0634115983007 4.121273511145716
 660.8867821821548 4.149286627986866
 668.8026275956051 4.182678378744087
 676.7986178613725 4.2208403819579745
 684.8809179680964 4.2555713881434025
 693.0495279157769 4.278416336457591
 701.3044477044141 4.29704897700242
 709.6456773340079 4.309706746421585
 718.0793817931981 4.299802738190572
 726.6055610819848 4.284982715253485
 735.2118852230881 4.272225802745628
 743.9168491824277 4.237836403677845
 752.7142879713637 4.1766635083492804
 761.604201589896 4.108232935156862
 770.580425049385 4.051067624926885
 779.6614533157498 4.020398638890898
 788.8287914230714 4.008538277425359
 798.1009343372687 3.9915466376048134
 807.4655520810626 3.939731685799257
 816.9288096430923 3.842847268282365
 826.4907070233584 3.746986005857267
 836.1512442218607 3.6579959171513043
 845.9165862272388 3.5616317468821012
 855.780568050853 3.4671884419659244
 865.7493546813432 3.3801393436198523
 875.8229461187092 3.3232872091855285
 885.9951773743115 3.2852157833658233
 896.2783784254294 3.21807893082248
 906.6602192947834 3.1089236764760674
 917.1591949482928 2.9853563082056204
 927.7568104200384 2.863697350664303
 938.4715606759393 2.7518210173810153
 949.2911157387161 2.6623328415257216
 960.2216405970087 2.5767299301417452
 971.2693002394566 2.4750710999189626
 982.4217646887805 2.366903888066229
 993.6913639222597 2.265073732812145
 1005.0780979398945 2.171182312791912
 1016.575801753045 2.0737980585135047
 1028.1968053389905 1.9594484153132907
 1039.9287787204516 1.81232151311149
 1051.784051874708 1.646156423096821
 1063.7564598131198 1.5111322272375202
 1075.846002535687 1.4114938408361612
 1088.0650100196892 1.3034665277024235
 1100.4011522878467 1.1687814279504424
 1112.8605943287993 1.0328722686157045
 1125.4433361425474 0.9146373868252278
 1138.1555427177302 0.8033216620939851
 1150.9910490657082 0.6966855536612423
 1163.9560201751212 0.6099356684823106
 1177.0504560459692 0.5453307854574122
 1190.274356678252 0.49444608120741234
 1203.6277220719698 0.44887645507724993
 1217.1105522271225 0.4015604977014145
 1230.7228471437101 0.34975759404636314
 1244.4769367990124 0.3003184086242312
 1258.3604912157493 0.2670891496939013
 1272.3796753825611 0.2437590543867906
 1286.5344892994476 0.2122709503707973
 1300.8249329664085 0.1751641267953383
 1315.2571713720842 0.14704524491937781
 1329.8312045164743 0.1328135627552429
 1344.5408674109391 0.12424762353121721
 1359.3923250441182 0.1104874125629822
 1374.3917424046517 0.09021034704599312
 1389.52678951526 0.07335583646959813
 1404.8159613418617 0.06475088654480281
 1420.2407629185386 0.055497767407223064
 1435.8196892112093 0.04093084429578977
 1451.5404102425945 0.028338973628478373
 1467.4090910013342 0.021949822117210377
 1483.4318964760675 0.0182288202091368
 1499.602661678155 0.014503105957685898
 1515.9275515962367 0.011421458342662618
 1532.4004012416726 9.495436527002358E-3
 1549.0335405917421 8.256382839902656E-3
 1565.814639669166 7.210707471133926E-3
 1582.7560284512233 6.022169512959346E-3
 1599.8515419492748 4.411920370325638E-3
 1617.1011801633201 2.799854094081317E-3
 1634.511108081999 2.2724581001389975E-3
 1652.087490693952 3.1513876060878295E-3
 1669.8179980218985 4.494004898742412E-3
 1687.7087950544787 5.224050484227227E-3
 1705.759881791693 5.007164470194467E-3
 1723.9774232221805 4.0660894662280294E-3
 1742.3614193459413 2.8277703029060113E-3
 1760.9057051743363 1.795589193648251E-3
 1779.6226106846443 1.3065632846617255E-3
 1798.4998058995861 1.279370877463972E-3
 1817.5496207964413 1.3137219401224155E-3
 1836.7658903865697 1.1431935488851211E-3
 1856.1486146699717 8.553126458535453E-4
 1875.7101236239268 6.133257891169358E-4
 1895.4380872711551 4.336739414469576E-4
 1915.338670600297 2.8608606538716954E-4
 1935.411873611352 2.044737470891968E-4
 1955.6576963043203 2.060364523157121E-4
 1976.0823036678416 2.2201334265338005E-4
 1996.6795307132758 1.9999693069799745E-4
 2017.4555424292634 1.537230113122421E-4
 2038.4103388158041 1.0495750732586542E-4
 2059.5377548842575 6.783935098615717E-5
 2080.8501206119044 5.179063707661918E-5
 2102.341271010104 4.7274573002596626E-5
 2124.0112060788565 3.9190873427213064E-5
 2145.866090806802 2.5200247923413772E-5
 2167.8997602053 1.2073134877503176E-5
 2190.1122142743515 4.630940499912545E-6
 2212.515782991235 1.744994446259246E-6
 2235.104301367312 1.2252614157601151E-6
 2257.8716044139414 1.9720571000224107E-6
 2280.8300221084036 2.696386152674638E-6
 2303.973389462059 2.468024525589533E-6
 2327.301706474906 1.633526596623161E-6
 2350.8211381355863 8.807164592124223E-7
 2374.5255194554592 4.2649285819418616E-7
 2398.421015423165 2.055431813003788E-7
 2422.5014610500634 9.68915268868736E-8
 2446.779186313434 4.41008143592522E-8
 2471.2418612359974 2.5196834312782033E-8
 2495.901815795033 1.7140599024378934E-8
 2520.752885001901 1.0517219601172659E-8
 2545.788903867962 5.45887616097986E-9
 2571.0222023704955 2.3781321640933545E-9
 2596.452780509501 8.908544955990031E-10
 2622.0744732963385 3.16938160986386E-10
 2647.887280731009 1.0818509030148276E-10
 2673.897367802152 2.9837180572908165E-11
 2700.1047345097672 6.200030492384243E-12
 2726.5032158652147 7.311123853640399E-13
 2753.098976857135 0.0E+0
 2779.892017485527 3.672803859367361E-13
 2806.8761727617516 -7.36312602055114E-13
 2834.0637726630884 3.690415895465054E-13
 2861.4424872122576 0.0E+0
 2889.024646386539 -3.708407780048836E-13
 2916.797920208653 3.7175492681337854E-13
 2944.768473667239 0.0E+0
 2972.9424717509373 0.0E+0
 3001.307584482468 0.0E+0
 3029.876141839111 0.0E+0
 3058.641978832226 0.0E+0
 3087.605095461813 0.0E+0
 3116.765491727873 0.0E+0
 3146.123167630405 0.0E+0
 3175.678123169409 3.804421026949145E-13
 3205.436523333525 -3.814608848763333E-13
 3235.3860381454742 0.0E+0
 3265.538997582535 0.0E+0
 3295.8830716674283 0.0E+0
 3326.430590377434 0.0E+0
 3357.1692237352713 3.867258752679889E-13
 3388.111301718221 -3.878141087913761E-13
 3419.2444943490036 0.0E+0
 3450.5811316048984 3.900270057005542E-13
 3482.1088835086252 -3.9115197518061096E-13
