 0.0E+0 0.0E+0
 0.2924047810359126 0.29240478103591266
 0.8806520050415095 0.8805345410633479
 1.4758202704264247 1.4746790498546533
 2.0779936384219852 2.073221698291924
 2.687238473158188 2.6736091259027787
 3.3036580077261357 3.2724820949968984
 3.9273259800480473 3.8659453300758537
 4.55832350183836 4.449905727348258
 5.196739058603736 5.0204046981708
 5.842661135850836 5.573890233520659
 6.4961855928785414 6.10740320241863
 7.157378793816849 6.618672220507243
 7.826321850380198 7.106132461943637
 8.503162238413022 7.568886619664878
 9.187966322045316 8.006626623640111
 9.880807839199301 8.419535131280933
 10.58176052779719 8.808181960891286
 11.291045601605635 9.173424772964154
 12.008589322702424 9.516322697297005
 12.734539166931986 9.838064321874915
 13.469042610138757 10.139910852635095
 14.212173390244956 10.42315060082278
 14.964078983095018 10.689064393381727
 15.724759388688941 10.938899276759871
 16.49436208287116 11.173849098181172
 17.27303454148611 11.395043784889445
 18.060850502456005 11.603541050733233
 18.857883703703066 11.800323159711096
 19.664281621071733 11.98629611685796
 20.480191730406431 12.162292095586112
 21.305614031707165 12.329076112873022
 22.140769738740583 12.487352097613872
 22.98565885150669 12.637768352138853
 23.840576321694356 12.780924025122546
 24.705448411381357 12.917373359430693
 25.580422596412134 13.047629737688574
 26.465720090553332 13.172168918735695
 27.361414631727175 13.291429442182618
 28.26757995785588 13.405812223854124
 29.184437282706095 13.515677926169792
 30.111986606277827 13.621346553587141
 31.0503754044155 13.723102711840514
 31.999824890885776 13.821207542367757
 32.96040880361087 13.915910252180032
 33.93220088051299 14.007456204998565
 34.9154223353588 14.096085909862541
 35.91014690607051 14.182028952776571
 36.916522068492554 14.2654952987387
 37.93469529846937 14.346669627944703
 38.9648140718454 14.42570850389023
 40.006952126542856 14.502747048558616
 41.06133067632838 14.577907438114421
 42.12802345912419 14.651308612267524
 43.207251688696963 14.723067892500454
 44.29908910296889 14.79329976839789
 45.403683177784415 14.86211387486247
 46.521181388987976 14.929611351103272
 47.65180495034621 14.995881604181122
 48.795701337703576 15.0610012976165
 49.952944288982266 15.125032935440618
 51.12368128002673 15.188028503206942
 52.30813352460362 15.250031490775372
 53.50644849855737 15.311086399397906
 54.7187736777324 15.371247844247446
 55.94525653797316 15.430582577201982
 57.1861182930463 15.489158159253176
 58.44143268087404 15.547023946335061
 59.71142091522303 15.604208055147764
 60.99630420985991 15.660731927203603
 62.29615630270691 15.716624488316377
 63.61119840753068 15.771925789612881
 64.94157800017565 15.826680736901949
 66.28751629440849 15.88092371751466
 67.6491607660736 15.934671722838145
 69.02673262893767 15.98793021438969
 70.42030562092289 16.040707283306026
 71.83017469371813 16.093018909582184
 73.25656106109005 16.144892603083036
 74.69946472303867 16.19636679670803
 76.1594755829417 16.247487609936506
 77.63644616495472 16.29829792579311
 79.13037646907772 16.348812308323953
 80.64200387453288 16.39900527044835
 82.17059100209802 16.44884161572153
 83.71761261021749 16.498307184654233
 85.28233131966913 16.54740845015584
 86.86548450967508 16.596169685636525
 88.46707218023538 16.64463154905834
 90.08783171057217 16.69284359863373
 91.7270257214633 16.740861460927693
 93.38465421290876 16.78873793060736
 95.0621919433529 16.836501124372865
 96.75963891279572 16.884151649059454
 98.47625774201504 16.93169092061606
 100.21278581023304 16.979141189668677
 101.96996049667189 17.02653380937212
 103.74704442210941 17.073884961999834
 105.54551234498996 17.121190399705053
 107.36462688609137 17.168438188061092
 109.20438804541362 17.21561295390818
 111.0655332021789 17.262702762819642
 112.94879973560937 17.309706805681805
 114.85345026648287 17.35662750983569
 116.78095955324373 17.40344363604739
 118.73059021666981 17.450113717241176
 120.70234225676107 17.496595072670825
 122.69695305273972 17.542860394749883
 124.71515998382787 17.588922224740276
 126.7569630500256 17.63481312946733
 128.8216248721107 17.68052522007273
 130.9113575877497 17.726000038093634
 133.02394905927604 17.771166786083686
 135.16234880357845 17.815990267598127
 137.32434468299041 17.860501633513354
 139.51214883517843 17.904778761020356
 141.72502388092036 17.948892852122327
 143.96370719943834 17.992880721491367
 146.22819879073236 18.036769676713927
 148.5184986548025 18.080598757524715
 150.836081550093 18.1243776732878
 153.1794727181596 18.16807021616633
 155.55088429666872 18.211627637061535
 157.94884152717614 18.255021657450551
 160.3755565473483 18.29826516246862
 162.82955459874088 18.341403846810397
 165.31157306057602 18.384489999446984
 167.8230866912981 18.42755814930435
 170.36335811168495 18.47061482997541
 172.93238732173654 18.513624683192663
 175.53164907989724 18.556513047991973
 178.16040600694486 18.59920358449833
 180.82013286132377 18.64167246431407
 183.51009226381177 18.683944972241462
 186.23102159363105 18.726013947624505
 188.98292085078162 18.76780606453662
 191.76726479370782 18.809240998217955
 194.58257866396525 18.85027805025078
 197.43107459922052 18.89092541291102
 200.31275259947355 18.93121828264345
 203.22687528550224 18.971182045389536
 206.17418003652872 19.010827603956016
 209.1561416109973 19.050149274319352
 212.1720226296859 19.089110626136424
 215.22256047181664 19.127671021673027
 218.3077551373895 19.165816483490466
 221.42908138484884 19.203554698168634
 224.58580183497252 19.240892967958423
 227.7786538669827 19.27780384367849
 231.00763748087933 19.314239628077835
 234.27422743510683 19.350167147495877
 237.57842372966516 19.385576753252074
 240.91948898533212 19.420491080301413
 244.2996353397743 19.454925501803682
 247.7181254137695 19.488838935012143
 251.17569658653982 19.522144238384264
 254.67308623730755 19.55474045476154
 258.2102943660726 19.586561297506335
 261.78732097283506 19.617621816132967
 265.4056408160392 19.6479696876646
 269.06599127490716 19.677592370839292
 272.7668975909947 19.70642291150065
 276.51057190196826 19.734412681916943
 280.29701420782794 19.76150144357524
 284.1262245085736 19.787619329509915
 287.99894018342746 19.81278440318371
 291.9158986116118 19.8370563974135
 295.8778371723486 19.860420242457141
 299.88401848641586 19.882848853234435
 303.9359173122579 19.90435818951258
 308.0342710290968 19.92496657771626
 312.1790796369326 19.94469903968579
 316.3703431357653 19.96362528056408
 320.6102736632615 19.98182886156567
 324.8973964609768 19.99932533790091
 329.23318628735546 20.016076357581717
 333.6176431423976 20.03204048589692
 338.0522417845475 20.047177817360186
 342.53698221380523 20.061471257422393
 347.0726018093929 20.07492640515016
 351.6598379505326 20.087573278660734
 356.2979532580024 20.099483783886206
 360.98915986946855 20.110713041695522
 365.7327204057091 20.1212679174182
 370.5301096251682 20.13114623251567
 375.381327527846 20.140354148388546
 380.28711149296464 20.148889452110942
 385.2481988997463 20.15672636936681
 390.265327127413 20.163853428947064
 395.33849617596496 20.170300078543807
 400.4691808038464 20.176123206939376
 405.65738101105733 20.181386841321454
 410.90309679759786 20.186135644764785
 416.2085403011344 20.19041242342821
 421.57297414244476 20.19427667144008
 426.9978730799734 20.19778153138641
 432.4832371137201 20.200976745553013
 438.0298036229073 20.203908437464793
 443.638309986757 20.20659140783361
 449.30949358449146 20.20902134104941
 455.0440917953328 20.211205053490331
 460.8428419985032 20.213170934123244
 466.70648157322494 20.21494277938582
 472.6350105194978 20.216520364749015
 478.6291662165441 20.21791408489618
 484.69042342280823 20.21915425428245
 490.8195195175123 20.220261427631566
 497.0157171214341 20.221240365566103
 503.28122837224015 20.22209514035517
 509.61679064915273 20.222829648487937
 516.0216665729496 20.22345550216156
 522.4980682812972 20.223998540623448
 529.0459957741956 20.224480602863017
 535.666186430867 20.224905832755943
 542.3593776305336 20.225278378628026
 549.1263067524175 20.22561009359001
 555.9684485549631 20.225906467296116
 562.8858030381703 20.22617276365785
 569.8791075812613 20.22641881466045
 576.9498369426807 20.226645000809863
 584.0979911224281 20.22684155656929
 591.3243074997259 20.227001122200316
 598.6302608330185 20.227125221486485
 606.0165885015278 20.22722236941873
 613.4832905052542 20.22730160929874
 621.0318416026417 20.227368829592862
 628.6629791729126 20.227428502798293
 636.3774405952892 20.227484314953734
 644.1767006282156 20.22753706026494
 652.0600218924699 20.227585459017497
 660.0296165257182 20.227628521301276
 668.0862219071831 20.227665427997926
 676.2298380368645 20.22769573633414
 684.4626770524288 20.227720143237963
 692.7840015746539 20.22773991688382
 701.1960237412063 20.227756124696941
 709.6994809313082 20.22776954295718
 718.2943731449596 20.227780782919563
 726.9821751406048 20.22779027469476
 735.763624297466 20.227798260832805
 744.6424075116541 20.22780497058999
 753.6089388532807 20.227810729668945
 762.6787032860117 20.227815833011842
 771.8443270176252 20.227820414440007
 781.1131838403429 20.227824456982688
 790.4705261697214 20.227827880030726
 799.9384753824258 20.227830656735093
 809.502283894013 20.22783288126408
 819.1693254967042 20.22783469414779
 828.9396001904997 20.227836183541583
 838.8131079753995 20.227837380284423
 848.7898488514036 20.227838305129065
 858.8771966107336 20.227839007051358
 869.0751512533897 20.227839557424232
 879.3689651949281 20.227840009302205
 889.7807598120144 20.227840384529052
 900.3031613124266 20.227840691551183
 910.9361696961648 20.227840937552262
 921.6724111710074 20.22784112905207
 932.5340071136193 20.22784127123873
 943.4988361473355 20.227841373634674
 954.589019648821 20.22784145076659
 965.7898100336329 20.227841513966822
 977.108581093992 20.22784156816765
 988.545332829899 20.227841614692003
 1000.100065241354 20.227841654025215
 1011.7801521205782 20.227841686155311
 1023.57821967535 20.22784171083544
 1035.5016416978915 20.227841729057562
 1047.5504181882024 20.227841742716286
 1059.717175354061 20.227841753338136
 1072.0166607799108 20.227841762114895
 1084.4341268813082 20.22784176978541
 1096.9916950349188 20.22784177668381
 1109.667243864077 20.227841783244493
 1122.4828947454477 20.227841789493847
 1135.4239000945883 20.227841795049886
 1148.49763370372 20.227841799601861
 1161.7114693650646 20.2278418026347
 1175.0506594941787 20.227841803805088
 1188.5299516755055 20.22784180373915
 1202.1493459090456 20.227841803694815
 1215.9014684025767 20.227841804417366
 1229.8010667405424 20.2278418059241
 1243.8333933384992 20.22784180788851
 1258.0131957808907 20.227841809795773
 1272.3331002754953 20.227841811306497
 1286.7931068223126 20.22784181246007
 1301.4079630057865 20.22784181340164
 1316.1629212414732 20.227841814189684
 1331.0653553215945 20.227841814769515
 1346.1152652461503 20.22784181511179
 1361.3200248073628 20.227841815309236
 1376.6722602130098 20.22784181544416
 1392.1793452553131 20.227841815530716
 1407.841279934273 20.22784181557486
 1423.658064249889 20.227841815592498
 1439.6296982021615 20.227841815598058
 1455.7561817910905 20.22784181559946
 1472.0375150166757 20.227841815599752
 1488.4884454633611 20.2278418155998
 1505.0942255467025 20.22784181559981
 1521.8622290589221 20.22784181559981
 1538.7924560000201 20.22784181559981
 1555.8849063699958 20.22784181559981
 1573.1469539610716 20.22784181559981
 1590.5785987732472 20.22784181559981
 1608.172467014301 20.22784181559981
 1625.9359324764543 20.22784181559981
 1643.8763689519294 20.22784181559981
 1661.9790288562828 20.22784181559981
 1680.2660335661792 20.22784181559981
 1698.715261704954 20.22784181559981
 1717.3488346492717 20.22784181559981
 1736.1520048146896 20.22784181559981
 1755.1321459934292 20.22784181559981
 1774.2966319777117 20.22784181559981
 1793.638088975316 20.22784181559981
 1813.1638907784636 20.22784181559981
 1832.866663594933 20.22784181559981
 1852.7611550091671 20.22784181559981
 1872.832617436723 20.22784181559981
 1893.0957984620436 20.22784181559981
 1913.543324292908 20.22784181559981
 1934.1751949293152 20.22784181559981
 1954.9987841634876 20.22784181559981
 1976.0214657876472 20.22784181559981
 1997.2284922173498 20.22784181559981
 2018.6272372448172 20.22784181559981
 2040.21770087005 20.22784181559981
 2062.0072568852697 20.22784181559981
 2083.9959052904755 20.22784181559981
 2106.1762722934472 20.22784181559981
 2128.5631054786267 20.22784181559981
 2151.1416572615717 20.22784181559981
 2173.9266752267253 20.22784181559981
 2196.910785581865 20.22784181559981
 2220.093988326992 20.22784181559981
 2243.4910310465493 20.22784181559981
 2267.087166156093 20.22784181559981
 2290.8897674478457 20.22784181559981
 2314.8988349218066 20.22784181559981
 2339.114368577976 20.22784181559981
 2363.5437422085756 20.22784181559981
 2388.179582021384 20.22784181559981
 2413.0292618086223 20.22784181559981
 2438.092781570291 20.22784181559981
 2463.362767514168 20.22784181559981
 2488.8539672246974 20.22784181559981
 2514.559006909657 20.22784181559981
 2540.4778865690464 20.22784181559981
 2566.6179799950882 20.22784181559981
 2592.97191339556 20.22784181559981
 2619.539686770462 20.22784181559981
 2646.336047704238 20.22784181559981
 2673.3536224046656 20.22784181559981
 2700.5850370795237 20.22784181559981
 2728.0450393132555 20.22784181559981
 2755.7262553136392 20.22784181559981
 2783.6286850806745 20.22784181559981
 2811.759702406584 20.22784181559981
 2840.1119334991453 20.22784181559981
 2868.692752150581 20.22784181559981
 2897.4947845686674 20.22784181559981
 2926.5327783378502 20.22784181559981
 2955.7919858736845 20.22784181559981
 2985.2871547606146 20.22784181559981
 3015.0109112064183 20.22784181559981
 3044.955881418874 20.22784181559981
 3075.136812982425 20.22784181559981
 3105.5537058970712 20.22784181559981
 3136.1991863705916 20.22784181559981
 3167.073254402985 20.22784181559981
 3198.183283786475 20.22784181559981
 3229.529274521059 20.22784181559981
 3261.1038528145177 20.22784181559981
 3292.9143924590716 20.22784181559981
 3324.960893454721 20.22784181559981
 3357.2359820092442 20.22784181559981
 3389.754405707084 20.22784181559981
 3422.5014169637984 20.22784181559981
 3455.4917633638292 20.22784181559981
 3488.710697322734 20.22784181559981
 3522.1655926327343 20.22784181559981
 3555.8638230860515 20.22784181559981
 3589.790641098243 20.22784181559981
 3623.960794253751 20.22784181559981
 3658.366908760355 20.22784181559981
 3693.008984618054 20.22784181559981
 3727.8870218268484 20.22784181559981
 3763.001020386739 20.22784181559981
 3798.350980297724 20.22784181559981
 3833.944275352027 20.22784181559981
 3869.7661579652035 20.22784181559981
 3905.831375721697 20.22784181559981
 3942.125181037064 20.22784181559981
 3978.662321495749 20.22784181559981
 4015.4280495133066 20.22784181559981
 4052.4371126741816 20.22784181559981
 4089.674763393931 20.22784181559981
 4127.155749256997 20.22784181559981
