 0.0E+0 0.0E+0
 0.26523570782524735 0.1119568237931319
 0.7988253717240696 0.3353359815573317
 1.3386930017444713 0.5595840586091112
 1.884914848487119 0.7831306415885592
 2.437551109794645 1.0032824546928005
 2.996695426755587 1.2168353128324327
 3.562414685861759 1.4206377888792292
 4.1347824622541544 1.6119741018841222
 4.71387901972295 1.7887714645062362
 5.299784622058321 1.9496726812533498
 5.892586221699624 2.0940112459216657
 6.492344016489492 2.221722128961294
 7.099131581568918 2.333220591928691
 7.71308268992153 2.4292759208247525
 8.334257539389956 2.5108964300860026
 8.962723016466015 2.579231637446305
 9.598546007641515 2.6354947121429765
 10.241927172391899 2.6809023184329743
 10.892799624225352 2.7166341338674606
 11.551297136125498 2.7438051577385533
 12.217553481075969 2.763451214883355
 12.891635545568572 2.7765195099771196
 13.573677102586938 2.7838659985234692
 14.263678152131066 2.786256523615679
 14.961772467184579 2.7843719757836695
 15.668093820731107 2.778816904590238
 16.38270909926246 2.7701255614779376
 17.105685189270452 2.7587679421084714
 17.837155863738715 2.7451569059249787
 18.577254895650867 2.7296558179736023
 19.32598228500691 2.7125866973997374
 20.083538691282285 2.6942355060369007
 20.849924114476994 2.6748535748138624
 21.625406100558286 2.654658559973714
 22.409917763034346 2.6338360802491895
 23.20359287488881 2.612542563084989
 24.0066320955971 2.590909070751117
 24.819102311651047 2.569046041781383
 25.641070409542457 2.547047479452937
 26.472737048746765 2.5249939960949117
 27.314102229263983 2.502953061181623
 28.165299724077723 2.480981972229231
 29.026530192663432 2.4591333214510795
 29.89786052151292 2.4374599217788905
 30.779357597118004 2.4160159291849456
 31.67122207895412 2.3948573825572765
 32.57352085351309 2.374039897460393
 33.48638769377852 2.353614513159058
 34.40995637273405 2.3336197580887882
 35.34436066336332 2.314077878927662
 36.28966745215811 2.2949992391167697
 37.24607739859389 2.276383555675011
 38.21365738916246 2.2582284697728387
 39.19260808333925 2.2405334833248744
 40.18299636761609 2.2232949802454493
 41.184956014976606 2.2065043766453666
 42.19862079840441 2.19015781710088
 43.22419137737494 2.1742676415274
 44.26180152487185 2.158861096799602
 45.311518127386925 2.1439622499385522
 46.3734749579038 2.129575510229786
 47.44787267589792 2.115681515445455
 48.5348450543529 2.102248349241486
 49.634525866252374 2.0892479378718582
 50.74704888457997 2.076656719494102
 51.87261476881112 2.064451997631054
 53.01129040543764 2.0526141924148286
 54.163276453934983 2.0411287317886532
 55.328773573778555 2.0299872516765695
 56.50784865146021 2.0191870647781593
 57.70070234645535 2.0087312725480845
 58.90746843174763 1.9986178945312296
 60.12834756681248 1.988837184133947
 61.36347352463351 1.9793826644568406
 62.61304696468619 1.9702539133342833
 63.877134773462316 1.961448094730088
 65.15600449692913 1.9529498765522632
 66.44985679456208 1.9447302023131227
 67.75869166636117 1.9367643011339954
 69.08304420426091 1.9290398956568886
 70.42278063527768 1.9215474660570077
 71.77790095941144 1.9142686393914147
 73.14907404158036 1.9071759312546148
 74.5356310168663 1.900243689012515
 75.93890961510552 1.8934488270302916
 77.3582409713799 1.8867676535647541
 78.79429395060754 1.880180971265837
 80.24706855278846 1.8736790668244
 81.7172336428408 1.8672597015010097
 83.20412035584641 1.8609312831369693
 84.7077286918053 1.8547064298591287
 86.22939638055374 1.8485862014932903
 87.76912342209172 1.8425589347825794
 89.3262409515011 1.836612168177427
 90.90141783370005 1.8307478948689974
 92.49532293360664 1.8249706580090971
 94.1072873863028 1.8192734357639592
 95.73864892162474 1.8136470270685638
 97.38873867465438 1.808086154399132
 99.05755664539167 1.8025747119401271
 100.74577169875477 1.7970927250750496
 102.45405269966182 1.7916431309091176
 104.18173078319465 1.786256422856896
 105.93014367918956 1.7809775212352407
 107.6986225227284 1.7758478295084365
 109.48716731381118 1.7708820775098415
 111.29644691735604 1.766053227786287
 113.12713019828107 1.7613202182390474
 114.9792171565863 1.7566714269617818
 116.85203892735363 1.7521160924852177
 118.74760210533739 1.7476586434851832
 120.66390009578322 1.7432920415147481
 122.60360835836363 1.7389791572915551
 124.56472029832426 1.734664059362737
 126.54924251041948 1.7303110678621591
 128.55650612973116 1.7259132084988331
 130.58718002117743 1.7214937575811575
 132.64126418475828 1.7171098683211145
 134.71875862047372 1.712816840211491
 136.82100105816002 1.7086224813508723
 138.94665376798093 1.7045043729786366
 141.0977233446908 1.7004251375160792
 143.2728720584534 1.6963148942362833
 145.4741065040231 1.6920853521012075
 147.70008895156368 1.6876706213988887
 149.95148826599324 1.683068288656752
 152.22964217714803 1.6783405639026882
 154.53388182010996 1.673560087035762
 156.864207194879 1.6687783625266707
 159.22195603129142 1.6640182288922455
 161.6064594644291 1.6592805842368834
 164.01905522412823 1.6545861239666765
 166.4590744454708 1.6499592208337123
 168.92718599337484 1.6453937202911723
 171.42338986784042 1.640875346321046
 173.94902379870376 1.6363719573376083
 176.5027500561286 1.6318120682215848
 179.08657523486937 1.6271047502216653
 181.700499334926 1.6221611062231615
 184.34385349138045 1.6169592648187591
 187.01730656915077 1.6115547260625531
 189.72219629807327 1.6060108469554292
 192.4578538132298 1.6003734914042853
 195.2249479795385 1.5947087492559464
 198.02347879699937 1.589078788182372
 200.85478399544865 1.583502241547175
 203.71819470996823 1.5779457160595717
 206.61437980547626 1.5723435184536556
 209.54333928197272 1.5666461555472201
 212.50641086929383 1.5608004663234504
 215.50359456743964 1.554741328447599
 218.53422151149203 1.5484009356515013
 221.60029829620538 1.5417306223201381
 224.70115605666154 1.534723104639983
 227.8374636577786 1.5274041497416728
 231.00988996447483 1.519795433991624
 234.2184349767501 1.5119573810811557
 237.4630986946045 1.5040024273093952
 240.74521884787418 1.4959909030221991
 244.06546430147736 1.4879643474890855
 247.42249732557775 1.4800209287646588
 250.81832451492977 1.472197845749151
 254.2529458695334 1.464401383135581
 257.7263613893886 1.4564716517963238
 261.23923993941355 1.4483056589655611
 264.7922503845264 1.4398478478082532
 268.38606158964523 1.43103516280801
 272.02000468985193 1.4218762503244353
 275.6954174149828 1.4124580765087144
 279.41296862995585 1.4028142110603698
 283.17265833477125 1.392858871035704
 286.9744865294289 1.382527725673374
 290.8204598086832 1.371879795017366
 294.7092404426979 1.361021645774913
 298.6421661613092 1.3500438923098276
 302.6192369645172 1.3389673126889674
 306.64179058215813 1.327795285651232
 310.709827014232 1.3165292778117383
 314.8240151256569 1.3051371072050796
 318.98502378135094 1.2935923082595921
 323.1921841163961 1.2818270211820608
 327.44750272554665 1.2697487144772532
 331.75031074388454 1.2574276830993758
 336.101945901246 1.2449637361503635
 340.5024081976311 1.2322817700729
 344.9523664979578 1.2193152792394486
 349.4524896671444 1.2060572968822687
 354.00344657010896 1.1925290774162187
 358.6052372068515 1.1788097408571327
 363.25919930720823 1.1649899305902247
 367.9653328711792 1.1510692172674068
 372.7236378987644 1.1369086057674531
 377.5361209847183 1.1223307194232172
 382.40211326412264 1.1072177901388795
 387.3229524668138 1.091609954861636
 392.2986385927916 1.075598195978594
 397.32984050697433 1.0590593936918091
 402.4172270742801 1.0418503353113943
 407.56146715962705 1.024085623351226
 412.76322962793324 1.0058334709494403
 418.02318334411683 0.9869761144855653
 423.341997173096 0.9675576453826976
 428.7196711148707 0.9477317592183875
 434.156874034359 0.9275647251017126
 439.65494366139733 0.9070577410341246
 445.21454886090373 0.8863060661287901
 450.8350207679601 0.8655429735233872
 456.5183659773207 0.8448497451261618
 462.26525335390385 0.8240915342738454
 468.0750140327913 0.8033029033026644
 473.94965460873743 0.7825427742581149
 479.8891750817423 0.7617350778096286
 485.8942443167241 0.7409323843594718
 491.96553117860077 0.7202641765050201
 498.1037045322906 0.6997615647014586
 504.31010210762985 0.6795130537457812
 510.5847239046185 0.6598462234881787
 516.9282387881747 0.6408027929264957
 523.3419844881345 0.6219869294037722
 529.8259610044981 0.6031393459557984
 536.3808372021838 0.5843959107917395
 543.0079508110275 0.5660855538320819
 549.7079706959476 0.5485271788158012
 556.4808968569439 0.5317515015927324
 563.3280670238528 0.515753727537719
 570.2501500615923 0.5005703225356359
 577.2478148350807 0.4861110963906595
 584.3223990741543 0.472474117641362
 591.4732339138948 0.4596243575965232
 598.7023259490566 0.44746084561899573
 606.0103440445578 0.4361031553931247
 613.3972882003986 0.4256959462256492
 620.8651650113331 0.4160987583580894
 628.4133056124437 0.40710766136985793
 636.0437165984841 0.3987015475456939
 643.757066834373 0.39071163943952053
 651.55335632011 0.38297961985498596
 659.4339227855315 0.37559662533530685
 667.3994350955558 0.36877525674712813
 675.4532375747733 0.3627790903597308
 683.5866349792485 0.3576082604313989
 691.8136734722619 0.35316047175420572
 700.1276644046326 0.34938751060535133
 708.5352964255416 0.3462468466256185
 717.0231922366263 0.34360797565229744
 725.6114177854306 0.34132377283173725
 734.286595773592 0.33935518574655965
 743.0554148502918 0.3376750434639696
 751.91787501553 0.3361762489610183
 760.8739762693065 0.334788920563528
 769.9237186116213 0.3335537595891695
 779.0737906916559 0.33250076321331484
 788.3241925094102 0.3316565443328806
 797.6615467665214 0.3310983155912027
 807.1059194105337 0.3308630197428614
 816.6506217922656 0.3308762895004108
 826.2956539117173 0.3310067547116695
 836.0343271197073 0.33117476403495493
 845.8867073637796 0.33133241217760056
 855.8327286963903 0.3314013326261963
 865.8924570650831 0.33132236355963623
 876.0525151714959 0.33110362434285817
 886.3195916648094 0.3308045535107335
 896.693686545024 0.3304953893708665
 907.1747998121398 0.33019930887320864
 917.7696201153376 0.32987414124696723
 928.4714588054364 0.3294688809261669
 939.2870045316178 0.3289446826367786
 950.2162572938812 0.328243747134421
 961.2525284430458 0.32736447827389136
 972.4091952774739 0.32647123397871724
 983.6728804988029 0.3257080039519629
 995.063650054577 0.3250745281524953
 1006.561437997252 0.3246346331141085
 1018.1863102743719 0.32446814309195515
 1029.9248895875741 0.324452162127721
 1041.78386458604 0.32448440225649466
 1053.7699239189505 0.3245621838800012
 1065.8696902879437 0.32471798550733116
 1078.0965409913817 0.3249681697682883
 1090.4504760292647 0.3253446119439584
 1102.9248067524113 0.3257612558319396
 1115.532910459184 0.32605171827319434
 1128.2614098512203 0.32626444924359226
 1141.123682226883 0.326587828755911
 1154.1130389369905 0.32707291359984363
 1167.229479981543 0.32767256750051526
 1180.486382658903 0.3284354968295868
 1193.870369670708 0.329313547807975
 1207.388129666139 0.3302098714296279
 1221.0396626451963 0.3312637127124978
 1234.8316572570615 0.3325957914343899
 1248.7574248525527 0.3341388330329197
 1262.8236540808513 0.33566158916677235
 1277.0303449419577 0.3368686663903607
 1291.3774974358714 0.33767078379852993
 1305.8651115625928 0.33806592205357943
 1320.4931873221216 0.33792117874063415
 1335.2617247144582 0.3373011723564099
 1350.184101037965 0.33656774001676975
 1365.2469389942791 0.33594587203925285
 1380.456927232582 0.3354233394538598
 1395.8140657528742 0.3347473739895792
 1411.3183545551548 0.33377407997420366
 1426.976482288606 0.33269083030449125
 1442.788448953227 0.33136883206898964
 1458.7475658998371 0.3297946311241958
 1474.8605217776171 0.3284352135420233
 1491.1340052357486 0.3278709710582567
 1507.5546389758692 0.32827199162056897
 1524.1424889455224 0.3292353687656605
 1540.8774891971647 0.33014046612759795
 1557.7797056783397 0.33062958714662527
 1574.8357610906846 0.33157021894738553
 1592.0523440833815 0.3335108075260407
 1609.4361433056108 0.3356408068508799
 1626.9804701081916 0.3372793279866334
 1644.6920131403053 0.3377000195119259
 1662.5640837527705 0.3371671389573056
 1680.6100592439497 0.33637448105979794
 1698.8165623154807 0.3359666429691287
 1717.1969702657252 0.33608878748182285
 1735.7445944455032 0.3366624643034822
 1754.4594348548134 0.33764239458577555
 1773.348180142838 0.33840868415001784
 1792.4175189587581 0.33879133855649035
 1811.6540740042107 0.3394159279083895
 1831.0645339283773 0.3404844658847969
 1850.6488987312586 0.3413199933789997
 1870.413857062035 0.34195120069206486
 1890.3594089207067 0.3426264580918626
 1910.4788656580926 0.34313139699928374
 1930.7856045725552 0.342712251136538
 1951.266248365732 0.34150304616189763
 1971.934174335986 0.3404008889868804
 1992.7826938341347 0.33968720109532274
 2013.8118068601788 0.33911888587082844
 2035.0348907124814 0.3386752103091075
 2056.4385680926793 0.3380544966158849
 2078.0295276499537 0.3378230185878769
 2099.8077693843047 0.33841164901677495
 2121.773293295733 0.33919746320898647
 2143.932788033419 0.339658543615567
 2166.279564948182 0.34054640222342064
 2188.8203126892026 0.3425205135587262
 2211.5550312564814 0.34352282355943036
 2234.477032000837 0.3428754342009056
 2257.5996922206322 0.3404423956247755
 2280.916323266685 0.3366450080531833
 2304.426925138996 0.3328337305989392
 2328.1381864867462 0.33038688676018934
 2352.0434186607544 0.32981235083224214
 2376.142621661021 0.3303804704599634
 2400.449172785908 0.330371542233454
 2424.956383386235 0.32957253554883686
 2449.657564812819 0.32817888363114844
 2474.5660943640245 0.3261338372129512
 2499.6752833906693 0.323950430780333
 2524.9851318927526 0.32185333981821184
 2550.5023285194574 0.3201794903984813
 2576.220184621601 0.3188915322323096
 2602.145388848366 0.31602529176495947
 2628.27125255057 0.3132700370909713
 2654.6111530265757 0.3108409973673966
 2681.1517129780213 0.3094279937971853
 2707.9063097032685 0.3091706024487517
 2734.8682545531364 0.3087826269157067
 2762.0308588784437 0.308020835751125
 2789.407499977553 0.3070660537759609
 2816.998177850464 0.3065129945803273
 2844.796203847996 0.3039643946786083
 2872.8015779701486 0.300497560153953
 2901.020988866103 0.2963736817312057
 2929.4544365358592 0.29190638038420962
 2958.0952323302367 0.2877786564274171
 2986.950064898416 0.28412803569641553
 3016.018934240397 0.27797559744251165
 3045.2951517069986 0.2709173649609253
 3074.792094596584 0.26373828575648367
 3104.4963856107897 0.25712426563565554
 3134.4214020479785 0.24874183833096405
 3164.5537666097884 0.23919378177116193
 3194.9001679454 0.23036451487491158
 3225.467294703995 0.2189512229574611
 3256.241769587211 0.20603889154662652
 3287.2369698934094 0.1937235539612041
 3318.4462069734104 0.18131339042898522
 3349.869480827213 0.16951520763620886
 3381.506791454818 0.15860572796514935
 3413.358138856225 0.14787554571528271
 3445.423523031434 0.13740021099335653
 3477.709632629626 0.1269714551725374
 3510.203090352439 0.1152828800445946
 3542.917273498235 0.1025169814372626
 3575.8388047686516 0.08852020998811388
 3608.981061462052 0.0757716458506877
 3642.3306662800723 0.06518377753043374
 3675.900996521076 0.05572880629602505
 3709.6786748867007 0.04768877384400259
 3743.677078675309 0.041262143720513545
 3777.8828305885376 0.035565092501209934
 3812.302619275568 0.030225159804075907
 3846.929756087219 0.02513477146971746
 3881.777618321854 0.02067234986611441
 3916.826140031928 0.017015410216228186
 3952.095387164985 0.014315583136710016
 3987.5652937734812 0.012203099100061
 4023.2492371557805 0.010469563320140752
 4059.147217311881 9.05133162325929E-3
 4095.2458569434206 7.885022504177908E-3
 4131.551844699581 6.910617676685436E-3
 4168.065180580362 6.084459838914045E-3
 4204.785864585764 5.3762178592874805E-3
 4241.713896715786 4.764029277094985E-3
 4278.8425883212485 4.231467374316226E-3
 4316.178628051331 3.765791581399838E-3
 4353.708638607672 3.3568834806205175E-3
 4391.4459972886324 2.996560000549587E-3
 4429.384015445034 2.6781060477273996E-3
 4467.522693076873 2.3959452673337944E-3
 4505.855341534971 2.1453997353770527E-3
 4544.388649468508 1.9225119631337164E-3
 4583.115928228304 1.7239086532644322E-3
 4622.037177814357 1.5466959092324266E-3
 4661.152398226669 1.3883771352595887E-3
 4700.461589465239 1.2467875966763717E-3
 4739.964751530066 1.120042172689954E-3
 4779.65519577197 1.0064928194110625E-3
 4819.52623354177 9.046937391951758E-4
 4859.591242137828 8.13372717736134E-4
 4899.8435329109624 7.314072426602694E-4
 4940.276417211992 6.578044821848799E-4
 4980.8898950409175 5.916843815088207E-4
 5021.683966397738 5.322653968266825E-4
 5062.665319931636 4.78852242822616E-4
 5103.813889695066 4.3082545309417754E-4
 5145.143052986392 3.8763234159405675E-4
 5186.646121156432 3.487792140832989E-4
 5228.316405556004 3.138245857601161E-4
 5270.16059483429 2.823732966027543E-4
 5312.172000342111 2.540713335277926E-4
 5354.357310728644 2.2860130921496945E-4
 5396.696460046348 2.05678477164585E-4
 5439.202825593584 1.85047233461906E-4
 5481.869718721172 1.6647800543787577E-4
 5524.697139429111 1.4976451051443173E-4
 5567.678399068222 1.3472131463778392E-4
 5610.813497638502 1.2118166824692117E-4
 5654.102435139951 1.0899558182197138E-4
 5697.53852292339 9.802809924095128E-5
 5741.121760988818 8.815776930210413E-5
 5784.852149336234 7.92752720813801E-5
 5828.72968796564 7.128218879920519E-5
 5872.740999578672 6.408990463583705E-5
 5916.899461473692 5.761863091021246E-5
 5961.185007703158 5.179650907471377E-5
 6005.611015565431 4.655882601503419E-5
 6050.164107762149 4.1847298237995566E-5
 6094.844284293312 3.7609433385625054E-5
 6139.651545158919 3.379795224771462E-5
 6184.579201709791 3.037027537779583E-5
 6229.633942595107 2.72880520644495E-5
 6274.802390516506 2.4516745205481084E-5
 6320.091234123169 2.202525284835485E-5
 6365.487096116732 1.978556594698304E-5
 6410.996665146377 1.7772465772236384E-5
 6456.613252562924 1.5963245634325823E-5
 6502.33016971719 1.4337463876052933E-5
 6548.154105258357 1.2876719278870423E-5
 6594.071681888063 1.1564449870072562E-5
 6640.089588255488 1.0385750831135385E-5
 6686.201135711452 9.327211062603285E-6
 6732.392946957591 8.376765367760455E-6
 6778.678399292269 7.523562718933028E-6
 6825.0307381187594 6.757844824858302E-6
 6871.516849928877 6.070839415178554E-6
 6918.069848230807 5.454663113891447E-6
 6964.622846532738 4.902233997622197E-6
 7011.309617818294 4.407193044704335E-6
 7058.063275595662 3.963833356500876E-6
 7104.883819864846 3.567036813526557E-6
 7151.771250625841 3.212216954812978E-6
 7198.658681386837 2.8952680419189473E-6
 7245.67988513146 2.612519173606972E-6
 7292.701088876081 2.3606933417509383E-6
 7339.856065604329 2.136871561391288E-6
 7386.944155840765 1.938460049695064E-6
 7434.166019060825 1.7631624885800926E-6
 7481.387882280887 1.6089554538763837E-6
 7528.676631992763 1.4740676947330675E-6
 7575.9653817046364 1.3569633768674587E-6
 7623.254131416511 1.2563294178302767E-6
 7670.6097676202 1.1710677582456724E-6
 7718.032290315699 1.1002933230376026E-6
 7765.4548130112 1.0433397825300521E-6
 7812.810449214888 9.997766010890666E-7
 7860.2998584022025 9.694443628314468E-7
 7907.722381097703 9.525286628088016E-7
 7955.211790285016 9.494608918677691E-7
 8002.634312980517 9.601520393981073E-7
