 0.0E+0 0.0E+0
 0.2054342707703902 0.044446748184511206
 0.6187180039165117 0.13309451093839216
 1.0368642399385941 0.22200337041568912
 1.4599320375760218 0.3108073830065492
 1.8879680221493617 0.39902281029847413
 2.3210447219350496 0.4862396554682105
 2.7592139428448265 0.5721685179591401
 3.202532671381606 0.6565924602951559
 3.6510630746394783 0.7393286352869152
 4.104867319712531 0.8202230279093672
 4.5640127542860264 0.8991539071304968
 5.028546003680532 0.9760287422244033
 5.4985240543989615 1.0507771313687401
 5.9740505182647964 1.123347157673981
 6.455172020598601 1.1937049341284398
 6.94194036731212 1.2618343063864441
 7.43440736431709 1.3277348214247581
 7.9327284293487334 1.3914201658672238
 8.436851756495312 1.4529175913885081
 8.946880957580303 1.5122660082927092
 9.46291964442719 1.5695123680845826
 9.985019622947712 1.6247082536923582
 10.513284504965354 1.6779056549294724
 11.04771429048011 1.729150918486379
 11.588412591315464 1.7784777403419114
 12.135483019294895 1.825900965925654
 12.688977380330147 1.8714142094593804
 13.248947480332959 1.914991893551124
 13.81549693112681 1.956591678614387
 14.388729344535184 1.996154762769076
 14.968644720558078 2.033604282610432
 15.555398476930716 2.06884292275607
 16.148990613653097 2.1017518573131885
 16.74962835437218 2.132190921971564
 17.35725989317623 2.159999800915647
 17.971988841888727 2.185003249783526
 18.59397061824489 2.2070164627232937
 19.223257028156456 2.225845421653208
 19.859899877535173 2.241288076013286
 20.504054584116257 2.2531433003897274
 21.155721147899715 2.2612207752631534
 21.815003180709016 2.265345386498174
 22.482056100279397 2.2653629649803863
 23.156931712522585 2.2611467909331053
 23.839681823350325 2.2525978410895453
 24.53046185049784 2.239648065325498
 25.229323599876867 2.2222688359756985
 25.93637068331089 2.200472145580209
 26.65170671262339 2.174310815178435
 27.37543529963785 2.143885713482375
 28.107608250266004 2.1093550803892133
 28.84838098224308 2.0709365328380604
 29.59780530148081 2.0289025096564743
 30.356036625714427 1.98356455522642
 31.123126760855662 1.9352520009785856
 31.899179318728005 1.8843137925456416
 32.68429791115493 1.831132094610657
 33.478637955871654 1.7761146747273983
 34.282303064701665 1.7196859718701815
 35.095345043556704 1.662298291428492
 35.91786750426025 1.604434233466743
 36.750025864547524 1.546594666098487
 37.591923736242016 1.4892815282355544
 38.44366473116718 1.4329833306698074
 39.30535246114653 1.3781588584984054
 40.17714234391527 1.3252352042144217
 41.05908618538515 1.274611268242951
 41.95133940329138 1.2266542563046742
 42.85405741536918 1.1816934878818896
 43.7672920275303 1.1399787473520675
 44.69119865750996 1.1016584375523861
 45.62588091713164 1.0667853868849432
 46.57149422413056 1.0353268344804515
 47.52814219033019 1.007165322964395
 48.49598023346578 0.9820760355034108
 49.47506015944905 0.959828088333463
 50.46558919192696 0.9402608797620243
 51.467722748634734 0.9231519498357348
 52.48146082957238 0.9082400220063206
 53.507217882033813 0.895208570757742
 54.54489029419557 0.8837204430251213
 55.59447806605761 0.8736089715028796
 56.65649925673738 0.8647660716173248
 57.730435807117466 0.8570234863634405
 58.81732383543267 0.8502085130102651
 59.91664528256558 0.8441721668161274
 61.028918207633616 0.8388062530521256
 62.15414261063676 0.8340237006918118
 63.29283655069244 0.8297246827292487
 64.44448196868323 0.825819563159374
 65.60907886460915 0.8222510636852542
 66.78766335670498 0.8189751464259006
 67.98023544497076 0.8159585075157078
 69.18627707028905 0.8131643874558997
 70.40630629177728 0.810557036858121
 71.64084116855282 0.8081183507150944
 72.8893636414983 0.8058413659678313
 74.15290982884854 0.8037278272238171
 75.4309616714861 0.8017834813258374
 76.72351916941099 0.8000098448341297
 78.03110038174061 0.79839961844266
 79.3542233675924 0.7969363670836871
 80.6923700678489 0.7956012288223537
 82.04657660074494 0.7943821380901039
 83.41632490716316 0.7932752441229757
 84.8016149871035 0.7922795833847013
 86.2029648996834 0.7913923659365687
 87.62089270402024 0.7906095191789214
 89.05539840011403 0.7899273947899735
 90.50596392884738 0.7893396902236421
 91.97414346757249 0.788836520319092
 93.45838283893713 0.7884070679871098
 94.96075427941095 0.7880410069366063
 96.47970361164172 0.7877280756851212
 98.01678501298166 0.7874564564286323
 99.57148042431336 0.7872118204591573
 101.14430790475424 0.7869778784367574
 102.73526745430426 0.7867394020119837
 104.34435907296347 0.7864872999866738
 105.97261887896666 0.7862190801050217
 107.619010754079 0.7859337978460809
 109.28508887565272 0.7856291883743224
 110.96981712545302 0.7853027738466497
 112.6747496808321 0.7849534537000874
 114.39885042355516 0.7845818811974733
 116.1426374127396 0.7841900505807444
 117.90714676662023 0.7837807017866394
 119.69186042607966 0.7833569430390304
 121.49677839111786 0.7829220061559122
 123.32293677996967 0.7824791670550475
 125.16981753351764 0.7820317677155438
 127.03845676999663 0.7815832166300333
 128.92833643028922 0.7811369944845189
 130.8399745735128 0.7806964986303925
 132.7733711996674 0.7802647310852491
 134.7295624269878 0.7798437757615656
 136.70751213723917 0.7794343009063194
 138.7087745077738 0.7790352753915967
 140.73334953859162 0.7786441689485658
 142.78071917057525 0.7782577134181212
 144.8514014628421 0.7778728818912436
 146.94643253362696 0.7774878167540668
 149.06529432381245 0.7771023288672873
 151.208504892516 0.7767179340835754
 153.37606423973753 0.7763376252844661
 155.56900848371188 0.7759653573222143
 157.7868195653217 0.7756052978235731
 160.03001554368432 0.7752608539144465
 162.2985964187998 0.7749339612595887
 164.5935983089029 0.7746249721689187
 166.91502121399366 0.7743332422335123
 169.26234707495464 0.7740581140586773
 171.63713006913812 0.7737996324383289
 174.03885213742663 0.7735586756443432
 176.46803133893752 0.7733367723297181
 178.92518573278834 0.7731360913305609
 181.41031531897903 0.7729600276914883
 183.92342009750953 0.7728141469985819
 186.4655361866147 0.7727069181409901
 189.03718164541197 0.7726494028869391
 191.6373203556665 0.7726534120592118
 194.2675064947305 0.7727286330776559
 196.92774006260395 0.7728797419401955
 199.61802105928691 0.7731043410243492
 202.33886754389672 0.773392111854038
 205.09079757555085 0.7737260595583281
 207.87432921336665 0.7740862404728314
 210.68894439822673 0.7744547190688333
 213.53567924836593 0.7748193058009792
 216.4150518229016 0.775174144478765
 219.32706212183381 0.7755162486633691
 222.27171014516247 0.7758394165574127
 225.2505500702399 0.7761323896261677
 228.2625457788312 0.7763887718500123
 231.3087333891712 0.7766208462718985
 234.38911290125994 0.77685692517614
 237.50472043333223 0.777121515297275
 240.65555598538801 0.7774198715605684
 243.84213761654473 0.7777399686477386
 247.06498338591975 0.7780655584917169
 250.32357523439574 0.7783871456142922
 253.61946733932487 0.778703238510546
 256.9521416415897 0.7790145164710767
 260.3226342594251 0.779317758037387
 263.7309451928311 0.7796037999036742
 267.177592500925 0.7798588312616699
 270.6630942428243 0.7800644137631823
 274.1879684776463 0.7801946368869171
 277.75221520539105 0.7802170137753692
 281.35687054429342 0.780103693616426
 285.00193449435334 0.779844748653434
 288.6874070555709 0.7794533869119595
 292.41484240529814 0.7789617988101588
 296.18372248441784 0.7784152825416891
 299.99508341116467 0.7778675901547089
 303.84892518553874 0.7773679732193666
 307.7457658666574 0.7769426591139829
 311.68612351363805 0.7765954132931128
 315.6705161855981 0.7763276525804443
 319.69946194165493 0.7761492561404066
 323.77347884092603 0.7760694515552176
 327.89308494252873 0.7760851743989241
 332.058280246463 0.7761793481591074
 336.26958281184636 0.7763240403458125
 340.52802875691355 0.7764849817572717
 344.834136140782 0.7766266538556765
 349.18738690433423 0.7767101843432009
 353.5893352249225 0.7766945658988912
 358.0404991616643 0.7765514055794415
 362.54036065544204 0.7762767935769176
 367.09047388360806 0.7758939995214768
 371.6908388461624 0.7754524984045508
 376.3419736022224 0.7750231476347605
 381.04439621090546 0.7746853979069929
 385.79862473132897 0.7745051240340788
 390.60569528172783 0.7745120028423755
 395.46560786210193 0.7747036919018525
 400.3788805315687 0.7750754733916663
 405.34654940836304 0.7756318765517796
 410.3686144924848 0.7763633528654452
 415.44559384305154 0.7772208542686208
 420.57852357829796 0.7781154224922088
 425.76792175734146 0.7789440245616275
 431.0137883801821 0.779644828811677
 436.31715956505473 0.7802329431500508
 441.67855337107664 0.7807715675328677
 447.0984878573653 0.7813226965151429
 452.57799914215553 0.7819147971433819
 458.1165691663299 0.7825712001431107
 463.7157521072406 0.7833646323746904
 469.376066024005 0.7843949681749452
 475.09751091662326 0.7856892426253835
 480.8816409624475 0.7870987671045884
 486.72793810236026 0.7883281905761974
 492.6379565137138 0.7891308616821437
 498.6122142556256 0.7894586243431291
 504.65071132809555 0.7893869357326635
 510.75448384935845 0.7889659968685214
 516.9240498785318 0.7882087402104373
 523.1619997112026 0.7871288558995312
 529.4615985788446 0.7857756879314719
 535.8337257229232 0.7842695740075479
 542.2732005522645 0.7827847399228866
 548.7852036580423 0.781501596193763
 555.3593738579088 0.7805501412999635
 562.011252925386 0.7799916360253912
 568.7304796781258 0.7798266397654976
 575.5222347073022 0.7799709992943661
 582.3865180129154 0.7802404215166417
 589.3233295949652 0.7804436638117231
 596.3326694534518 0.7804077419712362
 603.4197181795489 0.7800224611254662
 610.5844757732568 0.7792993733398873
 617.8165810522273 0.7782720240235519
 625.1315757899827 0.776961919622322
 632.5242793953486 0.7754806553249498
 639.9946918683254 0.7740484856443594
 647.5376326177388 0.7729031386895738
 655.168643417111 0.7721840619384142
 662.8721824929199 0.7718699099391617
 670.6637916186875 0.7718959059005347
 678.5331096120659 0.7722794495845899
 686.485317064229 0.7729963064795272
 694.5204139751769 0.7738758849359706
 702.6384003449097 0.7747520463530617
 710.8444567646011 0.7756206571753195
 719.1334026430774 0.7766390353065841
 727.5104185715124 0.777886946311324
 735.9755045499063 0.7791708350831675
 744.523479987085 0.7806243167944111
 753.1647060653964 0.7823279245200662
 761.8888216024927 0.7840336634125221
 770.7113683718959 0.7856476116883866
 779.6168046000838 0.7872258245254738
 788.6206720605786 0.7884704034674642
 797.7126095710323 0.7889541435917218
 806.8977977226187 0.7887646901384804
 816.1814171065121 0.7881530901428626
 825.5531065403643 0.7873367353857373
 835.0232272065234 0.7866677959653904
 844.5917791049895 0.7864491278015182
 854.2535816445884 0.786940513062152
 864.0189960076683 0.7881865157550475
 873.8776610118808 0.7899069857961337
 883.8399378395745 0.7919465943638576
 893.9006458995751 0.7942451477902513
 904.0597851918825 0.7963296061213627
 914.327716898845 0.7976126340069135
 924.6940798381144 0.7980234967551875
 935.1640546008647 0.798254259439535
 945.7376411870958 0.7988442944597223
 956.4200201879822 0.7998198551552634
 967.2060110123494 0.8011675990358165
 978.1007942513717 0.8029110194847108
 989.1043699050489 0.8051138623626095
 1000.2167379733811 0.8077619749204797
 1011.4378984563683 0.8103263843064363
 1022.7678513540104 0.8121097079986617
 1034.2065966663078 0.8129980029974293
 1045.7644955756081 0.8133827534130683
 1057.4311868995632 0.8132569992647714
 1069.2118512293477 0.8125812531406201
 1081.1064885649611 0.8113639723347301
 1093.1150989064035 0.8102109583894017
 1105.2428628448492 0.8098661864430005
 1117.489780380298 0.80977874630368
 1129.8506709215755 0.8089707891991349
 1142.3307150598564 0.807419386376102
 1154.9350933863142 0.8054720915327939
 1167.6534447186013 0.8036497806826346
 1180.5013108302393 0.8022223419047735
 1193.4631499477068 0.80077627817491
 1206.5545038445252 0.7989521339066084
 1219.7650113383467 0.7973469421942141
 1233.0998530203455 0.7962384420709577
 1246.5642094816953 0.795356273164782
 1260.1529001312221 0.7948317249776928
 1273.8711055601004 0.7944387342195962
 1287.7136451771557 0.7934775513101494
 1301.6908801647364 0.7920981170942583
 1315.7924493404941 0.7922710758487813
 1330.028713886777 0.7964932204170785
 1344.3944932124113 0.8028241845618412
 1358.8897873173964 0.8079897799040516
 1373.519776792907 0.8116309735513169
 1388.2896422301171 0.8136743715196814
 1403.189022446678 0.8146578280265679
 1418.2230980337642 0.8156064774102467
 1433.391868991376 0.8149563708347989
 1448.7005159106868 0.8135929565040254
 1464.1490387916967 0.8125079985236375
 1479.7322570432322 0.810722826157651
 1495.4605318476408 0.8076609273452408
 1511.3235020225747 0.8054203926121782
 1527.3315287503821 0.8066772442867692
 1543.4794314398886 0.811260939784857
 1559.7672100910942 0.8156148546045292
 1576.2052258863477 0.8181628427138974
 1592.7831176433 0.8197530866106205
 1609.5060659531261 0.8195808743594509
 1626.3740708158252 0.817212016154627
 1643.3871322313975 0.814678363035638
 1660.5504307910175 0.8120220861543521
 1677.8587859035108 0.8073641259238412
 1695.3173781600512 0.802195896962556
 1712.9262075606395 0.7998163699826698
 1730.6800935141006 0.7986378304762815
 1748.5893972027836 0.7957449601145599
 1766.6489380355135 0.7943303928456075
 1784.858716012291 0.7959559556929116
 1803.2239117242902 0.797156370438218
 1821.7393445803363 0.7962882682711475
 1840.4050145804301 0.7944307985518851
 1859.2312829069192 0.7936827486605587
 1878.2129689686298 0.7944324922748525
 1897.3448921743877 0.7966750588541806
 1916.6374137065413 0.7985887492501375
 1936.0853529739163 0.7980268689473253
 1955.6887099765124 0.7944057563572828
 1975.4526653055042 0.7902533577965375
 1995.3720383697175 0.7865494737237211
 2015.4520097603265 0.7841711493518195
 2035.6873988861564 0.7831596485769015
 2056.0885669295562 0.7842497446833625
 2076.645152708177 0.7875124963806446
 2097.367517404368 0.7918954204471617
 2118.2504804269542 0.7945895337751724
 2139.2888611847615 0.7962000424471424
 2160.4930208601385 0.7963141356045487
 2181.8629594530852 0.7961820528445892
 2203.3934963724273 0.7969643856104849
 2225.0846316181646 0.8008237126256026
 2246.941545781472 0.8077230021850964
 2268.9642388623483 0.8149521634334158
 2291.1475302696203 0.8137185711599773
 2313.496600594462 0.7990503903419173
 2336.011449836873 0.7564475712550717
 2358.6868974056797 0.7121585912984225
 2381.5333044832295 0.601432451459744
 2404.5403098871756 0.4804773540538976
 2427.7182747998645 0.42691549445993626
 2451.0568380389495 0.3368182850411012
 2474.561180195604 0.2536246846270819
 2498.2364818610012 0.18388551943018041
 2522.072381852795 0.13847659599758144
 2546.0792413533313 0.10982118655793023
 2570.251879771438 0.09029875879937525
 2594.5902971071136 0.0758749732308563
 2619.094493360359 0.06465090430442558
 2643.7644685311743 0.05563641751462005
 2668.6002226195587 0.04824236598566881
 2693.606936216687 0.0420833801484271
 2718.7742481402106 0.03689159201526116
 2744.1125195724775 0.03247293666686579
 2769.61138933114 0.028682449836470735
 2795.2812185985462 0.0254092127339757
 2821.1116461923475 0.022566685762410415
 2847.113033294893 0.020086236523964507
 2873.2750187238334 0.017912671815110341
 2899.607963661518 0.016001068533629456
 2926.1015069255972 0.014314475189395348
 2952.7608291072465 0.012822214792033479
 2979.580749615291 0.011498608430185697
 3006.5716296320797 0.010322003172401523
 3033.7179273840897 9.274020034315688E-3
 3061.035184644843 8.338966005926922E-3
 3088.507859640817 7.503370891174398E-3
 3116.1463135543617 6.755615276357004E-3
 3143.9505463854757 6.085632495221003E-3
 3171.910196951811 5.48466593091123E-3
 3200.0304458445416 4.945070805865165E-3
 3228.3112930636675 4.460150416853412E-3
 3256.7527386091892 4.0240205818806804E-3
 3285.354782481106 3.631496622631448E-3
 3314.1122440882445 3.2779984096510846E-3
 3343.0303040217786 2.959470196042217E-3
 3372.09860109936 2.6723126428641564E-3
 3401.3274965033374 2.413325425496019E-3
 3430.7118096425356 2.1796575985164566E-3
 3460.251540516955 1.96876529391491E-3
 3489.941508535422 1.7783751169414981E-3
 3519.7868942891104 1.6064526820238806E-3
 3549.782517186847 1.4511750454926067E-3
 3579.92837722863 1.3109069198255526E-3
 3610.224474414461 1.1841798552256468E-3
 3640.670808744339 1.0696738842461816E-3
 3671.2673802182644 9.662016045616065E-4
 3702.0090082450633 8.726939922839804E-4
 3732.8905122335613 7.881878825319341E-4
 3763.922253366107 7.11815051014037E-4
 3795.0990510515257 6.427923792580475E-4
 3826.4157246986433 5.804131666211514E-4
 3857.872274307461 5.24039405226989E-4
 3889.4686998779775 4.730948843983675E-4
 3921.2101820013676 4.270590583191551E-4
 3953.0811789041085 3.8546149152637876E-4
 3985.092051768549 3.478769526258849E-4
 4017.237620003515 3.1392100255864084E-4
 4049.512703017832 2.832460092252029E-4
 4081.9224814026742 2.555375815147805E-4
 4114.4617745668674 2.3051135886983836E-4
 4147.135763101585 2.0791011919007418E-4
 4179.928905233308 1.8750117776005417E-4
 4212.85156214438 1.690740383253607E-4
 4245.898553243631 1.5243826713823E-4
 4279.069878531058 1.374215934931931E-4
 4312.360357415488 1.2386816232233676E-4
 4345.769989896921 1.1163699935721231E-4
 4379.298775975358 1.0060056038085909E-4
 4412.941535059623 9.064349938176189E-5
 4446.698267149718 8.166147613490016E-5
 4480.568972245641 7.356013204610617E-5
 4514.553650347394 6.625413564659206E-5
 4548.641940272628 5.966632953238205E-5
 4582.84420320369 5.3726952989064174E-5
 4617.1448973670594 4.837294345663774E-5
 4651.554383945085 4.354729517630655E-5
 4686.062301755415 3.9198488583219373E-5
 4720.668650798054 3.527996633799171E-5
 4755.373431072999 3.1749663767642105E-5
 4790.171461989077 2.8569575405509454E-5
 4825.067924137463 2.570537512075132E-5
 4860.052456335807 2.312606067442096E-5
 4895.130239175282 2.080363691442618E-5
 4930.290911473544 1.8712829257279285E-5
 4965.539653821765 1.6830822238513491E-5
 5000.871285628769 1.513702461507108E-5
 5036.280626303385 1.3612855678530906E-5
 5071.772856436785 1.2241551308164368E-5
 5107.337614846622 1.1007991009161328E-5
 5142.980082124071 9.898538944492739E-6
 5178.695077677956 8.900899626942954E-6
 5214.472240325928 8.003990999439683E-6
 5250.321931250338 7.1978257096190564E-6
 5286.223428086488 6.473406063748285E-6
 5322.228536746119 5.822628320157802E-6
 5358.285451317492 5.238196455311748E-6
 5394.342365888863 4.7135441964261275E-6
 5430.502892283716 4.242764488814079E-6
 5466.715224590308 3.820546296318568E-6
 5502.979362808643 3.442117374914865E-6
 5539.295306938717 3.1031921620470335E-6
 5575.61125106879 2.7999258198358443E-6
 5612.0308070223454 2.5288724784781364E-6
 5648.4503629759 2.286947256318646E-6
 5684.973530752936 2.071392932214487E-6
 5721.444892618232 1.8797495771516378E-6
 5758.019866307008 1.7098276649859691E-6
 5794.594839995785 1.5596840684566783E-6
 5831.221619596303 1.4276008051909173E-6
 5867.848399196819 1.3120662350321054E-6
 5904.4751787973355 1.2117590298074423E-6
 5941.1537643095934 1.1255340209651337E-6
 5977.884155733591 1.0524111042324721E-6
 6014.614547157589 9.915661547806272E-7
 6051.293132669846 9.423254125208371E-7
 6088.075330005585 9.041633052839748E-7
 6124.805721429583 8.767133691417869E-7
 6161.587918765321 8.596850189481892E-7
 6198.318310189319 8.53351325847608E-7
