 0.2780482872687045 0.9998688816251692
 0.8374137413692581 0.9989203931350749
 1.4033604274688835 0.9958827755570927
 1.9759682795594728 0.9893942230543077
 2.5553004034240984 0.9782857473828025
 3.1414549636142052 0.9617973026065166
 3.7345020776665416 0.9396696957478854
 4.334518874871527 0.9120752683502719
 4.94158949627326 0.8795736369159949
 5.555798082915837 0.8429920382315852
 6.177235787597028 0.8033241216217717
 6.805965716099905 0.7615974599219236
 7.4420649977148904 0.7187424576466764
 8.085673867515478 0.6756481570396051
 8.73685543128474 0.6330922620202715
 9.395679806559425 0.5916568805466285
 10.062217110876276 0.5517287319603319
 10.736677696845538 0.5136863333330736
 11.418991446930463 0.4777525772839645
 12.109298596204543 0.4439631963383145
 12.807739379741275 0.4123896310991029
 13.514383915077403 0.3830214063926474
 14.229372437286422 0.3558228355477102
 14.952704946368335 0.3307053626068352
 15.684521677396631 0.3075315214500992
 16.424962865444804 0.2862012824204982
 17.17409862804961 0.2666027117999424
 17.931999082747783 0.24859723121531507
 18.698804464612827 0.2320540948138046
 19.47465500871823 0.2168794516776147
 20.259550715063994 0.2029507921436734
 21.053701936260363 0.1901619298134348
 21.857108672307333 0.1784066775700728
 22.670051393351894 0.1676033728716387
 23.492459981857294 0.15768312506926743
 24.324474672897036 0.14854276721833331
 25.166305819081355 0.14012172525611826
 26.018023537946994 0.1323675266813813
 26.879697947030713 0.1252106998987293
 27.75153939894274 0.11860483938818753
 28.633547893683083 0.11250709722998105
 29.52586366632523 0.10686005218025843
 30.42869706947943 0.1016289210547737
 31.34211822068242 0.09678650243978068
 32.26619723747095 0.09229363727136759
 33.20114447245527 0.0881228095204227
 34.147030043172115 0.08425130579215945
 35.10399418469498 0.08065014913554086
 36.072177132097365 0.07729572013154631
 37.051719120452766 0.07417063712867024
 38.04269026729793 0.07125736631397692
 39.04530092524309 0.06854314565825677
 40.05962121182499 0.06601217516945483
 41.08586147965388 0.06364516841905317
 42.12409184626651 0.061425677433216994
 43.17445254673637 0.059340085341907246
 44.237083816136944 0.05738337755647667
 45.312196007078483 0.0555542987337929
 46.39992935463449 0.053849473104116564
 47.500353976341685 0.0522566798158872
 48.61361010727359 0.05076094092049623
 49.73990810004043 0.04935190442908276
 50.879388189715704 0.04802162879649674
 52.032190611372904 0.04676298536490582
 53.19845560008553 0.04557133164304295
 54.378393508463815 0.04444682292608932
 55.57207445404452 0.04338925252161465
 56.77970878943786 0.042396281265430393
 58.00150686725409 0.04146908880569211
 59.23753880502998 0.040604206217545554
 60.488014955375724 0.03979601871734327
 61.75307555336486 0.03904175794600066
 63.032930951607603 0.038340371196792955
 64.32772138517745 0.03768953637499916
 65.63765720668465 0.03708412654814718
 66.96280853366595 0.0365164603003788
 68.30345583626831 0.035978438625834614
 69.65980946710202 0.03546482820631502
 71.03186942616705 0.0349599930389712
 72.42019665375739 0.03445761519122303
 73.82465091479952 0.03396351275597269
 75.24523220929346 0.03347190951115346
 76.68264171260668 0.03299507971698489
 78.13617824937171 0.032527084076847935
 79.60724417032348 0.032069392591543455
 81.09513830009453 0.03162974390621652
 82.60056181405234 0.031197065731617214
 84.12351471219688 0.030769913672024092
 85.66469816989564 0.030358837311840258
 87.22341101178114 0.029974925830464054
 88.79965323785339 0.029600389223457566
 90.39482719884734 0.029236105008679895
 92.00893289476296 0.028899153814581496
 93.6412691502328 0.0285804818510644
 95.29253714062433 0.028266467642914808
 96.96343804130501 0.02796731565171474
 98.65327067690738 0.02767507821643036
 100.36343739816638 0.027388153261862006
 102.09323702971454 0.027116075671872394
 103.84266957155185 0.026846047565360076
 105.61243619904577 0.026572455359301933
 107.40323808756382 0.0263068845103455
 109.21437406173847 0.02604752179289891
 111.04724647230469 0.025799597400046114
 112.90115414389501 0.025575608232932901
 114.77609707650943 0.02536105158895458
 116.67277644551541 0.02514666003639019
 118.59189342628042 0.024939614580523555
 120.53344801880448 0.024751659038461108
 122.49673904772011 0.024566444818475467
 124.4838700391297 0.024385014358783624
 126.49273746693085 0.02419466820289298
 128.52614603259343 0.02398997114004096
 130.58199221001507 0.023776443205066482
 132.66237952529817 0.023550509024316507
 134.76660680307523 0.023325836555171657
 136.89537521871375 0.023104914965879463
 139.04868477221367 0.022898258002114531
 141.2265354635751 0.022701653381319152
 143.43032964353287 0.022517248852145958
 145.6586649613521 0.022332525960787014
 147.91364494313518 0.0221434494745337
 150.19386723814716 0.021951751416382572
 152.50143537249047 0.02176201955165027
 154.83494699543021 0.021585641085073666
 157.19510328233374 0.021406691197053111
 159.58330658393612 0.02122354052654085
 161.9988557248698 0.021041306002782662
 164.4417507051348 0.02085869126279781
 166.91339387546608 0.020685186801231644
 169.41308406049614 0.02051894047510118
 171.94222361095992 0.020353747123101402
 174.50011135149 0.02019032110818721
 177.08744845745377 0.020026835249859972
 179.70423492885132 0.0198609760919221
 182.35187311641752 0.019695773442674122
 185.02896066941747 0.01952275714468573
 187.73760111395353 0.019331949300821032
 190.47779445002575 0.019137402089603426
 193.2488395022667 0.01894981941333563
 196.0514374460437 0.018773151585540687
 198.88699063209185 0.018611130022970281
 201.7547978850436 0.018456465704300314
 204.65556038026642 0.018295335406923986
 207.58927811776032 0.018117873711309937
 210.55735344826024 0.017927179044124982
 213.55908519639874 0.017728720103284502
 216.59517453754324 0.017519129495444665
 219.66562147169378 0.017296322494625537
 222.77182834958526 0.017064903367851463
 225.91379517121774 0.01683498814368157
 229.09082076122368 0.01660246704829971
 232.30500864570555 0.016370152603389136
 235.55565764929585 0.01614345735180327
 238.843468947362 0.015915408323097627
 242.1691437152716 0.015682878236961683
 245.53268195302453 0.015445205889949402
 248.93408366062084 0.015202222691069578
 252.37475118879544 0.014959324775895098
 255.85538571291584 0.014727930810798656
 259.3745848822471 0.014508738958765961
 262.9344522228916 0.014302120001984778
 266.5349877348493 0.014108036189416027
 270.17619141812036 0.013912472342471508
 273.85876444807206 0.013701457226617867
 277.583408000072 0.013466574429278807
 281.3508232494875 0.013213362712006769
 285.16030902095133 0.012953982609572853
 289.0132676651982 0.01269414033474732
 292.91040035759573 0.01243321282946178
 296.85170709814383 0.012164036178770776
 300.8371878868425 0.011875320284985015
 304.86894624979424 0.011567275732876888
 308.945579836264 0.011248268799311826
 313.06849099698683 0.010927990627650862
 317.2376797319626 0.010616587679159952
 321.4545483919264 0.010316369068159472
 325.7190969768781 0.01001641448552101
 330.0320266621853 9.698480391971081E-3
 334.39403862321523 9.356610815324974E-3
 338.80443168460072 8.993607613106278E-3
 343.26530937244393 8.624162397011213E-3
 347.7759705113776 8.27058596256441E-3
 352.3378174521365 7.939147461018738E-3
 356.9508501947208 7.6163249265407875E-3
 361.6157699144978 7.291883728727946E-3
 366.333277786835 6.968319793011533E-3
 371.1040749871 6.646560944694217E-3
 375.92816151529262 6.320488476179171E-3
 380.80693972214794 5.9851372333483525E-3
 385.74040960766586 5.6442157058580414E-3
 390.7285711718465 5.303286128270269E-3
 395.7735279407922 4.967865447255102E-3
 400.8745787391355 4.644440443043449E-3
 406.03312591761124 4.335433014265485E-3
 411.24916947621954 4.03761184129196E-3
 416.52341059032784 3.7503299160354256E-3
 421.85655043530363 3.4804066364170845E-3
 427.2492901865144 3.2337322352352544E-3
 432.7023310193275 3.0086498216536452E-3
 438.2163741091105 2.798696944996657E-3
 443.7921206312309 2.5936351762239867E-3
 449.42957058568856 2.380725814175684E-3
 455.129425147851 2.1583746279366074E-3
 460.89308666845334 1.9388924450190357E-3
 466.72125632286287 1.7332002242327483E-3
 472.6132329357121 1.5435844168992442E-3
 478.5711200331035 1.3672706512074495E-3
 484.5956187904046 1.2013212778611676E-3
 490.68602803224786 1.0481647465545517E-3
 496.84445128473566 9.156068721388697E-4
 503.07088854786803 8.069894842615148E-4
 509.3660409970125 7.177073094229975E-4
 515.7306098075364 6.424920291593149E-4
 522.1652961548074 5.790260868270018E-4
 528.6715023895603 5.26105173536234E-4
 535.2492285117951 4.816532372405241E-4
 541.8991756968792 4.412550567177965E-4
 548.6227462955477 3.999421704148145E-4
 555.4199403078005 3.5563519926847436E-4
 562.2914589090053 3.086811814663776E-4
 569.2387044498967 2.6152264666773214E-4
 576.2623781058422 2.194264783738404E-4
 583.3624798768421 1.8719420561846841E-4
 590.5404121136312 1.6578314750615992E-4
 597.7968759915767 1.530060181901566E-4
 605.1325726860464 1.4507637463678316E-4
 612.5489045477752 1.3812261045747736E-4
 620.0451704013956 1.2987449168212978E-4
 627.6234737730098 1.1952050704388661E-4
 635.2845158379855 1.0704915900174176E-4
 643.0282965963227 9.361616452645268E-5
 650.8569195741237 8.093366856638588E-5
 658.7696835960211 6.860119722750566E-5
 666.7686921881173 5.389545777613157E-5
 674.8546465257798 3.640375982934241E-5
 683.0275466090086 2.0111177370485917E-5
 691.2887947885384 8.907890183363198E-6
 699.6390922397371 2.8897669161880465E-6
 708.0819448394417 8.451625167072703E-7
 716.6082373078752 2.870509733679102E-6
 725.2326943277545 9.821027069012547E-6
 733.948304145405 2.3518939932191633E-5
 742.7620785145011 4.5583978316339533E-5
 751.6599939276937 7.207567193313912E-5
 760.6630856460067 9.311900596586596E-5
 769.7573301620909 1.0191199064458864E-4
 778.9497392296207 9.795605344519373E-5
 788.2403128485965 8.147727386774598E-5
 797.6290510190179 5.46027703277405E-5
 807.1159537408852 2.665713756259182E-5
 816.708032767873 7.696106831205197E-6
 826.4052880999812 2.562324154529413E-6
 836.1936962298604 1.1953909301300098E-5
 846.0942924185349 2.8115621148083175E-5
 856.1000649123298 3.591311335735634E-5
 866.2110137112453 2.7512005385034073E-5
 876.4201270616065 9.902712966567403E-6
 886.7484402244376 -5.4941471048867175E-6
 897.1749179387145 -1.2652959852136763E-5
 907.7205954654611 -1.182857428824338E-5
 918.3714492973285 -8.63772585039831E-6
 929.1344911879908 -9.05762859759653E-6
 940.0097211374483 -1.5037799389765696E-5
 950.9971391457012 -2.646737991075264E-5
 962.1037569664238 -4.119507562054151E-5
 973.3225628459415 -4.945556668843436E-5
 984.6605685379293 -3.644519255842097E-5
 996.1177740423869 -2.596071436238205E-7
 1007.6871676056397 3.619276797377759E-5
 1019.3827727350371 4.715380988306833E-5
 1031.1905659232295 3.425322203880361E-5
 1043.1315824312414 1.78106408475941E-5
 1055.1847869980483 1.2631661171797763E-5
 1067.3712148846743 2.1204880902461735E-5
 1079.6768425837706 3.457776508122415E-5
 1092.1086818490111 4.1783490385404046E-5
 1104.673744434071 3.536166977137266E-5
 1117.358006831601 4.838173235682356E-6
 1130.1754925489501 -4.3569016217707206E-5
 1143.1262015861186 -7.989495310864044E-5
 1156.2031221894314 -8.780116707938324E-5
 1169.4202778662383 -7.291079753112825E-5
 1182.7636451091898 -5.079171761841957E-5
 1196.2472474256353 -3.854813235877217E-5
 1209.8640730619001 -3.0337041886872484E-5
 1223.614122017984 3.8066172475077645E-8
 1237.5114178012368 5.6652658423465474E-5
 1251.5419369043088 1.080843807155172E-4
 1265.7126910808747 1.382316973028149E-4
 1280.0236803309346 1.6623443523960815E-4
 1294.4819164081632 1.9568526296268913E-4
 1309.0803875588858 2.050605194613478E-4
 1323.826105536777 1.8808126027659461E-4
 1338.719070341837 1.4962547313563626E-4
 1353.7592819740655 9.894535696250641E-5
 1368.9467404334627 5.200382591476351E-5
 1384.2814457200286 7.049180320896081E-6
 1399.7633978337632 -3.523847202946283E-5
 1415.406620282016 -5.964108311750502E-5
 1431.1970895574372 -6.276052602511438E-5
 1447.1418174137018 -5.405836861661625E-5
 1463.2408038508101 -3.685402584437225E-5
 1479.4940488687614 -1.1889023183989917E-5
 1495.908564221231 1.5769068422357922E-5
 1512.4843499082185 5.388429351216212E-5
 1529.2143941760496 1.0104704077324174E-4
 1546.1057087783985 1.2583115902701166E-4
 1563.1653054689402 1.1614314643254785E-4
 1580.3791607403254 1.0702430087352452E-4
 1597.7683098535778 1.274499349903449E-4
 1615.3117175476738 1.6275578505691622E-4
 1633.0304190836372 1.9063161289996648E-4
 1650.9103909541188 2.093929055643485E-4
 1668.9586449127932 2.1648489797916565E-4
 1687.182192713335 2.0161850216830122E-4
 1705.5740226020693 1.673646652304978E-4
 1724.1411463326714 1.41962603919882E-4
 1742.8765521514662 1.3075838153639936E-4
 1761.7942635658032 1.0641820330539129E-4
 1780.880257068333 7.493495203544435E-5
 1800.1485561664046 4.522655913581487E-5
 1819.592149106344 -1.3278482013144053E-6
 1839.2110358881507 -5.7289520556556634E-5
 1859.0122282654995 -8.14998229808811E-5
 1879.0027379920657 -6.671144338897355E-5
 1899.1685415604988 -3.941745479764008E-5
 1919.5166507244741 -1.6591765907993346E-5
 1940.047065483992 -1.059974647088753E-5
 1960.7667975927263 -1.5488786867442024E-5
 1981.6758470506774 -4.615943406305447E-6
 2002.7672021041712 3.9351488304948684E-5
 2024.054886260556 9.597793147668968E-5
 2045.5248760124834 1.2507972075000907E-4
 2067.1911948673023 1.0199229320457593E-4
 2089.046831071338 5.920082587921819E-5
 2111.09178462459 5.1245846425353155E-5
 2133.3400790344094 5.078564449868243E-5
 2155.777690793445 1.0724280730878281E-5
 2178.4116316553722 -3.6582347196162305E-5
 2201.2419016201906 -4.7095858314577014E-5
 2224.268500687901 -3.915810808591919E-5
 2247.4984406121775 -6.006863031463443E-5
 2270.9247096393455 -1.0384418280550483E-4
 2294.5543195230802 -1.2949529891706393E-4
 2318.387270263381 -1.5102570892516065E-4
 2342.416550106573 -1.7239710920910822E-4
 2366.6561825600065 -1.549438511797073E-4
 2391.0991558700056 -1.2935237464692148E-4
 2415.7454700365715 -1.224343768672438E-4
 2440.6021368133783 -9.649009968377067E-5
 2465.662144446751 -3.455391397552995E-5
 2490.9254929366902 3.238512054418065E-5
 2516.406205790545 5.8499362302534026E-5
 2542.097271254641 4.3035401059501395E-5
 2567.9916775753026 5.16587979180676E-6
 2594.1034482598806 -5.3695863665140455E-5
 2620.425571554699 -1.3316205037195433E-4
 2646.9580474597587 -1.5424272893159568E-4
 2673.707887728734 -9.415173147684826E-5
 2700.6680806079502 -1.011209015947724E-4
 2727.8456378510823 -1.561933378414163E-4
 2755.2335477044553 -1.4306221824788786E-4
 2782.8458336754183 -9.510802974041691E-5
 2810.668472256623 -7.543958449498988E-5
 2838.7154869554174 -8.01635613650382E-5
 2866.9798660181277 -4.636771344216363E-5
 2895.4545976910785 1.2492112716983274E-5
 2924.1537054816203 6.35719233502777E-5
 2953.0771893897517 1.0344587686545934E-4
 2982.2180376617993 1.1774843660044334E-4
 3011.5762502977627 1.5439014864558321E-4
 3041.158839051316 2.2112675132074065E-4
 3070.96580392246 2.7647270747216574E-4
 3100.9901331575197 2.992103280523185E-4
 3131.23883851017 3.2601995997645725E-4
 3161.7119199804096 3.475130309889585E-4
 3192.4023658145656 3.4133392550560382E-4
 3223.3241995199864 3.5327958060818275E-4
 3254.4633975893234 4.02393131086887E-4
 3285.833983529925 4.2601125841278033E-4
 3317.4219338344423 3.579937021965396E-4
 3349.23426025655 2.353487487408785E-4
 3381.277974549923 1.2333810219452204E-4
 3413.5390532072115 5.156724598094333E-5
 3446.0315197357645 -8.063217943129514E-6
 3478.7483623819084 -6.0723887484886966E-5
 3511.6895811456424 -1.0680184479533672E-4
 3544.855176026967 -1.501377091300791E-4
 3578.2451470258824 -1.8661882568221432E-4
 3611.8594941423875 -2.1281995185766313E-4
 3645.705229130158 -2.1203961073201053E-4
 3679.768328481844 -1.787769763236443E-4
 3714.062815704795 -1.2926857779956934E-4
 3748.5746672916616 -8.836431863092001E-5
 3783.3179067497935 -6.276461193646352E-5
 3818.2785105718403 -4.223713228809823E-5
 3853.470502265153 -2.227050782446526E-5
 3888.879858322381 -5.982444256118806E-6
 3924.5206022508746 4.71483063557952E-6
 3960.378710543283 1.0906365635897407E-5
 3996.4611949532823 1.4271498921437614E-5
 4032.761043727197 1.6182265618941435E-5
 4069.2922803723772 1.7399318592183397E-5
 4106.033869627798 1.8224104944335882E-5
 4143.006846754483 1.8837000909033047E-5
 4180.19017649141 1.932961124260317E-5
 4217.597882345928 1.969890870864953E-5
 4255.229964318036 1.9953979648070235E-5
 4293.0723989003845 2.0179761335668517E-5
 4331.1321978466485 2.0373198195734E-5
 4369.409361156828 2.0508704205654015E-5
 4407.903888830923 2.0587260326249284E-5
 4446.615780868935 2.0666645414760784E-5
 4485.538025517187 2.0745322898574413E-5
 4524.677634529355 2.0797655626662373E-5
 4564.020584398088 2.084945286969487E-5
 4603.580898630738 2.0898837215135E-5
 4643.351565473629 2.0922781488265674E-5
 4683.33258492676 2.0948163246046776E-5
 4723.516945236458 2.097343284727713E-5
 4763.911658156397 2.0998298369519335E-5
 4804.509711932903 2.1051076275153082E-5
 4845.311106565973 2.1077243163296252E-5
 4886.315842055612 2.110302472454776E-5
 4927.5239184018155 2.115450599641492E-5
 4968.935335604586 2.1181562799601744E-5
 5010.543081910248 2.1211803017786455E-5
 5052.340145565126 2.1265595623402823E-5
 5094.340550076571 2.131709573904047E-5
 5136.537283690907 2.1371649361332174E-5
 5178.92333465446 2.1427482038998598E-5
 5221.49870296723 2.148282147940652E-5
 5264.263388629218 2.1535911915303946E-5
 5307.224403394096 2.161681888788588E-5
 5350.360712000842 2.1698919232225424E-5
 5393.686337956805 2.1778454078557334E-5
 5437.19426950831 2.1860930438428344E-5
 5480.877494901682 2.1942642110737672E-5
 5524.743025890597 2.2048067787012364E-5
 5568.783850721379 2.2152640484487244E-5
 5613.006981147703 2.2259876226205E-5
 5657.391381908546 2.2368069688083533E-5
 5701.951076511255 2.247367316468158E-5
 5746.679053202159 2.2604058264977985E-5
 5791.575311981253 2.2759060582922254E-5
 5836.632841094867 2.2891063785283913E-5
 5881.851640542999 2.3022042180182545E-5
 5927.231710325647 2.3177447117505927E-5
 5972.76603868914 2.335698932615527E-5
 6018.454625633478 2.3535400791079E-5
 6064.297471158657 2.3689274952640655E-5
 6110.29457526468 2.386892269440355E-5
 6156.431914444197 2.4070618508087433E-5
 6202.723512204558 2.4295889857950855E-5
 6249.148333284737 2.452170519676556E-5
 6295.720401192086 2.472317955002316E-5
 6342.425692419252 2.4972858270361032E-5
 6389.26420696624 2.5221265850968847E-5
 6436.235944833046 2.5470031928582504E-5
 6483.333894265997 2.5762856225117586E-5
 6530.565067018767 2.6055989660946343E-5
 6577.915439584007 2.6349514064154913E-5
 6625.392023715392 2.6665955704433045E-5
 6672.980795905571 2.700528880627528E-5
 6720.68876790822 2.7342970396999E-5
 6768.508927969665 2.7705392158738147E-5
 6816.43426433623 2.8110770478640364E-5
 6864.47178876159 2.8516436290485336E-5
 6912.6074777383964 2.8944568013847352E-5
 6960.848343020323 2.9415231109971657E-5
 7009.187372853696 2.9890421734599476E-5
 7057.610543731164 3.0385914609159944E-5
 7106.131879160079 3.092810572226649E-5
 7154.72333212574 3.147675881015274E-5
 7203.455020164895 3.204470126397884E-5
 7252.256825740798 3.272287962501689E-5
 7301.058631316701 3.3420403347303224E-5
 7350.000671966098 3.411310774641573E-5
 7399.01283015224 3.4871122619558114E-5
 7448.095105875132 3.567049974884763E-5
 7497.247499134768 3.6580826868578834E-5
 7546.3998923944054 3.750690744412303E-5
 7595.692520727538 3.8495229329328615E-5
 7644.985149060668 3.9588787468946415E-5
 7694.418012467294 4.077299602265553E-5
 7743.780758337173 4.204251656502361E-5
 7793.283739280544 4.3387345186149856E-5
 7842.786720223917 4.4910880072170265E-5
 7892.359818704037 4.658333956684865E-5
 7941.932917184156 4.846083938194175E-5
 7991.506015664275 5.0497568319750236E-5
 8041.149231681143 5.2751840129217235E-5
 8090.862565234755 5.53383156855834E-5
 8140.575898788368 5.834840148051762E-5
 8190.219114805234 6.179397458071666E-5
 8240.002565895595 6.587836778525914E-5
 8289.71589944921 7.084417341039568E-5
