 0.0E+0 0.0E+0
 0.2711594663994602 0.011785441897131462
 0.8166662902182228 0.10762730712833168
 1.368591291881738 0.3025126840397153
 1.9270124249670677 0.5965584781831677
 2.491991231771893 0.9843567102335056
 3.0636234447592705 1.4540171478965524
 3.641977444259958 1.9878794626029985
 4.227128448637785 2.564502486702239
 4.819158514289661 3.1611628574171062
 5.418149697612492 3.756177198872201
 6.02419089303626 4.33064093617303
 6.637343642858646 4.869440295066758
 7.257683165443483 5.361590236018478
 7.88534622145228 5.800065392301077
 8.520394353182718 6.181307589425342
 9.162895940965557 6.5045877360447974
 9.812919365131545 6.771332232731242
 10.470669766672957 6.984499188552095
 11.136078765259036 7.148032907050588
 11.80928312155129 7.2664270006699
 12.490419596211236 7.344388069500945
 13.179556569569625 7.386602316153895
 13.876830802287973 7.397569045392136
 14.582242294366278 7.38150436904877
 15.29592780646605 7.342280013584395
 16.018024099248805 7.283402922606356
 16.748599553045295 7.208013833788709
 17.487722548186276 7.118904830192844
 18.235529845333267 7.0185459044284534
 18.99215820514777 6.909116266414672
 19.757607627629795 6.792531381901059
 20.5320832537716 6.670469536628557
 21.31558508357319 6.544394605610327
 22.10838663835759 6.4155759762524624
 22.91041953779404 6.285101830434481
 23.721820542544055 6.15389906763004
 24.542794793599902 6.022759394707891
 25.373410671292337 5.89237063369301
 26.213736555952117 5.763328106407014
 27.063977588571503 5.636129890867993
 27.92413376915051 5.511162116129967
 28.794341858350634 5.388692321242652
 29.674806997164154 5.268883686051972
 30.56559756592182 5.151856223642288
 31.466781944954384 5.037743229178438
 32.378565275254125 4.926693651705831
 33.30101593715179 4.818827029948809
 34.23427069130889 4.714203323013549
 35.17846629838695 4.612820111663963
 36.13373951904747 4.516729794885542
 37.10015873362121 4.419518309772484
 38.07792908310043 4.327393277751096
 39.06711894781589 4.238122564825358
 40.06793346875987 4.151591992539124
 41.08044102626311 4.067713187621185
 42.104778380987134 3.9864201665931453
 43.14108229359345 3.9076650190932644
 44.18955790507431 3.831397510395719
 45.250341976091256 3.757540746741716
 46.323502886975013 3.6860105292281986
 47.409177398387114 3.6167482743930392
 48.507570651319824 3.5497037949464145
 49.618819406434646 3.4847998650775213
 50.74306042439309 3.421933880714633
 51.88043046585669 3.361011918574339
 53.03113467181769 3.301971125954357
 54.19524142260686 3.2447730796932923
 55.37295585921647 3.1893845745899374
 56.56448312263876 3.135765669530844
 57.76989159320452 3.0838577810538834
 58.989386411906 3.033551806355094
 60.22310433940471 2.9846905899607687
 61.47125051669294 2.93714311363415
 62.733961704432175 2.8908585259813914
 64.0114430436147 2.845833316738365
 65.30376291457125 2.8020525910005305
 66.61119483862487 2.7594736563663375
 67.93394395676782 2.7180503101701085
 69.2720102690001 2.6777638626271635
 70.62594081796777 2.638618013745638
 71.9955988430093 2.6005972519529687
 73.3809843441247 2.563643230967036
 74.78278112462152 2.527653156972108
 76.20030538119222 2.4925097207359243
 77.63492472045189 2.458126398991343
 79.085955339093 2.424492850689989
 80.55408104042309 2.3916675169859842
 82.03930182444216 2.359664818423852
 83.54230149445779 2.328412747152978
 85.06239624716238 2.297821791438111
 86.59958608255597 2.2678337947411395
 88.15523860725366 2.2384429224338524
 89.72935382125547 2.209685368185563
 91.32124792125381 2.1816141180101955
 92.93160471055627 2.154277461757504
 94.56110799247037 2.1276907686920463
 96.20907396368858 2.101848061877605
 97.87687023082603 2.0767267143413596
 99.56381299057514 2.0523099811747007
 101.2699022429359 2.029187225532365
 102.99582179121589 2.0057957084016013
 104.74225543872268 1.983842801164413
 106.50851938214868 1.9627584945547666
 108.295981228109 1.942475666630225
 110.10395717329614 1.922931654432512
 111.93244721771005 1.9040788796519003
 113.7821351646583 1.88585510625413
 115.65370481744843 1.868155168623382
 117.54715617608048 1.8508151753737052
 119.4618054372469 1.8336302504136592
 121.39970401087031 1.8164049574161473
 123.35880048702805 1.7990529628580345
 125.34183007895038 1.781637451493615
 127.34674137671462 1.764267004330832
 129.37558579024343 1.7470337895210323
 131.4276795162293 1.730031920091634
 133.5037063579797 1.7133313641451772
 135.60366631549467 1.6969288485975433
 137.72755938877426 1.6807665015266308
 139.87675318443353 1.6647896292224535
 142.04988009585741 1.6489968086049597
 144.24899153296851 1.6334594782927438
 146.47271988915176 1.6182592282087686
 148.72311657432985 1.6033474838872698
 150.99881398188762 1.5885431346736711
 153.30049591513264 1.573653685272982
 155.62952998068004 1.5586161881109168
 157.98523237522226 1.5435494703717906
 160.3676030987593 1.5285827951602972
 162.7780097579063 1.5137061534800733
 165.21576854935565 1.4988299387238648
 167.6822470797225 1.4839167713223144
 170.1767615456993 1.4689881397842026
 172.69999575059355 1.454041530001438
 175.25194969440534 1.4390224380080411
 177.83399098374974 1.4238569585133282
 180.44475201201163 1.4085714659342574
 183.08628418911368 1.3932629194583494
 185.75858751505592 1.3779853012555647
 188.46097818653078 1.3627832960395256
 191.1941400068458 1.347757325825879
 193.9594405826161 1.3329805843652828
 196.75619611053417 1.3185367487647754
 199.58509039390753 1.304492940966795
 202.4461234327362 1.290743236379494
 205.3406628336352 1.2772331784728956
 208.26802479329711 1.263958071082829
 211.22889311502942 1.2507849036604643
 214.22326779883218 1.2377105928656892
 217.25251645132041 1.2251123618894055
 220.3166390724942 1.212369094845449
 223.41495185904597 1.1999486418984182
 226.5495062208984 1.1872893012467122
 229.71961835474391 1.1743384663644214
 232.92597206389001 1.1612849325384007
 236.1692511516444 1.148120493340353
 239.44945561800696 1.1345573071118253
 242.76658546297775 1.1205680032798237
 246.12200829317183 1.1064346363105908
 249.51640791189683 1.0922882718768858
 252.9484167125376 1.0781803306045762
 256.4200861050168 1.0643617015067725
 259.93141608933444 1.0507968550181843
 263.48240666549054 1.037078553064024
 267.07374163679264 1.022918859113835
 270.70610480654835 1.0083270706239548
 274.3801799780651 0.9933117260746942
 278.0952833480355 0.9779009075790723
 281.85278252307455 0.9623564618665981
 285.65336130648984 0.9466911966577364
 289.49701969828134 0.9307311641341707
 293.38375769844913 0.9141961123977239
 297.31562671691585 0.8969925925250026
 301.29125914706634 0.8794467744638514
 305.31202259551577 0.86194473983229
 309.3779170622641 0.8447977162376203
 313.4903101539265 0.8278685661988625
 317.64920187050296 0.8106597809299501
 321.855276015301 0.7929413432585304
 326.10921639162813 0.7746678094949532
 330.41033919617694 0.7558797848566929
 334.76069583887 0.7366380348619563
 339.1596025163998 0.7170286084178681
 343.6084268353814 0.6970745594212653
 348.1071687958149 0.6767463826790767
 352.6565122010078 0.6560049909258827
 357.2571408542676 0.6348045609840194
 361.90973855890194 0.6132878752186717
 366.6143053149108 0.591671004617686
 371.37220872890924 0.5697948488312847
 376.1834488008974 0.5473505520522522
 381.0480255308751 0.5242621218058289
 385.9679903287652 0.5008725203844689
 390.94265939126006 0.47787009160916865
 395.97340032497476 0.4554866789383471
 401.0602131299093 0.4331940350568216
 406.20378160937133 0.41087979356371184
 411.40478956666834 0.3887686777735783
 416.66392080510786 0.3669217994874402
 421.98185912799755 0.3456097295266317
 427.3592883386449 0.3240592449989479
 432.7968922403574 0.30300450524917504
 438.2946708331352 0.2824285228339877
 443.8533079202857 0.2623888565978759
 449.47417110842422 0.24298812484336612
 455.1579442008582 0.22442962878664088
 460.9039433942801 0.20672955359148798
 466.7142200986125 0.1898726960193553
 472.58945811716313 0.17373047130037352
 478.52897364662425 0.15825785318170751
 484.5348180969187 0.14381643207368796
 490.60699146804643 0.1304594311702476
 496.746177563315 0.11786112642195817
 502.95306018603184 0.10591616721259409
 509.22832313950465 0.09482472398222418
 515.5733340303486 0.08466143727955897
 521.9880928585636 0.07523773002335052
 528.4732834274572 0.06645334148035802
 535.0302733436446 0.05833816581886702
 541.6590626071256 0.05082401378640135
 548.360335021208 0.04391196882124032
 555.1354581925068 0.03771354869419356
 561.9851159243295 0.03222113897826456
 568.9093082166763 0.02728341028947801
 575.9094026761622 0.02291604923924354
 582.9860831060946 0.019226282537654945
 590.1400333097813 0.01614790755198816
 597.3726208938374 0.013582227988339177
 604.6831620549553 0.01144515309773436
 612.0737082030575 9.616915988664545E-3
 619.5449431414518 8.026430966388358E-3
 627.0968668701381 6.687032765350027E-3
 634.7315307990391 5.610456578015704E-3
 642.4482511248473 4.734490372742244E-3
 650.2490792574852 3.992712362477637E-3
 658.1346990002605 3.3423361275161543E-3
 666.1051103531732 2.7756470560256515E-3
 674.1616809228383 2.3351146952203492E-3
 682.3050945125635 2.0105111315888352E-3
 690.5387701388867 1.7502374747693698E-3
 698.8538183588092 1.515481208664532E-3
 707.2645990417901 1.3057335347198451E-3
 715.7642741547538 1.1278470103081505E-3
 724.3596817307758 9.617305912598704E-4
 733.0371457037049 7.825900961426396E-4
 741.817180172768 5.937836143904023E-4
 750.6861090718137 4.103185450221309E-4
 759.6507704339177 2.598269045552423E-4
 768.7111642590802 1.6657854532066155E-4
 777.8672905473009 1.1228652814072462E-4
 787.1191492985799 9.468548034276775E-5
 796.4735785459928 7.179384783669088E-5
 805.9305782895398 7.265548153405113E-5
 815.4764724630694 7.352521446356297E-5
 825.1317751658084 8.321049332047002E-5
 834.8896483646814 7.76469998072397E-5
 844.7500920596883 5.170203994748561E-5
 854.7062682177536 1.687705534730612E-5
 864.778690938104 -6.898343076063459E-6
 874.9468461215127 -1.880360878790615E-5
 885.2312478672063 -2.585646467802052E-5
 895.6182201090342 -2.3864108634331762E-5
 906.1146008800712 -2.1850766615199326E-5
 916.7203901803178 -8.213242005292133E-6
 927.4355880097742 8.819096516732872E-6
 938.2670324015155 2.1799341720091905E-5
 949.2078853224663 2.668067090027039E-5
 960.2649848057023 2.5079570649528727E-5
 971.4383308512232 1.9917050812699204E-5
 982.7210854259539 1.3839777964811736E-5
 994.1269245960451 8.761196133030303E-6
 1005.6421722953457 5.106692406402229E-6
 1017.2873426230828 2.1438211438977975E-6
 1029.0419214800294 -1.7938651719656472E-7
 1040.9264229654122 2.240558738149645E-7
 1052.9271710130801 6.314444792380028E-7
 1065.0510036561088 2.849559983905694E-6
 1077.3047589275736 4.580930547965938E-6
 1089.6747607613235 5.344013774300214E-6
 1102.1746852235098 5.1994364308100954E-6
 1114.8045323141325 4.6007885390590535E-6
 1127.557464000116 4.102539466749851E-6
 1140.447156347611 3.6609110971247487E-6
 1153.459933290467 2.946811898993258E-6
 1166.6094708948346 2.0855704453225067E-6
 1179.888931127639 1.3753258966909922E-6
 1193.298313988879 9.152379018675551E-7
 1206.851295544707 6.548296691112025E-7
 1220.534199728971 4.820062737793681E-7
 1234.3538645747471 3.214635849334902E-7
 1248.310290082035 1.8942881363323635E-7
 1262.4103142839103 5.215596927876941E-8
 1276.6470991472976 -5.145280170723488E-8
 1291.0274827052724 -8.807919646007001E-8
 1305.5514649578346 -1.0702288708158303E-7
 1320.2190459049841 -1.733229296351742E-7
 1335.0302255467213 -2.671801584134652E-7
 1349.985003883046 -3.1367956000002443E-7
 1365.0833809139583 -2.455687366852265E-7
 1380.339032705609 -1.767484256275662E-7
 1395.7382831918471 -8.841220193576263E-7
 1411.2879704057486 -1.2576667290463678E-6
 1426.988094347313 -1.6767242900758437E-6
 1442.8386550165405 -2.0177666103603076E-6
 1458.8464904465067 -2.073909296321412E-6
 1475.0116006372115 -2.1306035763778205E-6
 1491.3271475555795 -2.159000996501032E-6
 1507.7999692346861 -2.158938526137626E-6
 1524.436903707607 -2.1588754334044725E-6
 1541.2242749081908 -1.8958875360024432E-6
 1558.1825969356643 -1.5635694554107876E-6
 1575.2913556908013 -1.226909605017467E-6
 1592.571065272828 -8.750891610376109E-7
 1610.0080496155933 -6.839834562818807E-7
 1627.6091467521732 -7.631156725594539E-7
 1645.3811947156425 -1.0194542758560233E-6
 1663.3173554729262 -1.0941424807662924E-6
 1681.4244670571 -9.765957750719858E-7
 1699.6956914350878 -8.579836913804503E-7
 1718.1447046730411 -4.6285043038375115E-7
 1736.7578307048088 -2.44210446248553E-7
 1755.5487455965417 -2.776809048323848E-7
 1774.5106113151646 -5.418718835973022E-7
 1793.6434278606773 -8.445107758632005E-7
 1812.9540332661554 -1.2210149702634117E-6
 1832.449265564675 -1.671289167870475E-6
 1852.115448690084 -1.9695830172505894E-6
 1871.9594206754582 -2.21011433194914E-6
 1891.9811815207986 -2.262667372884605E-6
 1912.1875692591795 -2.07213456882532E-6
 1932.5785838906015 -1.8798608558964572E-6
 1953.1473873819891 -1.4562418015053375E-6
 1973.907655799493 -1.0675228366615644E-6
 1994.845713076963 -8.789728888066429E-7
 2015.9752352805494 -8.14058285837362E-7
 2037.2893843771764 -7.887720981951302E-7
 2058.7881603668447 -6.496273628022883E-7
 2080.4852393157057 -3.6085640461438406E-7
 2102.366945157607 -1.1897098655426117E-7
 2124.4401159256253 2.3414918964199284E-8
 2146.7047516197603 5.908044911742198E-8
 2169.160852240012 -2.8979883942203022E-9
 2191.8152558194556 -1.737465738970031E-8
 2214.661124325016 6.711564471499921E-9
 2237.7052957897685 3.10068556035696E-8
 2260.9477702137137 2.349658620784491E-7
 2284.381709563775 4.329086268652574E-7
 2308.0207899061047 1.0473645756775461E-6
 2331.8581732076263 1.7606900926209416E-6
 2355.89385946834 1.833318109999273E-6
 2380.134686721322 1.9065659966582165E-6
 2404.5738169334954 1.639187090884734E-6
 2429.211250104862 1.5707061561119366E-6
 2454.060662301571 1.7979179613692847E-6
 2479.1152154905485 2.027005483235804E-6
 2504.368071638718 2.3187062501725E-6
 2529.832906812231 1.9715568292822655E-6
 2555.502882978012 1.5327790313086776E-6
 2581.3780001360605 1.157755124778221E-6
 2607.4650963194526 6.855352776422328E-7
 2633.7573334951125 8.050673097653145E-7
 2660.261549696116 9.255630591824982E-7
 2686.970906889387 1.0426319806576886E-6
 2713.8990811410776 4.73333174840017E-7
 2741.0323963850355 -7.884714488162126E-8
 2768.384528687413 -2.4849259994395826E-7
 2795.948640015133 -2.92195224289699E-7
 2823.7178923351216 -2.1310795861364247E-7
 2851.7059617135287 -1.333974985269393E-7
 2879.9128481503553 2.844856656898899E-7
 2908.3317136125247 4.0214945360108206E-7
 2936.962558100038 1.9993313198308564E-7
 2965.8122196459703 2.0935213967059644E-7
 2994.880698250321 2.1884258804215546E-7
 3024.161155880016 3.314792223371937E-7
 3053.66043056813 1.6345543486485024E-7
 3083.3785223146624 8.506529791102459E-8
 3113.3085930865386 6.331355019729644E-8
 3143.464318949909 4.1397807127262133E-8
 3173.832023838623 -3.3688644268634916E-7
 3204.425383818832 -3.170450496789911E-7
 3235.2307228243844 -2.970661771939332E-7
 3266.254878888355 3.338055550156712E-7
 3297.504690043821 8.433681374537074E-7
 3328.9664802246302 1.0755429837808045E-6
 3360.653925496934 1.1082900480819675E-6
 3392.560187827657 9.684449201236918E-7
 3424.6852672167983 7.493891641769953E-7
 3457.0291636643596 4.628459666559891E-7
 3489.5918771703395 3.8073664196321886E-7
 3522.3734077347385 3.62839658027252E-7
 3555.380593390632 3.44819478332026E-7
 3588.599758071869 2.9168590049375614E-7
 3622.0445778446005 1.7534478959299515E-7
 3655.7013766426753 1.5812263388978493E-7
 3689.5838305322454 1.4078501066560622E-7
 3723.678263447158 9.339501237750625E-8
 3757.998351453565 7.557014098823629E-8
 3792.530418485316 8.680561805000396E-8
 3827.2881406085625 9.811451506088824E-8
