 0.0E+0 0.0E+0
 0.257209777409705 0.010721653931962718
 0.7746532234858269 0.09808269413384402
 1.2981846668454102 0.27590913058917826
 1.8278780507752985 0.5447919596123395
 2.3637917515545794 0.9008151342353156
 2.9060165767284984 1.334660350020477
 3.4546173888293756 1.831983681239608
 4.009665536642761 2.3748292986694803
 4.571238855207438 2.943561455745518
 5.1394151795621905 3.518797103446647
 5.714278830999031 4.082974207850689
 6.295888185797048 4.621383445620391
 6.8843145927417914 5.1226543703949154
 7.4796877768979 5.5787920887758355
 8.08206611454446 5.984902661980565
 8.691514468213793 6.338745239659101
 9.308097700438214 6.640209793853458
 9.932010398814683 6.890803183645358
 10.56318770081088 7.09317865465018
 11.201759331491443 7.25073292711368
 11.847855015921011 7.367280827521951
 12.5015396166319 7.44680432006869
 13.162942858688753 7.493280653463683
 13.832064742091566 7.510564997777616
 14.509034991904977 7.502323903724633
 15.193983333193625 7.471989719651171
 15.88697462848983 7.422735966231074
 16.58807374032591 7.3574563787593154
 17.297410393766504 7.278753380413541
 18.015114313876246 7.188940178024692
 18.741185500655141 7.090054908528756
 19.475818541700146 6.983884216386324
 20.219013437011255 6.8719962619699934
 20.971029636717755 6.755767966582532
 21.731802278287315 6.63640282650722
 22.50146108678458 6.5149434876316174
 23.280200649806502 6.39228327218602
 24.068085829885404 6.269173513940663
 24.865181489553606 6.146232465230879
 25.671682216408061 6.023955251867597
 26.487588010448774 5.902740594212844
 27.313028596740377 5.78290809728743
 28.148198562879834 5.664716588763945
 28.993162771399457 5.548368834450672
 29.847986084831568 5.434030924169903
 30.712863090773126 5.321849561865616
 31.58785865175645 5.211954161374106
 32.47310249284617 5.1044466819364364
 33.36872433910693 4.999400789890193
 34.27485391560337 4.898778465335939
 35.19155608486781 4.796982093616163
 36.11902543449721 4.699800842823799
 37.05732682702387 4.605445633935116
 38.00665485004477 4.51399851637021
 38.96707436609221 4.425496113720808
 39.938715100230844 4.3399134339221685
 40.92170677752531 4.257157005604272
 41.91624398557254 4.17708085834286
 42.922456449437206 4.099525451598855
 43.940409031651604 4.024340204252618
 44.97023145728038 3.9513815036218455
 46.01211831392049 3.880514958415002
 47.06619932663657 3.811627606595222
 48.13260422049326 3.744638446627726
 49.211462720555203 3.6795196047631555
 50.30296941441935 3.6163177642922565
 51.40718916461802 3.555124143631624
 52.524316558748175 3.4960025589968877
 53.65454618440676 3.4389388115420422
 54.79794290412611 3.3838285318897995
 55.954701305503164 3.3305041631784302
 57.124951113602584 3.2787825874492897
 58.30888691602131 3.228501015718828
 59.50663843782397 3.179534435269069
 60.71840026660755 3.1317968147157233
 61.94423726490435 3.0852532594778292
 63.18440888284364 3.0399068608170645
 64.43910970802239 2.9957417432709192
 65.70833974044059 2.9527221739501823
 66.99261788035682 2.9108304435930443
 68.29181440270641 2.870078183726492
 69.60592930748936 2.8304811126302382
 70.93561122002887 2.7920312663758943
 72.28021151500177 2.754710830913121
 73.6410274430544 2.7185227403207976
 75.0174103788636 2.6835048232587643
 76.41000894775254 2.649727235648802
 77.81882314972124 2.617230321075505
 79.24450161009288 2.5859739979256075
 80.68639570354428 2.5558579311802813
 82.14450543007541 2.5267239949456246
 83.62012804033267 2.4983639744097194
 85.11326353431608 2.4706121465101356
 86.62326328670241 2.443392015618942
 88.15077592281489 2.4166814189617444
 89.69645006797667 2.3905195474492915
 91.2596370968646 2.3650008155483863
 92.84163426012502 2.340209368449754
 94.44179293243478 2.316127392103054
 96.06011311379385 2.293060924305933
 97.69724342952543 2.269726349267882
 99.35383250495272 2.2473379127716146
 101.0292317147525 2.225533567549444
 102.72473830957118 2.2043940531648233
 104.43970366408557 2.183987796528766
 106.17412777829566 2.1643236522721762
 107.92865927752463 2.1453423100862742
 109.70394678709567 2.1269093786795223
 111.4999903070088 2.1088586634411
 113.31614121194085 2.091056611387721
 115.15434537786132 2.0734679611785646
 117.01265692880068 2.056140653566753
 118.8936703660517 2.039119957197855
 120.7954398136448 2.0224013137707563
 122.71991114754957 2.0059387735144307
 124.66643574244279 1.9896922548156132
 126.63566222364766 1.9736514883982254
 128.62759059116416 1.9577915869860567
 130.64222084499232 1.9420778131809433
 132.68085023577853 1.9265378835494444
 134.74218151287638 1.9112017676115438
 136.82816055225544 1.8960809921056973
 138.93749010326934 1.881281183871569
 141.07211604188765 1.8669338001218167
 143.23074111746402 1.853049686469442
 145.41401395532156 1.8395573771360205
 147.62323180610673 1.826335422213645
 149.85774604449633 1.813185980955007
 152.1175566704903 1.7999493556382337
 154.4039609347351 1.786605846019419
 156.71631021190748 1.7733016844941498
 159.05590175265382 1.7603194333373817
 161.422086931651 1.7478810346586475
 163.8155143742221 1.7359919898558462
 166.23618408036722 1.7245318969063847
 168.6853933007327 1.7133309983893734
 171.16184478467215 1.7022120968981928
 173.66748440815513 1.691019529069429
 176.2023121711817 1.6796831389813005
 178.7656794484286 1.66823572544414
 181.3582348652191 1.656744510300849
 183.98127567219947 1.6453168494018597
 186.6341532440466 1.6339824502958282
 189.3175162060837 1.6225243483284632
 192.03136455831068 1.610744650358192
 194.77699555137397 1.5987222621491674
 197.5537605599504 1.5866678610437967
 200.36230820936313 1.5746299641321233
 203.2026384996122 1.5624955569830183
 206.0760486813439 1.5504321089796024
 208.98253875455833 1.53822978155222
 211.92146009393223 1.52649692405549
 214.89475857543527 1.5150484102387495
 217.90178557374417 1.5036377250818493
 220.94318971418206 1.4919998059945798
 224.01961962207232 1.47998553889674
 227.13107529741478 1.4675233008271093
 230.27755674020951 1.4545638411759236
 233.46036120110287 1.4411431024094574
 236.68013730541807 1.4274147045147622
 239.93558780250873 1.4135551113787381
 243.2286585683444 1.399451046598927
 246.5593496029251 1.3848301647821863
 249.92766090625082 1.3697062456203976
 253.3342411036447 1.3543625325139696
 256.77973882043005 1.3390852553364576
 260.26480268192995 1.3242026641625128
 263.78878406282126 1.3098656544773705
 267.3529802137504 1.2960073188037233
 270.95803976004043 1.2826206363099661
 274.6039627016915 1.2698429847607821
 278.2907490387035 1.257793613504919
 282.02034464704604 1.2464583236963706
 285.79145227607273 1.235660651448237
 289.60536917643 1.225349040803063
 293.46209534811777 1.215596581761509
 297.3629280417825 1.206146804392942
 301.30786725742416 1.1963261280174384
 305.2975616203659 1.1858691232849285
 309.3326597559309 1.1748985499599631
 313.4125130387961 1.1635470703233115
 317.53906734493085 1.1518279401241966
 321.7116740490122 1.1396394096986168
 325.9316304016864 1.1268852307804693
 330.1989364029535 1.1136559930551606
 334.5142406781366 1.1000285065162163
 338.878191852559 1.0862886342773314
 343.2914385515438 1.072902947274623
 347.75398077509106 1.0600894580476956
 352.26711577384713 1.0477057589823588
 356.830843547812 1.0355317941626456
 361.4451640969857 1.0232441337863491
 366.1120232973379 1.0106530058230804
 370.8307725235452 0.9979491777942768
 375.60270902625404 0.9855447305997205
 380.4278328054645 0.973614870663934
 385.3067924864998 0.9617004146422653
 390.24023669468294 0.949393787541783
 395.22881405533735 0.9371314859900886
 400.273173193786 0.9253032571821822
 405.3739627353523 0.9133427079542823
 410.5318313053592 0.9012124399521684
 415.7467789038069 0.8881879590172407
 421.0194541560184 0.8743264272933853
 426.3511543126403 0.8599864311350977
 431.7425279989957 0.845034941501749
 437.1929265897613 0.8293249924780323
 442.7042959609068 0.8130636462020199
 448.2772847377554 0.7962481781718951
 453.91124429498376 0.7793469407288086
 459.60812050856156 0.762931555311619
 465.3679133784889 0.7464840522095513
 471.1912715300888 0.729331584262402
 477.0788435886845 0.7112065215609419
 483.03127817959915 0.6919595404479077
 489.0498725534793 0.6717894771616555
 495.1346267103247 0.6510320741568328
 501.2861892754588 0.6301383412726419
 507.5058574995278 0.6093513879019609
 513.7936313825317 0.5885897933558818
 520.1501595497938 0.5676757838908623
 526.5767392519605 0.5462113726645955
 533.0740191143547 0.5241439558343123
 539.6419991369768 0.5018247688390292
 546.2819765704729 0.4796428076650582
 552.9946000401662 0.45755984545613964
 559.7805181713801 0.4351053135936835
 566.6410282147608 0.41268110753221826
 573.5754815449852 0.3906573875195341
 580.5858240380228 0.3687606397703632
 587.6727043191968 0.34697777095770554
 594.8361223885073 0.32563745031033825
 602.0780241219237 0.3048418152098296
 609.3977608941229 0.2842850717638099
 616.7972785810746 0.2633877551118446
 624.2772258081018 0.2422719491324564
 631.8376025752045 0.22175714205670826
 639.4797061330291 0.2020182940560741
 647.204185106899 0.18336638081580197
 655.01428262343 0.16624179185743506
 662.9015665534204 0.15046920024963963
 670.8796580286574 0.13592121457477673
 678.9420707959093 0.12219921925935101
 687.0952911084077 0.10883264044534562
 695.3263464596889 0.09599798917449937
 703.6546956094486 0.08424663126254855
 712.0673660512231 0.07395726722259349
 720.570844038244 0.06484792159545472
 729.1651295705117 0.05649361925255984
 737.8502226480258 0.049122000104905055
 746.6261232707867 0.04167330652254731
 755.4993176920259 0.03524276652937035
 764.4698059117438 0.029439568228745396
 773.5246154234763 0.024388287894414956
 782.6832049869192 0.020163875523472245
 791.9390883488406 0.016641823478662845
 801.2922655092405 0.013660948660680424
 810.7362502148871 0.01112014218739246
 820.2905012254758 8.957586684405081E-3
 829.9355597813114 7.173472342902806E-3
 839.6908846420889 5.764333282209144E-3
 849.5435033013454 4.567271486306921E-3
 859.4999020123118 3.534435691480471E-3
 869.5600807749888 2.751074406901758E-3
 879.7240395893764 2.212407703710374E-3
 889.9982647087061 1.7725928948676716E-3
 900.3762698797461 1.3480602882634576E-3
 910.8645413557286 9.819045342012266E-4
 921.4630791366534 7.097778871179215E-4
 932.1653969692886 4.5436819636635966E-4
 942.9844673600979 1.6768277562888251E-4
 953.9073178026176 -6.20659956634999E-5
 964.9534070565435 -1.915246500135558E-4
 976.1032763621797 -2.5834036400385756E-4
 987.376384479222 -2.953908013365919E-4
 998.7597589012067 -3.0776326537389366E-4
 1010.2598858813656 -3.0188457146803515E-4
 1021.8832516729304 -2.9594287971434173E-4
 1033.6168837694376 -2.71634271971328E-4
 1045.473754677351 -2.550804871012745E-4
 1057.4538643966704 -2.361799263942388E-4
 1069.5507266741642 -2.0538552680908988E-4
 1081.7773140162958 -1.6779023102842007E-4
 1094.1206539166016 -1.379512670755629E-4
 1106.5937188815455 -1.1870226878329897E-4
 1119.1900226578954 -1.0306374886202E-4
 1131.9095652456514 -8.421740574113745E-5
 1144.7653191512777 -6.518620517198904E-5
 1157.7443118683097 -5.104286460271906E-5
 1170.8530296499798 -3.916211171640872E-5
 1184.0914724962876 -2.6863602583455054E-5
 1197.4661266604657 -1.7141846057662647E-5
 1210.9705058892816 -1.1524817681659487E-5
 1224.6110964359675 -7.463456265595545E-6
 1238.3878983005233 -3.0198992721487686E-6
 1252.300911482949 6.862256691917803E-7
 1266.3501359832446 2.7861185734909104E-6
 1280.53557180141 4.857622221253871E-6
 1294.8572189374453 7.2458958885036515E-6
 1309.3280498978147 9.250687018022046E-6
 1323.9350921760535 1.0237466471887407E-5
 1338.6848320253941 1.1032247139071129E-5
 1353.577269445837 1.0871797559484684E-5
 1368.6124044373812 9.641584392236222E-6
 1383.7967232532594 7.58896987275152E-6
 1399.1302258934713 5.1658936288717605E-6
 1414.6064261047847 2.860520945718961E-6
 1430.2318101404321 1.0868598365620642E-6
 1446.012864253645 -6.304026179488656E-8
 1461.9366159379596 -9.670626009774703E-7
 1478.0225239530718 -1.7686898888323937E-6
 1494.2511295392857 -1.5615818315463407E-6
 1510.6418914562973 -1.352404349227453E-6
 1527.1818371976426 -3.5750367938904596E-7
 1543.8774530165535 5.471394322930556E-7
 1560.7352251662616 1.0642834094404416E-6
 1577.7486673935356 1.1536935951374753E-6
 1594.9242659516071 1.009863005084757E-6
 1612.2555345872442 8.004696365541372E-7
 1629.7554458069105 5.900789431757931E-7
 1647.4110271041427 4.3996360855730896E-7
 1665.2352509854038 3.6309396939943114E-7
 1683.221631197463 3.2417697587204796E-7
 1701.3701677403191 2.886965955843292E-7
 1719.687346867205 2.470118330555851E-7
 1738.1796548313525 2.1739012192548016E-7
 1756.834119126297 1.9099350838438226E-7
 1775.6572260052707 1.5823463296140547E-7
 1794.6489754682745 1.241417261815681E-7
 1813.8158537685392 8.483633920192887E-8
 1833.157860906065 7.329672011921465E-8
 1852.6685106276206 7.821750572290004E-8
 1872.3607754396691 8.318409651172606E-8
 1892.2216828357472 9.449140254296076E-8
 1912.2642053223187 7.819997147957968E-8
 1932.4818566461513 3.428003499557898E-8
 1952.874636807245 -1.29308942975226E-8
 1973.4555183120642 -3.3427922427088525E-8
 1994.2115286541443 -2.455718551888321E-8
 2015.1491540867177 -1.5608829662731024E-8
 2036.2683946097843 1.1036771383914887E-8
 2057.569250223344 5.12275329076857E-8
 2079.0582071806293 9.476818573040874E-8
 2100.7287792284073 1.107096388171498E-7
 2122.5874526199104 1.0254386152112022E-7
 2144.634227355139 7.820421017567535E-8
 2166.8626171808605 4.063623119331695E-8
 2189.2855946035392 -1.4541951427281467E-8
 2211.896673369943 -3.7384092648224264E-8
 2234.695853480072 -6.041625741919786E-8
 2257.6896211871576 -2.3290197870941354E-7
 2280.8714902379683 -2.2065908200805477E-7
 2304.2414606325046 -2.0831684451085376E-7
 2327.8125048772294 -1.4421370216299105E-7
 2351.578136718911 -9.368645896005794E-8
 2375.5318699043182 -9.177982115214356E-8
 2399.686676939914 -8.494707448249967E-8
 2424.0360715724673 -5.0601370086112065E-8
 2448.5800538019766 -1.8603696893313035E-8
 2473.325109881676 -2.1549100793412124E-8
 2498.2647535583314 -5.9181937589403333E-8
 2523.4054710851764 -1.0589648675285702E-7
 2548.740776208978 -1.376493503588555E-7
 2574.2836414362004 -1.2326822217174156E-7
 2600.0210942603803 -1.0877753739610204E-7
 2625.9661071879804 -5.032754350707792E-8
 2652.11219396577 -2.232691672130272E-8
 2678.452868340516 -7.041174726223148E-9
 2705.001102818683 1.4574070160044893E-8
 2731.756897400271 3.9285378657451196E-8
 2758.7137658320475 6.842343727293374E-8
 2785.871708114013 9.1624016324212E-8
 2813.2372104993996 8.839372122404686E-8
 2840.8102729882066 4.432135253099812E-8
 2868.584409327203 -2.762089515352574E-8
 2896.56610576962 -3.215651428016561E-8
 2924.7553623154576 -2.244032984889136E-8
 2953.1456927114845 -1.2654839914310604E-8
 2981.7500694641635 2.0490579967285416E-8
 3010.555520067032 6.001293160121545E-8
 3039.575017026553 7.453919985294296E-8
 3068.795587836263 5.8032899905899333E-8
 3098.2237187493933 3.7247096065407864E-8
 3127.865896019177 3.508774568527472E-8
 3157.7091471391495 3.291374763297872E-8
 3187.766444615774 2.1895439464356166E-8
 3218.03130219582 -7.679110539301034E-9
 3248.5037198792865 -4.640304953554856E-8
 3279.183697666174 -6.001381182487932E-8
 3310.0712355564824 -6.040360960574914E-8
 3341.166333550211 -5.161984549600886E-8
 3372.475477900593 -4.2775617428066243E-8
 3403.9856961011637 -7.35588979021469E-9
 3435.709960658387 1.542932848024837E-8
 3467.6352990657992 1.753368128923297E-8
 3499.7746838298644 2.2428230988956812E-8
 3532.1151424441177 3.388114068459001E-8
 3564.669647415024 3.025346599165747E-8
 3597.4252262361196 1.3147057843490757E-8
 3630.394851413868 -5.4673170011732725E-9
