 0.0E+0 0.0E+0
 0.22087257712954316 0.2208725771295432
 0.6652144237132979 0.665230030046256
 1.1147841883921485 1.1143003970212652
 1.5696453681470068 1.567106604922765
 2.0298480921733306 2.0222931921403972
 2.495470339219607 2.4783337427941032
 2.966567808391901 2.933726078376655
 3.4432017687068805 3.387126532799139
 3.9254390590918224 3.8374200253288504
 4.413346518474003 4.283737511497732
 4.906996555691303 4.725442356312758
 5.40643929993918 5.162099633583689
 5.911736020234304 5.593440577776244
 6.422998114788802 6.0193275744735714
 6.940275712798129 6.439722921095713
 7.463624513368351 6.85466243509363
 7.993100215605527 7.264232563097084
 8.528869916827851 7.668552876145377
 9.07087791792926 8.067764220305067
 9.619235617121873 8.462019560329136
 10.174054412617826 8.851476169836836
 10.735390003523179 9.23628836010186
 11.303353788050057 9.616602901881906
 11.87794576619846 9.99255606307311
 12.459277336180515 10.364275763143194
 13.04745989620835 10.731883996868737
 13.642549145388026 11.095499258072467
 14.244600782825607 11.455234923798406
 14.85372620673322 11.811199254311864
 15.470036815322992 12.163494854491159
 16.093532608594923 12.512221366869039
 16.7243806838672 12.857473047895404
 17.362581041139826 13.199334459071014
 18.00835647683705 13.537875619472944
 18.661651291852816 13.873155776012553
 19.322576884399243 14.20522609647693
 19.991300351794524 14.53413128535374
 20.667877393144724 14.85990365914009
 21.352363707555905 15.182556683043108
 22.04492639234625 15.502079854201236
 22.745565447515776 15.81844220263808
 23.45439227127659 16.131601716907397
 24.171573960946894 16.441509922263527
 24.897166215632747 16.748103532232963
 25.63122473444021 17.051309296088934
 26.373916614687477 17.351048038413523
 27.12529755548061 17.64723762144325
 27.885478955031736 17.93978702037792
 28.654572211552977 18.228593899643367
 29.43268872325647 18.513549998974276
 30.21988418924827 18.79455028975505
 31.016325706846561 19.071492705715652
 31.822068975157417 19.34427410336948
 32.63728109149903 19.612794570879646
 33.46201775497745 19.876953119192684
 34.29639036380481 20.136636909872862
 35.14051031619324 20.39172529466431
 35.99454470946093 20.64210139556916
 36.858604941820004 20.887652643455812
 37.732746712376524 21.128273740404523
 38.61708141934261 21.363876893264823
 39.51177616003647 21.594379156360798
 40.41694233267021 21.819684926721837
 41.33269133545597 22.039705333980897
 42.25913456660587 22.254375475839616
 43.196439123438103 22.463639067732202
 44.14466070505874 22.66743309248929
 45.10396640878596 22.865701265545084
 46.07452333193794 23.058401306149207
 47.05638717362078 23.245488509813991
 48.049725031152625 23.426909554319202
 49.05464830274564 23.60261946587304
 50.07132408571799 23.7725783874624
 51.099863778281815 23.936752656069462
 52.140434477755306 24.095111301717835
 53.19309188324451 24.247629279122257
 54.258058791173695 24.39431224366972
 55.335502298861044 24.535201398894042
 56.42542240630656 24.670351952144443
 57.52826470635875 24.79983634623528
 58.64391780080549 24.923750992049583
 59.772381689646763 25.042196340032536
 60.914213363943225 25.1552550665559
 62.068855832634234 25.26299988373817
 63.23742307784104 25.365519123338113
 64.41935810850305 25.462917006058894
 65.61521791568084 25.555319296935095
 66.82500249937445 25.642885962627396
 68.04926885064451 25.725781009358627
 69.28745997843038 25.804152015798901
 70.53957588273205 25.878144406185214
 71.8067305456708 25.947918416482387
 73.08892396724663 26.0136542111618
 74.38559915639891 26.075535994256963
 75.69731310418825 26.1337385441564
 77.0246228016753 26.188418326566946
 78.36697125779943 26.2397202271173
 79.7254724546819 26.28778509187402
 81.09956940126209 26.33277154097708
 82.48926209753996 26.37483173126703
 83.8951075345762 26.41409708316544
 85.3176627034314 26.450690130057175
 86.75637061304494 26.484717247078553
 88.21234524553807 26.51626461155519
 89.68502960985019 26.545420285941705
 91.17442370598128 26.57229414632827
 92.68108452499197 26.597016266615742
 94.2055690579429 26.61971295044698
 95.74787730483406 26.640491380870727
 97.30745227460486 26.659454432069445
 98.88596494043712 26.67670605544216
 100.481744329149 26.692355319166615
 102.097018404983 26.706518562632393
 103.73011619475726 26.7193153568788
 105.38270867165365 26.73086338781613
 107.05423884461155 26.74125314163629
 108.74526370469158 26.750567294711043
 110.45578325189372 26.758882060112735
 112.18579748621802 26.76625372240717
 113.93642038978571 26.772749338325837
 115.70653798047555 26.778449699111511
 117.49782123146939 26.78342590105783
 119.30915616064603 26.78775469584542
 121.1422137411873 26.791502062989213
 122.995879990972 26.794710821847875
 124.87071190106072 26.7974119423978
 126.76782345357474 26.799623468016545
 128.68665765745342 26.801361018344376
 130.62721451269678 26.802652601012116
 132.59060800142606 26.803542651203294
 134.57628113258061 26.804083144617422
 136.58534788828174 26.804327134170588
 138.61725127746882 26.80432524904159
 140.67254829120244 26.80412488675952
 142.75123892948263 26.80376482712091
 144.85443717443064 26.803275770798013
 146.98102904392521 26.802684378900941
 149.13268551114825 26.802010579936244
 151.30940657609974 26.801272686585612
 153.51063524771907 26.80049735995917
 155.73692851706684 26.799708837429736
 157.98940036626433 26.798923815854163
 160.26749380425093 26.798159800001705
 162.57176582208725 26.79743995002863
 164.9022164197733 26.796792812174043
 167.25995957943032 26.79624531685221
 169.64443830999772 26.795819816306956
 172.0562096025361 26.795532468786841
 174.49527345704544 26.795392430632706
 176.96274385564706 26.795402125581837
 179.45862079834094 26.795558052680384
 181.98234729406641 26.79585267141235
 184.53559431600544 26.79627467100375
 187.11780487309735 26.79681004763917
 189.72953595640274 26.797441565853485
 192.3713445569823 26.798154413918854
 195.04323067483602 26.798937281061292
 197.7451943099639 26.799782626764802
 200.47834944448715 26.800683718425823
 203.2432530694665 26.801631130399368
 206.0387912027806 26.802615706344585
 208.86663481761138 26.80362694339992
 211.72678391395885 26.8046562238328
 214.619238491823 26.80569546851896
 217.54455554226444 26.806738483463114
 220.5032920563439 26.80778069049484
 223.49600502512186 26.808820473789282
 226.5221374575378 26.80986052638787
 229.58280333571295 26.81090919671902
 232.6785596507079 26.81197402529872
 235.80940640252276 26.81305662795183
 238.9753435911574 26.814147579033363
 242.17804218979384 26.81522775794919
 245.4163882163107 26.816275081759627
 248.69149565282933 26.81727177639126
 252.0033644993497 26.818208416199102
 255.35310873799306 26.81908607839972
 258.74072836875944 26.819915804462965
 262.1667803827095 26.820717792199523
 265.6318217709037 26.82151412454909
 269.13529554228165 26.822324460714067
 272.6788726700251 26.82316145798916
 276.26199616307343 26.82402996384893
 279.88578000354794 26.824931594118236
 283.55022419144864 26.82586634879708
 287.2558857178361 26.826831534844032
 291.0033215737711 26.82782122756796
 294.79308875031404 26.828827617148725
 298.6251872474651 26.82984343237448
 302.5007310473454 26.83086517229137
 306.41972014995513 26.831889335945547
 310.38215455529416 26.832909460037583
 314.38970523654444 26.83391665753078
 318.4418152026453 26.83490688886299
 322.53959843571794 26.835880961946646
 326.6830549357625 26.836835914436182
 330.8727416938396 26.837764205815602
 335.10921570100975 26.838657487656494
 339.3930339483337 26.839506334313856
 343.72475342687204 26.840294048930857
 348.10493112768534 26.84099639413467
 352.5341240418344 26.841582669253035
 357.012332169319 26.842018672659847
 361.5401125011999 26.842270741337287
 366.1185790195984 26.84231840817052
 370.7482887155751 26.8421670592424
 375.4286845980693 26.8418500882666
 380.161437640263 26.841411661122503
 384.9471048332167 26.840893250648065
 389.7851291858699 26.840327173340394
 394.6771816714044 26.8397293181439
 399.62326228982033 26.839103993924865
 404.6239280321782 26.8384652044987
 409.6797358895386 26.83785011383708
 414.79124285296234 26.837287806787404
 419.9595629045706 26.836758085538981
 425.1846960443633 26.836210051608862
 430.46719926340114 26.835619736928357
 435.8081865438054 26.83500599278745
 441.20765788557605 26.83440706037439
 446.66617027977383 26.833856602706983
 452.1848377085198 26.833374278987648
 457.76421716287472 26.83295174078797
 463.4043086428386 26.832555325090112
 469.1062261305327 26.832149483747265
 474.87052661701756 26.831730715805576
 480.6977670933539 26.831318949771596
 486.58906154166305 26.83090287487133
 492.54385297088424 26.83041785811057
 498.5638123541994 26.829790110154252
 504.6494966826692 26.828968463215286
 510.80090595629366 26.827944030256972
 517.0197111482546 26.826794909480646
 523.3053552674914 26.82563824818833
 529.6595092871861 26.82450232331499
 536.0827301983992 26.823345662022674
 542.5750180011306 26.82220111941677
 549.1374866775018 26.82118288045373
 555.7706932185733 26.82036069490648
 562.4774225796482 26.81970628584005
 569.2504338769385 26.81914882626494
 576.1014239227171 26.818634993960923
 583.0248228063782 26.81812843286876
 590.0262004385277 26.817664152526976
 597.0944169979531 26.817388654389134
 604.2461822164732 26.817429857922945
 611.4703562728758 26.817783723566275
 618.7725090777668 26.81835114739466
 626.1526406311464 26.8190650726766
 633.6107509330144 26.81993654088194
 641.146839983371 26.820946970024845
 648.7664776928225 26.822035766673234
 656.4696640613689 26.823123486105057
 664.2452592677975 26.82408894145615
 672.1099730439272 26.824813100295507
 680.0582354791518 26.825249642310605
 688.0900465734713 26.825414995054142
 696.1998364162794 26.825386718119172
 704.4043147393949 26.82528492115328
 712.686771810999 26.82519120331167
 721.0639173629105 26.825152692819283
 729.524611573917 26.825203591302226
 738.0744243546245 26.825403414976012
 746.7133557050333 26.825698572316262
 755.4414056251434 26.82590836024332
 764.2641440255609 26.82583699464554
 773.1760009956796 26.825299732881124
 782.1825464461058 26.824253486287258
 791.2837803768396 26.8227650422913
 800.4741328772745 26.820864293653077
 809.7647437686232 26.818508151709774
 819.1444732296732 26.81571896870523
 828.6300309922433 26.812702223700217
 838.2047073245146 26.80966420366794
 847.885211958306 26.806628607372946
 857.660405072405 26.803639331390478
 867.5358565774177 26.801038661285723
 877.5171363839506 26.79923540074711
 887.5931046707911 26.79838843921874
 897.7749012591516 26.79834508125179
 908.0625261490326 26.798937550365433
 918.4504094298272 26.80020731939763
 928.9496909227482 26.80205797746533
 939.5492308065832 26.80442192922877
 950.2601689025446 26.80736488489872
 961.0769353000262 26.810837023208812
 971.9995299990279 26.814637443268686
 983.0390928207624 26.81843409307057
 994.1844839440172 26.821943933960621
 1005.4412732793984 26.82521813372593
 1016.8094608269059 26.828522495555198
 1028.2946164971465 26.831808275398635
 1039.8911703795133 26.835102942278776
 1051.6046923846131 26.838546265045614
 1063.4351825124458 26.84223653971118
 1075.382640763011 26.84662296558528
 1087.4470671363092 26.851615864388435
 1099.6284616323403 26.85681424225237
 1111.926824251104 26.862016928982583
 1124.3532948138135 26.86698478250048
 1136.8967334992553 26.87145630848363
 1149.5627102180367 26.874987424400941
 1162.351224970157 26.87756062548315
 1175.2622777556164 26.879444677264537
 1188.3014384850214 26.880427098776614
 1201.468707158372 26.880989136522146
 1214.7585138650613 26.881203233315485
 1228.1764285156962 26.880730604545284
 1241.728021020883 26.880818128391616
 1255.402151559409 26.882128831653481
 1269.2155298630927 26.883942325749512
 1283.151446200116 26.88576632270711
 1297.2266103022973 26.88762209755352
 1311.429882348424 26.8899375745713
 1325.7668322491024 26.89287945302468
 1340.243029914939 26.896100330569755
 1354.8529054353273 26.899046248585275
 1369.6020287208737 26.901101847105472
 1384.484829860972 26.903335455663906
 1399.5124486768347 26.907064779430147
 1414.6737453472492 26.91198873637281
 1429.979859693428 26.917012066544074
 1445.425221804765 26.921166082943138
 1461.00983168126 26.923921872234004
 1476.7392592335193 26.924990471071701
 1492.61907437215 26.924652225068644
 1508.6381372759383 26.92386558766821
 1524.8020178554907 26.922507486877254
 1541.1107161108081 26.919465696586982
 1557.5698019524961 26.9159607031715
 1574.1792753805548 26.913215686046335
 1590.933566484378 26.912739287018133
 1607.8438150851782 26.915042914653636
 1624.898881361743 26.91817438322338
 1642.1099051352848 26.92052702421283
 1659.4713164951972 26.92096356622793
 1676.9831154414803 26.917928777845364
 1694.6564417953472 26.91071142682462
 1712.4801557355845 26.901211992499781
 1730.4598271727991 26.891161831203397
 1748.5954561069904 26.883621315211577
 1766.8870425381592 26.880233199793966
 1785.3401563769111 26.878593945478172
 1803.9492277126403 26.878355072703715
 1822.7198264559526 26.880085351819698
 1841.651952606849 26.88437025003205
 1860.7400362547216 26.889045369946977
 1879.9952172207845 26.892452875262854
 1899.4119255944306 26.894717453797685
 1918.9901613756601 26.89616173191426
 1938.7354944750795 26.896724846876363
 1958.642354982082 26.895943595558783
 1978.710742896668 26.893411328706243
 1998.95179804005 26.88687504786205
 2019.3599505016218 26.876874707832037
 2039.9296303707772 26.866697434980363
 2060.6719774687285 26.86163559431671
 2081.5814218848695 26.861415842136377
 2102.6579636192 26.86443797322424
 2123.907172582327 26.872850496029688
 2145.3234788636432 26.880198459559576
 2166.9124523737564 26.880846674630728
 2188.668523202058 26.87910589265319
 2210.602831169763 26.877438630706567
 2232.7042364556573 26.872518174717765
 2254.9838788809543 26.863983657135737
 2277.436188535047 26.855516196285204
 2300.0555955073295 26.84698410244046
 2322.8532396190144 26.840113884459483
 2345.8291208701016 26.82940338940553
 2368.977669349985 26.81944479151762
 2392.2988850586643 26.80402308979363
 2415.7983379067463 26.79656632739015
 2439.4760278942303 26.782064837921307
 2463.3263851105102 26.796222695304233
 2487.354979466193 26.7997193402913
 2511.561810961278 26.84698410244046
 2535.941309685159 26.892539321892616
 2560.5046154590486 26.94937596118097
 2585.240588461734 26.99629682194007
 2610.1603685144286 27.032192371102564
 2635.252815795919 27.052699881558893
 2660.523500216812 27.034266013000316
 2685.9779916877137 27.007847276614683
 2711.6051503874114 26.976112476454822
 2737.4161161371175 26.950900222627886
 2763.405319026226 26.934370334357247
 2789.572759054737 26.92503140530137
 2815.9184362226505 26.92012037495756
 2842.4423505299664 26.91756737168604
 2869.1445019766842 26.916244819041903
 2896.0304604734114 26.91560710683231
 2923.0890861989346 26.915384930914694
 2950.3315189744662 26.915432867052071
 2977.746618978794 26.915665276527104
 3005.34552603313 26.91602695199057
 3033.117100316262 26.91648153738322
 3061.0724816494034 26.917003987419793
 3089.2005302113402 26.917576258722743
 3117.5123858232864 26.918186232605656
