 0.0E+0 0.0E+0
 0.2802481195860197 0.031550016788560425
 0.8440391006884027 0.09303420835357262
 1.4144633824682213 0.15388443192607226
 1.9916015313304644 0.2144599034224259
 2.575517152331703 0.2749418640982401
 3.1663091866710457 0.3353834786992742
 3.7640483066335712 0.395719726413314
 4.368812251732865 0.4557753152432209
 4.980685828711021 0.5152739233682001
 5.5997538443101344 0.5738494515727376
 6.226108172500805 0.6310595105218366
 6.859812418339603 0.6864010949003979
 7.500944321340116 0.7393282519146103
 8.149645226072499 0.7892710836230258
 8.805978737593321 0.8356557208161141
 9.470015528187664 0.8779244708257883
 10.141826270140603 0.9155552879981966
 10.821622980307373 0.9480800017079531
 11.5093349864029 0.9751007152521435
 12.205103632997332 0.9963038160436952
 12.909070264660832 1.01147140320265
 13.621305553678477 1.0204899577889303
 14.34195084462042 1.0233562007966883
 15.071006137486666 1.020180326211905
 15.808612776847367 1.011186453524245
 16.55491210727268 0.9967106546665122
 17.309974801047687 0.9771963244136908
 18.073871530457463 0.953187180553869
 18.846743640072165 0.925317505041747
 19.628732474461944 0.8943000629682366
 20.41983803362681 0.860910796417585
 21.220272334421991 0.8259711761053522
 22.03003537684749 0.7903269792600103
 22.849409850043617 0.7548240089996514
 23.678325081725294 0.7202803245876054
 24.51692241646268 0.6874555919145884
 25.365413871111005 0.6570182533317194
 26.22387011795535 0.6295132804723316
 27.092361829280793 0.6053341727931438
 27.97110102194257 0.5847041145450401
 28.860087695940684 0.5676712769630633
 29.759463195845277 0.5541212727188326
 30.669439538511603 0.5438063213202321
 31.590087396224724 0.536386636358068
 32.521477441269723 0.5314767658683528
 33.46382169050184 0.5286892361044238
 34.41719081620615 0.5276694167136622
 35.3817261629528 0.5281186820005468
 36.357569075311964 0.52980547569316
 37.34486089785379 0.5325660207067813
 38.343672302863353 0.5362970033321467
 39.35421530719589 0.5409427533336578
 40.376560583136473 0.5464789025959682
 41.410920147540345 0.5528941405083632
 42.457364672692584 0.5601714012155695
 43.516035503163344 0.5682699745772835
 44.587073983522785 0.5771104562635272
 45.67069213062612 0.5865650184026185
 46.767031289043544 0.596455711340031
 47.876162131060105 0.6065631976443407
 48.99822600124597 0.6166468988441589
 50.133434916456366 0.6264751089613828
 51.28193022126146 0.6358606150377076
 52.4438532602314 0.644693978884375
 53.61934537793635 0.6529646965554001
 54.808618591231535 0.6607607973717843
 56.01174357240205 0.6682412364546171
 57.22893233830311 0.6755831130048725
 58.460396905789956 0.682915068572026
 59.706207947147674 0.6902555858090635
 60.966577479231474 0.697476262743921
 62.24164684661155 0.7043040093614357
 63.531628066143113 0.7103626203542356
 64.83666248239632 0.7152421753110719
 66.15696211222641 0.7185769375632924
 67.49259762791846 0.7201120627185208
 68.84385171861277 0.7197448776543492
 70.21093640116459 0.7175350275622308
 71.59385167557393 0.7136861288275698
 72.99316292012139 0.7085063323974016
 74.40872879023684 0.7023591407382452
 75.84054928592025 0.6956148589220219
 77.28933113002242 0.6886108964822518
 78.75436759969257 0.6816257410781823
 80.23707214063226 0.6748673411843473
 81.7367380299907 0.6684737343324872
 83.2540719906187 0.6625222039746746
 84.7890740225162 0.6570426382648515
 86.34245084853406 0.6520316776095202
 87.91349574582144 0.6474652503788579
 89.50220871437836 0.6433083462835832
 91.11000319990637 0.6395218691165885
 92.73687920240549 0.6360669592767699
 94.38212999902494 0.6329074087048908
 96.04646231261549 0.6300108083165756
 97.73058286602792 0.6273488570789417
 99.43378493641144 0.6248972067756916
 101.15748196946764 0.6226350301372202
 102.90096724234571 0.6205444829318641
 104.66424075504568 0.6186101993093277
 106.44800923041831 0.6168188856206162
 108.25297939131438 0.6151590450274853
 110.07844451488312 0.6136208277164588
 111.92581804682608 0.6121958419247108
 113.7943932642925 0.6108769636075574
 115.68417016728236 0.6096580279343367
 117.59585547864646 0.6085336095756454
 119.53015592123553 0.6074988423285822
 121.48707149504965 0.6065494057146281
 123.46589547723799 0.6056815619337507
 125.4687480363529 0.6048920911383137
 127.49350900384202 0.6041781279361029
 129.5430052711085 0.6035369397133254
 131.6151166696 0.6029658373935248
 133.71196336786886 0.6024622910204981
 135.8328386430643 0.6020241279641347
 137.97844921803707 0.6016496042105662
 140.1487950927872 0.6013371680743791
 142.3438762673147 0.6010851364082144
 144.5651061873211 0.600891519794965
 146.81107140710486 0.6007541850902548
 149.08389209521831 0.6006711572153929
 151.3821548059599 0.6006406511594877
 153.70797970788197 0.6006606912065758
 156.05995335528297 0.6007287376269134
 158.43878247101366 0.6008418237993811
 160.84588050077562 0.6009972445953423
 163.28054072171804 0.6011929215272154
 165.74276313384095 0.6014269277405185
 168.23396118284591 0.601696654230378
 170.75342814588213 0.6019987079920615
 173.30257746865117 0.6023298356020388
 175.88070242830227 0.6026874664431531
 178.48850974768618 0.6030689314205796
 181.1259994268029 0.6034704565941315
 183.79458491135403 0.6038874887771125
 186.49285275563798 0.6043166189777109
 189.2229231282071 0.6047558474320655
 191.98479602906138 0.605203012121794
 194.77776473535007 0.6056544731472219
 197.60253596992393 0.606105791144993
 200.4605231784845 0.6065533717620813
 203.35101963818101 0.6069933937082641
 206.27473207186432 0.6074211157948097
 209.2316604795343 0.6078302976569371
 212.2232183068926 0.6082169622864623
 215.24869883108837 0.6085781065550961
 218.30880877497247 0.6089116821652153
 221.4035481385449 0.6092138818298592
 224.53433036750715 0.6094835474355684
 227.70115546185925 0.6097198133696304
 230.90331669875044 0.6099236232307813
 234.1429342467331 0.6100937395111289
 237.41930138295634 0.6102342100280091
 240.73312483027098 0.6103487087806301
 244.0851113115279 0.6104422759907101
 247.47526082672698 0.6105163564644006
 250.9035733758683 0.6105791728212953
 254.37146240465332 0.6106382792992311
 257.8796346359329 0.6106974907060229
 261.4266766240055 0.6107608268718889
 265.0147085374234 0.6108339947776363
 268.6437303761867 0.6109225508474888
 272.3137421402953 0.6110175895252692
 276.0254505525999 0.6111274265158912
 279.77956233595153 0.6112627438456276
 283.57678421320076 0.6114246260928762
 287.4164094614969 0.6116176372261848
 291.29985152654154 0.6118528766116975
 295.22781713118536 0.6121346154972817
 299.2003062754285 0.6124601822279381
 303.21731895927075 0.6128383795079958
 307.2809753512647 0.6132735651177598
 311.3898620057086 0.6137554448480811
 315.5453923683041 0.6142906409855347
 319.7475664390512 0.6148781754279092
 323.9977976636514 0.6155003108218208
 328.29608604210483 0.6161652698390742
 332.6431382972621 0.6168625001341971
 337.0396611519741 0.6175721099943717
 341.4849478833901 0.6183077761820518
 345.98111866006223 0.6190418112811439
 350.52746675913994 0.6197580409732495
 355.12540562632466 0.6204721152459584
 359.7749352616165 0.6211136087416922
 364.47676238786613 0.621701459391925
 369.2315937279244 0.6222328581287168
 374.0401360046421 0.6226237431187842
 378.9023892180191 0.6229424250461353
 383.8197668137571 0.6231281093077438
 388.79226879185603 0.6231804846707839
 393.819895152316 0.6231646134849163
 398.9047660636893 0.6229479716834861
 404.04617480312504 0.6226817352361953
 409.24553481632483 0.622290021587754
 414.5028461032888 0.6218445781091406
 419.8188153868676 0.621416460586068
 425.19414938991207 0.6209161273349194
 430.6295548352729 0.6205529148735688
 436.12573844580106 0.620104556320413
 441.68340694434715 0.6198336535758762
 447.303267053762 0.6195844997723683
 452.98531877404565 0.619504839125428
 458.7302688280488 0.6195199751093337
 464.5395306614732 0.6196378253453112
 470.41381099716943 0.6198785167150107
 476.35240311228676 0.6201296663426009
 482.35742717537755 0.6205130953557645
 488.42958990929264 0.6208241568290582
 494.56818459118113 0.6212726450333045
 500.77533138959546 0.6215930995041666
 507.05103030453562 0.6220438866906193
 513.3959880588524 0.622338156879385
 519.8109113753965 0.6227311315351535
 526.2965069770187 0.6229689537246873
 532.8541883094207 0.6232455844723996
 539.4839553726024 0.6234064868357854
 546.1865148894146 0.6235131190885697
 552.9632803055589 0.6235883450022922
 559.8142516210352 0.623480742963108
 566.7401355586944 0.623476371587713
 573.742345564238 0.6231485069445377
 580.8215883605167 0.6230396467570144
 587.9778639475306 0.6225972467625857
 595.2125857709814 0.6223138091902153
 602.5264605537196 0.6220079577018689
 609.9201950185961 0.6216575466732039
 617.3952026113126 0.621584319301273
 624.9507766090181 0.6211844476501086
 632.5890371802651 0.6210117004071855
 640.3106910479042 0.6208228144108285
 648.1157382119358 0.6205693537451686
 656.0062988409117 0.6206400587956319
 663.9816662119814 0.6205471834887297
 672.0439604936973 0.6206130313338624
 680.1938884089102 0.6210705756450249
 688.43144995762 0.6212198332554439
 696.758058585528 0.6215351978841472
 705.1744210154856 0.6221089678449895
 713.6840708617462 0.6221781584383836
 722.2778207272498 0.6222611364536175
 730.9705117918628 0.6224430976573759
 739.7550768270775 0.6222095851023529
 748.6385830614015 0.6218273108429335
 757.6068960378194 0.6214660806833231
 766.6812174418544 0.621029552528904
 775.8474128164911 0.620054438572506
 785.1125493902372 0.6191098748227567
 794.4766271630928 0.618305663285268
 803.9396461350576 0.6175593517513236
 813.501606306132 0.6166052599564426
 823.1695749048235 0.615964029851823
 832.9435519311324 0.6157059313989718
 842.8094029280428 0.6158838241180239
 852.7883295810782 0.615989597531083
 862.8732646617309 0.6162544706544815
 873.0642081700008 0.6167720396721936
 883.3540928773803 0.6175156514947686
 893.7641204693923 0.6183760990009597
 904.2730892605141 0.6191728197527244
 914.9022009362684 0.6194048443528669
 925.6373210396403 0.6193892400761842
 936.4855167991369 0.6191646818740755
 947.4467882147587 0.6188150376850067
 958.5211352865056 0.6184364489163873
 969.7156252428854 0.6181557749067533
 981.02319085539 0.618104606338196
 992.4508993525277 0.6183667194491476
 1003.9987507342981 0.6187920292404333
 1015.6596777721938 0.6191884403966679
 1027.44781492323 0.6195765708867111
 1039.3490277303912 0.6199503287707784
 1051.3845178792012 0.6203924160835901
 1063.5330836841358 0.6209972572952146
 1075.815926830719 0.6218220113948835
 1088.2189128619354 0.62289289001061
 1100.7491090062922 0.6242110982111952
 1113.4135824922973 0.6257128102212001
 1126.1981988629356 0.6272381654643966
 1139.1170925752223 0.6285801713662654
 1152.1702636291577 0.6296034092908172
 1165.3506447962336 0.6303139415040989
 1178.6723705334657 0.6308561593071186
 1192.1213063838383 0.6311324236881798
 1205.7115868043676 0.6312586214717129
 1219.4361445665454 0.6313554081103523
 1233.2949796703715 0.6314452561586953
 1247.3022265728618 0.631560777694981
 1261.4437508170005 0.6317934793740722
 1275.7266196312955 0.6323017310350337
 1290.150833015747 0.6332572643861969
 1304.7234581988625 0.6344030392554906
 1319.4374279521343 0.635617318378137
 1334.2998095040702 0.6370945384933449
 1349.3106028546703 0.6386038535529163
 1364.4698080039345 0.6400214602355963
 1379.777424951863 0.6410123693352052
 1395.2334536984551 0.6416463792388991
 1410.8378942437118 0.6426958758366184
 1426.6048810446484 0.6441885707782817
 1442.5202796442486 0.6452091291205713
 1458.591157271021 0.6452115030175353
 1474.8175139249653 0.6447871663286566
 1491.1993496060817 0.6440582722021431
 1507.7437315428778 0.6422185570263145
 1524.4506597353536 0.6412258656931038
 1541.3130669550014 0.6413451956534493
 1558.3380204303286 0.6411434169131287
 1575.532587389844 0.6415928852996552
 1592.882633376531 0.6412241374337728
 1610.4093600759131 0.6394936531347484
 1628.0915658024675 0.6375468330679854
 1645.9504522417171 0.6336538541374945
 1663.9718849366465 0.6310877431109374
 1682.162931115764 0.6291006934820531
 1700.5306580075762 0.6291052656630054
 1719.0679983835761 0.6298646351933083
 1737.7820194722717 0.6313886861275578
 1756.6656540451547 0.6321051686661394
 1775.7330365592408 0.632413552275015
 1794.9700325575145 0.6314082318639704
 1814.3907764969912 0.6308882140630828
 1833.9882011491638 0.6299500368837624
 1853.7623065140312 0.6314168326524626
 1873.7201598201022 0.633327954221936
 1893.8688282958844 0.6357206446487834
 1914.1941774843617 0.6386629586328207
 1934.703274614042 0.6404888428345291
 1955.396119684926 0.6421081521456001
 1976.2797799255206 0.6427629449603212
 1997.3542553358263 0.6420791973617178
 2018.6124786873351 0.6422101254510968
 2040.068584437063 0.6436433833994858
 2061.708438127994 0.6451495833418232
 2083.546174217144 0.6472173893444162
 2105.574725476005 0.6496836109830423
 2127.7940919045763 0.652263882491283
 2150.218407959875 0.6538967975727977
 2172.8335391848845 0.6539545514613149
 2195.646552808113 0.6524732070370945
 2218.65744882956 0.6501696915527024
 2241.866227249226 0.6473216825054247
 2265.279955295619 0.6433507286846437
 2288.8915657402303 0.6383948927440657
 2312.7081258115686 0.6329151278815291
 2336.7296355096336 0.6283510975170877
 2360.949027605917 0.6249834530319055
 2385.3804365574355 0.623245779631468
 2410.0167951356802 0.6231886026387545
 2434.8581033406512 0.6245485141759646
 2459.9114284008574 0.6274618481634617
 2485.16970308779 0.6304715287388433
 2510.6329274014492 0.6322900216628722
 2536.31523579885 0.6332950662016787
 2562.209561051486 0.6342133469619082
 2588.308835930849 0.6349782038261929
 2614.627194893954 0.6347669707512061
 2641.1575707122933 0.6337653266335221
 2667.8999633858666 0.6316325596112576
 2694.861440143183 0.628966395459196
 2722.034933755733 0.6269220085087431
 2749.4275114520264 0.6263549526612296
 2777.0321060035535 0.6263224393291084
 2804.862851867331 0.6256391682370988
 2832.905614586343 0.6242422385068705
 2861.1745286176046 0.6237760577462975
 2889.662526732609 0.624705579913616
 2918.3625417028474 0.6261870706417823
 2947.2887079853362 0.6263143188241402
 2976.441025580075 0.6252813794161138
 3005.812427258556 0.6254253067863209
 3035.4029130207795 0.6282503488338564
 3065.2195500952534 0.6310172520779613
 3095.2623384819762 0.6330283352161699
 3125.5242109524424 0.6329545408359893
 3156.0122347351584 0.6278925269091432
 3186.7264098301243 0.6228782663154225
 3217.659669008833 0.6375917958207477
 3248.826146728299 0.5795338590195599
 3280.2117085315076 0.30885141060567755
 3311.830488875474 0.1993652052206003
 3343.6683533031832 0.14139994771606168
 3375.7323690431417 0.10581543618282858
 3408.0296033238582 0.0815636043100906
 3440.545921688318 0.06409942303916301
 3473.2954585935344 0.05109537743620059
 3506.2711468110014 0.04119070861436068
 3539.4729863407183 0.03352021573345381
 3572.900977182686 0.02750182316302981
 3606.5551193369033 0.02272823472819762
 3640.4354128033705 0.018906336158492364
 3674.548924810596 0.015820757198232334
 3708.881520901564 0.013310703919107322
 3743.4473355332893 0.011254573673651203
 3778.232234248757 9.559402424604069E-3
 3813.250351504983 8.153445613348244E-3
 3848.48755284495 6.980860340453466E-3
 3883.957972725676 5.997840227601604E-3
 3919.6474766901442 5.169766815593159E-3
 3955.5701991953706 4.469093532820047E-3
 3991.712005784339 3.873755963305339E-3
 4028.0799636855572 3.36596978677674E-3
 4064.667005670518 2.9313144646738414E-3
 4101.487266196237 2.558029935646146E-3
 4138.51954357719 2.2364732257540665E-3
 4175.785039498901 1.9586958905307575E-3
 4213.262552275846 1.7181138411168322E-3
 4250.966216365042 1.5092470852175606E-3
 4288.896031766488 1.3275140899202918E-3
 4327.037864023168 1.169068130971909E-3
 4365.39878036359 1.0306663255067024E-3
 4403.978780787755 9.095644480543437E-4
 4442.777865295662 8.034317228481228E-4
 4481.796033887311 7.102819496363313E-4
 4521.026219334195 6.284169950439508E-4
 4560.47548886482 5.563807683597075E-4
 4600.129708022174 4.929210879582235E-4
 4640.0030112632684 4.3695832359328165E-4
 4680.088331359598 3.8755930666902984E-4
 4720.385668311162 3.4391557960982663E-4
 4760.887954889452 3.053252203675192E-4
 4801.602258322977 2.711775725581136E-4
 4842.521511383229 2.4094038361628406E-4
 4883.645714070207 2.1414889787841386E-4
 4924.974866383912 1.903966694860737E-4
 4966.508968324344 1.6932768165289218E-4
 5008.248019891502 1.5062965926634455E-4
 5050.184953856879 1.3402833008195012E-4
 5092.312702991967 1.1928250650003121E-4
 5134.645401753782 1.061798559274123E-4
 5177.1759829138154 9.453324981452377E-5
 5219.89737924356 8.417761218730563E-5
 5262.809590743015 7.496718912422167E-5
 5305.912617412182 6.677317587698495E-5
 5349.213526479568 5.948165933807727E-5
 5392.691116259648 5.2991825059879535E-5
 5436.35952120944 4.7214389621215376E-5
 5480.211674100436 4.207023230733593E-5
 5524.240507704126 3.7489200379135945E-5
 5568.453089249019 3.3409056196785416E-5
 5612.842351506608 2.9774562005928994E-5
 5657.4153617054 2.6536665027965918E-5
 5702.150918159872 2.3651793086639873E-5
 5747.06315532704 2.1081220585135877E-5
 5792.145005978395 1.8790523218801456E-5
 5837.396470113937 1.674908695365675E-5
 5882.81048050516 1.4929679336679735E-5
 5928.387037152062 1.3308069401302076E-5
 5974.126140054643 1.1862691085717684E-5
 6020.020721984397 1.057434631751295E-5
 6066.070782941323 9.425941436138484E-6
 6112.276322925421 8.402253105807448E-6
 6158.63734193669 7.489722499713218E-6
 6205.139705518116 6.676270304934482E-6
 6251.797548126714 5.951134679779811E-6
 6298.58966807696 5.304726067242142E-6
 6345.53019982587 4.728498625219795E-6
 6392.605008916429 4.214836046196053E-6
 6439.814095348636 3.756949757620385E-6
 6487.157459122493 3.3487886631085096E-6
 6534.628033009489 2.9849587166001054E-6
 6582.232884238134 2.6606512935345976E-6
 6629.957878351413 2.3715796792476033E-6
 6677.810082577831 2.1139218581311995E-6
 6725.775362460375 1.8842707590939914E-6
 6773.860785227551 1.6795886418659937E-6
 6822.059283650852 1.49716732627875E-6
 6870.363790501771 1.3345923574137012E-6
 6918.781373008815 1.1897112640148355E-6
 6967.297896714968 1.0606051601449321E-6
 7015.920428848738 9.455634728536368E-7
 7064.641902181619 8.430613828347857E-7
 7113.448182256592 7.517398221341075E-7
 7162.353403530676 6.703875085829369E-7
 7211.3292970898364 5.979249954933091E-7
 7260.446535219154 5.333904620241212E-7
 7309.63444563355 4.759270227768258E-7
 7358.822356047946 4.2477143918392435E-7
 7408.151611032498 3.792440422174215E-7
 7457.5515383021274 3.38739750477879E-7
 7507.022137856837 3.027201133693318E-7
 7556.563409696622 2.7070614515776693E-7
 7606.104681536409 2.422720238048786E-7
 7655.787297946353 2.1703946083577968E-7
 7705.469914356294 1.9467263927030793E-7
 7755.293875336393 1.7487380239015367E-7
 7805.047164031415 1.5737927420871104E-7
 7854.941797296592 1.4195594633308794E-7
 7904.83643056177 1.2839815593361796E-7
 7954.8017361120255 1.1652492016538285E-7
 8004.7670416622804 1.0617747574715919E-7
 8054.732347212535 9.72170955314138E-8
 8104.76832504787 8.952315103943431E-8
 8154.874975168281 8.29913746236946E-8
 8204.981625288692 7.753230015734224E-8
 8255.017603124026 7.306991877484558E-8
 8305.194925529517 6.954052598537354E-8
 8355.30157564993 6.689205773238469E-8
 8405.478898055419 6.508375127847693E-8
 8455.58554817583 6.409154665647521E-8
