 0.0E+0 0.0E+0
 0.28174886022159872 3.715932849558349E-3
 0.8485589660787283 0.013338014432728055
 1.4220378942213933 0.0276678507766787
 2.002266642491118 0.04567749646269234
 2.5893091565522654 0.0665014688572195
 3.1832649074382852 0.08942728545052447
 3.784204945887358 0.11388332075596892
 4.39220742771148 0.13942101353885563
 5.00735761379647 0.16569396729744814
 5.62974076502814 0.19243671572260184
 6.259449247366125 0.21944524115817062
 6.896547006474786 0.2465607234795464
 7.541112198166122 0.2736568484906173
 8.19328692391649 0.3006304854047896
 8.853135129390251 0.32739514303501776
 9.52072786532559 0.35387677502751085
 10.19613618246068 0.3800115573498004
 10.879573233010063 0.4057446464746086
 11.57096796623556 0.4310295558791795
 12.27046248361353 0.45582751916585906
 12.97819888662033 0.4801068744331591
 13.69424822599414 0.5038422185594404
 14.418752603211322 0.5270133663379116
 15.151712018271873 0.5496041793562391
 15.893268572652152 0.5716016042613856
 16.64356436782852 0.5929951103527705
 17.40267045453916 0.6137764182379374
 18.170657883522242 0.6339394168337088
 18.947668756254135 0.6534802999751488
 19.73384517421119 0.6723979580155655
 20.529187137393414 0.690694596289147
 21.33390779801534 0.7083757144647472
 22.14800715607697 0.7254493630860702
 22.97176941453103 0.7419248305104686
 23.805123522639323 0.7578111657329863
 24.648211581878225 0.7731164374631488
 25.501246744462267 0.7878480626476975
 26.36430006112963 0.8020134778138068
 27.237442582618491 0.8156202985556159
 28.120887461143393 0.8286768399702603
 29.014634696704337 0.8411921678389256
 29.918826390777677 0.8531759424159805
 30.833675695577955 0.8646379198208562
 31.75925366184335 0.8755877496401714
 32.69563134031203 0.8860356417629415
 33.643021883198564 0.8959933101536635
 34.6014963412411 0.9054736548186838
 35.57119681591601 0.9144894251013717
 36.552265408699653 0.9230523026202728
 37.544844221068395 0.9311724361978551
 38.549004303760405 0.9388583466230911
 39.56495880899023 0.946117554273366
 40.59277878749603 0.9529581267379209
 41.63267739149237 0.9593905983683334
 42.684725671717416 0.965428574185889
 43.74906572964753 0.9710869400922473
 44.82583966675908 0.9763797823478586
 45.91526063526658 0.9813199191387435
 47.017470736646416 0.9859211513119004
 48.13254102163674 0.9901997713678622
 49.26061359171394 0.9941741563187956
 50.40190159909254 0.9978624579117327
 51.556547145248906 1.0012813697445435
 52.72469233165938 1.004445068805774
 53.90647925980034 1.0073649855611821
 55.10212108188632 1.0100497429772661
 56.3116888486555 1.0125061859524764
 57.53539571232241 1.0147406284090978
 58.773454825101595 1.0167589832948471
 60.02593723773124 1.0185662327354165
 61.29305610242587 1.0201666661425192
 62.574953520661864 1.0215645713861583
 63.871842644653746 1.02276441770045
 65.18386557587787 1.0237714726806446
 66.5112354665488 1.0245913073790307
 67.8540233674047 1.025228740031055
 69.21251348139826 1.0256866310495424
 70.58691896074406 1.0259661548330212
 71.9772398054421 1.0260688254500147
 73.38404442139779 1.0259988228837646
 74.80719070713478 1.025763998134442
 76.24667866265307 1.0253742789624773
 77.70321879533448 1.0248401872497754
 79.17610059779717 1.0241725726031485
 80.66674508480477 1.023382823906575
 82.17444174897547 1.022481621172048
 83.69990109769107 1.0214772869891346
 85.24312313095155 1.0203750642373832
 86.80481835613872 1.0191774122830781
 88.3842762658708 1.0178847605530432
 89.98149686014776 1.0164957600645865
 91.5979011537332 1.0150059534782667
 93.23348914662715 1.0134074195372813
 94.88755033144778 1.0116922195889037
 96.5607952155769 1.0098555884009265
 98.2539343063963 1.0078958008363316
 99.96625709652419 1.0058122920930352
 101.69918460072415 1.0036068230048655
 103.4520063116144 1.0012862216758051
 105.22472222919492 0.9988626258367796
 107.01804286084754 0.9963523945726905
 108.83267871395402 0.9937728337708446
 110.66791928113258 0.9911368253976248
 112.5251855771468 0.9884518538923084
 114.40376709461492 0.9857205712268842
 116.3036638335369 0.9829448585333171
 118.22558630129456 0.9801272941464205
 120.17024500526965 0.9772691123228655
 122.13763994546224 0.9743717624590457
 124.1270606144905 0.9714367063861193
 126.14063853449981 0.9684630030018826
 128.17624218334478 0.965447132864866
 130.2367135905526 0.9623853187651109
 132.3199212339779 0.9592743794888338
 134.42799663576604 0.956110712233219
 136.56022928853525 0.952890166856616
 138.71732969966731 0.9496090434655969
 140.89929786916223 0.946263297066866
 143.10613379702 0.9428455270966196
 145.3392584980042 0.9393456001458691
 147.59725095735126 0.9357574503246074
 149.88224269720657 0.9320837646546573
 152.19281270280652 0.9283275606186845
 154.5310924962965 0.9244849879579913
 156.89566106291295 0.9205494455900142
 159.28722891003764 0.9165157239010044
 161.70721705243414 0.9123769028976826
 164.1549149827207 0.9081233493605655
 166.63032270089726 0.9037443196465968
 169.13486122172747 0.8992309424733599
 171.6678200378295 0.8945792413176079
 174.23062016396696 0.8897889752572622
 176.82255109275806 0.884860185721814
 179.44432333158457 0.879791101853898
 182.09593688044651 0.8745794880561399
 184.7788127541075 0.8692273185400547
 187.49152993780384 0.8637414751338908
 190.23621995368102 0.8581336254631485
 193.01288280173903 0.8524168909006972
 195.82080797459607 0.846600016140083
 198.6607059796339 0.8406855084483816
 201.53399783161611 0.8346707049530976
 204.43997302316094 0.8285515655375131
 207.37934206165022 0.822326465636121
 210.35210494708383 0.8159912869280794
 213.35968269422545 0.8095329293363221
 216.4013647956933 0.8029407881478172
 219.47786175886912 0.7962178099359978
 222.58917358375296 0.7893688388982549
 225.73672128510835 0.7823967471266533
 228.92050486293535 0.7753026395893685
 232.13981380985214 0.7680816267095684
 235.39677964800412 0.7607230932619197
 238.6906918700095 0.7532172985867737
 242.02226098324996 0.7455615287620335
 245.3921974951075 0.7377550719358626
 248.80050140558196 0.7298021006500897
 252.2471727146734 0.7217163908942039
 255.73363243714541 0.7135078597682701
 259.2605910803798 0.7051830261323005
 262.8266276296129 0.696753873370702
 266.43387360699023 0.6882370976940781
 270.08232901251165 0.6796562267700106
 273.7719938461773 0.6710471929242184
 277.50357861536883 0.6624513031979831
 281.27779382746814 0.6538943915651899
 285.09534998985697 0.6453788958609454
 288.9555365951536 0.6368953994699463
 292.8597746581216 0.6284392443990395
 296.8087746861426 0.6200159487699565
 300.8025366792168 0.6116315048213162
 304.8410606373441 0.6032906316442168
 308.9264780826701 0.5949971691655405
 313.05736800043086 0.5867531087781599
 317.2351514053901 0.578558848251286
 321.45982829754802 0.570410900113399
 325.732819691668 0.562301195283664
 330.0541255877501 0.5542187264206817
 334.4244564931761 0.546152690163219
 338.84452291532772 0.5381168169502646
 343.3136143468234 0.5301448303404731
 347.83386230980823 0.5222655318364297
 352.40455629690063 0.5144948750787972
 357.02711732286417 0.5068306856717437
 361.7015453876988 0.49926121760020863
 366.42855099878624 0.49178569690708123
 371.20884466350844 0.48442660784658614
 376.0431368892471 0.4772173521894178
 380.9314276760022 0.4701912984750802
 385.8751380385374 0.4633783122844617
 390.87426797685265 0.45679350857040995
 395.928817490948 0.45043982956171813
 401.0409181029688 0.44432096103809365
 406.2098593055333 0.4384454480670811
 411.43706211340503 0.43281874244124463
 416.722526526584 0.4274488502127391
 422.066963052452 0.42235959724695443
 427.47108219839094 0.41757936897026753
 432.93559447178245 0.41312820872454864
 438.4612103800084 0.4090069218622087
 444.04864043045063 0.4052037179289172
 449.69859513049084 0.4017164419037617
 455.4110744801291 0.3985520560426434
 461.18678898674716 0.3957017605674133
 467.0271596651087 0.39314698723997293
 472.9328970225954 0.39087023516756536
 478.9032905518256 0.38885479388605526
 484.9404717749445 0.3870891319599501
 491.04515119933404 0.38557026532043164
 497.2166183176124 0.38430225677046075
 503.45700465192493 0.38328657271478044
 509.76631020227165 0.3825084444209383
 516.1452454760345 0.38193827826539844
 522.5945209805949 0.38154175296750386
 529.114847223335 0.3812822976315809
 535.7076452190183 0.38112440308530665
 542.3729149676446 0.38104350421766014
 549.1113669765961 0.38103226917983984
 555.9244222606361 0.3810925637053537
 562.8120808197646 0.381230491764577
 569.7750531613635 0.3814514900562109
 576.8147603001963 0.38175193512038735
 583.9319127436448 0.3821146569979801
 591.1265104917092 0.3825180281553116
 598.3999745591528 0.38295072393243073
 605.7530154533575 0.38341257529975075
 613.1863436817052 0.38390195614951405
 620.7013802589595 0.3844070684156191
 628.2974146777384 0.38490798032316364
 635.9765784601874 0.3853815206522019
 643.7395821136884 0.38580543091700514
 651.5864256382413 0.38616228517386924
 659.5192405559914 0.3864439940307737
 667.537316359557 0.3866579896138083
 675.6427845710836 0.38682551634731854
 683.8363556979529 0.38696850751585065
 692.1180297401647 0.38709737029343155
 700.4892277124828 0.387208078558657
 708.9506601222892 0.38729199382176043
 717.5058795064924 0.3873542020702774
 726.1456492691293 0.38742612725310904
 734.8848900652176 0.38755561414604944
 743.7164968209396 0.3877861966981871
 752.6475746101128 0.38814602972388895
 761.6639132851016 0.38864949085201233
 770.7868280673596 0.38928696089413183
 780.0021088092512 0.3900186105261637
 789.3168605845942 0.39080211441404233
 798.7310833933886 0.39161046746303113
 808.2447772356344 0.39243379998518806
 817.8579421113317 0.3932748908538565
 827.5776830942982 0.3941344914718074
 837.4040001845342 0.39499487308364916
 847.3226832344036 0.3958228877138845
 857.3550474653604 0.3966061686663916
 867.4939878035865 0.39734449815772793
 877.739504249082 0.39801143622168383
 888.084491728029 0.3985689588646317
 898.550265461881 0.39897815968650623
 909.1155102291848 0.39918177934801685
 919.8015412513935 0.39912865638194644
 930.5941483808718 0.39884328487266845
 941.5004366914374 0.3984075951764931
 952.5204061830902 0.3979004965921286
 963.6540568558305 0.3974030916351997
 974.908493783476 0.39701246414985896
 986.2766118922088 0.39684280795863485
 997.765516255847 0.39700005876474764
 1009.3752068743905 0.3975388698983694
 1021.0985786740214 0.39839204479685563
 1032.9498418023754 0.3993765626220165
 1044.9147861118167 0.4003350966228762
 1057.0147268237992 0.40122863320680574
 1069.228348716869 0.40208875490131756
 1081.57696701248 0.40292185374736844
 1094.0463715629964 0.403687319926009
 1106.6436674422361 0.40434912558557933
 1119.3759597240168 0.40485651377978415
 1132.229038260703 0.4051238263749081
 1145.2171131999302 0.40512670879508905
 1158.3401845416988 0.4049653166997684
 1171.5911472121906 0.4048262932024841
 1184.9842113590414 0.4048255720646117
 1198.5051668346154 0.40492196744911346
 1212.1682237865488 0.4050286894990419
 1225.9662771410232 0.40502936625844
 1239.899326898039 0.40487837137436832
 1253.981583205232 0.40466501258921344
 1268.198835914966 0.40444765670775595
 1282.5581901010591 0.40422580662174306
 1297.0596457635112 0.40394916674933967
 1311.710307976141 0.4035430738117181
 1326.5030716651294 0.4030936229679628
 1341.4450419042952 0.4027286025811605
 1356.5362186936381 0.4023403982952529
 1371.776602033158 0.40185238762981184
 1387.1661919228552 0.40137232303152203
 1402.7049883627294 0.40097142350357073
 1418.3929913527808 0.4005509342753275
 1434.2444110406452 0.40001247556118024
 1450.2450372786865 0.3994059010871235
 1466.4019751407231 0.3989325901392061
 1482.715224626755 0.39882558905042603
 1499.1847857367815 0.3990440358507925
 1515.8177635446213 0.3994618658491458
 1532.6141580502742 0.3999111743683662
 1549.566864179922 0.40040955439033165
 1566.682987007383 0.4009668883235981
 1583.9696316064748 0.4016701566136643
 1601.412587829562 0.4024448590255784
 1619.0331708980977 0.40308677306526274
 1636.8100655906287 0.4035629041521769
 1654.7645871286088 0.4039717078367089
 1672.8825253644017 0.4043433386155618
 1691.170985371826 0.4048958356855849
 1709.6370722246986 0.4057822786869035
 1728.2736808492024 0.4069443583239364
 1747.0879163191555 0.4081981006645597
 1766.0726735607395 0.4091279881124015
 1785.2421627215903 0.40940815588007534
 1804.582173654072 0.4093336145754059
 1824.1069165058206 0.40945679393594086
 1843.8092862030184 0.4100317775582211
 1863.6892827456647 0.4107477814787902
 1883.754011207578 0.4112969040658946
 1904.0105766625767 0.411533928018777
 1924.4447689630242 0.41151283009257205
 1945.063693182738 0.41119329387201625
 1965.8673493217195 0.41042442978807375
 1986.8628424537853 0.40964296508628172
 2008.050172578936 0.40901921371202276
 2029.422234623354 0.40868332700279053
 2050.9932387346743 0.4085863354703941
 2072.748974765262 0.40845232548195165
 2094.7036528627527 0.4082299003898137
 2116.850167953328 0.4078305508011372
 2139.1885200369874 0.4071682136116425
 2161.732919261369 0.4066745544601218
 2184.469155478834 0.4066691074569642
 2207.404333763203 0.4067637510873186
 2230.538454114474 0.4066121342265672
 2253.8715165326484 0.4065793858030823
 2277.4106260915432 0.40755381513044863
 2301.1486777173413 0.40936859237621853
 2325.09277648386 0.4109533457997767
 2349.2429223910994 0.41142239892833792
 2373.592010365241 0.4111597612792161
 2398.1542505539223 0.4106856439041647
 2422.922537883324 0.41024324694878144
 2447.8968723534462 0.40976705213658015
 2473.084359038108 0.40912854370444834
 2498.4778928634896 0.40876371681681616
 2524.0774738295926 0.40813390407428806
 2549.897312084052 0.4068937111579322
 2575.9303025530502 0.4053927547877369
 2602.169340162769 0.40439715975129286
 2628.6286350608447 0.40342400501098313
 2655.3010821734596 0.4022633506829213
 2682.1866815006123 0.4010591324655851
 2709.2925381161226 0.3996977511227548
 2736.611546946171 0.398417271904933
 2764.1508130645765 0.39685138851559953
 2791.903231397521 0.3953169833870449
 2819.8830120926395 0.39381481491876263
 2848.075945002297 0.39193002580375624
 2876.4962402741293 0.39003825430059635
 2905.136792834318 0.3884323297026669
 2933.9904976090456 0.3864110531292539
 2963.071564745948 0.38446759880479253
 2992.3799942450245 0.3822484500849641
 3021.9086810324583 0.3791945694033974
 3051.6576251082483 0.37503804786859745
 3081.6339315462137 0.37104238294464825
 3111.837600346353 0.36632545850766257
 3142.261526434849 0.360993230429986
 3172.9128148855206 0.35433784319681815
 3203.7914656983657 0.346282338097444
 3234.8903737995683 0.3366769690904361
 3266.223749336763 0.3251291515898424
 3297.777382162315 0.31264033720595885
 3329.565482423859 0.2996982517074656
 3361.57383997376 0.28570122320505136
 3393.809559885836 0.2703142689658115
 3426.279747233904 0.2534392633632688
 3458.970191870329 0.2361157655126406
 3491.8951039427465 0.21778789687391456
 3525.0473783773386 0.19874268911393064
 3558.4270151741052 0.1799682216822331
 3592.034014333047 0.16201478858830015
 3625.8683758541633 0.1449022220266562
 3659.930099737454 0.12837197226157912
 3694.2262910567374 0.11252898556277932
 3728.742739664378 0.0977707297004935
 3763.4936557080104 0.08424107535139967
 3798.46482904 0.07166784504383775
 3833.670469807982 0.060190887854456726
 3869.0963678643206 0.05044133868493923
 3904.756733356652 0.04270903223754905
 3940.63735613734 0.03676744382341506
 3976.7524463540212 0.03216144290814024
 4013.0877938590583 0.028471678564127335
 4049.65050372627 0.025412534750053887
 4086.4334708818387 0.022811088687822361
 4123.450905473401 0.020560247457715903
 4160.681492279501 0.018588922914557912
 4198.146546521593 0.01684687419567832
 4235.824752978225 0.015296871349707005
 4273.730321797031 0.013910323673269175
 4311.863252978012 0.01266465866682653
 4350.209336373531 0.011541658168615439
 4388.775677057408 0.010526351425121084
 4427.562275029641 9.606249992928403E-3
 4466.56913029023 8.770801831722198E-3
 4505.796242839177 8.01099448371603E-3
 4545.236507602661 7.319055858817958E-3
 4584.897029654503 6.688227539225382E-3
 4624.763598847066 6.112590454645757E-3
 4664.850425327985 5.586927247686482E-3
 4705.150404023443 5.106612455033709E-3
 4745.66353493344 4.667525216172735E-3
 4786.382712984157 4.265978079672165E-3
 4827.315043249413 3.898658890010566E-3
 4868.453420655391 3.562582268443576E-3
 4909.797845202088 3.255049581050853E-3
 4951.348316889507 2.9736151748164202E-3
 4993.104835717647 2.716057886554593E-3
 5035.067401686507 2.480356086652049E-3
 5077.228909722269 2.2646675498854203E-3
 5119.582254751117 2.067310313409581E-3
 5162.141646920686 1.8867476675066732E-3
 5204.8999811571575 1.721573783475338E-3
 5247.8501523867134 1.5705016770658198E-3
 5290.992160609355 1.4323523815164477E-3
 5334.326005825081 1.3060452277828301E-3
 5377.85879310771 1.1905892955154473E-3
 5421.569207235787 1.0850756434519937E-3
 5465.47145835695 9.88670340702102E-4
 5509.55844139738 9.006080890843481E-4
 5553.823051283259 8.201866209668191E-4
 5598.272393088404 7.467613805375619E-4
 5642.899361738999 6.79740882279009E-4
 5687.711062308859 6.185823139089902E-4
 5732.686179576534 5.62787571154072E-4
 5777.838923689657 5.118996805315188E-4
 5823.162189574412 4.6549944090861172E-4
 5868.655977230796 4.2320239075325296E-4
 5914.313181584996 3.8465598082691363E-4
 5960.133802637007 3.4953699882251613E-4
 6006.117840386831 3.1754923115471606E-4
 6052.258189760651 2.884212312510569E-4
 6098.554850758465 2.619043479262177E-4
 6145.007823380275 2.3777085642736174E-4
 6191.61710762608 2.1581226046129973E-4
 6238.368493348244 1.9583771832632073E-4
 6285.276190694402 1.7767262106209918E-4
 6332.318884443102 1.6115722883030975E-4
 6379.51078474198 1.4614546620811915E-4
 6426.837681443398 1.325037901246544E-4
 6474.299574547358 1.2011015069172123E-4
 6521.896464053859 1.0885303839515356E-4
 6569.621244889083 9.86306034142074E-5
 6617.481022126849 8.934984091941394E-5
 6665.46158561952 8.092586175098893E-5
 6713.570040440913 7.328119519385395E-5
 6761.792176443394 6.634516463587834E-5
 6810.135098700781 6.0053310842381805E-5
 6858.591702139254 5.434686270265872E-5
 6907.154881684997 4.917224697250089E-5
 6955.831742411828 4.4480642673146E-5
 7004.60807417211 4.0227571009366424E-5
 7053.490982039661 3.6372515854494764E-5
 7102.473360940664 3.287858276145949E-5
 7151.541000727482 2.9712176838537597E-5
 7200.708111547752 2.6842716447119612E-5
 7249.9462731062 2.4242364928795961E-5
 7299.326536141009 2.1885786948436172E-5
 7348.777849913998 1.9749923572928713E-5
 7398.229163686986 1.7813790194819022E-5
 7447.822578936333 1.6058285367649193E-5
 7497.487044923858 1.4466020911900467E-5
 7547.222561649565 1.3021163483804864E-5
 7597.029129113451 1.170929001510992E-5
 7646.835696577336 1.0517254631657649E-5
 7696.784365517582 9.433067898438234E-6
 7746.733034457826 8.445784363342124E-6
 7796.823804874431 7.5453996007291285E-6
 7846.843524552856 6.72275583732052E-6
 7897.005345707638 5.969454738266865E-6
 7947.167166862423 5.277775452728323E-6
 7997.400038755387 4.640600401547748E-6
 8047.63291064835 4.0513445932321615E-6
 8097.865782541313 3.5038895427305985E-6
 8148.169705172457 2.9925208782740772E-6
 8198.544678541777 2.5118676101031174E-6
 8248.919651911101 2.056843508365148E-6
 8299.223574542244 1.6225868889785958E-6
 8349.669598649747 1.2043978184048891E-6
 8400.04457201907 7.976656389119746E-7
 8450.49059612657 3.9777678071419623E-7
 8500.865569495892 9.315279072383785E-17
