 0.0E+0 0.0E+0
 0.2924047810359126 5.123292155450211E-5
 0.8806520050415095 7.995143561523023E-4
 1.4758202704264247 3.5977176371597427E-3
 2.0779936384219852 9.933493265467384E-3
 2.687238473158188 0.021138082567632755
 3.3036580077261357 0.03813736459920881
 3.9273259800480473 0.06130293849441309
 4.55832350183836 0.09043816771365462
 5.196739058603736 0.12487208867592096
 5.842661135850836 0.16360951783643074
 6.4961855928785414 0.2054904611179362
 7.157378793816849 0.24932838391103437
 7.826321850380198 0.2940132870943976
 8.503162238413022 0.3385774617175391
 9.187966322045316 0.3822286996419017
 9.880807839199301 0.42435813225616902
 10.58176052779719 0.4645295525412358
 11.291045601605635 0.5024567959531132
 12.008589322702424 0.5379762575990127
 12.734539166931986 0.5710203311311345
 13.469042610138757 0.6015947361370283
 14.212173390244956 0.6297599191930289
 14.964078983095018 0.6556155410260813
 15.724759388688941 0.6792866096000417
 16.49436208287116 0.7009108887934455
 17.27303454148611 0.7206298869630079
 18.060850502456005 0.7385838368739763
 18.857883703703066 0.7549095559983132
 19.664281621071733 0.7697375661468651
 20.480191730406431 0.7831890896571959
 21.305614031707165 0.7953747326540083
 22.140769738740583 0.8063952257151556
 22.98565885150669 0.8163419587970978
 23.840576321694356 0.8252982979744801
 24.705448411381357 0.8333427538447473
 25.580422596412134 0.8405506686007304
 26.465720090553332 0.8469946275117652
 27.361414631727175 0.8527441297387977
 28.26757995785588 0.8578663701485085
 29.184437282706095 0.862424469944504
 30.111986606277827 0.8664735264485757
 31.0503754044155 0.8700568686225213
 31.999824890885776 0.8732040819587739
 32.96040880361087 0.87593380655201
 33.93220088051299 0.8782620901658583
 34.9154223353588 0.8802118934467412
 35.91014690607051 0.8818166286614958
 36.916522068492554 0.8831162917748585
 37.93469529846937 0.8841508376034531
 38.9648140718454 0.8848443550378402
 40.006952126542856 0.8855459643363505
 41.06133067632838 0.8859391756933646
 42.12802345912419 0.886140019627394
 43.207251688696963 0.8861545449108836
 44.29908910296889 0.8859867017625724
 45.403683177784415 0.8856350911466572
 46.521181388987976 0.8850948575859374
 47.65180495034621 0.8843627915276872
 48.795701337703576 0.8834388518237947
 49.952944288982266 0.8823248078430703
 51.12368128002673 0.8810252270259313
 52.30813352460362 0.8795474337362905
 53.50644849855737 0.8778969006730263
 54.7187736777324 0.8760696776173993
 55.94525653797316 0.8740553540971068
 57.1861182930463 0.871851996150891
 58.44143268087404 0.8694714132868581
 59.71142091522303 0.8669292417875181
 60.99630420985991 0.8642328883130072
 62.29615630270691 0.8613782380521386
 63.61119840753068 0.8583540575703724
 64.94157800017565 0.8551529402075723
 66.28751629440849 0.8517823337719862
 67.6491607660736 0.8482574219168939
 69.02673262893767 0.8445884916702621
 70.42030562092289 0.8407828262478917
 71.83017469371813 0.8368512476032042
 73.25656106109005 0.8328114082761909
 74.69946472303867 0.8286815780285216
 76.1594755829417 0.8244650898572573
 77.63644616495472 0.8201503811429633
 79.13037646907772 0.81573790451487
 80.64200387453288 0.8112508263599594
 82.17059100209802 0.8067107082888504
 83.71761261021749 0.8021273847002797
 85.28233131966913 0.7974982221150876
 86.86548450967508 0.7928004656274109
 88.46707218023538 0.7880021843024397
 90.08783171057217 0.7830678261715199
 91.7270257214633 0.7779587943057187
 93.38465421290876 0.7726699863391647
 95.0621919433529 0.7672513972277778
 96.75963891279572 0.7617657778421574
 98.47625774201504 0.7562285175761421
 100.21278581023304 0.7506020070554844
 101.96996049667189 0.744845015872092
 103.74704442210941 0.7389521124751982
 105.54551234498996 0.7329414431821374
 107.36462688609137 0.7268206203936048
 109.20438804541362 0.7205552197828573
 111.0655332021789 0.7142169948764335
 112.94879973560937 0.7077146056465455
 114.85345026648287 0.7010795137558821
 116.78095955324373 0.6943329516301671
 118.73059021666981 0.6874918722914906
 120.70234225676107 0.6805712125044605
 122.69695305273972 0.6735771856339692
 124.71515998382787 0.6664671622361209
 126.7569630500256 0.6591846048052086
 128.8216248721107 0.6517202961641735
 130.9113575877497 0.6441064964327208
 133.02394905927604 0.6363875221273323
 135.16234880357845 0.6285886381886956
 137.32434468299041 0.6207012446614301
 139.51214883517843 0.6127080593385508
 141.72502388092036 0.6046126209576788
 143.96370719943834 0.5964398652746058
 146.22819879073236 0.5881843607385658
 148.5184986548025 0.5798226529257935
 150.836081550093 0.5713683207132053
 153.1794727181596 0.5628481926697397
 155.55088429666872 0.5542848591088123
 157.94884152717614 0.5456690617052528
 160.3755565473483 0.5369467318400659
 162.82955459874088 0.528080301287116
 165.31157306057602 0.5191056100518405
 167.8230866912981 0.5100766444570106
 170.36335811168495 0.5009953796119959
 172.93238732173654 0.49185136389638206
 175.53164907989724 0.48266290821995033
 178.16040600694486 0.473455565560171
 180.82013286132377 0.4642341090980208
 183.51009226381177 0.45501084211894843
 186.23102159363105 0.44582440269999823
 188.98292085078162 0.4366724042506819
 191.76726479370782 0.4274835370931314
 194.58257866396525 0.4181798255553564
 197.43107459922052 0.4087236150001859
 200.31275259947355 0.3991252788666221
 203.22687528550224 0.38940572451030525
 206.17418003652872 0.3795503608107668
 209.1561416109973 0.3695686559485477
 212.1720226296859 0.35954916477519993
 215.22256047181664 0.3495788661695908
 218.3077551373895 0.3396707547054483
 221.42908138484884 0.32980157346994443
 224.58580183497252 0.3199560071358419
 227.7786538669827 0.31013610899392274
 231.00763748087933 0.300363062092177
 234.27422743510683 0.2908053403507026
 237.57842372966516 0.28113758614674155
 240.91948898533212 0.2717007892707506
 244.2996353397743 0.2623246611708984
 247.7181254137695 0.25297899913307353
 251.17569658653982 0.24365243804877795
 254.67308623730755 0.23437546043928372
 258.2102943660726 0.225172997945572
 261.78732097283506 0.21602942662956628
 265.4056408160392 0.2069219874705922
 269.06599127490716 0.19789140064015464
 272.7668975909947 0.18901804897478852
 276.51057190196826 0.18031434685984454
 280.29701420782794 0.1717978521946569
 284.1262245085736 0.1635261970247085
 287.99894018342746 0.15547117843412466
 291.9158986116118 0.14755924005812956
 295.8778371723486 0.13981197231102052
 299.88401848641586 0.13225692796850457
 303.9359173122579 0.1248851820051175
 308.0342710290968 0.11772400327459444
 312.1790796369326 0.11080119967093607
 316.3703431357653 0.1040902882693439
 320.6102736632615 0.09756769943133971
 324.8973964609768 0.09128632493991912
 329.23318628735546 0.08529545611828925
 333.6176431423976 0.07957786013719963
 338.0522417845475 0.07411260906695402
 342.53698221380523 0.06889280236919205
 347.0726018093929 0.0639422195377625
 351.6598379505326 0.05925721073514262
 356.2979532580024 0.054797858178008904
 360.98915986946855 0.05057257665523843
 365.7327204057091 0.04658469916389255
 370.5301096251682 0.0428007928630782
 375.381327527846 0.03919128295887111
 380.28711149296464 0.03575629413005023
 385.2481988997463 0.03254673317469465
 390.265327127413 0.02959424175638779
 395.33849617596496 0.026900657549805695
 400.4691808038464 0.0244775394710533
 405.65738101105733 0.022300428670954934
 410.90309679759786 0.020322177231450692
 416.2085403011344 0.018490218851109845
 421.57297414244476 0.016778972160264943
 426.9978730799734 0.015202238647117757
 432.4832371137201 0.013738503609896785
 438.0298036229073 0.012357377933543884
 443.638309986757 0.011088212154773642
 449.30949358449146 9.960180284900736E-3
 455.0440917953328 8.978966526150678E-3
 460.8428419985032 7.986776092974589E-3
 466.70648157322494 7.091668048106042E-3
 472.6350105194978 6.294367419224146E-3
 478.6291662165441 5.581090000334115E-3
 484.69042342280823 4.918570834839318E-3
 490.8195195175123 4.309787400114549E-3
 497.0157171214341 3.76968287987348E-3
 503.28122837224015 3.2966716316252635E-3
 509.61679064915273 2.8934073382524032E-3
 516.0216665729496 2.5534456705108565E-3
 522.4980682812972 2.246906062857055E-3
 529.0459957741956 1.9601467640594995E-3
 535.666186430867 1.7117280414575394E-3
 542.3593776305336 1.502918902821195E-3
 549.1263067524175 1.3122818402368334E-3
 555.9684485549631 1.1367002957115438E-3
 562.8858030381703 9.81807034278988E-4
 569.8791075812613 8.428458691326365E-4
 576.9498369426807 7.152559024048863E-4
 584.0979911224281 6.018607175321455E-4
 591.3243074997259 5.080566836453921E-4
 598.6302608330185 4.343766276452096E-4
 606.0165885015278 3.759634757843894E-4
 613.4832905052542 3.274275578445657E-4
 621.0318416026417 2.8531528399294744E-4
 628.6629791729126 2.472012651864883E-4
 636.3774405952892 2.1156350683377837E-4
 644.1767006282156 1.7890610210888365E-4
 652.0600218924699 1.506755881956697E-4
 660.0296165257182 1.2738090551578048E-4
 668.0862219071831 1.0840405469187612E-4
 676.2298380368645 9.268526610278656E-5
 684.4626770524288 7.935212571030092E-5
 692.7840015746539 6.788219239727121E-5
 701.1960237412063 5.805549658727149E-5
 709.6994809313082 4.9749667910416374E-5
 718.2943731449596 4.2693248157899014E-5
 726.9821751406048 3.66247476624938E-5
 735.763624297466 3.147046274918433E-5
 744.6424075116541 2.71205732222051E-5
 753.6089388532807 2.3288180455251772E-5
 762.6787032860117 1.972140451114446E-5
 771.8443270176252 1.6379447859927912E-5
 781.1131838403429 1.3364078423356106E-5
 790.4705261697214 1.0788453920548195E-5
 799.9384753824258 8.687711135709703E-6
 809.502283894013 6.993338874060901E-6
 819.1693254967042 5.6164103051185724E-6
 828.9396001904997 4.5064560352328E-6
 838.8131079753995 3.1579575197425694E-6
 848.7898488514036 3.019085234517854E-6
 858.8771966107336 2.574828739472488E-6
 869.0751512533897 2.2377645160281532E-6
 879.3689651949281 1.9622878649124584E-6
 889.7807598120144 1.7304933498383283E-6
 900.3031613124266 1.5292555872301005E-6
 910.9361696961648 1.36070942342773E-6
 921.6724111710074 1.2396663681869096E-6
 932.5340071136193 1.167684083282416E-6
 943.4988361473355 1.1233327554975361E-6
 954.589019648821 1.0750772948585848E-6
 965.7898100336329 9.989578553425096E-7
 977.108581093992 8.947354898636907E-7
 988.545332829899 7.843765830176054E-7
 1000.100065241354 6.792586288839712E-7
 1011.7801521205782 5.605460792550398E-7
 1023.57821967535 3.9920884656701553E-7
 1035.5016416978915 1.8356690347729137E-7
 1047.5504181882024 -7.980284566846234E-8
 1059.717175354061 -3.7426535492974943E-7
 1072.0166607799108 -6.85062076285663E-7
 1084.4341268813082 -1.016478268746833E-6
 1096.9916950349188 -1.3383401988170614E-6
 1109.667243864077 -1.5735764242640861E-6
 1122.4828947454477 -1.6278844918616593E-6
 1135.4239000945883 -1.6164496786009168E-6
 1148.49763370372 -1.604897585204167E-6
 1161.7114693650646 -1.48501634690195E-6
 1175.0506594941787 -1.3835060123282637E-6
 1188.5299516755055 -1.3506515904437431E-6
 1202.1493459090456 -1.4071741182381697E-6
 1215.9014684025767 -1.5843568180924816E-6
 1229.8010667405424 -1.8495026596500544E-6
 1243.8333933384992 -2.0980386955189516E-6
 1258.0131957808907 -2.2820041678374224E-6
 1272.3331002754953 -2.397826556384943E-6
 1286.7931068223126 -2.37788441109681E-6
 1301.4079630057865 -2.3577287089238972E-6
 1316.1629212414732 -2.235576424031441E-6
 1331.0653553215945 -2.1015417988747537E-6
 1346.1152652461503 -2.0136280760538465E-6
 1361.3200248073628 -2.00052396605202E-6
 1376.6722602130098 -1.9954369072779565E-6
 1392.1793452553131 -1.9005262360706153E-6
 1407.841279934273 -1.7101826829682107E-6
 1423.658064249889 -1.5139752770358915E-6
 1439.6296982021615 -1.4341374883908307E-6
 1455.7561817910905 -1.5138356203442103E-6
 1472.0375150166757 -5.958156166930069E-7
 1488.4884454633611 3.317670953295611E-7
 1505.0942255467025 -2.080224731484559E-6
 1521.8622290589221 -2.032258964303894E-6
 1538.7924560000201 -1.983829148364224E-6
 1555.8849063699958 -1.6713478356528527E-6
 1573.1469539610716 -1.1946864618451282E-6
 1590.5785987732472 -5.601494114566286E-7
 1608.172467014301 1.4947845383264954E-7
 1625.9359324764543 7.967793646007471E-7
 1643.8763689519294 1.3186132179137964E-6
 1661.9790288562828 1.6700573074203245E-6
 1680.2660335661792 1.818454557580332E-6
 1698.715261704954 1.802916989390722E-6
 1717.3488346492717 1.7516038948550554E-6
 1736.1520048146896 1.728025039199792E-6
 1755.1321459934292 1.670494218072143E-6
 1774.2966319777117 1.5531473742761231E-6
 1793.638088975316 1.460288924000105E-6
 1813.1638907784636 1.4031276540651456E-6
 1832.866663594933 1.2785832236892213E-6
 1852.7611550091671 1.0106852318174437E-6
 1872.832617436723 6.307803100711408E-7
 1893.0957984620436 2.512640281266234E-7
 1913.543324292908 -2.1938127364095152E-8
 1934.1751949293152 -5.67182813917098E-8
 1954.9987841634876 6.784388393265877E-9
 1976.0214657876472 7.089420126754674E-8
 1997.2284922173498 1.7106806574180416E-7
 2018.6272372448172 6.758362169755428E-8
 2040.21770087005 -9.869225263983526E-8
 2062.0072568852697 -3.352115502815173E-7
 2083.9959052904755 -7.56570540681992E-7
 2106.1762722934472 -1.2781165218044102E-6
 2128.5631054786267 -1.7272751148609908E-6
 2151.1416572615717 -1.8237673654908072E-6
 2173.9266752267253 -1.8336565070230236E-6
 2196.910785581865 -1.8436320585297937E-6
 2220.093988326992 -1.8959570262844153E-6
 2243.4910310465493 -2.0335469717508653E-6
 2267.087166156093 -2.05085548075208E-6
 2290.8897674478457 -2.04461574291022E-6
 2314.8988349218066 -2.038321880948295E-6
 2339.114368577976 -2.0081362844514454E-6
 2363.5437422085756 -1.9223235842225373E-6
 2388.179582021384 -1.6330083293081657E-6
 2413.0292618086223 -1.1777222474689298E-6
 2438.092781570291 -6.61693487482047E-7
 2463.362767514168 -1.8299237708014042E-8
 2488.8539672246974 6.229845945371179E-7
 2514.559006909657 1.1804686781955846E-6
 2540.4778865690464 1.8984787060240448E-6
 2566.6179799950882 1.7794364777228241E-6
 2592.97191339556 1.6066851003318412E-6
 2619.539686770462 1.463688498706446E-6
 2646.336047704238 1.3272961278878133E-6
 2673.3536224046656 1.055111202277253E-6
 2700.5850370795237 7.619727528448553E-7
 2728.0450393132555 5.193080999103448E-7
 2755.7262553136392 2.177832044203195E-7
 2783.6286850806745 -9.112540701883547E-8
 2811.759702406584 -4.908919133719471E-7
 2840.1119334991453 -9.77931293622106E-7
 2868.692752150581 -1.232575519809192E-6
 2897.4947845686674 -1.3601479162931742E-6
 2926.5327783378502 -1.7570482838325838E-6
 2955.7919858736845 -2.4223613238270203E-6
 2985.2871547606146 -3.230632286221696E-6
 3015.0109112064183 -3.928769133905423E-6
 3044.955881418874 -3.8753100905839224E-6
 3075.136812982425 -3.821429798952574E-6
 3105.5537058970712 -2.9623135137579523E-6
 3136.1991863705916 -1.894616050466737E-6
 3167.073254402985 -1.2025586717191144E-6
 3198.183283786475 -8.469272680526368E-7
 3229.529274521059 -4.539795469911914E-7
 3261.1038528145177 -5.607732168325532E-8
 3292.9143924590716 9.8332449434847E-8
 3324.960893454721 1.2696884832353062E-7
 3357.2359820092442 -4.316384676890406E-9
 3389.754405707084 -4.345575558930949E-7
 3422.5014169637984 -9.553584681539123E-7
 3455.4917633638292 -1.3224465760154541E-6
 3488.710697322734 -1.5442346520973212E-6
 3522.1655926327343 -1.4848922162328284E-6
 3555.8638230860515 -1.425118151454178E-6
 3589.790641098243 -1.0655398620453975E-6
 3623.960794253751 -8.368865115350753E-7
 3658.366908760355 -7.07045496199454E-7
 3693.008984618054 -5.806394017982688E-7
 3727.8870218268484 -4.5068049712214443E-7
 3763.001020386739 -2.9430507658527866E-7
 3798.350980297724 -1.531732703564577E-7
 3833.944275352027 -1.0639529851111936E-7
 3869.7661579652035 -1.4800113374629522E-7
 3905.831375721697 -2.0964747380830582E-7
 3942.125181037064 -2.5123299422065225E-7
 3978.662321495749 -2.708638037568584E-7
 4015.4280495133066 -2.733913461462137E-7
 4052.4371126741816 -2.714365915396067E-7
 4089.674763393931 -2.694697633341145E-7
 4127.155749256997 -5.5968970475083515E-9
