 0.0E+0 0.0E+0
 0.257209777409705 0.0701503303940607
 0.7746532234858269 0.1944847570335023
 1.2981846668454102 0.3054830883434858
 1.8278780507752985 0.4044975426648867
 2.3637917515545794 0.4927473911322867
 2.9060165767284984 0.5713830867109169
 3.4546173888293756 0.641511223198389
 4.009665536642761 0.7041862089702294
 4.571238855207438 0.7603900384194993
 5.1394151795621905 0.8110135506437626
 5.714278830999031 0.8568453291263772
 6.295888185797048 0.8985683151253495
 6.8843145927417914 0.9367623287210859
 7.4796877768979 0.9719102248910276
 8.08206611454446 1.0044069423845172
 8.691514468213793 1.0345707733840034
 9.308097700438214 1.0626563964178066
 9.932010398814683 1.088868797792948
 10.56318770081088 1.1133763928128126
 11.201759331491443 1.1363220877071913
 11.847855015921011 1.1578315677519652
 12.5015396166319 1.178017763374095
 13.162942858688753 1.1969819411941293
 13.832064742091566 1.21481265718814
 14.509034991904977 1.2315845470214665
 15.193983333193625 1.2473587376567614
 15.88697462848983 1.2621846062820005
 16.58807374032591 1.2761022263826435
 17.297410393766504 1.2891449558590397
 18.015114313876246 1.301341751586483
 18.741185500655141 1.3127192690505342
 19.475818541700146 1.3233029648449596
 20.219013437011255 1.3331176630123204
 20.971029636717755 1.342188641016222
 21.731802278287315 1.3505430615613367
 22.50146108678458 1.3582121423785442
 23.280200649806502 1.3652332681455043
 24.068085829885404 1.371649472578668
 24.865181489553606 1.3775066745448651
 25.671682216408061 1.3828504972687507
 26.487588010448774 1.3877240615326094
 27.313028596740377 1.392166841894669
 28.148198562879834 1.3962143794168706
 28.993162771399457 1.399896864010918
 29.847986084831568 1.4032368547984732
 30.712863090773126 1.4062496465557177
 31.58785865175645 1.4089462204140388
 32.47310249284617 1.4113349445219982
 33.36872433910693 1.4134219769789657
 34.27485391560337 1.4152123181180094
 35.19155608486781 1.4167122833443581
 36.11902543449721 1.4179324686790704
 37.05732682702387 1.4188888800152954
 38.00665485004477 1.4196008493646823
 38.96707436609221 1.4200892880089881
 39.938715100230844 1.4203773381363666
 40.92170677752531 1.420491363411673
 41.91624398557254 1.420460471881
 42.922456449437206 1.4203143068641017
 43.940409031651604 1.4200799859852797
 44.97023145728038 1.4197778065447916
 46.01211831392049 1.4194185764184772
 47.06619932663657 1.4190033829398112
 48.13260422049326 1.4185234868083855
 49.211462720555203 1.4179616237565286
 50.30296941441935 1.4172966596999252
 51.40718916461802 1.4165086847915904
 52.524316558748175 1.4155835340609506
 53.65454618440676 1.4145139627339158
 54.79794290412611 1.4132980157663115
 55.954701305503164 1.411940106466017
 57.124951113602584 1.4104536456835468
 58.30888691602131 1.4088591236966343
 59.50663843782397 1.4071812759097346
 60.71840026660755 1.405447315923355
 61.94423726490435 1.4036802580136105
 63.18440888284364 1.4018921465200928
 64.43910970802239 1.4000852690531098
 65.70833974044059 1.398252763854399
 66.99261788035682 1.39638212112254
 68.29181440270641 1.394463100844612
 69.60592930748936 1.3924911054984596
 70.93561122002887 1.3904653135276214
 72.28021151500177 1.3883853738887315
 73.6410274430544 1.3862543606556063
 75.0174103788636 1.3840749552285032
 76.41000894775254 1.3818485541276888
 77.81882314972124 1.3795836521148783
 79.24450161009288 1.3772992219440711
 80.68639570354428 1.3750221007919323
 82.14450543007541 1.3727779205447867
 83.62012804033267 1.3705802660537595
 85.11326353431608 1.36842748555749
 86.62326328670241 1.3663064828423086
 88.15077592281489 1.3641944138060768
 89.69645006797667 1.362061302765985
 91.2596370968646 1.3598740750194646
 92.84163426012502 1.3576052091924264
 94.44179293243478 1.3552451796235365
 96.06011311379385 1.352814758179667
 97.69724342952543 1.3503659029738481
 99.35383250495272 1.3479660220572355
 101.0292317147525 1.3456731642923742
 102.72473830957118 1.3435130355074966
 104.43970366408557 1.3414732803302686
 106.17412777829566 1.3395175982593696
 107.92865927752463 1.337605316944762
 109.70394678709567 1.3356992266425653
 111.4999903070088 1.3337602193395252
 113.31614121194085 1.3317444598971193
 115.15434537786132 1.3296047003009936
 117.01265692880068 1.3273057300930561
 118.8936703660517 1.324844318599029
 120.7954398136448 1.3222473659581708
 122.71991114754957 1.3195567091623834
 124.66643574244279 1.3168127940926968
 126.63566222364766 1.3140387300937785
 128.62759059116416 1.3112291663369952
 130.64222084499232 1.308348680138964
 132.68085023577853 1.3053579631032832
 134.74218151287638 1.302250629513445
 136.82816055225544 1.2990584896157222
 138.93749010326934 1.2958359939327432
 141.07211604188765 1.2926366395382067
 143.23074111746402 1.289484985766904
 145.41401395532156 1.2863866215720685
 147.62323180610673 1.2833526011076967
 149.85774604449633 1.2803964136642236
 152.1175566704903 1.277525423166129
 154.4039609347351 1.2747292762040516
 156.71631021190748 1.271967640900561
 159.05590175265382 1.2691856067043125
 161.422086931651 1.266368997347003
 163.8155143742221 1.263563589787052
 166.23618408036722 1.260816585279279
 168.6853933007327 1.258141543759826
 171.16184478467215 1.2555320033993035
 173.66748440815513 1.2529658156549137
 176.2023121711817 1.250398488706135
 178.7656794484286 1.2477942922593014
 181.3582348652191 1.245162680364716
 183.98127567219947 1.242538751622253
 186.6341532440466 1.2399565424033665
 189.3175162060837 1.2374120135466102
 192.03136455831068 1.234835454716302
 194.77699555137397 1.2321545296897806
 197.5537605599504 1.2293673376165774
 200.36230820936313 1.2264974635809295
 203.2026384996122 1.2235387746725352
 206.0760486813439 1.2204736669966473
 208.98253875455833 1.217278359200608
 211.92146009393223 1.2139971767374213
 214.89475857543527 1.2107549842973623
 217.90178557374417 1.2076222243963827
 220.94318971418206 1.204556463141039
 224.01961962207232 1.201481432526971
 227.13107529741478 1.1983414774572851
 230.27755674020951 1.1950805297979971
 233.46036120110287 1.1917012986892996
 236.68013730541807 1.1883042220170985
 239.93558780250873 1.1849674535692205
 243.2286585683444 1.1816245891115628
 246.5593496029251 1.1781480729736575
 249.92766090625082 1.1744546646851055
 253.3342411036447 1.1704614624470486
 256.77973882043005 1.1661044828424005
 260.26480268192995 1.16141373049415
 263.78878406282126 1.156474814911422
 267.3529802137504 1.151383854136042
 270.95803976004043 1.1461997368913776
 274.6039627016915 1.140910037077391
 278.2907490387035 1.1354805926655155
 282.02034464704604 1.1298634529113551
 285.79145227607273 1.1240458125212136
 289.60536917643 1.1181231724594726
 293.46209534811777 1.11219404580366
 297.3629280417825 1.1062531554892114
 301.30786725742416 1.1002775148541386
 305.2975616203659 1.0943276445079297
 309.3326597559309 1.0884123939629062
 313.4125130387961 1.0824271465121846
 317.53906734493085 1.0763187618184983
 321.7116740490122 1.0700352522436742
 325.9316304016864 1.063442139646451
 330.1989364029535 1.0564029982198361
 334.5142406781366 1.0488695877137534
 338.878191852559 1.0409901408246147
 343.2914385515438 1.033029008255037
 347.75398077509106 1.025116911496396
 352.26711577384713 1.0172328348652766
 356.830843547812 1.009344028256651
 361.4451640969857 1.0014324096357023
 366.1120232973379 0.9934996141495848
 370.8307725235452 0.9854343426166189
 375.60270902625404 0.9770731178548336
 380.4278328054645 0.968301739117186
 385.3067924864998 0.9590411741750086
 390.24023669468294 0.9492547400707855
 395.22881405533735 0.9389928896478118
 400.273173193786 0.9285568272583858
 405.3739627353523 0.9182779984943871
 410.5318313053592 0.9081350652688801
 415.7467789038069 0.8978969764118122
 421.0194541560184 0.8874597162396091
 426.3511543126403 0.876811750153637
 431.7425279989957 0.8659689590399685
 437.1929265897613 0.854906695893016
 442.7042959609068 0.8434694931886944
 448.2772847377554 0.8314689745473078
 453.91124429498376 0.8189505462269349
 459.60812050856156 0.8060173455825195
 465.3679133784889 0.7928200218144006
 471.1912715300888 0.7795111709866813
 477.0788435886845 0.7661831271954627
 483.03127817959915 0.7529170583627459
 489.0498725534793 0.7397896782508975
 495.1346267103247 0.7267248924710377
 501.2861892754588 0.7135018488486329
 507.5058574995278 0.7000019506012393
 513.7936313825317 0.6862817283410749
 520.1501595497938 0.6724642032029021
 526.5767392519605 0.6586428349626116
 533.0740191143547 0.6447766563828722
 539.6419991369768 0.6310974575891879
 546.2819765704729 0.6178064853336328
 552.9946000401662 0.6050148888066919
 559.7805181713801 0.5927623966101461
 566.6410282147608 0.5808446442847265
 573.5754815449852 0.5689025785467753
 580.5858240380228 0.5564600148841761
 587.6727043191968 0.5432906933673648
 594.8361223885073 0.5296540872875545
 602.0780241219237 0.5158114277085942
 609.3977608941229 0.5020824476384397
 616.7972785810746 0.4888352048058128
 624.2772258081018 0.4762101319638608
 631.8376025752045 0.4638881458471322
 639.4797061330291 0.4516381780939164
 647.204185106899 0.4394832576137448
 655.01428262343 0.4274553779167393
 662.9015665534204 0.4157925420202323
 670.8796580286574 0.4044567855160018
 678.9420707959093 0.3933092590161837
 687.0952911084077 0.382530853017992
 695.3263464596889 0.37251277337881294
 703.6546956094486 0.36329928495315055
 712.0673660512231 0.3545787767087992
 720.570844038244 0.3462620348803458
 729.1651295705117 0.338327375591809
 737.8502226480258 0.33078684618993803
 746.6261232707867 0.3237005184560834
 755.4993176920259 0.3171646891370298
 764.4698059117438 0.311242284695696
 773.5246154234763 0.3058081398108069
 782.6832049869192 0.30071580672824094
 791.9390883488406 0.29608312072287262
 801.2922655092405 0.2920922257100241
 810.7362502148871 0.2887196866045843
 820.2905012254758 0.28581296585214283
 829.9355597813114 0.28323287086037224
 839.6908846420889 0.2809524626881486
 849.5435033013454 0.27888393331214694
 859.4999020123118 0.27683291547841465
 869.5600807749888 0.2748664005079568
 879.7240395893764 0.2731240212771704
 889.9982647087061 0.2716464368815187
 900.3762698797461 0.27047887032568174
 910.8645413557286 0.26964800970655783
 921.4630791366534 0.2690612442972554
 932.1653969692886 0.26852441639651186
 942.9844673600979 0.2679102090232033
 953.9073178026176 0.26717087195135325
 964.9534070565435 0.2663504942852377
 976.1032763621797 0.26554665500087154
 987.376384479222 0.26475301047853644
 998.7597589012067 0.2639605050968206
 1010.2598858813656 0.2632707989118993
 1021.8832516729304 0.26281577179100396
 1033.6168837694376 0.26266418899672616
 1045.473754677351 0.2627210097146258
 1057.4538643966704 0.2627927764032403
 1069.5507266741642 0.26279734511611096
 1081.7773140162958 0.26280420312397234
 1094.1206539166016 0.26285964059618266
 1106.5937188815455 0.2630340768788034
 1119.1900226578954 0.2633527321929463
 1131.9095652456514 0.2637304147780118
 1144.7653191512777 0.264069850040204
 1157.7443118683097 0.2642863604020711
 1170.8530296499798 0.2643032263872542
 1184.0914724962876 0.2641484175562033
 1197.4661266604657 0.2639070011331785
 1210.9705058892816 0.2635901216463876
 1224.6110964359675 0.26319826851227906
 1238.3878983005233 0.26274780748294845
 1252.300911482949 0.2621844995591339
 1266.3501359832446 0.26159083702705576
 1280.53557180141 0.2612659594019893
 1294.8572189374453 0.26134512428291334
 1309.3280498978147 0.2616540227193255
 1323.9350921760535 0.26213810018982897
 1338.6848320253941 0.2628790801118769
 1353.577269445837 0.26368802943653774
 1368.6124044373812 0.264394498527348
 1383.7967232532594 0.2651311592493684
 1399.1302258934713 0.2657312923761187
 1414.6064261047847 0.26607797373891955
 1430.2318101404321 0.2664006869555065
 1446.012864253645 0.2667835766584771
 1461.9366159379596 0.26721948956207786
 1478.0225239530718 0.2676789984522402
 1494.2511295392857 0.2679762553536556
 1510.6418914562973 0.2679805660622159
 1527.1818371976426 0.267892811519106
 1543.8774530165535 0.267895606375051
 1560.7352251662616 0.2682593376297746
 1577.7486673935356 0.26903627804463325
 1594.9242659516071 0.27000351740119793
 1612.2555345872442 0.2711837309477242
 1629.7554458069105 0.27218260884012235
 1647.4110271041427 0.27276849267328556
 1665.2352509854038 0.27296408581181813
 1683.221631197463 0.2723410198745112
 1701.3701677403191 0.27113148472682324
 1719.687346867205 0.2704397179609381
 1738.1796548313525 0.2704092720912828
 1756.834119126297 0.27090062486044003
 1775.6572260052707 0.27174653924965663
 1794.6489754682745 0.27262787768147966
 1813.8158537685392 0.27357411127384445
 1833.157860906065 0.2742259220210543
 1852.6685106276206 0.2743629988009345
 1872.3607754396691 0.27459957562904496
 1892.2216828357472 0.27517906002931963
 1912.2642053223187 0.27564366404939066
 1932.4818566461513 0.27597301041786537
 1952.874636807245 0.27664812878200423
 1973.4555183120642 0.277499206289302
 1994.2115286541443 0.2776073893868437
 2015.1491540867177 0.27729663856643493
 2036.2683946097843 0.27694530794361377
 2057.569250223344 0.27687275734692406
 2079.0582071806293 0.27708851857557265
 2100.7287792284073 0.27689280650415126
 2122.5874526199104 0.2758896784506708
 2144.634227355139 0.27397987767240755
 2166.8626171808605 0.2712714756374427
 2189.2855946035392 0.26866797529758856
 2211.896673369943 0.26662937554971516
 2234.695853480072 0.2645699139371485
 2257.6896211871576 0.262839711311438
 2280.8714902379683 0.26234821383307405
 2304.2414606325046 0.26288719728637394
 2327.8125048772294 0.26242481052031135
 2351.578136718911 0.261404257162559
 2375.5318699043182 0.26111801355623937
 2399.686676939914 0.2609232352673844
 2424.0360715724673 0.26091249482453265
 2448.5800538019766 0.2609614586387477
 2473.325109881676 0.2592551570607296
 2498.2647535583314 0.2565524142461296
 2523.4054710851764 0.2543161486415456
 2548.740776208978 0.25293179910183566
 2574.2836414362004 0.25237430988878073
 2600.0210942603803 0.2515746331006744
 2625.9661071879804 0.24990620454274065
 2652.11219396577 0.2479235406190739
 2678.452868340516 0.24600738576595013
 2705.001102818683 0.24352023368463923
 2731.756897400271 0.2408916655053028
 2758.7137658320475 0.23835104801115514
 2785.871708114013 0.23625004807386085
 2813.2372104993996 0.23430930072669997
 2840.8102729882066 0.23167545362108485
 2868.584409327203 0.22740071423476404
 2896.56610576962 0.22304712929621406
 2924.7553623154576 0.21994995826324054
 2953.1456927114845 0.21622083426811328
 2981.7500694641635 0.21328740106421884
 3010.555520067032 0.21093309592979353
 3039.575017026553 0.20664212451041885
 3068.795587836263 0.2004382370725132
 3098.2237187493933 0.19342955954326443
 3127.865896019177 0.1861651377848745
 3157.7091471391495 0.17907738828861383
 3187.766444615774 0.17086004189627257
 3218.03130219582 0.1630561323050411
 3248.5037198792865 0.15638471853770982
 3279.183697666174 0.14978538291600934
 3310.0712355564824 0.14224457835411125
 3341.166333550211 0.13393416766025911
 3372.475477900593 0.12465562682979107
 3403.9856961011637 0.11461972173084868
 3435.709960658387 0.10518556410527091
 3467.6352990657992 0.09671362682151276
 3499.7746838298644 0.08862152095046183
 3532.1151424441177 0.08005252713461361
 3564.669647415024 0.07147391085734685
 3597.4252262361196 0.06395540861403472
 3630.394851413868 0.05624961487325883
 3663.5655504418045 0.049383534024135984
 3696.9438095731625 0.044574359239688145
 3730.523142554709 0.04025236372224161
 3764.316521892909 0.03604291395425627
 3798.3044888280655 0.03240185181359228
 3832.5065021198743 0.02964827216462696
 3866.9031030086403 0.027984102427405357
 3901.507264000828 0.025697833650178757
 3936.3189850964354 0.022254120290383021
 3971.325293789 0.018925001370220944
 4006.532676331754 0.01639424243450841
 4041.941132724696 0.014492352188016666
 4077.5506629678275 0.012971362026168649
 4113.361267061148 0.011691697527115534
 4149.366458751425 0.010581742744343715
 4185.572724291891 9.602527003112501E-3
 4221.967091176083 8.729873089916709E-3
 4258.562531910464 7.946968862418613E-3
 4295.3525602418 7.241251257349359E-3
 4332.337176170095 6.602891554943745E-3
 4369.509893442114 6.023942357010052E-3
 4406.87719831109 5.497816891018083E-3
 4444.432604523792 5.01895016971056E-3
 4482.176112080218 4.582568775049445E-3
 4520.107720980371 4.184528264953887E-3
 4558.227431224247 3.8211951602964283E-3
 4596.5352428118494 3.4893578675478072E-3
 4635.024669489944 3.1861594668729392E-3
 4673.689225005301 2.909044033690233E-3
 4712.541881864382 2.655714861406431E-3
 4751.576153813957 2.4241001473228893E-3
 4790.785554600792 2.2123252683718722E-3
 4830.170084224889 2.01868907648031E-3
 4869.729742686249 1.8416448496536171E-3
 4909.471016238101 1.679783521682666E-3
 4949.37444612075 1.5318195271610691E-3
 4989.4530048406604 1.3965785059433036E-3
 5029.7002061446 1.2729866238568477E-3
 5070.109563779338 1.1600611210884341E-3
 5110.687563998104 1.0569021188121668E-3
 5151.427720547669 9.62685094682559E-4
 5192.336519681263 8.76654371059844E-4
 5233.39450263919 7.981171779887394E-4
 5274.614641927916 7.264382247577284E-4
 5315.990451294207 6.610350221341451E-4
 5357.521930738062 6.013733357018065E-4
 5399.202594006252 5.469632744659422E-4
 5441.032441098776 4.973556102183853E-4
 5483.011472015633 4.5213846775935163E-4
 5525.133200503592 4.1093428237359673E-4
 5567.397626562653 3.7339696313592096E-4
 5609.804750192816 3.3920938741470766E-4
 5652.35457139408 3.080809972177546E-4
 5695.034117659983 2.797456728225496E-4
 5737.856361496988 2.539596973520488E-4
 5780.801844145398 2.3049999315386581E-4
 5823.883538111679 2.0916237372699934E-4
 5867.0884708893645 1.897600297219806E-4
 5910.416642478457 1.7212209713793932E-4
 5953.8680528789554 1.560923380740957E-4
 5997.436215837629 1.415279412089508E-4
 6041.127617607708 1.282984038973489E-4
 6084.92928568273 1.162845115502446E-4
 6128.847706315924 1.0537740357248079E-4
 6172.869907000831 9.547769777855295E-5
 6217.002373990679 8.649470041690018E-5
 6261.238621032237 7.834567579809755E-5
 6305.572161872275 7.09551749734704E-5
 6350.009482764021 6.425441710566492E-5
 6394.537611201015 5.818072256958386E-5
 6439.163033436488 5.267699418922012E-5
 6483.879263217208 4.769124139514094E-5
 6528.67332803671 4.317614065934985E-5
 6573.558200401459 3.908863551697999E-5
 6618.507935298525 3.53895705005818E-5
 6663.587395260231 3.204335205451073E-5
 6708.731717754255 2.901764439207193E-5
 6753.876040248281 2.6283084997518445E-5
 6799.150087806944 2.381303050183368E-5
 6844.488997897924 2.1583317081269382E-5
 6889.892770521225 1.9572052288978734E-5
 6935.361405676845 1.7759415040509007E-5
 6980.830040832464 1.612747977180541E-5
 7026.428401052722 1.466005419005981E-5
 7072.026761272979 1.3342532468861556E-5
 7117.754846557874 1.216176226851886E-5
 7163.418069310452 1.1105923906595948E-5
 7209.211017127665 1.0164421239784061E-5
 7255.003964944881 9.327784326545503E-6
 7300.861775294415 8.587581320762187E-6
 7346.7195856439475 7.936339993595782E-6
 7392.577395993481 7.367477288174329E-6
 7438.500068875334 6.875238717552354E-6
 7484.487604289505 6.454643771472622E-6
 7530.475139703677 6.101440366983119E-6
 7576.397812585529 5.812065369904402E-6
 7622.450210532021 5.583612627758346E-6
 7668.437745946193 5.413808597085792E-6
 7714.490143892683 5.301005804985261E-6
 7760.477679306854 5.244304700044066E-6
