 0.0E+0 0.0E+0
 0.22867481641618081 -2.343525387616497E-7
 0.6887128687361486 -1.9116363459828644E-6
 1.1541635133578473 8.107069416379837E-7
 1.6250924902687475 3.565092082261282E-6
 2.101551699458958 3.418074321722934E-5
 2.5836218742464236 1.1087737403120399E-4
 3.071360681286822 2.625086376191444E-4
 3.5648315539013943 5.231343717298937E-4
 4.064103692076953 9.3016872427362E-4
 4.569246295800309 1.5219935297114714E-3
 5.080334331723841 2.3351640631238115E-3
 5.597419699837657 3.4013900179540087E-3
 6.120565833462999 4.744518317653886E-3
 6.64988806591122 6.377766858425595E-3
 7.185438297172428 8.301458607022614E-3
 7.7272741939023 0.010501485057911238
 8.27545342275651 0.012948688108381453
 8.830148983702085 0.015599283523111183
 9.391303210083352 0.018396380338360222
 9.95903143521166 0.02127255899426212
 10.53344899239836 0.02415337842166406
 11.11461354829913 0.02696158401283602
 11.702640436225323 0.029621723718657642
 12.297529656176936 0.03206481282755813
 12.899396541465322 0.034232672643398014
 13.50835642540183 0.03608156094387495
 14.12446697464214 0.037584771452762205
 14.747785855841924 0.03873395558284769
 15.378428402312537 0.03953902773992116
 16.016509947365324 0.040026672860262846
 16.662030491000297 0.040237615564359036
 17.315163033184472 0.04022294168361657
 17.975907573917854 0.04003986294784716
 18.644494779823148 0.03974735029870572
 19.320866984244673 0.03940202394936069
 20.005139520493784 0.039054616288354264
 20.697485388537511 0.03874721835962491
 21.397962255031522 0.038511441292737903
 22.1066277866315 0.038367567373136846
 22.82365498330447 0.03837459392635097
 23.54904384505043 0.03838170242022907
 24.282909705180735 0.038528902703997704
 25.025425563662412 0.0387498418393032
 25.776649087151135 0.03902321789138111
 26.536637942302576 0.0393245912864517
 27.30556512908377 0.03962783592808488
 28.083488314150393 0.03990626688000046
 28.870522830813786 0.040133545313176234
 29.66678401238531 0.040284488090070055
 30.47238719217632 0.040275847803664693
 31.287390036842484 0.0402671067036098
 32.11196554635083 0.04006079610166037
 32.94617138735704 0.039703007890406843
 33.79018055982813 0.0391836296026806
 34.644050730419785 0.03849673206770898
 35.50789723244336 0.03764080148303402
 36.381835399210196 0.03661873541327241
 37.26603823068732 0.035437786105882544
 38.1606210601861 0.0341095404849646
 39.065641554362194 0.03264969141370851
 39.98121504652696 0.031077346146751314
 40.90751453664743 0.02941394266101665
 41.844655358034955 0.027682156650327725
 42.79275284400087 0.025905149292291634
 43.751922327856554 0.024106068427048876
 44.72233680956901 0.022307610421495881
 45.70405395579393 0.020531527349894482
 46.69724676649834 0.0187978934332095
 47.70208824164925 0.017124105395987757
 48.71863604790236 0.015524102224562604
 49.747063185224675 0.014008299813467606
 50.787484986927566 0.012584045106173935
 51.84007445297805 0.011256110248227535
 52.90494691668748 0.010027027357660548
 53.982275378022883 8.897317262543317E-3
 55.07211750363994 7.865728908509688E-3
 56.17470396016134 6.9295107762021154E-3
 57.29020774755412 6.084708306776626E-3
 58.41862886581829 5.32645459198715E-3
 59.56042864819925 4.649247393366592E-3
 60.71549176138564 4.047191950806116E-3
 61.88381820537746 3.51421091427926E-3
 63.06598464673148 3.0442171307216224E-3
 64.26141441889094 2.631251553435399E-3
 65.47126085496934 2.269587474390785E-3
 66.69494728840995 1.9538062810362083E-3
 67.93305038576949 1.6788476718600407E-3
 69.18557014704798 1.4400389988170954E-3
 70.45308323880221 1.2331074711105587E-3
 71.73501299447537 1.0541796216933247E-3
 73.03135941406748 8.997702371707265E-4
 74.34327583069206 7.667643522206388E-4
 75.6707622443491 6.523938890207464E-4
 77.01324198848187 5.54211622513759E-4
 78.3712917296471 4.7006302501544024E-4
 79.74548813440154 3.9805808414770265E-4
 81.13525453618847 3.3654371428896556E-4
 82.54174426812136 2.8407744842130652E-4
 83.9643806636435 2.3940305057280097E-4
 85.40316372275485 2.0450646912011015E-4
 86.85867011201219 1.6920427609943216E-4
 88.33147649797228 1.419086905801328E-4
 89.82100621407834 1.1882878482570866E-4
 91.32841259344389 9.934810779909728E-5
 92.85311896951221 8.293416781542096E-5
 94.39512534228325 6.912785593098092E-5
 95.9550083783138 5.7534178404597154E-5
 97.5333447441606 4.7814207536521246E-5
 99.13013443982366 3.967799413869038E-5
 100.74480079874624 3.287831092914993E-5
 102.37907382059856 2.7205050796085566E-5
 104.0312235057104 2.2480176566098952E-5
 105.70355652030875 1.8553163591873866E-5
 107.39434286472338 1.529691648677963E-5
 109.10531253862455 1.2604157338918522E-5
 110.83588887545548 1.0384310078930305E-5
 112.58664854177296 8.56084699101413E-6
 114.35759153757694 7.0690840297011825E-6
 116.14871786286747 5.854360122290465E-6
 117.96118085075804 4.870524900199473E-6
 119.79382716813515 4.07868477704273E-6
 121.64838681466905 3.4461382186738912E-6
 123.52370645724626 2.9454690622069485E-6
 125.42151609553703 2.5537684082153646E-6
 127.34066239642786 2.2519652132839094E-6
 129.28172202647547 2.0242469104599894E-6
 131.2458483187934 1.8575521187118898E-6
 133.23246460682491 1.7411237044233402E-6
 135.24157089057 1.6661129253851181E-6
 137.27432050314217 1.6252358576556887E-6
 139.33013677798464 1.6240628019917731E-6
 141.41017304821093 1.6380996127139828E-6
 143.51385264726434 1.6522959768710724E-6
 145.64175224170156 1.697331199871974E-6
 147.79387183152263 1.7551742586647122E-6
 149.9713647498411 1.8235263075078117E-6
 152.17307766354335 1.900505696614737E-6
 154.40074057229972 1.9845574107557447E-6
 156.6543534761102 2.0743663757250484E-6
 158.93333970841806 2.1687837021505743E-6
 161.23827593578002 2.2667722686302732E-6
 163.5703154913096 2.367374245000975E-6
 165.92888170845003 2.469699755491787E-6
 168.31455125375813 2.5729324804600592E-6
 170.72732412723385 2.6763417267986517E-6
 173.1683536619907 2.779293831469868E-6
 175.63706319147195 2.8812562961200962E-6
 178.13402938223433 2.9817927188425077E-6
 180.6592522342779 3.080549856834463E-6
 183.21388508071606 3.175542268214768E-6
 185.79792792154893 3.2716282716899717E-6
 188.41080409021967 3.363499075619444E-6
 191.05424358639865 3.452648169429201E-6
 193.72766974352902 3.5388566852924986E-6
 196.43165922816751 3.621881814630064E-6
 199.16678870687101 3.7014587420427507E-6
 201.9330581796394 3.7773159167107825E-6
 204.73046764647276 3.849195458717639E-6
 207.56017044048454 3.9168646959586575E-6
 210.42274322823152 3.980112296275715E-6
 213.31703267660023 4.038734063055318E-6
 216.24476878526087 4.0925290673632855E-6
 219.2059515542135 4.141319120645974E-6
 222.2005809834581 4.1849839856420725E-6
 225.2292337395514 4.223489318375112E-6
 228.29248648905021 4.25688886883545E-6
 231.39091589851125 4.285310276578356E-6
 234.5239453013778 4.308946534745387E-6
 237.69272803076333 4.328068660657656E-6
 240.89784075322458 4.343050703565683E-6
 244.13928346876164 4.354386216420635E-6
 247.41705617737443 4.362679853270376E-6
 250.7328888787333 4.368612158347667E-6
 254.08562823972462 4.372888216823796E-6
 257.476427593462 4.376177569521587E-6
 260.9052869399454 4.379050793261765E-6
 264.37335961228836 4.381920549260631E-6
 267.8806456104909 4.3849864993930374E-6
 271.42772160110973 4.388159816131494E-6
 275.01516425070155 4.390943278721521E-6
 278.64239689270976 4.392278225752527E-6
 282.3111495268045 4.390421650403182E-6
 286.0208454864291 4.38298954720783E-6
 289.772638104697 4.367387645540027E-6
 293.5665273816083 4.341654604250361E-6
 297.40308998371966 4.305226782000733E-6
 301.2829025775879 4.259036534393126E-6
 305.2065418297697 4.204959375979445E-6
 309.17400774026515 4.145155909659956E-6
 313.1864536421877 4.081729253853926E-6
 317.2438795355374 4.016674360126572E-6
 321.34628542031424 3.951901487130268E-6
 325.49540129618844 3.889184717983497E-6
 329.6906504966033 3.82993929126614E-6
 333.9331863546724 3.774780064188001E-6
 338.2230088703956 3.723022024465011E-6
 342.56069471032964 3.6725057028815623E-6
 346.94682054103145 3.620073054098444E-6
 351.3819630290577 3.5627442880174212E-6
 355.8666988409651 3.4970477828266334E-6
 360.40160464331046 3.430616341805629E-6
 364.9872571026506 3.3603901121572844E-6
 369.62365621898533 3.292723475722252E-6
 374.31137865887154 3.2314326151286316E-6
 379.0515777554228 3.1791970274143823E-6
 383.8448301751958 3.1370476987469202E-6
 388.6905592516338 3.1041870486241555E-6
 393.590494984407 3.0785961180410075E-6
 398.5452140400722 3.0580252765077187E-6
 403.5541397520727 3.04035480045912E-6
 408.61900212007873 3.0231917483269422E-6
 413.7398011440903 3.0035367906243975E-6
 418.9171134906641 2.978082969197796E-6
 424.151515826357 2.9440276821925533E-6
 429.44358481772565 2.900048653170924E-6
 434.7944737978837 2.8469364604650383E-6
 440.2041827668311 2.78726656887345E-6
 445.6732883911245 2.7239562824634186E-6
 451.2029440038775 2.658401900612265E-6
 456.7931496050901 2.5894313267560485E-6
 462.4444818613191 2.5139960828435952E-6
 468.15809410567794 2.4292824302357192E-6
 473.9345630047234 2.334815955245809E-6
 479.7738885584555 2.2333951918011386E-6
 485.6772240999877 2.130312246582674E-6
 491.6451462958768 2.0312035329714026E-6
 497.6782318126796 1.940565644453522E-6
 503.77763398350964 1.8622463067656193E-6
 509.94277614181004 1.8004386193416322E-6
 516.175388287251 1.7594063035010936E-6
 522.4760470863896 1.753131631490437E-6
 528.8447525392256 1.7611634323410504E-6
 535.2832346454294 1.7692832310097484E-6
 541.790916738444 1.8007114372207332E-6
 548.3695288179399 1.8316005430321448E-6
 555.0196475504739 1.8554376634460236E-6
 561.7412729360459 1.8707790843913212E-6
 568.5355583077692 1.88099578386136E-6
 575.403080332201 1.8925573000876816E-6
 582.3467223421247 1.911929036687185E-6
 589.3589876723028 1.9435557710883634E-6
 596.4519863204268 1.9915205019384545E-6
 603.6199516209296 2.062508901115092E-6
 610.8686502393782 2.1651801854272527E-6
 618.1865488446381 2.305597300437478E-6
 625.5909474334114 2.483741840441874E-6
 633.0703126745635 2.6943541754906216E-6
 640.6304112336617 2.9296408904184446E-6
 648.2712431107059 3.180423474154678E-6
 655.9928083056963 3.4318203740464655E-6
 663.7951068186328 3.685845770277678E-6
 671.683905315083 3.918506204659238E-6
 679.659203795047 4.121055240906256E-6
 687.7094689273895 4.27830070432458E-6
 695.8520007088133 4.382689587584218E-6
 704.0810324737507 4.442609623361704E-6
 712.396564222202 4.479211099426335E-6
 720.7928292885994 4.5149112294988055E-6
 729.2871276696454 4.561980616216701E-6
 737.8621593686379 4.615801962021184E-6
 746.5352243822789 4.6614571771565284E-6
 755.294789379434 4.6880736922331245E-6
 764.14662102567 4.6881793916558505E-6
 773.0907193209874 4.6562233552045615E-6
 782.1270842653863 4.597951963672282E-6
 791.261482524434 4.527846438096578E-6
 800.4881474325629 4.458581306290718E-6
 809.8128456553407 4.400119589110197E-6
 819.2355771927673 4.362058860825939E-6
 828.7505753792753 4.379190586432724E-6
 838.3693735459998 4.396509203591581E-6
 848.0804383618054 4.494689896277512E-6
 857.9010698233952 4.635802893607077E-6
 867.8139679340662 4.77229485888716E-6
 877.8364326905212 4.853486686754579E-6
 887.9569307616251 4.857637172982762E-6
 898.1812288129455 4.788220460869105E-6
 908.5150935100498 4.660300552053832E-6
 918.946991521803 4.48998323769252E-6
 929.4884561793403 4.289137796053059E-6
 940.1394874826618 4.0790869016604225E-6
 950.8943187661996 3.895757688268445E-6
 961.764483361089 3.767080811536849E-6
 972.7384479361948 3.748502483751098E-6
 983.8277458226522 3.789989236376952E-6
 995.0266103548937 3.831885894514969E-6
 1006.3350415329191 4.006325419675293E-6
 1017.764572687864 4.240892845029909E-6
 1029.3036704885926 4.51172144098911E-6
 1040.958101600673 4.763508736083578E-6
 1052.727866024105 4.943951188206788E-6
 1064.618730424456 5.029664483935594E-6
 1076.6249281361588 5.011209364727497E-6
 1088.752225824781 4.904413802309004E-6
 1101.0006234903221 4.747513312464034E-6
 1113.3701211327822 4.5829331760438E-6
 1125.8607187521618 4.43314382326069E-6
 1138.4724163484604 4.275507438696609E-6
 1151.2052139216784 4.063851913698514E-6
 1164.070644802951 3.768947899133436E-6
 1177.057175661142 3.4712680063496855E-6
 1190.1705731618203 3.1282242977242194E-6
 1203.4108373049855 2.743144495522642E-6
 1216.7779680906371 2.2958698192419653E-6
 1230.2777321843434 1.8066484770986638E-6
 1243.910129586104 1.371526166814252E-6
 1257.6693936303511 1.088078526902798E-6
 1271.5612909826527 1.048053074223228E-6
 1285.5915883085763 1.0954510262011948E-6
 1299.7487522769865 1.1432775663187084E-6
 1314.0500828845863 1.3178191897857794E-6
 1328.478280134673 1.489857970959879E-6
 1343.0506440239491 1.659079078942148E-6
 1357.7556412212795 1.8373238500079685E-6
 1372.5990383922321 2.0301885517638934E-6
 1387.586602202374 2.213203667817673E-6
 1402.7125659861378 2.3732415966159726E-6
 1417.9826964090912 2.536382687078465E-6
 1433.3912268056665 2.7163755332029207E-6
 1448.949690506999 2.9142593903860433E-6
 1464.6465541819534 3.15074427662499E-6
 1480.4933511616645 3.4342197251542844E-6
 1496.4843147805656 3.6963103465642943E-6
 1512.619445038656 3.7905682235767347E-6
 1528.9045086015034 3.613004596929672E-6
 1545.345272134676 3.2040938095488475E-6
 1561.9302023070376 2.697435797146272E-6
 1578.6650657841562 2.226279653375304E-6
 1595.5498625660325 1.8721396393581805E-6
 1612.590359318233 1.8037139421905033E-6
 1629.7865560407581 1.9371014700706333E-6
 1647.1326860680405 2.0716520012119584E-6
 1664.6402827312151 2.643034071483119E-6
 1682.297812699147 3.30059578200241E-6
 1700.1168093029712 3.827932669417654E-6
 1718.0915058771197 4.092628498176715E-6
 1736.2219024215928 4.158252701665468E-6
 1754.5195322675263 4.1228335253267185E-6
 1772.972862083784 4.0132461644015784E-6
 1791.5876585359342 3.840040154838843E-6
 1810.3639216239764 3.656066741810563E-6
 1829.3016513479112 3.496798718271179E-6
 1848.4066143733057 3.329445722546857E-6
 1867.6730440345922 3.0489455293771554E-6
 1887.1067069973387 2.6123695019217522E-6
 1906.7076032615455 2.095928724524648E-6
 1926.4699661616436 1.6056401183048043E-6
 1946.4053290287702 1.5011678041682432E-6
 1966.507925197356 1.3958190951488486E-6
 1986.7777546674017 1.8584999018521556E-6
 2007.220584104475 2.325129620134727E-6
 2027.8306468430075 2.75281242492983E-6
 2048.6079428830007 3.0286900522413902E-6
 2069.564005555588 3.050194182999324E-6
 2090.6930681952035 2.7883224961033904E-6
 2111.9893641362787 2.3923943320140657E-6
 2133.464426709949 1.9983975664616575E-6
 2155.1124892506463 1.6366537293668346E-6
 2176.933551758371 1.282145934708488E-6
 2198.933380898691 9.027837710594335E-7
 2221.1062100060385 4.6886382005065512E-7
 2243.4578057459807 3.1828286831586132E-7
 2265.9824014529503 5.156211079069439E-7
 2288.6915304580825 7.145760458254513E-7
 2311.5736594302425 1.2512366893225255E-6
 2334.640321700565 1.4711237652633843E-6
 2357.8857506034823 1.6179881449359457E-6
 2381.3041794734267 1.6820874091821162E-6
 2404.9071416415345 1.6302430093629554E-6
 2428.6946371078042 1.5133344462771608E-6
 2452.660899206669 1.3804447306610734E-6
 2476.8059279381286 1.4388153009023254E-6
 2501.1354899677512 1.4976319801112686E-6
 2525.6495852955363 2.029806766782751E-6
 2550.3424472559163 2.6441406143987695E-6
 2575.2198425144592 2.9525091105718835E-6
 2600.2817710711642 2.8109095624611097E-6
 2625.5224662604646 2.8575866233644175E-6
 2650.9534614134945 2.9046156017933834E-6
 2676.5632231991203 2.848163774140662E-6
 2702.3632849484756 2.475773571089599E-6
 2728.3421133304264 1.987495254521553E-6
 2754.505475010539 1.548864790399939E-6
 2780.8591366543823 1.213897384606128E-6
 2807.391564930821 9.5741363408861E-7
 2834.114293170989 7.556652459609968E-7
 2861.02155470932 5.940648462891304E-7
 2888.1133495458134 4.6333680723937154E-7
 2915.3896776804695 3.570821524471737E-7
 2942.8505391132885 2.7058926845870755E-7
 2970.4959338442695 2.0022472928182327E-7
 2998.3316285389814 1.430998730587639E-7
 3026.346089866288 9.687479465715689E-8
 3054.5508511573243 5.963360034499642E-8
 3082.9343790809557 2.9798344453104115E-8
 3111.508206968318 6.065473145835005E-9
 3140.2608014882744 -1.2643457517973E-8
 3169.203695971961 -2.7221243814272641E-8
 3198.325357088243 -2.208727462958507E-8
 3227.6373181682556 -1.6919756735373732E-8
