 0.0E+0 0.0E+0
 0.2780482872687045 3.6323351438797063E-3
 0.8374137413692581 0.013058861014811525
 1.4033604274688835 0.027123711881675133
 1.9759682795594728 0.04483502879659426
 2.5553004034240984 0.06535612432146312
 3.1414549636142052 0.08799433746905722
 3.7345020776665416 0.11218879388178012
 4.334518874871527 0.1374944164153546
 4.94158949627326 0.16356338672215497
 5.555798082915837 0.19012616099278117
 6.177235787597028 0.21697388154625135
 6.805965716099905 0.24394330936052857
 7.4420649977148904 0.27090471197568294
 8.085673867515478 0.2977529133486215
 8.73685543128474 0.3244010632675835
 9.395679806559425 0.35077655330758744
 10.062217110876276 0.37681822943505616
 10.736677696845538 0.4024743301342556
 11.418991446930463 0.4277007328114296
 12.109298596204543 0.4524596939607697
 12.807739379741275 0.4767191335265888
 13.514383915077403 0.5004524621517481
 14.229372437286422 0.5236384136882308
 14.952704946368335 0.5462604935376159
 15.684521677396631 0.5683059695405953
 16.424962865444804 0.5897647871299505
 17.17409862804961 0.6106288592796734
 17.931999082747783 0.6308918630355399
 18.698804464612827 0.6505491729614019
 19.47465500871823 0.6695976856941133
 20.259550715063994 0.6880357181654894
 21.053701936260363 0.7058630931986111
 21.857108672307333 0.7230817023456642
 22.670051393351894 0.73969603934218
 23.492459981857294 0.7557131364609277
 24.324474672897036 0.7711415445383939
 25.166305819081355 0.7859904275187964
 26.018023537946994 0.8002690555269905
 26.879697947030713 0.8139871417627328
 27.75153939894274 0.8271553132475519
 28.633547893683083 0.8397855423548629
 29.52586366632523 0.8518909311551224
 30.42869706947943 0.8634860008387908
 31.34211822068242 0.8745859467435239
 32.26619723747095 0.8852057498528714
 33.20114447245527 0.895359658334703
 34.147030043172115 0.9050617601448188
 35.10399418469498 0.9143263128989713
 36.072177132097365 0.9231672087407667
 37.051719120452766 0.9315975163811072
 38.04269026729793 0.9396297240230801
 39.04530092524309 0.9472762050311906
 40.05962121182499 0.9545490338541339
 41.08586147965388 0.9614594030261138
 42.12409184626651 0.9680178880095193
 43.17445254673637 0.9742349541460992
 44.237083816136944 0.9801209740148973
 45.312196007078483 0.985686149672186
 46.39992935463449 0.9909399278118122
 47.500353976341685 0.9958908900557334
 48.61361010727359 1.0005473280481027
 49.73990810004043 1.004916637685101
 50.879388189715704 1.009003637600428
 52.032190611372904 1.0128104802148232
 53.19845560008553 1.0163390528301385
 54.378393508463815 1.0195932095648172
 55.57207445404452 1.0225793072237736
 56.77970878943786 1.0253051110808595
 58.00150686725409 1.0277793713123297
 59.23753880502998 1.0300118983103654
 60.488014955375724 1.0320131520921631
 61.75307555336486 1.0337925327080785
 63.032930951607603 1.0353575933736058
 64.32772138517745 1.0367143812827117
 65.63765720668465 1.0378679463607236
 66.96280853366595 1.0388231507793712
 68.30345583626831 1.0395854497779317
 69.65980946710202 1.0401614711529838
 71.03186942616705 1.040559374847854
 72.42019665375739 1.0407885551401048
 73.82465091479952 1.0408590603099507
 75.24523220929346 1.0407811459939877
 76.68264171260668 1.040564454608795
 78.13617824937171 1.0402165766196143
 79.60724417032348 1.039744752916943
 81.09513830009453 1.0391557289920136
 82.60056181405234 1.0384532717120396
 84.12351471219688 1.0376385399948511
 85.66469816989564 1.0367131673264444
 87.22341101178114 1.035681452683415
 88.79965323785339 1.0345506865600067
 90.39482719884734 1.03333019869779
 92.00893289476296 1.0320291161438892
 93.6412691502328 1.030654704475668
 95.29253714062433 1.029210916400297
 96.96343804130501 1.0276982833479404
 98.65327067690738 1.0261145161671678
 100.36343739816638 1.024455197459865
 102.09323702971454 1.0227162230339106
 103.84266957155185 1.0208961772123472
 105.61243619904577 1.0189976121944916
 107.40323808756382 1.0170264105369977
 109.21437406173847 1.0149889123667836
 111.04724647230469 1.0128900265186921
 112.90115414389501 1.0107343964865025
 114.77609707650943 1.0085253793900024
 116.67277644551541 1.0062638061046367
 118.59189342628042 1.0039489111933534
 120.53344801880448 1.0015775377017894
 122.49673904772011 0.9991424129411824
 124.4838700391297 0.9966319572292145
 126.49273746693085 0.9940324326714794
 128.52614603259343 0.991331251242648
 130.58199221001507 0.9885196167133992
 132.66237952529817 0.9855944014378095
 134.76660680307523 0.9825606692685522
 136.89537521871375 0.9794323874820844
 139.04868477221367 0.9762304929033475
 141.2265354635751 0.9729774475897363
 143.43032964353287 0.9696877685112562
 145.6586649613521 0.9663650122165389
 147.91364494313518 0.9630065314755017
 150.19386723814716 0.9596046068057918
 152.50143537249047 0.9561463300585473
 154.83494699543021 0.9526179244243196
 157.19510328233374 0.9490056597242262
 159.58330658393612 0.9452989889363738
 161.9988557248698 0.9414938319212122
 164.4417507051348 0.9375904050902555
 166.91339387546608 0.9335867405133984
 169.41308406049614 0.9294730249157406
 171.94222361095992 0.9252351528027488
 174.50011135149 0.9208652724616028
 177.08744845745377 0.9163633931380862
 179.70423492885132 0.9117342856639714
 182.35187311641752 0.9069865224792246
 185.02896066941747 0.9021318003652414
 187.73760111395353 0.8971843489933664
 190.47779445002575 0.8921560654557762
 193.2488395022667 0.8870515598086551
 196.0514374460437 0.8818686522020954
 198.88699063209185 0.8766007574243673
 201.7547978850436 0.8712404770237344
 204.65556038026642 0.8657868615146932
 207.58927811776032 0.860248110677831
 210.55735344826024 0.8546344035881851
 213.55908519639874 0.8489502909160259
 216.59517453754324 0.8431860718050282
 219.66562147169378 0.8373207439281503
 222.77182834958526 0.8313370563655124
 225.91379517121774 0.8252222858613103
 229.09082076122368 0.8189660920899895
 232.30500864570555 0.8125637722832993
 235.55565764929585 0.8060150239383594
 238.843468947362 0.7993242063768039
 242.1691437152716 0.7925037172441568
 245.53268195302453 0.785576423725612
 248.93408366062084 0.7785743615265243
 252.37475118879544 0.7715174723346674
 255.85538571291584 0.7644025613329152
 259.3745848822471 0.7572258474901489
 262.9344522228916 0.7499927875127121
 266.5349877348493 0.7427017043534445
 270.17619141812036 0.7353345352304451
 273.85876444807206 0.727863380130394
 277.583408000072 0.72025844443556
 281.3508232494875 0.7124937666868084
 285.16030902095133 0.704549613064697
 289.0132676651982 0.6964119559530808
 292.91040035759573 0.6880694735939931
 296.85170709814383 0.6795272498356635
 300.8371878868425 0.6708205392810009
 304.86894624979424 0.6619985144290812
 308.945579836264 0.6531113143176651
 313.06849099698683 0.6442143825548252
 317.2376797319626 0.6353622060202434
 321.4545483919264 0.6266014069422365
 325.7190969768781 0.6179499579701951
 330.0320266621853 0.6093809112004639
 334.39403862321523 0.6008443592806038
 338.80443168460072 0.5922964385209596
 343.26530937244393 0.5837072294010186
 347.7759705113776 0.5750713883187404
 352.3378174521365 0.5663988295340564
 356.9508501947208 0.5577059835110996
 361.6157699144978 0.5490447265948719
 366.333277786835 0.5404782620478035
 371.1040749871 0.5320396585943049
 375.92816151529262 0.5237269964079221
 380.80693972214794 0.5155134509421752
 385.74040960766586 0.5073726140867715
 390.7285711718465 0.4993001505901909
 395.7735279407922 0.4913100963212323
 400.8745787391355 0.48344032451371843
 406.03312591761124 0.47573835900863253
 411.24916947621954 0.4682474619391822
 416.52341059032784 0.4609979020981991
 421.85655043530363 0.45400743504379736
 427.2492901865144 0.44728550242099235
 432.7023310193275 0.44083399131873196
 438.2163741091105 0.43465825731825213
 443.7921206312309 0.428753576716805
 449.42957058568856 0.4231007308604874
 455.129425147851 0.4176814354309834
 460.89308666845334 0.4124885753123843
 466.72125632286287 0.4075374263476133
 472.6132329357121 0.4028545947287472
 478.5711200331035 0.3984640527395723
 484.5956187904046 0.3943786145117697
 490.68602803224786 0.3906031494704851
 496.84445128473566 0.3871437356014223
 503.07088854786803 0.383999565160534
 509.3660409970125 0.38115352572328775
 515.7306098075364 0.37859527267167963
 522.1652961548074 0.37633109461355984
 528.6715023895603 0.37437336857579583
 535.2492285117951 0.3727375440361595
 541.8991756968792 0.3714294450835545
 548.6227462955477 0.3704365944589386
 555.4199403078005 0.3697331753225532
 562.2914589090053 0.3692811925856138
 569.2387044498967 0.36902941368290537
 576.2623781058422 0.368925035536294
 583.3624798768421 0.3689313061284937
 590.5404121136312 0.3690275348767613
 597.7968759915767 0.3692007416783933
 605.1325726860464 0.3694395829197092
 612.5489045477752 0.3697272711010435
 620.0451704013956 0.3700416480571452
 627.6234737730098 0.3703650689736789
 635.2845158379855 0.3706826582154486
 643.0282965963227 0.370973089481151
 650.8569195741237 0.3712092123300127
 658.7696835960211 0.3713678093442195
 666.7686921881173 0.37143866738471292
 674.8546465257798 0.3714246397857996
 683.0275466090086 0.3713346028852963
 691.2887947885384 0.37118202697757113
 699.6390922397371 0.3709896506662112
 708.0819448394417 0.37078865832641416
 716.6082373078752 0.3706138536378803
 725.2326943277545 0.37050577163213505
 733.948304145405 0.370515387471952
 742.7620785145011 0.3706984978196542
 751.6599939276937 0.3710940955430683
 760.6630856460067 0.3716995260891607
 769.7573301620909 0.37246696859435773
 778.9497392296207 0.3733189429418409
 788.2403128485965 0.37417698857744574
 797.6290510190179 0.3749922504761696
 807.1159537408852 0.37575391793454293
 816.708032767873 0.3764737370895375
 826.4052880999812 0.37717073696667763
 836.1936962298604 0.37786286016472925
 846.0942924185349 0.378548489266558
 856.1000649123298 0.379200342976648
 866.2110137112453 0.3797808496525352
 876.4201270616065 0.38024775696443896
 886.7484402244376 0.380575371391362
 897.1749179387145 0.38077910014365756
 907.7205954654611 0.3808951526846413
 918.3714492973285 0.38094716807498013
 929.1344911879908 0.3809508441451963
 940.0097211374483 0.3809216268168305
 950.9971391457012 0.38088405066295732
 962.1037569664238 0.3808717467457328
 973.3225628459415 0.38091497091136294
 984.6605685379293 0.3810490937999592
 996.1177740423869 0.3812934579450295
 1007.6871676056397 0.38165997460379463
 1019.3827727350371 0.38212561583666604
 1031.1905659232295 0.3826387018128
 1043.1315824312414 0.38316878974123136
 1055.1847869980483 0.3836978531243425
 1067.3712148846743 0.3842392480200086
 1079.6768425837706 0.38482062086171953
 1092.1086818490111 0.3854639337660887
 1104.673744434071 0.3861465968119686
 1117.358006831601 0.38682928550872003
 1130.1754925489501 0.38746995440482234
 1143.1262015861186 0.38804053711510955
 1156.2031221894314 0.3885518134031528
 1169.4202778662383 0.38902051653638475
 1182.7636451091898 0.3894442619656912
 1196.2472474256353 0.3898095954789318
 1209.8640730619001 0.39010145405630286
 1223.614122017984 0.3902475946681787
 1237.5114178012368 0.39025654230897194
 1251.5419369043088 0.39018488506379805
 1265.7126910808747 0.3900877690813048
 1280.0236803309346 0.3899821328397762
 1294.4819164081632 0.3898111921472579
 1309.0803875588858 0.38951354702286156
 1323.826105536777 0.38911441758198744
 1338.719070341837 0.3888070110986421
 1353.7592819740655 0.38873888332705663
 1368.9467404334627 0.38887560355649014
 1384.2814457200286 0.3889732516106958
 1399.7633978337632 0.38878401673543844
 1415.406620282016 0.38815106424433393
 1431.1970895574372 0.3871443916705402
 1447.1418174137018 0.38611095740449136
 1463.2408038508101 0.38536478488876935
 1479.4940488687614 0.38512164937156023
 1495.908564221231 0.3852461764493578
 1512.4843499082185 0.38541937336049603
 1529.2143941760496 0.38556471887861765
 1546.1057087783985 0.38575582366298616
 1563.1653054689402 0.3859988976221986
 1580.3791607403254 0.38635769315244194
 1597.7683098535778 0.3868235949076424
 1615.3117175476738 0.38734516751495196
 1633.0304190836372 0.3878495374135044
 1650.9103909541188 0.3882901895784402
 1668.9586449127932 0.38884103225746
 1687.182192713335 0.3895691341854656
 1705.5740226020693 0.39033506869877804
 1724.1411463326714 0.39089942053533754
 1742.8765521514662 0.39121929077634526
 1761.7942635658032 0.3915066325964332
 1780.880257068333 0.39197963666146196
 1800.1485561664046 0.39281602812515614
 1819.592149106344 0.3938457543939285
 1839.2110358881507 0.3949056392410346
 1859.0122282654995 0.3959310174513351
 1879.0027379920657 0.396673362193503
 1899.1685415604988 0.39684837581096044
 1919.5166507244741 0.39643466880124073
 1940.047065483992 0.39559150790927155
 1960.7667975927263 0.3946443022117175
 1981.6758470506774 0.39404550241367913
 2002.7672021041712 0.3939848376794365
 2024.054886260556 0.3940910209645292
 2045.5248760124834 0.3940519423391798
 2067.1911948673023 0.39379733122048454
 2089.046831071338 0.3932097824846629
 2111.09178462459 0.39246109628875947
 2133.3400790344094 0.39152739816310555
 2155.777690793445 0.39047570718153534
 2178.4116316553722 0.38975397803070432
 2201.2419016201906 0.38974908749548875
 2224.268500687901 0.390481848520496
 2247.4984406121775 0.3917358402700745
 2270.9247096393455 0.39357910903069664
 2294.5543195230802 0.3953882120436895
 2318.387270263381 0.39633329345079093
 2342.416550106573 0.395926093406595
 2366.6561825600065 0.39513380179669144
 2391.0991558700056 0.3949254149152885
 2415.7454700365715 0.3946429454299841
 2440.6021368133783 0.39412145663880376
 2465.662144446751 0.3935844694053661
 2490.9254929366902 0.3928260706226243
 2516.406205790545 0.39190026036247194
 2542.097271254641 0.3906105893013947
 2567.9916775753026 0.38959285162354323
 2594.1034482598806 0.3888368364166132
 2620.425571554699 0.3882975735453972
 2646.9580474597587 0.3873501829193607
 2673.707887728734 0.3854580271073499
 2700.6680806079502 0.3829839879947652
 2727.8456378510823 0.3808492706441659
 2755.2335477044553 0.3789899935695971
 2782.8458336754183 0.3770262886161081
 2810.668472256623 0.3749551907957438
 2838.7154869554174 0.37313478821194773
 2866.9798660181277 0.3714221693457062
 2895.4545976910785 0.36993107311239964
 2924.1537054816203 0.36865209636876206
 2953.0771893897517 0.3668518573655157
 2982.2180376617993 0.36441341022125484
 3011.5762502977627 0.36081748055660683
 3041.158839051316 0.35628998329253813
 3070.96580392246 0.3515573411212892
 3100.9901331575197 0.346368122708185
 3131.23883851017 0.3402496417094889
 3161.7119199804096 0.3330916427944075
 3192.4023658145656 0.32496417217460654
 3223.3241995199864 0.3151818281191671
 3254.4633975893234 0.3041271480631046
 3285.833983529925 0.2923769792097147
 3317.4219338344423 0.27953956548765285
 3349.23426025655 0.26624430179752306
 3381.277974549923 0.2518774229674889
 3413.5390532072115 0.23616104202329693
 3446.0315197357645 0.21969450706594265
 3478.7483623819084 0.20276267772985598
 3511.6895811456424 0.18569535630734212
 3544.855176026967 0.1685756069216407
 3578.2451470258824 0.15216077380122186
 3611.8594941423875 0.13690332834332236
 3645.705229130158 0.12242924514981905
 3679.768328481844 0.1081619611651178
 3714.062815704795 0.09453643439303634
 3748.5746672916616 0.08202792739255176
 3783.3179067497935 0.07028850717446156
 3818.2785105718403 0.05945045493304547
 3853.470502265153 0.04988776557985307
 3888.879858322381 0.04200353426824922
 3924.5206022508746 0.035868899963002486
 3960.378710543283 0.031165262450631413
 3996.4611949532823 0.027470683871445192
 4032.761043727197 0.024455312997579546
 4069.2922803723772 0.021915495709354287
 4106.033869627798 0.019730410917374586
 4143.006846754483 0.01782351447488701
 4180.19017649141 0.01614245594900258
 4217.597882345928 0.014649273238436523
 4255.229964318036 0.013315241802673286
 4293.0723989003845 0.012117921743462962
 4331.1321978466485 0.011039341141854274
 4369.409361156828 0.010064815847080903
 4407.903888830923 9.182149510876963E-3
 4446.615780868935 8.381071195877735E-3
 4485.538025517187 7.652830667838623E-3
 4524.677634529355 6.989895790386617E-3
 4564.020584398088 6.3857282850862005E-3
 4603.580898630738 5.83460771591487E-3
 4643.351565473629 5.331496577478571E-3
 4683.33258492676 4.871932557229906E-3
 4723.516945236458 4.451942688103625E-3
 4763.911658156397 4.06797390722524E-3
 4804.509711932903 3.716836121732845E-3
 4845.311106565973 3.3956553819287464E-3
 4886.315842055612 3.1018348222084982E-3
 4927.5239184018155 2.8330219285391524E-3
 4968.935335604586 2.5870807939165113E-3
 5010.543081910248 2.3620684843961943E-3
 5052.340145565126 2.156214641802817E-3
 5094.340550076571 1.9679038590057437E-3
 5136.537283690907 1.795660522620726E-3
 5178.92333465446 1.6381352986126003E-3
 5221.49870296723 1.4940933378870607E-3
 5264.263388629218 1.3624037796941767E-3
 5307.224403394096 1.2420304439045497E-3
 5350.360712000842 1.1320235203534747E-3
 5393.686337956805 1.031512043572824E-3
 5437.19426950831 9.396972265608744E-4
 5480.877494901682 8.558462615568243E-4
 5524.743025890597 7.792868891739374E-4
 5568.783850721379 7.094023093920268E-4
 5613.006981147703 6.456266768077558E-4
 5657.391381908546 5.874408360197955E-4
 5701.951076511255 5.343685945083106E-4
 5746.679053202159 4.859731782713763E-4
 5791.575311981253 4.418540356877552E-4
 5836.632841094867 4.0164390532404655E-4
 5881.851640542999 3.6500611871120576E-4
 5927.231710325647 3.3163210384415896E-4
 5972.76603868914 3.012391260097058E-4
 6018.454625633478 2.7356817344516927E-4
 6064.297471158657 2.4838204707791167E-4
 6110.29457526468 2.2546355308950357E-4
 6156.431914444197 2.0461390075420481E-4
 6202.723512204558 1.8565117002483286E-4
 6249.148333284737 1.6840894297908375E-4
 6295.720401192086 1.5273502552664086E-4
 6342.425692419252 1.3849026357683476E-4
 6389.26420696624 1.2554747677379478E-4
 6436.235944833046 1.1379045122334416E-4
 6483.333894265997 1.0311303325384757E-4
 6530.565067018767 9.34182806693713E-5
 6577.915439584007 8.461769782930838E-5
 6625.392023715392 7.66305157607813E-5
 6672.980795905571 6.938304623261109E-5
 6720.68876790822 6.280806695608241E-5
 6768.508927969665 5.684428949628377E-5
 6816.43426433623 5.1435835206030764E-5
 6864.47178876159 4.653177744560158E-5
 6912.6074777383964 4.2085713640513946E-5
 6960.848343020323 3.8055371959087514E-5
 7009.187372853696 3.4402252506370454E-5
 7057.610543731164 3.109129634828176E-5
 7106.131879160079 2.809058581790271E-5
 7154.72333212574 2.537106280643232E-5
 7203.455020164895 2.2906279443256482E-5
 7252.256825740798 2.0672159651201036E-5
 7301.058631316701 1.86467918994242E-5
 7350.000671966098 1.6810228583223147E-5
 7399.01283015224 1.5144308893575865E-5
 7448.095105875132 1.3632494066855659E-5
 7497.247499134768 1.2259716800905174E-5
 7546.3998923944054 1.101224300204734E-5
 7595.692520727538 9.877544635665615E-6
 7644.985149060668 8.844183288971764E-6
 7694.418012467294 7.901703142658394E-6
 7743.780758337173 7.04053241198522E-6
 7793.283739280544 6.251890929322869E-6
 7842.786720223917 5.527707056147339E-6
 7892.359818704037 4.860538572377715E-6
 7941.932917184156 4.243499355531445E-6
 7991.506015664275 3.670190583194619E-6
 8041.149231681143 3.134635244654414E-6
 8090.862565234755 2.6312152100675824E-6
 8140.575898788368 2.1546095792249785E-6
 8190.219114805234 1.6997323988151468E-6
 8240.002565895595 1.261666290108816E-6
 8289.71589944921 8.355877236022793E-7
 8339.499350539569 4.1667040499238323E-7
 8389.212684093181 8.551258927799916E-17
