 0.0E+0 0.0E+0
 0.24102062801796442 2.978258956823587E-5
 0.7258954472920038 4.6678254623523044E-4
 1.2164750766374512 2.1028603757906483E-3
 1.7128288052454574 5.830790990293839E-3
 2.2150113351090365 0.012513700453420646
 2.72310775821732 0.022869331447534797
 3.237178854562547 0.037380175781793693
 3.7572914821361766 0.0562490828708442
 4.283518576928896 0.07940132076717558
 4.8159330749313884 0.10652194871792188
 5.354613990133562 0.1371132548492022
 5.8996160245284334 0.17055862309363464
 6.4510060361074614 0.2061829739410686
 7.008905584855121 0.24330389676072758
 7.573369372764427 0.2812707052242324
 8.144458179827616 0.31949157142879847
 8.722232786036926 0.35745004336084895
 9.306875531369068 0.39471297447546793
 9.898325635831808 0.430931864244171
 10.496704659409618 0.46583920755606372
 11.102134162086973 0.49924143290368783
 11.71467492385611 0.5310097459629742
 12.334448504701506 0.561069764286367
 12.96145490462316 0.5893910801808873
 13.595815683605547 0.6159778110432622
 14.237652401633142 0.6408609510561203
 14.88702583869818 0.6640916864028993
 15.543996774792902 0.6857359672462887
 16.20868676990178 0.7058688403231419
 16.881217384009296 0.7245701400409253
 17.56158861711544 0.7419215560294676
 18.24998280919693 0.7580052566856585
 18.946399960253764 0.7729019142593215
 19.651083190254894 0.7866902859320348
 20.36397171920808 0.7994467948959534
 21.085187107097802 0.8112456500455733
 21.814911693900764 0.8221581278271408
 22.55320625960921 0.8322517343962943
 23.300131584215375 0.8415903253098304
 24.055870007695972 0.8502350032139431
 24.820421530051003 0.8582464518336481
 25.59390771126494 0.8656853548939609
 26.376510891314495 0.8726092242881162
 27.16829185019191 0.8790680313281334
 27.969311367889414 0.88510223183069
 28.779751784383726 0.8907456387194876
 29.599673879667086 0.8960296112370393
 30.429199213723958 0.9009850298587969
 31.268449346538826 0.9056412789131454
 32.11754583809617 0.9098711655412308
 32.976549468388213 0.9141504058930371
 33.84564257739168 0.9180341642940318
 34.72488594509879 0.9216805140785211
 35.61446191148628 0.9250919687735765
 36.514431256546373 0.9282702639097948
 37.424915540263555 0.9312173145554216
 38.34603632262228 0.9339335396316352
 39.27797594359928 0.9364190588302007
 40.22085596317903 0.9386785999758487
 41.17473716135375 0.9407231747109878
 42.13974109810792 0.9425666672803948
 43.11605011341827 0.9442220043947243
 44.10378576726926 0.9457000181587369
 45.10306961964536 0.9470107626807196
 46.11402323053106 0.9481655488324947
 47.13682893990306 0.9491777222458949
 48.17154752775361 0.9500609277821666
 49.218361334059416 0.9508285110731423
 50.27745269879718 0.9514963911236092
 51.34888240195915 0.9520809058595331
 52.43283278352204 0.9525948622998028
 53.52942540347033 0.9530465191762252
 54.63884260178071 0.953438210478224
 55.761205938437676 0.9537677219081407
 56.89669775341794 0.9540302059494802
 58.04537882671372 0.9542206953939817
 59.207492278293983 0.9543409257722423
 60.38322044813544 0.9543980187442983
 61.57256333623809 0.9543891615536648
 62.77600718253983 0.9542999911885038
 63.99343042705619 0.954125181365259
 65.22483306978715 0.9538859175263908
 66.47082291065512 0.9536207404203318
 67.7307921497377 0.9533593336048803
 69.00595638687965 0.9531087588941898
 70.29570782215858 0.9528596803305659
 71.60065425549688 0.9525925881562618
 72.92079568689454 0.9522870150794084
 74.25673991627396 0.9519282390128718
 75.60787914371272 0.9515015977154005
 76.97421336921086 0.9509950621645804
 78.3569581926131 0.9504110860416004
 79.75611361391947 0.9497665458853702
 81.17107183320758 0.9490759842453759
 82.60244065039981 0.9483364686733668
 84.05082786541851 0.9475357906092811
 85.51562567834134 0.9466670677766128
 86.99804968901302 0.945728564644765
 88.4974920975112 0.9447323700820345
 90.01395290383587 0.9437527308411916
 91.5480399079094 0.9427617050119783
 93.10036090965417 0.9419142873135364
 94.6703081091478 0.9411915285886717
 96.25909710623505 0.9405729016996327
 97.86612010099353 0.9400230975756506
 99.49137709342327 0.9394808938787661
 101.1354758834466 0.9388703461838859
 102.79902427098591 0.9381395082648624
 104.48202225604122 0.9372817372287205
 106.18386203869017 0.9363269560167896
 107.90636701869983 0.9353168173633998
 109.64771379630308 0.9342886650993296
 111.41033357118947 0.9332587773046626
 113.19240294359184 0.932219493706418
 114.99574531327733 0.9311733278316677
 116.81975288032356 0.9301299747134024
 118.66503344465289 0.9290637604679617
 120.53158700626533 0.9279109492303144
 122.4194135651609 0.926616961555476
 124.32972872118431 0.9251770696187167
 126.26131687449084 0.9236253855731514
 128.2160014248476 0.9219967397224877
 130.19256677240986 0.9203259623704325
 132.19283631694472 0.9186830731996961
 134.21559445860742 0.91716693760843
 136.2614489973204 0.9158633745923664
 138.33161553292833 0.9148071546093295
 140.42548626550888 0.9139722447003632
 142.54306119506205 0.9133255500923574
 144.68555592143258 0.9128454065757895
 146.85236264469807 0.9124749605621345
 149.04469696470331 0.9121341981062779
 151.26195108152592 0.9117564508949386
 153.50473279508824 0.9112944406808163
 155.77304210539031 0.9107277600179247
 158.06809461227686 0.9100722082192854
 160.38867471590313 0.9093686001768714
 162.73660581603627 0.9086476368284865
 165.11188791267628 0.9078866964304859
 167.51391320590076 0.9070065430342298
 169.94328949563211 0.9059713289560061
 172.40123238171506 0.904833898110202
 174.88713406422724 0.9035936520379908
 177.40160234309104 0.9021863761072801
 179.9446372183064 0.9005794543120214
 182.51745428971815 0.8987961667005685
 185.1194457574039 0.8969000097544221
 187.75121942128598 0.8949016958865779
 190.41277528136441 0.8927549043838584
 193.10532893748396 0.8903927693965723
 195.82888038964463 0.8880034405302004
 198.582821837924 0.8856631074429638
 201.36897668208925 0.8835373816909401
 204.186737122218 0.88162853741767
 207.03671095823253 0.8799354375513833
 209.91950599005537 0.8784370761872666
 212.8351222176864 0.8769844370775012
 215.78355964112566 0.8753316733361262
 218.76603386021787 0.8733487398601251
 221.78315267488548 0.8711233707134751
 224.83370048528368 0.868747429326057
 227.9195006911796 0.8663091285289086
 231.04055329257326 0.8639843553711632
 234.19685828946464 0.8617704766339837
 237.3890234817761 0.8594658116928116
 240.61765666943006 0.8568899252114318
 243.88336565234888 0.8539443707128717
 247.18554263061017 0.8506498548725306
 250.5254032040587 0.8470659243436541
 253.9035551726168 0.8432783981219737
 257.3199985362845 0.8394768679637515
 260.7747332950618 0.8357367396811366
 264.2695828487159 0.8318823057626444
 267.8033315974019 0.8278567126197494
 271.3771951409646 0.8238339920792219
 274.9911734794041 0.8199735137265811
 278.64648221256504 0.8163871295165155
 282.34312134044745 0.812936834843615
 286.08169866297373 0.8093725936101329
 289.8628219800662 0.8057748985282449
 293.68588349180254 0.8022259179948408
 297.55270659794985 0.7986995592050814
 301.46268349858576 0.795349805615047
 305.417029793555 0.7923709169598461
 309.41574548285763 0.7896932924779472
 313.45943836641595 0.787007289572476
 317.54871624415233 0.7840901618681785
 321.68418691598924 0.7810577111479984
 325.8658503819266 0.777981872162891
 330.0949222418092 0.7747707216370932
 334.3714024956369 0.7714499334542652
 338.69529114341 0.7682072441483063
 343.06841158489532 0.7652856280028093
 347.4901560201707 0.7626330190998617
 351.96174004908073 0.7601205094082171
 356.4831636716255 0.7578201533705964
 361.05503468772735 0.7556667189749018
 365.6779608973087 0.7533637297184439
 370.35255010029186 0.7506928079754028
 375.07941009659924 0.7479824966105847
 379.8591486861532 0.7452418654452344
 384.6923736688762 0.742447840721565
 389.5790850447681 0.7390501505795211
 394.5198906137513 0.7351525677796321
 399.5160059756707 0.730711524519323
 404.5680389304485 0.725704159671418
 409.6753816781624 0.7205000814072153
 414.83985761857945 0.7154908014910653
 420.06207455162223 0.7106203041767999
 425.3414246773681 0.7055714661322128
 430.6797313955843 0.7002163368601804
 436.0769947062709 0.6946124880998198
 441.53382240935025 0.6891037344470033
 447.05082230474465 0.6837125779536106
 452.62860219237643 0.6781506811569936
 458.26837767209053 0.6722860838858907
 463.9701487438868 0.6661834795394558
 469.7345232076877 0.6598504086989035
 475.5627166633379 0.6534843627770066
 481.4547291108374 0.6475140776771292
 487.41116835010865 0.6422430318702317
 493.4332499809964 0.6372723525483963
 499.52158180342286 0.6322826422358756
 505.6761638173882 0.6272907774715791
 511.89821162273716 0.6224363786997489
 518.1883330193921 0.6177397935204887
 524.5471358072753 0.6128481706096449
 530.9758355862316 0.6078193809357484
 537.4738245563386 0.6023105674370491
 544.0429261173634 0.5960212678750734
 550.6837480692285 0.5894554743506277
 557.3962904119338 0.5829012191123586
 564.1823765452464 0.5763301232427094
 571.0413986692439 0.5695938766752763
 577.9751801836935 0.5627792738936787
 584.9843288885177 0.5557859054759923
 592.0688447837161 0.5481100546124704
 599.2299434691338 0.5398782773911706
 606.4682327446932 0.5317771377471254
 613.7867516100059 0.5241379664250848
 621.1775986660812 0.516584901359013
 628.653537711289 0.5084269500185604
 636.2084907464055 0.4999019040338817
 643.8485357706544 0.491873758412915
 651.5615167855883 0.48448181043213595
 659.3656677888783 0.47707736064646955
 667.2488327820771 0.46907329700868455
 675.2170897644083 0.46066556690778093
 683.270438735872 0.4520326128120809
 691.408879696468 0.442736348890558
 699.6324126461967 0.4333428872880035
 707.9471155842814 0.4240243507297463
 716.3529885107224 0.4146529642725134
 724.8378754270719 0.40511055025181963
 733.4200103310015 0.3955966587788008
 742.0933152232873 0.3859917237644938
 750.8577901039292 0.3763806485626261
 759.7073569737038 0.3675778219290004
 768.6602498302817 0.3592740022341564
 777.6982346759924 0.35067102494108
 786.8395455085065 0.3414552018712292
 796.072026329377 0.33255787260429775
 805.4017551378272 0.3246571209137459
 814.8287319338575 0.3167773452050657
 824.3529567174678 0.30766713216434204
 833.9805074878817 0.2977048693538587
 843.7053062458756 0.2881347287357293
 853.5334309906732 0.27836033412008703
 863.4648817222743 0.26807013981098914
 873.4935804414556 0.2576222994777927
 883.6316831466642 0.2478325244703072
 893.8670338394527 0.2389043147279241
 904.2178665174924 0.23013099211444898
 914.665947183112 0.221127526174623
 925.2295098339829 0.21202547012770567
 935.8963984716573 0.2027626680399681
 946.6726910953593 0.1934315099850582
 957.5644657043124 0.18416435710165135
 968.5595663000691 0.17498552477187168
 979.6701488810771 0.16583447888541025
 990.8962134473364 0.15676709754290521
 1002.231681999623 0.14798360711396643
 1013.6887105363845 0.13939833821756858
 1025.2551430591734 0.13076296036362092
 1036.9431355664373 0.12211040075676204
 1048.7466100589522 0.11408511576898643
 1060.6655665367184 0.10641557864608497
 1072.7121609981834 0.09848760904810008
 1084.8742374448995 0.0907885260129302
 1097.1578738760904 0.08346085849471446
 1109.5630702917562 0.07654020282445799
 1122.095904691121 0.06989826738350614
 1134.7502990749603 0.06366984903795855
 1147.5323314424986 0.05828743542956332
 1160.4420017937354 0.05328935028422339
 1173.479310128671 0.048383658803284344
 1186.644256447305 0.044104920569038676
 1199.936840749638 0.040314337419672253
 1213.3570630356696 0.03645532469269781
 1226.9170793038472 0.032897936155729223
 1240.6047335557234 0.029307062563056367
 1254.4261037905223 0.026538883480730676
 1268.3811900082434 0.024062432130305403
 1282.469992208887 0.021823208063361257
 1296.6985883916768 0.01975831086338904
 1311.0669785566128 0.017599299429889504
 1325.5690847044711 0.015410129860741958
 1340.2109848344755 0.013400857613324175
 1354.99875694585 0.011558278292086414
 1369.920245040147 9.8337988356866E-3
 1384.9936831150373 8.267028840020969E-3
 1400.2008371728502 6.804788056841679E-3
 1415.5599412112567 5.476674883256238E-3
 1431.0588392318093 4.441376063262642E-3
 1446.703609233732 3.7079833235084602E-3
 1462.5003292162482 3.1433560925425282E-3
 1478.4429211801343 2.648512033358574E-3
 1494.5374631246143 2.2274958897819433E-3
 1510.7778770504642 1.8595033179323557E-3
 1527.1763189561313 1.5303770561163926E-3
 1543.7206328431684 1.2155606031487447E-3
 1560.4229747100225 9.507990668988744E-4
 1577.277266557471 7.807487268558334E-4
 1594.2835083855125 6.772325854711321E-4
 1611.4477781933715 6.056815064695449E-4
 1628.776153980272 5.428609842136851E-4
 1646.256479747766 4.8682207170431325E-4
 1663.8948334950771 4.323135201525155E-4
 1681.6912152222062 3.642261472861325E-4
 1699.651702928376 2.833775914923954E-4
 1717.776296613587 2.0548271726808351E-4
 1736.0589182786154 1.4883675206337875E-4
 1754.5117239219086 1.1660931336151417E-4
 1773.1225575450193 9.882605546829771E-5
 1791.9035751463952 8.681368816311766E-5
 1810.848698726812 7.730835465131896E-5
 1829.9579282862698 6.915896725667476E-5
 1849.2434198232165 6.240265436478633E-5
 1868.6930173392042 5.797257487018016E-5
 1888.3127988334567 5.3814354872890666E-5
 1908.1027643059742 4.727114359380731E-5
 1928.0629137567566 4.040125997348051E-5
 1948.1993251850276 3.522208358105179E-5
 1968.5059205915636 3.116276548790227E-5
 1988.988777975588 2.7197868039199277E-5
 2009.6478973371015 2.2660960651753857E-5
 2030.4772006768791 1.749158282569278E-5
 2051.48884399337 1.2571922118823624E-5
 2072.676749287349 8.99379185289426E-6
 2094.0409165588166 7.25822224323821E-6
 2115.587423806997 5.50783980618821E-6
 2137.3101930326656 4.519355068828795E-6
 2159.209224235823 3.7247692557517644E-6
 2181.2966734149163 3.0917897082123326E-6
 2203.5664625707222 2.6198396914393216E-6
 2226.0125137040172 2.304292699782064E-6
 2248.6469828132476 2.33687468760008E-6
 2271.463791899191 2.3697191511523973E-6
 2294.462940961846 2.7017300443583745E-6
 2317.650508000438 2.977206088209979E-6
 2341.020415015742 3.0929182220216204E-6
 2364.578740006982 3.05846063847167E-6
 2388.3194049749345 2.9490108376672784E-6
 2412.254565918047 2.8453207243016893E-6
 2436.372066837872 2.72995467922946E-6
 2460.6840637328564 2.5661162221145883E-6
 2485.1844786037772 2.4264203720605607E-6
 2509.8672334514103 2.4575048068087983E-6
 2534.7444842742033 2.4888341816978742E-6
 2559.8162310721563 2.591111214082135E-6
 2585.076395846045 2.5755652286816294E-6
 2610.5249785958703 2.414880051124025E-6
 2636.1680573208554 2.178470741167068E-6
 2662.005632021 1.9580415984893026E-6
 2688.0316246970814 1.7607346307271743E-6
 2714.2521133483223 1.5681151515701421E-6
 2740.667097974723 1.5177737276254116E-6
 2767.27050057706 1.5776684700061402E-6
 2794.0744771537806 1.638014783439773E-6
 2821.0668717064372 1.916983253465669E-6
 2848.2598402334774 2.226666366002416E-6
 2875.6412267364544 2.454770443901698E-6
 2903.2171092145904 2.526354737368161E-6
 2930.9935656671104 2.4832327267728202E-6
 2958.9584400955664 2.3751375375224E-6
 2987.123888498406 2.2420171939795727E-6
 3015.483832876406 2.217305150686554E-6
 3044.038273229565 2.21381742250743E-6
 3072.7872095578845 2.210305937984813E-6
 3101.730641861364 2.2147703423572172E-6
 3130.8685701400027 2.2192647469269995E-6
 3160.2070723930255 2.226400710129296E-6
 3189.7339926219847 2.2461555966112787E-6
 3219.461486825327 2.3298635288325484E-6
 3249.3773990046056 2.46593493269514E-6
 3279.493885158268 2.6061778339625475E-6
 3309.798789287866 2.7289401119807537E-6
 3340.304267391848 2.8016936144567122E-6
 3370.998163471766 2.7903918990543354E-6
 3401.892633526068 2.669811932141292E-6
