 0.2711594663994602 -9.683425980898798E-5
 0.8166662902182228 -1.2168154952979925E-3
 1.368591291881738 -4.6956315171785105E-3
 1.9270124249670677 -0.011841860729802554
 2.491991231771893 -0.023713204691769872
 3.0636234447592705 -0.04095427861067624
 3.641977444259958 -0.06374364681044478
 4.227128448637785 -0.09183207105495078
 4.819158514289661 -0.12463059453714313
 5.418149697612492 -0.1613170445275244
 6.02419089303626 -0.20094314180815373
 6.637343642858646 -0.24252973857165366
 7.257683165443483 -0.28514164888642112
 7.88534622145228 -0.32793897765119023
 8.520394353182718 -0.3702068150713241
 9.162895940965557 -0.4113668574917832
 9.812919365131545 -0.4509752516484005
 10.470669766672957 -0.48871213351224085
 11.136078765259036 -0.5243674475050228
 11.80928312155129 -0.5578252451417793
 12.490419596211236 -0.5890461166411407
 13.179556569569625 -0.6180485879687082
 13.876830802287973 -0.6448918459756227
 14.582242294366278 -0.6696617837751255
 15.29592780646605 -0.6924612325061505
 16.018024099248805 -0.7134026953052571
 16.748599553045295 -0.7326027173378626
 17.487722548186276 -0.7501774588142556
 18.235529845333267 -0.7662406739751657
 18.99215820514777 -0.7809027005845494
 19.757607627629795 -0.7942695456611577
 20.5320832537716 -0.8064414900161924
 21.31558508357319 -0.817513473208435
 22.10838663835759 -0.8275757672157236
 22.91041953779404 -0.8367147463452111
 23.721820542544055 -0.8450121654424981
 24.542794793599902 -0.8525436200711154
 25.373410671292337 -0.8593769104532236
 26.213736555952117 -0.8655713196787461
 27.063977588571503 -0.8711800196749278
 27.92413376915051 -0.8762530546085869
 28.794341858350634 -0.8808364266176837
 29.674806997164154 -0.8849703635132375
 30.56559756592182 -0.8886915322713212
 31.466781944954384 -0.8920385246436544
 32.378565275254125 -0.8950544074853356
 33.30101593715179 -0.897780419114599
 34.23427069130889 -0.9002470672254474
 35.17846629838695 -0.9024728296640907
 36.13373951904747 -0.9043512548977081
 37.10015873362121 -0.9062515973334068
 38.07792908310043 -0.9078254863798483
 39.06711894781589 -0.9091997280723184
 40.06793346875987 -0.9103847161993108
 41.08044102626311 -0.9113923843698356
 42.104778380987134 -0.9122340406408185
 43.14108229359345 -0.9129206562334463
 44.18955790507431 -0.9134587272655273
 45.250341976091256 -0.9138473394686293
 46.323502886975013 -0.9140874071111846
 47.409177398387114 -0.9141889390265567
 48.507570651319824 -0.9141682476883528
 49.618819406434646 -0.9140410681374863
 50.74306042439309 -0.913817264849147
 51.88043046585669 -0.9134998693449791
 53.03113467181769 -0.9130863312972501
 54.19524142260686 -0.9125727049158843
 55.37295585921647 -0.9119570654252346
 56.56448312263876 -0.9112412413621656
 57.76989159320452 -0.9104305258597062
 58.989386411906 -0.9095299233345381
 60.22310433940471 -0.9085417435174378
 61.47125051669294 -0.9074749847345541
 62.733961704432175 -0.906348942861747
 64.0114430436147 -0.9051824807003558
 65.30376291457125 -0.903986713829741
 66.61119483862487 -0.9027596693548647
 67.93394395676782 -0.9014916752781014
 69.2720102690001 -0.9001791226451131
 70.62594081796777 -0.8988252354551085
 71.9955988430093 -0.897436365467722
 73.3809843441247 -0.8960197305916294
 74.78278112462152 -0.8945711925591902
 76.20030538119222 -0.8930759305979233
 77.63492472045189 -0.8915222035763829
 79.085955339093 -0.8899096265394396
 80.55408104042309 -0.8882451767988133
 82.03930182444216 -0.8865309716077155
 83.54230149445779 -0.884760226131991
 85.06239624716238 -0.8829225947025381
 86.59958608255597 -0.8810070579787782
 88.15523860725366 -0.8790055800223859
 89.72935382125547 -0.876915899221976
 91.32124792125381 -0.8747423463227539
 92.93160471055627 -0.8724937271733042
 94.56110799247037 -0.8701814460693343
 96.20907396368858 -0.8678163779932492
 97.87687023082603 -0.8654003514819134
 99.56381299057514 -0.8629257155521305
 101.2699022429359 -0.8603618973248528
 102.99582179121589 -0.8577682792063563
 104.74225543872268 -0.8550716685250987
 106.50851938214868 -0.8522898384020762
 108.295981228109 -0.8494248579711091
 110.10395717329614 -0.8464806730222736
 111.93244721771005 -0.8434543482727082
 113.7821351646583 -0.8403532941086531
 115.65370481744843 -0.8371928124965011
 117.54715617608048 -0.8339749725700726
 119.4618054372469 -0.8306936631666887
 121.39970401087031 -0.8273435911533205
 123.35880048702805 -0.8239170093079895
 125.34183007895038 -0.8204079508261903
 127.34674137671462 -0.8168230561839047
 129.37558579024343 -0.8131670410814673
 131.4276795162293 -0.8094336981174172
 133.5037063579797 -0.8056198032925459
 135.60366631549467 -0.8017192454441743
 137.72755938877426 -0.7977232668431096
 139.87675318443353 -0.7936330223547395
 142.04988009585741 -0.7894633327515451
 144.24899153296851 -0.7852269015527958
 146.47271988915176 -0.7809254129371824
 148.72311657432985 -0.7765449604006562
 150.99881398188762 -0.772067402932746
 153.30049591513264 -0.7674888909821576
 155.62952998068004 -0.7628149582788758
 157.98523237522226 -0.7580610992668579
 160.3676030987593 -0.7532444925687524
 162.7780097579063 -0.7483473340098254
 165.21576854935565 -0.7433288664657549
 167.6822470797225 -0.7381570905414117
 170.1767615456993 -0.7328202651053496
 172.69999575059355 -0.7273162729043574
 175.25194969440534 -0.7216388584175827
 177.83399098374974 -0.7157955282700483
 180.44475201201163 -0.70981404735046
 183.08628418911368 -0.7037091401925167
 185.75858751505592 -0.697484704466903
 188.46097818653078 -0.6911542136031471
 191.1941400068458 -0.6847458174450842
 193.9594405826161 -0.6782860778966414
 196.75619611053417 -0.6718031448016537
 199.58509039390753 -0.6653184312891928
 202.4461234327362 -0.6588225059585888
 205.3406628336352 -0.652294918068594
 208.26802479329711 -0.6456913015405479
 211.22889311502942 -0.6389485718526248
 214.22326779883218 -0.6320582118725869
 217.25251645132041 -0.6250818402925297
 220.3166390724942 -0.6180251538252075
 223.41495185904597 -0.610909691333269
 226.5495062208984 -0.6036992892825488
 229.71961835474391 -0.5963874034358477
 232.92597206389001 -0.588976391643333
 236.1692511516444 -0.5814558601165118
 239.44945561800696 -0.5738113730380324
 242.76658546297775 -0.5660448070641507
 246.12200829317183 -0.5581767572942881
 249.51640791189683 -0.5502380682581854
 252.9484167125376 -0.5422281625231488
 256.4200861050168 -0.5341386673151144
 259.93141608933444 -0.5259716517679024
 263.48240666549054 -0.5176635982851664
 267.07374163679264 -0.5091205296959482
 270.70610480654835 -0.5002996678614963
 274.3801799780651 -0.4911716118338047
 278.0952833480355 -0.48172457236203652
 281.85278252307455 -0.47201614354548493
 285.65336130648984 -0.462099593550177
 289.49701969828134 -0.45199862117626465
 293.38375769844913 -0.44173206035345263
 297.31562671691585 -0.4313350189895396
 301.29125914706634 -0.42085682908435473
 305.31202259551577 -0.41032566935336817
 309.3779170622641 -0.39977812015774855
 313.4903101539265 -0.38924468437955955
 317.64920187050296 -0.37873689142492594
 321.855276015301 -0.36824723466882486
 326.10921639162813 -0.3577605276314027
 330.41033919617694 -0.3472761062650611
 334.76069583887 -0.3367851791570331
 339.1596025163998 -0.32627969593317573
 343.6084268353814 -0.31574973918696846
 348.1071687958149 -0.3051543015732548
 352.6565122010078 -0.29447718129302735
 357.2571408542676 -0.2837643997320026
 361.90973855890194 -0.27305025158026863
 366.6143053149108 -0.2623326965756396
 371.37220872890924 -0.2515935985195832
 376.1834488008974 -0.24081217945899124
 381.0480255308751 -0.2300241632298697
 385.9679903287652 -0.2193043899213077
 390.94265939126006 -0.20872312346829413
 395.97340032497476 -0.1983504208924357
 401.0602131299093 -0.18819804257293476
 406.20378160937133 -0.1782704395534747
 411.40478956666834 -0.1686067762065301
 416.66392080510786 -0.15923912410631682
 421.98185912799755 -0.15041164870071743
 427.3592883386449 -0.1414854218022175
 432.7968922403574 -0.13308552764949135
 438.2946708331352 -0.12490946084480002
 443.8533079202857 -0.11692171890133703
 449.47417110842422 -0.1092195318609038
 455.1579442008582 -0.10188002548367017
 460.9039433942801 -0.09489902781842159
 466.7142200986125 -0.08822817887703056
 472.58945811716313 -0.08184795181055965
 478.52897364662425 -0.07579614440077415
 484.5348180969187 -0.07008521956998753
 490.60699146804643 -0.06467492544748471
 496.746177563315 -0.05951735917935437
 502.95306018603184 -0.054598619073486995
 509.22832313950465 -0.04993146639242132
 515.5733340303486 -0.04551080048069315
 521.9880928585636 -0.0413623979337653
 528.4732834274572 -0.03753188315237714
 535.0302733436446 -0.033993618124912423
 541.6590626071256 -0.030679158791756477
 548.360335021208 -0.027575860820491116
 555.1354581925068 -0.024729875519189054
 561.9851159243295 -0.022124549247759701
 568.9093082166763 -0.019692773259693385
 575.9094026761622 -0.017432182486914013
 582.9860831060946 -0.01537272451371116
 590.1400333097813 -0.01354122253230562
 597.3726208938374 -0.0119650997837261
 604.6831620549553 -0.010622451358723455
 612.0737082030575 -9.461239985296872E-3
 619.5449431414518 -8.459748419822777E-3
 627.0968668701381 -7.6123322577167345E-3
 634.7315307990391 -6.904031180263492E-3
 642.4482511248473 -6.310092572644368E-3
 650.2490792574852 -5.801087577606624E-3
 658.1346990002605 -5.347077753545011E-3
 666.1051103531732 -4.932796742416422E-3
 674.1616809228383 -4.567574028019994E-3
 682.3050945125635 -4.265532555425814E-3
 690.5387701388867 -4.029316052104242E-3
 698.8538183588092 -3.85103447772365E-3
 707.2645990417901 -3.716090478136389E-3
 715.7642741547538 -3.597387013666506E-3
 724.3596817307758 -3.4610968259918277E-3
 733.0371457037049 -3.2867661904621642E-3
 741.817180172768 -3.074688298527923E-3
 750.6861090718137 -2.8405322194169292E-3
 759.6507704339177 -2.6113333999844353E-3
 768.7111642590802 -2.417248695752216E-3
 777.8672905473009 -2.3164145267279283E-3
 787.1191492985799 -2.2807373074176045E-3
 796.4735785459928 -2.3238181682698486E-3
 805.9305782895398 -2.3673714069823146E-3
 815.4764724630694 -2.5423133993768137E-3
 825.1317751658084 -2.7082699134996627E-3
 834.8896483646814 -2.825518776893819E-3
 844.7500920596883 -2.898171935893071E-3
 854.7062682177536 -2.9462241523946154E-3
 864.778690938104 -2.968055872049788E-3
 874.9468461215127 -2.9513260108435866E-3
 885.2312478672063 -2.9045460710446203E-3
 895.6182201090342 -2.8876741908282345E-3
 906.1146008800712 -2.915559856650544E-3
 916.7203901803178 -2.943736187393478E-3
 927.4355880097742 -3.0682116209537883E-3
 938.2670324015155 -3.1959622046354124E-3
 949.2078853224663 -3.2731174138726812E-3
 960.2649848057023 -3.286551048664236E-3
 971.4383308512232 -3.246232099517883E-3
 982.7210854259539 -3.1661051329206373E-3
 994.1269245960451 -3.081656804399224E-3
 1005.6421722953457 -3.0592806998426262E-3
 1017.2873426230828 -3.083879892830915E-3
 1029.0419214800294 -3.108710199787385E-3
 1040.9264229654122 -3.222084634162576E-3
 1052.9271710130801 -3.327234646556887E-3
 1065.0510036561088 -3.3697293620944565E-3
 1077.3047589275736 -3.33153897421658E-3
 1089.6747607613235 -3.276020697339021E-3
 1102.1746852235098 -3.310987497661606E-3
 1114.8045323141325 -3.346317738468946E-3
 1127.557464000116 -3.5231341255077533E-3
 1140.447156347611 -3.858284915107825E-3
 1153.459933290467 -4.351887229867272E-3
 1166.6094708948346 -4.902565734912852E-3
 1179.888931127639 -5.422082892145949E-3
 1193.298313988879 -5.8351180922371044E-3
 1206.851295544707 -6.074337389925959E-3
 1220.534199728971 -6.2042433854963335E-3
 1234.3538645747471 -6.348366255188363E-3
 1248.310290082035 -6.572006418791494E-3
 1262.4103142839103 -6.82006380505684E-3
 1276.6470991472976 -7.09105778031805E-3
 1291.0274827052724 -7.35064553509594E-3
 1305.5514649578346 -7.557517534457496E-3
 1320.2190459049841 -7.73921058119459E-3
 1335.0302255467213 -7.797389812284549E-3
 1349.985003883046 -7.686555937405046E-3
 1365.0833809139583 -7.501372310032361E-3
 1380.339032705609 -7.291684552276713E-3
 1395.7382831918471 -7.080023041534574E-3
 1411.2879704057486 -6.78404018524403E-3
 1426.988094347313 -6.499978908116256E-3
 1442.8386550165405 -6.566240193859142E-3
 1458.8464904465067 -6.633158947061947E-3
 1475.0116006372115 -6.998001614506901E-3
 1491.3271475555795 -7.346066975025959E-3
 1507.7999692346861 -7.500506160991272E-3
 1524.436903707607 -7.5477911619199764E-3
 1541.2242749081908 -7.6334263552246374E-3
 1558.1825969356643 -7.685172504908862E-3
 1575.2913556908013 -7.478054615458418E-3
 1592.571065272828 -6.966012324449921E-3
 1610.0080496155933 -6.338822736337296E-3
 1627.6091467521732 -5.691816620552375E-3
 1645.3811947156425 -5.142682940440969E-3
 1663.3173554729262 -4.758647468872084E-3
 1681.4244670571 -4.7569673671598094E-3
 1699.6956914350878 -4.755272037939569E-3
 1718.1447046730411 -4.70995699676604E-3
 1736.7578307048088 -4.351783532579298E-3
 1755.5487455965417 -3.6866047437632853E-3
 1774.5106113151646 -3.112653295177552E-3
 1793.6434278606773 -2.830101282753875E-3
 1812.9540332661554 -2.6518234616857943E-3
 1832.449265564675 -2.4429718786908283E-3
 1852.115448690084 -2.072433078315933E-3
 1871.9594206754582 -1.6086618026806367E-3
 1891.9811815207986 -1.2017263128531784E-3
 1912.1875692591795 -9.220990451443033E-4
 1932.5785838906015 -9.417600157103346E-4
 1953.1473873819891 -9.615924098963248E-4
 1973.907655799493 -1.2198518288809216E-3
 1994.845713076963 -1.317324296175019E-3
 2015.9752352805494 -1.512583498506955E-3
 2037.2893843771764 -1.6517794718563134E-3
 2058.7881603668447 -1.5324243745911843E-3
 2080.4852393157057 -1.27449486215246E-3
 2102.366945157607 -7.850897612879567E-4
 2124.4401159256253 1.0928485874635839E-4
 2146.7047516197603 1.2220037280541164E-3
 2169.160852240012 2.2434482877938723E-3
 2191.8152558194556 2.9788316803893693E-3
 2214.661124325016 3.5709848179990705E-3
 2237.7052957897685 4.056643006231214E-3
 2260.9477702137137 4.5533748618342894E-3
 2284.381709563775 5.136423088843453E-3
 2308.0207899061047 5.516412297047499E-3
 2331.8581732076263 4.872823502547917E-3
 2355.89385946834 4.223880699144007E-3
 2380.134686721322 4.289784943920556E-3
 2404.5738169334954 4.0733720785004635E-3
 2429.211250104862 3.8552032049390203E-3
 2454.060662301571 3.48103268975423E-3
 2479.1152154905485 3.6101437048630582E-3
 2504.368071638718 3.786908844750267E-3
 2529.832906812231 4.247021988029915E-3
 2555.502882978012 4.662523547515572E-3
 2581.3780001360605 4.781204861468982E-3
 2607.4650963194526 4.795659976182148E-3
 2633.7573334951125 4.810228761522155E-3
 2660.261549696116 5.628801390649668E-3
 2686.970906889387 5.8420373167848444E-3
 2713.8990811410776 5.3737055178679814E-3
 2741.0323963850355 4.901805929726252E-3
 2768.384528687413 4.25074238687774E-3
 2795.948640015133 4.252732657285604E-3
 2823.7178923351216 3.562855061095625E-3
 2851.7059617135287 2.867541344965212E-3
 2879.9128481503553 1.423259857630207E-3
 2908.3317136125247 4.868128130233059E-4
 2936.962558100038 -3.259945789166056E-4
 2965.8122196459703 -1.1767935390339507E-3
 2994.880698250321 -2.1132302379717497E-3
 3024.161155880016 -2.8532009964858107E-3
 3053.66043056813 -3.3533032304853302E-3
 3083.3785223146624 -3.929982374879018E-3
 3113.3085930865386 -3.957512007881603E-3
 3143.464318949909 -3.679529701559931E-3
 3173.832023838623 -3.487202654329037E-3
 3204.425383818832 -3.2104476330791962E-3
 3235.2307228243844 -2.9179771555084424E-3
 3266.254878888355 -2.1783236481403762E-3
 3297.504690043821 -1.0172264139096517E-3
 3328.9664802246302 1.7498109421176514E-4
 3360.653925496934 1.2494340426333248E-3
 3392.560187827657 2.1445805025139715E-3
 3424.6852672167983 2.87005067497603E-3
 3457.0291636643596 3.1810768559316013E-3
 3489.5918771703395 3.2882153540466883E-3
 3522.3734077347385 3.647512742853026E-3
 3555.380593390632 3.5999186254396585E-3
 3588.599758071869 3.5520188486851235E-3
 3622.0445778446005 2.8812820295918326E-3
 3655.7013766426753 2.2029471586325435E-3
 3689.5838305322454 1.6628082919546752E-3
 3723.678263447158 1.270761230472063E-3
 3757.998351453565 9.749663766428267E-4
 3792.530418485316 7.202239558395723E-4
 3827.2881406085625 4.431917284010699E-4
 3862.2578417571512 3.1654269382214644E-4
 3897.446359964159 2.058612082425447E-4
 3932.8468571965104 1.4034325030948968E-4
 3968.4730095203567 1.0327680148702614E-4
 4004.304302836471 8.116030646296074E-5
 4040.3612512440795 6.575556667472136E-5
 4076.6233406439555 5.3842971402284345E-5
 4113.104247102251 4.4270608825760945E-5
 4149.803970618966 3.647936241614727E-5
 4186.708835127948 3.010141765239963E-5
 4223.825678662273 2.486259024362212E-5
 4261.154501221943 2.054944614907911E-5
 4298.695302806955 1.6992514647391102E-5
 4336.448083417311 1.4055635665717145E-5
 4374.406005019934 1.1628539288442266E-5
 4412.575905647902 9.62141452149593E-6
 4450.944109235061 7.960803745897281E-6
 4489.524291847564 6.586435499428216E-6
 4528.309615452335 5.448732373364616E-6
 4567.300080049374 4.506836481379005E-6
 4606.488847605604 3.727024839869881E-6
 4645.882756154102 3.0814301620668056E-6
 4685.474967661794 2.5470027302852704E-6
 4725.265482128676 2.104664023955378E-6
 4765.254299554752 1.7386140409859273E-6
 4805.441419940019 1.4357625746801552E-6
 4845.826843284479 1.1852616376117235E-6
 4886.403731555055 9.781196884656941E-7
 4927.165246718672 8.068834185047126E-7
 4968.1250648414825 6.653745384992989E-7
 5009.276347890409 5.4847179788584E-7
 5050.612257832376 4.5193079208246915E-7
 5092.132794667384 3.722341620124103E-7
 5133.837958395434 3.064677780985536E-7
 5175.734587049599 2.5221777920216586E-7
 5217.802166530655 2.0748523769458686E-7
 5260.054372904752 1.7061529884178996E-7
 5302.484368138815 1.4023837890837026E-7
 5345.085314199767 1.1522139134265315E-7
 5387.864049120685 9.462720137769312E-8
 5430.813734868492 7.768105313205324E-8
 5473.941209476265 6.374266036292576E-8
 5517.225958844777 5.228307547479572E-8
 5560.681659040179 4.286551105489577E-8
 5604.301472029394 3.512941909144301E-8
 5648.085397812424 2.8777319252693644E-8
 5692.026598356193 2.3563863755299194E-8
 5736.125073660701 1.9286790918766253E-8
 5780.380823725946 1.5779430570281515E-8
 5824.787010518856 1.527754532036152E-9
 5869.343634039428 5.067824072189869E-9
 5914.050694287663 6.052553225750171E-9
 5958.908191263561 5.9006683119767054E-9
 6003.902448900972 5.748320334441737E-9
 6049.047143266045 4.691317950595712E-9
 6094.321760259555 3.827119044072573E-9
 6139.739975947652 3.1208509146575493E-9
 6185.2881142641845 2.543892292839937E-9
 6230.966175209155 2.072763273578153E-9
 6276.77415878256 1.6882101335990438E-9
 6322.705226951327 1.3744518298515302E-9
 6368.766217748531 1.1185593555992741E-9
 6414.9434551080184 9.09944856844611E-10
 6461.243777062868 7.399416462824022E-10
 6507.6535075469255 6.014586579520336E-10
 6554.179484593269 4.886965909488925E-10
 6600.8148701688214 3.969143860190128E-10
 6647.552826240509 3.222380953373411E-10
 6694.400190841405 2.6150343104788357E-10
 6741.343287905359 2.1212691596996628E-10
 6788.388955465448 1.7200016048389183E-10
 6835.530355488595 1.3940319950743916E-10
 6882.7538119086484 1.1293350195806821E-10
 6930.073000791761 9.14478665880801E-11
 6977.460570005629 7.401483671868755E-11
 7024.9848998810084 5.987578127643529E-11
 7072.577610087145 4.8413078251757334E-11
 7120.170320293282 3.912408403312883E-11
 7167.89979116093 3.159990794362024E-11
 7215.697642359332 2.5508028629642667E-11
 7263.563873888494 2.0578138779646923E-11
 7311.498485748409 1.6590579147261503E-11
 7359.433097608325 1.3366906669429047E-11
 7407.504470129753 1.0762204987697102E-11
 7455.575842651179 8.65881401035456E-12
 7503.783975834119 6.961221076670963E-12
 7551.923728686304 5.591895261202772E-12
 7600.200242199998 4.487897314565941E-12
 7648.476755713694 3.598110055638251E-12
 7696.821649558146 2.880982245784834E-12
 7745.166543402597 2.3026831139679622E-12
 7793.511437247048 1.8355890981334836E-12
 7841.924711422257 1.457036013158955E-12
 7890.406365928219 1.148280008840078E-12
 7938.888020434182 8.936168406740835E-13
 7987.3012946093895 6.796125851530694E-13
 8035.85132944611 4.943946486544798E-13
 8084.332983952073 3.2696525289919777E-13
