 0.0E+0 0.0E+0
 0.2711594663994602 0.11546807051041207
 0.8166662902182228 0.3477655829997382
 1.368591291881738 0.582063787558726
 1.9270124249670677 0.8164965168326027
 2.491991231771893 1.0482486781058211
 3.0636234447592705 1.2739514927371007
 3.641977444259958 1.490176259073207
 4.227128448637785 1.693876004300522
 4.819158514289661 1.8826737048509492
 5.418149697612492 2.0549793489701366
 6.02419089303626 2.2099742071771113
 6.637343642858646 2.3475139557080675
 7.257683165443483 2.467994470129471
 7.88534622145228 2.5722077225822457
 8.520394353182718 2.661209609097948
 9.162895940965557 2.736207810858347
 9.812919365131545 2.798475463394616
 10.470669766672957 2.849286420314675
 11.136078765259036 2.889871880034634
 11.80928312155129 2.9213924810485605
 12.490419596211236 2.944922484667736
 13.179556569569625 2.9614416445029974
 13.876830802287973 2.971832519023951
 14.582242294366278 2.9768841746661074
 15.29592780646605 2.977300027558836
 16.018024099248805 2.9737059097346425
 16.748599553045295 2.9666561721808375
 17.487722548186276 2.9566381809784032
 18.235529845333267 2.944080699878652
 18.99215820514777 2.929362948162983
 19.757607627629795 2.9128239287966355
 20.5320832537716 2.894765780257799
 21.31558508357319 2.8754565235045896
 22.10838663835759 2.855131036339439
 22.91041953779404 2.833995085247829
 23.721820542544055 2.8122315204569514
 24.542794793599902 2.790005417685161
 25.373410671292337 2.767466497705332
 26.213736555952117 2.7447479536404855
 27.063977588571503 2.721960737325143
 27.92413376915051 2.6991828038913223
 28.794341858350634 2.6764590309411135
 29.674806997164154 2.6538172410593254
 30.56559756592182 2.631290562295238
 31.466781944954384 2.608928848027251
 32.378565275254125 2.5867927783919717
 33.30101593715179 2.564940246647953
 34.23427069130889 2.5434134022714136
 35.17846629838695 2.522231708440028
 36.13373951904747 2.50139477300614
 37.10015873362121 2.480892339599121
 38.07792908310043 2.4607147159786895
 39.06711894781589 2.440855780346235
 40.06793346875987 2.421310917321102
 41.08044102626311 2.4020733874863204
 42.104778380987134 2.3831344452674736
 43.14108229359345 2.3644909814966132
 44.18955790507431 2.346141768568516
 45.250341976091256 2.328084423983326
 46.323502886975013 2.310321743300623
 47.409177398387114 2.292856597792249
 48.507570651319824 2.2756813510993194
 49.618819406434646 2.2587828453939673
 50.74306042439309 2.242151695866578
 51.88043046585669 2.225784231299794
 53.03113467181769 2.2096832426052044
 54.19524142260686 2.1938522522288916
 55.37295585921647 2.178291672710373
 56.56448312263876 2.163003016200365
 57.76989159320452 2.1479879744847827
 58.989386411906 2.133244543288896
 60.22310433940471 2.118767081474041
 61.47125051669294 2.104553312194695
 62.733961704432175 2.090608580337269
 64.0114430436147 2.0769387664838596
 65.30376291457125 2.063540620942165
 66.61119483862487 2.050402832036395
 67.93394395676782 2.0375041575538812
 69.2720102690001 2.0248178164627934
 70.62594081796777 2.0123295596663077
 71.9955988430093 2.0000342948432203
 73.3809843441247 1.9879154200454738
 74.78278112462152 1.9759602893354764
 76.20030538119222 1.964183570268121
 77.63492472045189 1.952606823813867
 79.085955339093 1.9412450216969241
 80.55408104042309 1.9301067569346743
 82.03930182444216 1.9191749548076724
 83.54230149445779 1.908409082307119
 85.06239624716238 1.897767721428438
 86.59958608255597 1.8872310745039742
 88.15523860725366 1.8767995472540173
 89.72935382125547 1.8664803639108016
 91.32124792125381 1.8562844039924892
 92.93160471055627 1.8462150261487384
 94.56110799247037 1.8362583583187248
 96.20907396368858 1.8264018034828248
 97.87687023082603 1.8166497840833677
 99.56381299057514 1.8070131276297345
 101.2699022429359 1.7974985023835285
 102.99582179121589 1.7881344133515164
 104.74225543872268 1.7789689500354208
 106.50851938214868 1.770032171927483
 108.295981228109 1.7613316751637253
 110.10395717329614 1.7528682303535731
 111.93244721771005 1.7446524438636585
 113.7821351646583 1.7366929464662146
 115.65370481744843 1.728975778841887
 117.54715617608048 1.721472907149161
 119.4618054372469 1.7141422015540523
 121.39970401087031 1.706919200243269
 123.35880048702805 1.6997256455154243
 125.34183007895038 1.6924922885077737
 127.34674137671462 1.6851935596006908
 129.37558579024343 1.6778577721421905
 131.4276795162293 1.67053513295233
 133.5037063579797 1.663269520563583
 135.60366631549467 1.6561031229255558
 137.72755938877426 1.6490738566476292
 139.87675318443353 1.6421960688874555
 142.04988009585741 1.6354745299757833
 144.24899153296851 1.6289263030450065
 146.47271988915176 1.6225475782781313
 148.72311657432985 1.6162647061514394
 150.99881398188762 1.6100015221795813
 153.30049591513264 1.6037041389427442
 155.62952998068004 1.5973302010144037
 157.98523237522226 1.5908826682393433
 160.3676030987593 1.5843902896235126
 162.7780097579063 1.5778963584525274
 165.21576854935565 1.5714185616047207
 167.6822470797225 1.56492390140785
 170.1767615456993 1.5583543436491997
 172.69999575059355 1.551743788940387
 175.25194969440534 1.5451794319067684
 177.83399098374974 1.5386255302985778
 180.44475201201163 1.5319874290790223
 183.08628418911368 1.525264258851956
 185.75858751505592 1.5184645287666918
 188.46097818653078 1.511592155368689
 191.1941400068458 1.5046812150853985
 193.9594405826161 1.497786607861441
 196.75619611053417 1.4909919103957542
 199.58509039390753 1.4843124985193776
 202.4461234327362 1.4776124031047708
 205.3406628336352 1.470798442862027
 208.26802479329711 1.4638930177478834
 211.22889311502942 1.4568870596254861
 214.22326779883218 1.449780578631073
 217.25251645132041 1.442683935995923
 220.3166390724942 1.4356658756134852
 223.41495185904597 1.4286582970424435
 226.5495062208984 1.421631833753691
 229.71961835474391 1.414716311656612
 232.92597206389001 1.4080262219134245
 236.1692511516444 1.4014491637241572
 239.44945561800696 1.3948065115810832
 242.76658546297775 1.3880215741084378
 246.12200829317183 1.3811748506890142
 249.51640791189683 1.3742750474984601
 252.9484167125376 1.3671943535795614
 256.4200861050168 1.3599991431444145
 259.93141608933444 1.3526933446682678
 263.48240666549054 1.3450545140132024
 267.07374163679264 1.3370661713760525
 270.70610480654835 1.3288909307662908
 274.3801799780651 1.3205239576292724
 278.0952833480355 1.3119269381686093
 281.85278252307455 1.3031640383346216
 285.65336130648984 1.2943419220200833
 289.49701969828134 1.285447183360603
 293.38375769844913 1.276050074238711
 297.31562671691585 1.2660225108156983
 301.29125914706634 1.255819807401863
 305.31202259551577 1.2457199053103631
 309.3779170622641 1.2356434702519838
 313.4903101539265 1.22536253089784
 317.64920187050296 1.2146982282647305
 321.855276015301 1.2036939853786241
 326.10921639162813 1.1924075899845882
 330.41033919617694 1.1808129329783225
 334.76069583887 1.168824128368415
 339.1596025163998 1.156203197540066
 343.6084268353814 1.142899740917105
 348.1071687958149 1.1290766603323412
 352.6565122010078 1.1147800861838546
 357.2571408542676 1.1000473091110061
 361.90973855890194 1.0848587906211701
 366.6143053149108 1.0693819544363734
 371.37220872890924 1.05380235824834
 376.1834488008974 1.0380486611569303
 381.0480255308751 1.0219667207658331
 385.9679903287652 1.005405264424002
 390.94265939126006 0.9884142305329798
 395.97340032497476 0.9709540670507341
 401.0602131299093 0.9525665231429993
 406.20378160937133 0.9334884002129089
 411.40478956666834 0.9141069961036016
 416.66392080510786 0.8943550943903042
 421.98185912799755 0.8742699774259459
 427.3592883386449 0.854009337796593
 432.7968922403574 0.8336041893179486
 438.2946708331352 0.8129136283787088
 443.8533079202857 0.7917066933514393
 449.47417110842422 0.7698752419530607
 455.1579442008582 0.7474989349459238
 460.9039433942801 0.7247408295627432
 466.7142200986125 0.7018136807054578
 472.58945811716313 0.6786460826970641
 478.52897364662425 0.6549206199991506
 484.5348180969187 0.631314755420134
 490.60699146804643 0.6085749095186423
 496.746177563315 0.5863124291201882
 502.95306018603184 0.5640461506255791
 509.22832313950465 0.5420477903849803
 515.5733340303486 0.5205167879693593
 521.9880928585636 0.49936275828957105
 528.4732834274572 0.4784380443021209
 535.0302733436446 0.4576767577326758
 541.6590626071256 0.4372153432822086
 548.360335021208 0.4171750623933602
 555.1354581925068 0.39767419104750723
 561.9851159243295 0.378659968213928
 568.9093082166763 0.35956128493275596
 575.9094026761622 0.3401825903142871
 582.9860831060946 0.3210861360210367
 590.1400333097813 0.3024424381040775
 597.3726208938374 0.2844458286081866
 604.6831620549553 0.2673185801025682
 612.0737082030575 0.25086151965137593
 619.5449431414518 0.23453839470764764
 627.0968668701381 0.21818948983144145
 634.7315307990391 0.20236306726116773
 642.4482511248473 0.18741557929968533
 650.2490792574852 0.17357760332529134
 658.1346990002605 0.1607882013897745
 666.1051103531732 0.1490256575026572
 674.1616809228383 0.13839592974612358
 682.3050945125635 0.12865592219606367
 690.5387701388867 0.11965878438258226
 698.8538183588092 0.11149538404591279
 707.2645990417901 0.10373316276351817
 715.7642741547538 0.09615408664537524
 724.3596817307758 0.08896004224210233
 733.0371457037049 0.08207959964496174
 741.817180172768 0.07579770913176985
 750.6861090718137 0.07000550928563325
 759.6507704339177 0.0644596978688292
 768.7111642590802 0.05944274705642354
 777.8672905473009 0.055064822381384263
 787.1191492985799 0.05125519889318225
 796.4735785459928 0.047678989705301155
 805.9305782895398 0.04391339844816557
 815.4764724630694 0.03996333862688394
 825.1317751658084 0.036263184112398524
 834.8896483646814 0.03361986817389734
 844.7500920596883 0.031879016661787044
 854.7062682177536 0.02986486047548827
 864.778690938104 0.027575067953033265
 874.9468461215127 0.02539178694552167
 885.2312478672063 0.022867563565398055
 895.6182201090342 0.01947184034597667
 906.1146008800712 0.01573794015996315
 916.7203901803178 0.012754434179865085
 927.4355880097742 0.010636279799806856
 938.2670324015155 9.023376704562122E-3
 949.2078853224663 7.817156472659919E-3
 960.2649848057023 6.967189640261077E-3
 971.4383308512232 6.360165712406263E-3
 982.7210854259539 5.857200643326069E-3
 994.1269245960451 5.390237490032188E-3
 1005.6421722953457 4.939023254520763E-3
 1017.2873426230828 4.479987511760192E-3
 1029.0419214800294 3.977866554013065E-3
 1040.9264229654122 3.4298748032082042E-3
 1052.9271710130801 2.8864310307204414E-3
 1065.0510036561088 2.405663428318236E-3
 1077.3047589275736 2.017133362906326E-3
 1089.6747607613235 1.721954256187103E-3
 1102.1746852235098 1.4933171076356624E-3
 1114.8045323141325 1.2812192074223695E-3
 1127.557464000116 1.0395136339375848E-3
 1140.447156347611 7.698321456287796E-4
 1153.459933290467 5.181601029072234E-4
 1166.6094708948346 3.271122997846141E-4
 1179.888931127639 2.0515169415364248E-4
 1193.298313988879 1.3689250819860134E-4
 1206.851295544707 1.0097314483888535E-4
 1220.534199728971 7.976931180677615E-5
 1234.3538645747471 6.255226811670351E-5
 1248.310290082035 4.717217077098217E-5
 1262.4103142839103 3.5000463394580544E-5
 1276.6470991472976 2.702201144119272E-5
 1291.0274827052724 2.2859020342418883E-5
 1305.5514649578346 2.0589947728401845E-5
 1320.2190459049841 1.8602166275150714E-5
 1335.0302255467213 1.622064160911828E-5
 1349.985003883046 1.3789277168011283E-5
 1365.0833809139583 1.2218614104964785E-5
 1380.339032705609 1.1712911587292955E-5
 1395.7382831918471 1.1686763294654007E-5
 1411.2879704057486 1.1906579660491088E-5
 1426.988094347313 1.2470310880988088E-5
 1442.8386550165405 1.31162902747452E-5
 1458.8464904465067 1.2898299480138248E-5
 1475.0116006372115 1.1303619501573485E-5
 1491.3271475555795 9.05854789673637E-6
 1507.7999692346861 7.226946325239388E-6
 1524.436903707607 6.0978240905497085E-6
 1541.2242749081908 5.212189931754306E-6
 1558.1825969356643 4.248830926092719E-6
 1575.2913556908013 3.252970749098704E-6
 1592.571065272828 2.2911787167345915E-6
 1610.0080496155933 1.4271104142898571E-6
 1627.6091467521732 7.953442840896414E-7
 1645.3811947156425 4.0883925192207443E-7
 1663.3173554729262 1.8773094335477181E-7
 1681.4244670571 7.303405529803104E-8
 1699.6956914350878 2.401167199995611E-8
 1718.1447046730411 7.071164056704865E-9
 1736.7578307048088 1.895562921784251E-9
 1755.5487455965417 4.267596411990034E-10
 1774.5106113151646 7.39262160519212E-11
 1793.6434278606773 1.0624322974574947E-11
 1812.9540332661554 2.1900030872702654E-12
 1832.449265564675 8.073690757833204E-13
 1852.115448690084 2.971860448836086E-13
 1871.9594206754582 8.963481364481806E-14
 1891.9811815207986 3.65385824299151E-14
 1912.1875692591795 1.8615983204233662E-14
 1932.5785838906015 8.678416444054726E-15
 1953.1473873819891 3.674932831922309E-15
 1973.907655799493 1.443732291237418E-15
 1994.845713076963 5.231189394196427E-16
 2015.9752352805494 1.735728482981597E-16
 2037.2893843771764 5.359673822004034E-17
 2058.7881603668447 1.4642484293289542E-17
 2080.4852393157057 3.359112866474343E-18
 2102.366945157607 6.022751604149319E-19
 2124.4401159256253 7.582309487219291E-20
 2146.7047516197603 7.831519545928892E-21
 2169.160852240012 7.475064106342034E-22
 2191.8152558194556 9.300053675273819E-23
 2214.661124325016 2.1948666194688528E-23
 2237.7052957897685 5.970159299999792E-24
 2260.9477702137137 1.3243378404913198E-24
 2284.381709563775 2.1914129744132555E-25
 2308.0207899061047 2.935884202798604E-26
 2331.8581732076263 3.582455812720563E-27
 2355.89385946834 4.310123814937147E-28
 2380.134686721322 5.157807597960267E-29
 2404.5738169334954 5.519812196324453E-30
 2429.211250104862 6.371891241344505E-31
 2454.060662301571 1.0221098163359621E-31
 2479.1152154905485 1.9355530987178682E-32
 2504.368071638718 3.767300282511892E-33
 2529.832906812231 7.1448488501578504E-34
 2555.502882978012 1.2715516730481058E-34
 2581.3780001360605 2.1585429242815145E-35
 2607.4650963194526 3.6791617977196763E-36
 2633.7573334951125 6.16006610177445E-37
 2660.261549696116 1.0379022438863816E-37
 2686.970906889387 1.8008722807757545E-38
 2713.8990811410776 3.1743896509273843E-39
 2741.0323963850355 5.459708623874951E-40
 2768.384528687413 8.060344658178322E-41
 2795.948640015133 9.124496926881227E-42
 2823.7178923351216 8.477315988828531E-43
 2851.7059617135287 7.01859854242804E-44
 2879.9128481503553 4.473930498416214E-45
 2908.3317136125247 2.653896709566849E-46
 2936.962558100038 1.7115128326331088E-47
 2965.8122196459703 1.0573280325255932E-48
 2994.880698250321 7.115918107640453E-50
 3024.161155880016 4.900248530756692E-51
 3053.66043056813 3.2450845506663157E-52
 3083.3785223146624 2.9768438821489284E-53
 3113.3085930865386 2.895212002704928E-54
 3143.464318949909 2.33126540784216E-55
 3173.832023838623 1.5534494907894145E-56
 3204.425383818832 8.635868945940441E-58
 3235.2307228243844 5.057716700909154E-59
 3266.254878888355 4.812930016957416E-60
 3297.504690043821 6.596031562077793E-61
 3328.9664802246302 8.147624004043912E-62
 3360.653925496934 8.901056702321841E-63
 3392.560187827657 8.958142802462826E-64
 3424.6852672167983 8.595236374022985E-65
 3457.0291636643596 8.008926473879744E-66
 3489.5918771703395 7.22146142328664E-67
 3522.3734077347385 5.704903020613706E-68
 3555.380593390632 4.214840628604946E-69
 3588.599758071869 3.280208033807829E-70
 3622.0445778446005 2.126693343434103E-71
 3655.7013766426753 9.622061260314975E-73
 3689.5838305322454 3.5308839694247613E-74
 3723.678263447158 1.1425181401459384E-75
 3757.998351453565 2.992176292597557E-77
 3792.530418485316 5.896314000003318E-79
 3827.2881406085625 8.652635322861675E-81
