 0.0E+0 0.0E+0
 0.26523570782524735 3.7962523459409424E-5
 0.7988253717240696 5.997384642930777E-4
 1.3386930017444713 2.707646636365981E-3
 1.884914848487119 7.50763282091739E-3
 2.437551109794645 0.016079293636290205
 2.996695426755587 0.02926612776304805
 3.562414685861759 0.047553946375217134
 4.1347824622541544 0.07102687205540056
 4.71387901972295 0.09939553588085366
 5.299784622058321 0.1320736350185312
 5.892586221699624 0.16827604643560911
 6.492344016489492 0.20711686949378957
 7.099131581568918 0.24769366903438233
 7.71308268992153 0.28915151948238126
 8.334257539389956 0.33072583261254645
 8.962723016466015 0.3717662506227786
 9.598546007641515 0.4117452492208944
 10.241927172391899 0.4502558411634609
 10.892799624225352 0.4870023854725069
 11.551297136125498 0.5217880778954532
 12.217553481075969 0.5545009943475769
 12.891635545568572 0.5850999812570654
 13.573677102586938 0.6135993606397899
 14.263678152131066 0.6400536055423239
 14.961772467184579 0.6645431661848562
 15.668093820731107 0.6871636049836325
 16.38270909926246 0.7080182873842363
 17.105685189270452 0.7272150235957966
 17.837155863738715 0.7448636486641697
 18.577254895650867 0.7610743433390427
 19.32598228500691 0.7759548190570218
 20.083538691282285 0.7896072559934112
 20.849924114476994 0.8021261300667011
 21.625406100558286 0.8135976696896903
 22.409917763034346 0.8241022756963058
 23.20359287488881 0.8337172375859923
 24.0066320955971 0.8425158939572641
 24.819102311651047 0.8505644224007
 25.641070409542457 0.857919468958385
 26.472737048746765 0.8646293333941889
 27.314102229263983 0.8707384633435755
 28.165299724077723 0.8762919484634089
 29.026530192663432 0.8813374464961582
 29.89786052151292 0.8859241955446644
 30.779357597118004 0.890099803965135
 31.67122207895412 0.8939073365777076
 32.57352085351309 0.897383141670939
 33.48638769377852 0.9005553200276943
 34.40995637273405 0.9034426878136531
 35.34436066336332 0.9059139797897816
 36.28966745215811 0.9084141064539636
 37.24607739859389 0.9105243320269769
 38.21365738916246 0.9124041706895055
 39.19260808333925 0.9140702162254556
 40.18299636761609 0.9155400501439659
 41.184956014976606 0.9168298711388497
 42.19862079840441 0.9179540012259786
 43.22419137737494 0.9189263179448696
 44.26180152487185 0.9197602049724231
 45.311518127386925 0.9204661815823654
 46.3734749579038 0.9210472603366557
 47.44787267589792 0.9214949961845562
 48.5348450543529 0.9217921039344977
 49.634525866252374 0.921923422004161
 50.74704888457997 0.9218864810804649
 51.87261476881112 0.9216920473684437
 53.01129040543764 0.921356270175649
 54.163276453934983 0.9208929776553364
 55.328773573778555 0.9203077010688078
 56.50784865146021 0.9195979711029818
 57.70070234645535 0.9187621086249634
 58.90746843174763 0.9178085586854903
 60.12834756681248 0.9167588536946317
 61.36347352463351 0.9156400079374968
 62.61304696468619 0.9144751341845264
 63.877134773462316 0.9132786532241155
 65.15600449692913 0.9120567383389673
 66.44985679456208 0.9108148714041222
 67.75869166636117 0.9095567563892022
 69.08304420426091 0.9082779979169227
 70.42278063527768 0.9069715337518708
 71.77790095941144 0.9056377589841399
 73.14907404158036 0.9042878349088572
 74.5356310168663 0.9029397875115165
 75.93890961510552 0.9016195939657328
 77.3582409713799 0.9003544661016618
 78.79429395060754 0.8991494907042513
 80.24706855278846 0.8979742952226012
 81.7172336428408 0.8967736164299521
 83.20412035584641 0.8954978211333701
 84.7077286918053 0.894124191652507
 86.22939638055374 0.8926594939052058
 87.76912342209172 0.891138643978436
 89.3262409515011 0.8896114232239164
 90.90141783370005 0.8881127477286166
 92.49532293360664 0.8866308635622696
 94.1072873863028 0.8851145571715693
 95.73864892162474 0.883521405757779
 97.38873867465438 0.8818505203681898
 99.05755664539167 0.8801154907657476
 100.74577169875477 0.8783602944865636
 102.45405269966182 0.8765501398391892
 104.18173078319465 0.8746609671732133
 105.93014367918956 0.8726502055311144
 107.6986225227284 0.8704937544172191
 109.48716731381118 0.86819047794751
 111.29644691735604 0.865747635902446
 113.12713019828107 0.8631750561480909
 114.9792171565863 0.8604850852498509
 116.85203892735363 0.8576773281176332
 118.74760210533739 0.8547413148639729
 120.66390009578322 0.8516809470035386
 122.60360835836363 0.8485299553530208
 124.56472029832426 0.8453446896369345
 126.54924251041948 0.8421733014603652
 128.55650612973116 0.839048237597201
 130.58718002117743 0.8359885117581679
 132.64126418475828 0.8329699740613308
 134.71875862047372 0.8299329165163839
 136.82100105816002 0.82683368166805
 138.94665376798093 0.8236762204172592
 141.0977233446908 0.8204845838734232
 143.2728720584534 0.8172507714621586
 145.4741065040231 0.8139646096135708
 147.70008895156368 0.8106365188288625
 149.95148826599324 0.807278351810824
 152.22964217714803 0.8039083814762569
 154.53388182010996 0.8005281387992715
 156.864207194879 0.7971153011896132
 159.22195603129142 0.7936479411471197
 161.6064594644291 0.7900982542064959
 164.01905522412823 0.7864492514937425
 166.4590744454708 0.7826791042812206
 168.92718599337484 0.7787771451364192
 171.42338986784042 0.7747850560641506
 173.94902379870376 0.7707815587654463
 176.5027500561286 0.7668658702399129
 179.08657523486937 0.7630568560394915
 181.700499334926 0.759257077069994
 184.34385349138045 0.7553863300425402
 187.01730656915077 0.7514324165505084
 189.72219629807327 0.7474167702314443
 192.4578538132298 0.7433409714457195
 195.2249479795385 0.7391372622423839
 198.02347879699937 0.734724056517231
 200.85478399544865 0.7300766611394482
 203.71819470996823 0.7252255474324585
 206.61437980547626 0.7202038041915513
 209.54333928197272 0.7150476315464983
 212.50641086929383 0.7098022856076465
 215.50359456743964 0.7044965530676928
 218.53422151149203 0.6990888068059175
 221.60029829620538 0.6935141843661081
 224.70115605666154 0.6878271094085767
 227.8374636577786 0.682194309952572
 231.00988996447483 0.6767313498502989
 234.2184349767501 0.6713458274062553
 237.4630986946045 0.6657811809912945
 240.74521884787418 0.6598269757446285
 244.06546430147736 0.6535688474439166
 247.42249732557775 0.6472643948297996
 250.81832451492977 0.6410903713326367
 254.2529458695334 0.6351173499202912
 257.7263613893886 0.629196431013961
 261.23923993941355 0.6231175254566896
 264.7922503845264 0.6169424648480325
 268.38606158964523 0.6107264136422259
 272.02000468985193 0.6044190966249348
 275.6954174149828 0.5979778440661141
 279.41296862995585 0.591321563724174
 283.17265833477125 0.5844807763087998
 286.9744865294289 0.5775032877212449
 290.8204598086832 0.5704185815597003
 294.7092404426979 0.5632483877792811
 298.6421661613092 0.5558975884400961
 302.6192369645172 0.548278918017852
 306.64179058215813 0.5404752466595574
 310.709827014232 0.532500056814636
 314.8240151256569 0.5242281543098661
 318.98502378135094 0.5158061175697535
 323.1921841163961 0.5074038353342911
 327.44750272554665 0.49905330990101276
 331.75031074388454 0.4908319789281478
 336.101945901246 0.48272208805464172
 340.5024081976311 0.47459860114331003
 344.9523664979578 0.4663968468845536
 349.4524896671444 0.45825717609528704
 354.00344657010896 0.4502175519948223
 358.6052372068515 0.4420411328882799
 363.25919930720823 0.4335843183427303
 367.9653328711792 0.42494654265733106
 372.7236378987644 0.4161042436466604
 377.5361209847183 0.40697618584896994
 382.40211326412264 0.3976728957177784
 387.3229524668138 0.38828291294292877
 392.2986385927916 0.3788464922662723
 397.32984050697433 0.369354521922539
 402.4172270742801 0.35973621658294047
 407.56146715962705 0.35005279545738815
 412.76322962793324 0.34049990452249
 418.02318334411683 0.33084014699233194
 423.341997173096 0.32130706752442123
 428.7196711148707 0.3115458432823035
 434.156874034359 0.3015694430982816
 439.65494366139733 0.2915095702548597
 445.21454886090373 0.28129982986190776
 450.8350207679601 0.2709729798267623
 456.5183659773207 0.2607133395550636
 462.26525335390385 0.25059824793251767
 468.0750140327913 0.2406719007246537
 473.94965460873743 0.2309114222150865
 479.8891750817423 0.22138686681593242
 485.8942443167241 0.21207981839023115
 491.96553117860077 0.202849377933564
 498.1037045322906 0.1937279527108099
 504.31010210762985 0.18475543200548405
 510.5847239046185 0.17601192033394372
 516.9282387881747 0.16751407568223528
 523.3419844881345 0.159111610717605
 529.8259610044981 0.15081962775885801
 536.3808372021838 0.1427480507471213
 543.0079508110275 0.13491089056481811
 549.7079706959476 0.12725337784780532
 556.4808968569439 0.11976511184938456
 563.3280670238528 0.11256017483391159
 570.2501500615923 0.10569576103097544
 577.2478148350807 0.09905021232368681
 584.3223990741543 0.09255301500769626
 591.4732339138948 0.08626509691397168
 598.7023259490566 0.08027036530101544
 606.0103440445578 0.07453844761792763
 613.3972882003986 0.06904578167928656
 620.8651650113331 0.06381571237096276
 628.4133056124437 0.05892425996547699
 636.0437165984841 0.05445695652933917
 643.757066834373 0.05028448413648187
 651.55335632011 0.04628888617032467
 659.4339227855315 0.042527861094187754
 667.3994350955558 0.03896398548059884
 675.4532375747733 0.03549605403905843
 683.5866349792485 0.0321573748398575
 691.8136734722619 0.028982096507459895
 700.1276644046326 0.02600912455104928
 708.5352964255416 0.02331932601086238
 717.0231922366263 0.020934118226978503
 725.6114177854306 0.018802842253809636
 734.286595773592 0.01688462700895942
 743.0554148502918 0.015152162877473948
 751.91787501553 0.013546695023896887
 760.8739762693065 0.012146153453179865
 769.9237186116213 0.010730968430640548
 779.0737906916559 9.56741724175659E-3
 788.3241925094102 8.576999964117194E-3
 797.6615467665214 7.689437971978229E-3
 807.1059194105337 6.834089650572613E-3
 816.6506217922656 6.016938145496322E-3
 826.2956539117173 5.289032059941594E-3
 836.0343271197073 4.6800353507265544E-3
 845.8867073637796 4.16684507527634E-3
 855.8327286963903 3.7062652929285436E-3
 865.8924570650831 3.2720972339120215E-3
 876.0525151714959 2.852470663313678E-3
 886.3195916648094 2.4649508421922617E-3
 896.693686545024 2.133950239235907E-3
 907.1747998121398 1.8476154602467334E-3
 917.7696201153376 1.5894089228841656E-3
 928.4714588054364 1.3635206563570687E-3
 939.2870045316178 1.1723584878510144E-3
 950.2162572938812 1.0077476082515888E-3
 961.2525284430458 8.669523643685485E-4
 972.4091952774739 7.540218864063396E-4
 983.6728804988029 6.652661316687979E-4
 995.063650054577 5.885755888052504E-4
 1006.561437997252 5.149800829577985E-4
 1018.1863102743719 4.4197950377239695E-4
 1029.9248895875741 3.729532938685928E-4
 1041.78386458604 3.129879270604062E-4
 1053.7699239189505 2.6337866177012604E-4
 1065.8696902879437 2.2297210655061012E-4
 1078.0965409913817 1.908667053186251E-4
 1090.4504760292647 1.6595240307160547E-4
 1102.9248067524113 1.4646362120192033E-4
 1115.532910459184 1.3064816971746564E-4
 1128.2614098512203 1.168457713976492E-4
 1141.123682226883 1.0348373061824636E-4
 1154.1130389369905 8.988421599981532E-5
 1167.229479981543 7.661992050942246E-5
 1180.486382658903 6.466110145884889E-5
 1193.870369670708 5.4432831340534915E-5
 1207.388129666139 4.532593851912684E-5
 1221.0396626451963 3.655366280722772E-5
 1234.8316572570615 2.852438315312313E-5
 1248.7574248525527 2.183992794892562E-5
 1262.8236540808513 1.634495517800399E-5
 1277.0303449419577 1.1810686934277143E-5
 1291.3774974358714 8.313076324950026E-6
 1305.8651115625928 5.752608057395973E-6
 1320.4931873221216 3.8714202115860405E-6
 1335.2617247144582 2.527897978625505E-6
 1350.184101037965 1.8559979729512497E-6
 1365.2469389942791 1.1777734938932488E-6
 1380.456927232582 9.112936712105854E-7
 1395.8140657528742 7.749268440212786E-7
 1411.3183545551548 7.19250155479555E-7
 1426.976482288606 6.679819315818682E-7
 1442.788448953227 5.747493616141995E-7
 1458.7475658998371 4.582595812062282E-7
 1474.8605217776171 3.5346713440939996E-7
 1491.1340052357486 2.80779886360884E-7
 1507.5546389758692 2.3839715963691203E-7
 1524.1424889455224 2.0884373914955803E-7
 1540.8774891971647 1.690201986257883E-7
 1557.7797056783397 9.843203954828916E-8
 1574.8357610906846 1.8925139922786955E-8
 1592.0523440833815 -3.451792258172371E-8
 1609.4361433056108 -7.886827945620358E-8
 1626.9804701081916 -1.2584793867582907E-7
 1644.6920131403053 -1.4994614282673287E-7
 1662.5640837527705 -1.6315078959033397E-7
 1680.6100592439497 -1.9782661733566727E-7
 1698.8165623154807 -2.5682763342896326E-7
 1717.1969702657252 -3.353413491584498E-7
 1735.7445944455032 -3.964611889729083E-7
 1754.4594348548134 -3.899826566683098E-7
 1773.348180142838 -3.834439235631682E-7
 1792.4175189587581 -3.9052069829109575E-7
 1811.6540740042107 -3.94219549321903E-7
 1831.0645339283773 -3.6652258186688403E-7
 1850.6488987312586 -3.3857746790813216E-7
 1870.413857062035 -2.6755585055096864E-7
 1890.3594089207067 -2.1552203094830464E-7
 1910.4788656580926 -1.900792957018878E-7
 1930.7856045725552 -1.6820388323012134E-7
 1951.266248365732 -1.2487195749632555E-7
 1971.934174335986 -9.473784840614797E-8
 1992.7826938341347 -1.2065905257107511E-7
 2013.8118068601788 -1.8603848708252515E-7
 2035.0348907124814 -2.5450469628850084E-7
 2056.4385680926793 -3.219296109839728E-7
 2078.0295276499537 -4.160139556831559E-7
 2099.8077693843047 -5.077164997566447E-7
 2121.773293295733 -5.103175484636918E-7
 2143.932788033419 -4.885371369790326E-7
 2166.279564948182 -4.6657264716006333E-7
 2188.8203126892026 -4.1882853305810426E-7
 2211.5550312564814 -3.967667862212232E-7
 2234.477032000837 -4.235841979372496E-7
 2257.5996922206322 -4.945175274745045E-7
 2280.916323266685 -4.913659573620906E-7
 2304.426925138996 -4.881881693686496E-7
 2328.1381864867462 -5.272652321171243E-7
 2352.0434186607544 -5.403745862162099E-7
 2376.142621661021 -5.535903116831953E-7
 2400.449172785908 -5.766015439702175E-7
 2424.956383386235 -5.779841227894535E-7
 2449.657564812819 -5.79377644508733E-7
 2474.5660943640245 -5.897074231491929E-7
 2499.6752833906693 -6.473635130568827E-7
 2524.9851318927526 -7.345252274279251E-7
 2550.5023285194574 -8.044592358384322E-7
 2576.220184621601 -8.194448055211514E-7
 2602.145388848366 -8.904448163888536E-7
 2628.27125255057 -1.0399150040577928E-6
 2654.6111530265757 -1.1698178610079312E-6
 2681.1517129780213 -1.2579461139052541E-6
 2707.9063097032685 -1.3215797687613592E-6
 2734.8682545531364 -1.392662995479901E-6
 2762.0308588784437 -1.5445611105428932E-6
 2789.407499977553 -1.7119636967395081E-6
 2816.998177850464 -1.7311385091961754E-6
 2844.796203847996 -1.703853610132474E-6
 2872.8015779701486 -1.6763651904068442E-6
 2901.020988866103 -1.5337112945675126E-6
 2929.4544365358592 -1.3414031672466906E-6
 2958.0952323302367 -1.137429757998521E-6
 2986.950064898416 -9.965660153706052E-7
 3016.018934240397 -9.861518356090267E-7
 3045.2951517069986 -1.0380590683458914E-6
 3074.792094596584 -1.0818980181346695E-6
 3104.4963856107897 -1.0734581253886538E-6
 3134.4214020479785 -1.0649555178350237E-6
 3164.5537666097884 -9.933185723511323E-7
 3194.9001679454 -9.337900023338958E-7
 3225.467294703995 -9.106858744887554E-7
 3256.241769587211 -8.827045076042249E-7
 3287.2369698934094 -8.170177670798077E-7
 3318.4462069734104 -7.376660948948097E-7
 3349.869480827213 -6.695986402424538E-7
 3381.506791454818 -6.079400407612923E-7
 3413.358138856225 -5.538422310037491E-7
 3445.423523031434 -5.036514177896929E-7
 3477.709632629626 -4.454712803826382E-7
 3510.203090352439 -3.724026123583331E-7
 3542.917273498235 -3.1230022336726535E-7
 3575.8388047686516 -2.8621368387566704E-7
 3608.981061462052 -2.808709891977053E-7
 3642.3306662800723 -2.74249748408389E-7
 3675.900996521076 -2.571643983469903E-7
 3709.6786748867007 -2.2716403713054803E-7
 3743.677078675309 -2.3464664840201266E-8
