 0.26523570782524735 0.9999012791927567
 0.7988253717240696 0.9991067518701401
 1.3386930017444713 0.9964888217590109
 1.884914848487119 0.9908429122473373
 2.437551109794645 0.981105159326425
 2.996695426755587 0.9665436667653777
 3.562414685861759 0.9468469921054885
 4.1347824622541544 0.9220667922773067
 4.71387901972295 0.8925986843459259
 5.299784622058321 0.8590913316272476
 5.892586221699624 0.8223689609509156
 6.492344016489492 0.7833163472573059
 7.099131581568918 0.7427569743815349
 7.71308268992153 0.7015146994948287
 8.334257539389956 0.6603436382066851
 8.962723016466015 0.6198367962442769
 9.598546007641515 0.5804151624692689
 10.241927172391899 0.5425146960555208
 10.892799624225352 0.5064194351562497
 11.551297136125498 0.47221782559161135
 12.217553481075969 0.4400332307283869
 12.891635545568572 0.4098966866444257
 13.573677102586938 0.3818093623168984
 14.263678152131066 0.3557152016129725
 14.961772467184579 0.33150340333189015
 15.668093820731107 0.30910034368854993
 16.38270909926246 0.2884139252971406
 17.105685189270452 0.2693174923855765
 17.837155863738715 0.2516884513392623
 18.577254895650867 0.23544028251072543
 19.32598228500691 0.22045376054905305
 20.083538691282285 0.20662562829700903
 20.849924114476994 0.19385115751778647
 21.625406100558286 0.18205004450300638
 22.409917763034346 0.17115654106444128
 23.20359287488881 0.16107156832871274
 24.0066320955971 0.151744044394058
 24.819102311651047 0.14313128451267265
 25.641070409542457 0.13516959196026237
 26.472737048746765 0.12781722263379952
 27.314102229263983 0.12103470217455711
 28.165299724077723 0.11476607234531598
 29.026530192663432 0.10897540664787735
 29.89786052151292 0.10362782233364125
 30.779357597118004 0.09867111108992052
 31.67122207895412 0.0940645617451494
 32.57352085351309 0.08977569813517611
 33.48638769377852 0.08577156830369058
 34.40995637273405 0.08203087385797111
 35.34436066336332 0.07853947650429838
 36.28966745215811 0.07528033620229631
 37.24607739859389 0.072240056164423
 38.21365738916246 0.06940369875694538
 39.19260808333925 0.06675557976463846
 40.18299636761609 0.06428344957009212
 41.184956014976606 0.06197345730190733
 42.19862079840441 0.05981267927123763
 43.22419137737494 0.05778752865322637
 44.26180152487185 0.05588648917858365
 45.311518127386925 0.0540977073120563
 46.3734749579038 0.052413695800452325
 47.44787267589792 0.05083488740296399
 48.5348450543529 0.04936136919791426
 49.634525866252374 0.04798873789269584
 50.74704888457997 0.04671064026130832
 51.87261476881112 0.045524138243249794
 53.01129040543764 0.04442369370990109
 54.163276453934983 0.04339882704252214
 55.328773573778555 0.042440720774116286
 56.50784865146021 0.04153447657804337
 57.70070234645535 0.04066595400593684
 58.90746843174763 0.039828863559940336
 60.12834756681248 0.03902272358683273
 61.36347352463351 0.038248534501380944
 62.61304696468619 0.03750622198124404
 63.877134773462316 0.03679239748815116
 65.15600449692913 0.03610464744407062
 66.44985679456208 0.03544694862344365
 67.75869166636117 0.034811692390217266
 69.08304420426091 0.03419768973890173
 70.42278063527768 0.033614224302450534
 71.77790095941144 0.03305892682533964
 73.14907404158036 0.03254559271320274
 74.5356310168663 0.03206344930617105
 75.93890961510552 0.03160353789279478
 77.3582409713799 0.031164201735148597
 78.79429395060754 0.030731577375367344
 80.24706855278846 0.030304457483353912
 81.7172336428408 0.029891239476666334
 83.20412035584641 0.02949785111075553
 84.7077286918053 0.02910090223508192
 86.22939638055374 0.028697273343601985
 87.76912342209172 0.028303034098614517
 89.3262409515011 0.027910510424752562
 90.90141783370005 0.027511225400316294
 92.49532293360664 0.027125297107983614
 94.1072873863028 0.026755068820945106
 95.73864892162474 0.026403705702298056
 97.38873867465438 0.026081761778057925
 99.05755664539167 0.025778812059692964
 100.74577169875477 0.02548901497915718
 102.45405269966182 0.02521721723437991
 104.18173078319465 0.024951608565526372
 105.93014367918956 0.024686686784385014
 107.6986225227284 0.024428424370437303
 109.48716731381118 0.02416791455965337
 111.29644691735604 0.02390622031154174
 113.12713019828107 0.023652739648982342
 114.9792171565863 0.023416968885374464
 116.85203892735363 0.02318653783059213
 118.74760210533739 0.022968294387287164
 120.66390009578322 0.022756936390313071
 122.60360835836363 0.022554550959895093
 124.56472029832426 0.022367121081971946
 126.54924251041948 0.022182473355802555
 128.55650612973116 0.0219992930443364
 130.58718002117743 0.021806790337618363
 132.64126418475828 0.021607078689677382
 134.71875862047372 0.02139589447202452
 136.82100105816002 0.021183975249860674
 138.94665376798093 0.020972000200442052
 141.0977233446908 0.020765376510517723
 143.2728720584534 0.020567401968559384
 145.4741065040231 0.020375630903452103
 147.70008895156368 0.020194970505194895
 149.95148826599324 0.020014745244862075
 152.22964217714803 0.019842740211267195
 154.53388182010996 0.019687225712235932
 156.864207194879 0.01953853330574078
 159.22195603129142 0.019393462276923265
 161.6064594644291 0.019245965902851453
 164.01905522412823 0.019091103341966297
 166.4590744454708 0.01892740342733393
 168.92718599337484 0.01874788268817525
 171.42338986784042 0.01854945623015108
 173.94902379870376 0.01834532003265816
 176.5027500561286 0.018148162291411674
 179.08657523486937 0.017969947096083172
 181.700499334926 0.017831327207145503
 184.34385349138045 0.01772979146294639
 187.01730656915077 0.017651105567962552
 189.72219629807327 0.017587918291882494
 192.4578538132298 0.017523641960901868
 195.2249479795385 0.017437896228114854
 198.02347879699937 0.01732497467444173
 200.85478399544865 0.017194058875302
 203.71819470996823 0.01705132055050632
 206.61437980547626 0.016896391013439867
 209.54333928197272 0.016736288170826646
 212.50641086929383 0.01658485265687539
 215.50359456743964 0.016454801123027627
 218.53422151149203 0.016335444225109772
 221.60029829620538 0.016217764135035294
 224.70115605666154 0.016104396431018474
 227.8374636577786 0.015998844571319413
 231.00988996447483 0.015909684484906757
 234.2184349767501 0.01583834171165689
 237.4630986946045 0.015776132296026854
 240.74521884787418 0.01571094462637352
 244.06546430147736 0.015632240159003801
 247.42249732557775 0.015529461395250127
 250.81832451492977 0.015411930782145769
 254.2529458695334 0.015301485070433036
 257.7263613893886 0.015204521133251868
 261.23923993941355 0.015121154378862975
 264.7922503845264 0.015054015851215736
 268.38606158964523 0.015004796774456756
 272.02000468985193 0.014959696538979791
 275.6954174149828 0.014902912622731839
 279.41296862995585 0.014838659106959069
 283.17265833477125 0.014775087584109284
 286.9744865294289 0.01469791365702265
 290.8204598086832 0.01458629691753232
 294.7092404426979 0.014434103479778533
 298.6421661613092 0.01425769969127942
 302.6192369645172 0.014077181376547012
 306.64179058215813 0.013896452805574071
 310.709827014232 0.013717144164628475
 314.8240151256569 0.013535664839125433
 318.98502378135094 0.013342917159936907
 323.1921841163961 0.013137143628875048
 327.44750272554665 0.0129349612064939
 331.75031074388454 0.012745768667831149
 336.101945901246 0.012567444406815844
 340.5024081976311 0.012396933257372676
 344.9523664979578 0.012224108437471312
 349.4524896671444 0.01204320501252821
 354.00344657010896 0.01185176818391344
 358.6052372068515 0.011644529052197643
 363.25919930720823 0.011425353832105531
 367.9653328711792 0.0112110481052963
 372.7236378987644 0.011013548197939366
 377.5361209847183 0.01083090124206593
 382.40211326412264 0.010644000430028819
 387.3229524668138 0.010440032697293935
 392.2986385927916 0.010233014895647635
 397.32984050697433 0.010038646687555223
 402.4172270742801 9.855851268550545E-3
 407.56146715962705 9.678301781907777E-3
 412.76322962793324 9.504451320960597E-3
 418.02318334411683 9.330094159817245E-3
 423.341997173096 9.145261274222738E-3
 428.7196711148707 8.938603859289612E-3
 434.156874034359 8.701360469984539E-3
 439.65494366139733 8.431247267187102E-3
 445.21454886090373 8.131996081026943E-3
 450.8350207679601 7.813746410474274E-3
 456.5183659773207 7.492764660904669E-3
 462.26525335390385 7.178230304830075E-3
 468.0750140327913 6.875456842125534E-3
 473.94965460873743 6.595036789636224E-3
 479.8891750817423 6.327777882381649E-3
 485.8942443167241 6.050971406463913E-3
 491.96553117860077 5.764305070107416E-3
 498.1037045322906 5.476206596893113E-3
 504.31010210762985 5.181414516622255E-3
 510.5847239046185 4.879698410704385E-3
 516.9282387881747 4.588621043896714E-3
 523.3419844881345 4.3201413322674674E-3
 529.8259610044981 4.063655166312484E-3
 536.3808372021838 3.8029533561226057E-3
 543.0079508110275 3.537369183341229E-3
 549.7079706959476 3.2780623498069186E-3
 556.4808968569439 3.02956332926929E-3
 563.3280670238528 2.7895061949719896E-3
 570.2501500615923 2.563018732822401E-3
 577.2478148350807 2.3579111029815567E-3
 584.3223990741543 2.174027077614533E-3
 591.4732339138948 2.0034132198496422E-3
 598.7023259490566 1.8342248940991284E-3
 606.0103440445578 1.6584894168922776E-3
 613.3972882003986 1.4825760628379475E-3
 620.8651650113331 1.322482041076028E-3
 628.4133056124437 1.1833677570274158E-3
 636.0437165984841 1.062120786141337E-3
 643.757066834373 9.585253754364405E-4
 651.55335632011 8.697802446160119E-4
 659.4339227855315 7.900115613514514E-4
 667.3994350955558 7.134654546070169E-4
 675.4532375747733 6.380925512040961E-4
 683.5866349792485 5.66118907850468E-4
 691.8136734722619 5.004106735978927E-4
 700.1276644046326 4.4153014658568134E-4
 708.5352964255416 3.8986190923894284E-4
 717.0231922366263 3.4597591731328755E-4
 725.6114177854306 3.0809973826261195E-4
 734.286595773592 2.7335914659540056E-4
 743.0554148502918 2.418620778847168E-4
 751.91787501553 2.140282362121134E-4
 760.8739762693065 1.8642223611268175E-4
 769.9237186116213 1.5654123213762027E-4
 779.0737906916559 1.264737219264953E-4
 788.3241925094102 1.0111446015789271E-4
 797.6615467665214 8.404400449864101E-5
 807.1059194105337 7.373848444496645E-5
 816.6506217922656 6.473513992844228E-5
 826.2956539117173 5.4682569682551216E-5
 836.0343271197073 4.594442598899521E-5
 845.8867073637796 4.02899878373111E-5
 855.8327286963903 3.895049161295923E-5
 865.8924570650831 4.4252184711969294E-5
 876.0525151714959 5.462107455444294E-5
 886.3195916648094 6.259131249296462E-5
 896.693686545024 6.0058373006711625E-5
 907.1747998121398 4.279245086826506E-5
 917.7696201153376 1.3224369074283231E-5
 928.4714588054364 -1.9309167036449956E-5
 939.2870045316178 -4.452398923252626E-5
 950.2162572938812 -5.785935272090761E-5
 961.2525284430458 -6.25344693062891E-5
 972.4091952774739 -6.60143679028738E-5
 983.6728804988029 -7.063935071779008E-5
 995.063650054577 -7.141457017933635E-5
 1006.561437997252 -6.405132676310781E-5
 1018.1863102743719 -4.486556145408154E-5
 1029.9248895875741 -8.282791229080574E-6
 1041.78386458604 4.228636576488811E-5
 1053.7699239189505 9.161534248043824E-5
 1065.8696902879437 1.2707765325018977E-4
 1078.0965409913817 1.4385937852240282E-4
 1090.4504760292647 1.3944555164987424E-4
 1102.9248067524113 1.1672534279872058E-4
 1115.532910459184 8.6976036856254E-5
 1128.2614098512203 5.8781122851744726E-5
 1141.123682226883 3.396856583669944E-5
 1154.1130389369905 1.74547996901234E-5
 1167.229479981543 1.726408544286038E-5
 1180.486382658903 2.9819680960150623E-5
 1193.870369670708 4.282218982994656E-5
 1207.388129666139 4.937851477313796E-5
 1221.0396626451963 4.602832439116589E-5
 1234.8316572570615 3.148676776103073E-5
 1248.7574248525527 7.005438252788133E-6
 1262.8236540808513 -2.380724617999827E-5
 1277.0303449419577 -5.035583324887616E-5
 1291.3774974358714 -5.9232707170566555E-5
 1305.8651115625928 -4.6098460194354633E-5
 1320.4931873221216 -2.1699506862210596E-5
 1335.2617247144582 4.662524290187475E-8
 1350.184101037965 2.051713766687767E-5
 1365.2469389942791 3.80310902245701E-5
 1380.456927232582 3.749430378460959E-5
 1395.8140657528742 2.7318378310613963E-5
 1411.3183545551548 3.297478639341312E-5
 1426.976482288606 5.7110808991099676E-5
 1442.788448953227 8.433395615241161E-5
 1458.7475658998371 9.808959515068411E-5
 1474.8605217776171 9.281956525990592E-5
 1491.1340052357486 8.273971827660095E-5
 1507.5546389758692 7.563507668870435E-5
 1524.1424889455224 6.430755988512141E-5
 1540.8774891971647 5.461301675920742E-5
 1557.7797056783397 6.367495484864822E-5
 1574.8357610906846 8.612402439060141E-5
 1592.0523440833815 9.831958327784629E-5
 1609.4361433056108 9.772855078541899E-5
 1626.9804701081916 1.0067376280169624E-4
 1644.6920131403053 1.1566356641817378E-4
 1662.5640837527705 1.3799452647517607E-4
 1680.6100592439497 1.47116945642334E-4
 1698.8165623154807 1.3056224039162463E-4
 1717.1969702657252 1.0801685199645852E-4
 1735.7445944455032 8.81019887783041E-5
 1754.4594348548134 6.256397960447564E-5
 1773.348180142838 4.0681639172138684E-5
 1792.4175189587581 3.0105777722029498E-5
 1811.6540740042107 2.230597501007566E-5
 1831.0645339283773 1.004078354823631E-5
 1850.6488987312586 7.218087865398554E-6
 1870.413857062035 2.6535892129592587E-5
 1890.3594089207067 4.816387967746985E-5
 1910.4788656580926 5.39809627889346E-5
 1930.7856045725552 6.13237261467777E-5
 1951.266248365732 8.31626717745237E-5
 1971.934174335986 8.813951871129218E-5
 1992.7826938341347 5.046598603434672E-5
 2013.8118068601788 -1.0056632544921486E-5
 2035.0348907124814 -5.8269870635666263E-5
 2056.4385680926793 -8.165379233093181E-5
 2078.0295276499537 -9.372436188169047E-5
 2099.8077693843047 -9.501646469825243E-5
 2121.773293295733 -6.941435481507653E-5
 2143.932788033419 -3.316888314423555E-5
 2166.279564948182 -1.7837290891171656E-5
 2188.8203126892026 -1.7731684540928133E-5
 2211.5550312564814 -2.3846777251428835E-5
 2234.477032000837 -5.386521624687148E-5
 2257.5996922206322 -8.760826820702063E-5
 2280.916323266685 -9.497750953010429E-5
 2304.426925138996 -8.083249713920708E-5
 2328.1381864867462 -4.7191404068930614E-5
 2352.0434186607544 -2.5460404097588802E-5
 2376.142621661021 -1.6760087226486073E-5
 2400.449172785908 -2.3825303818726297E-5
 2424.956383386235 -8.430606392046514E-5
 2449.657564812819 -1.4454620182450918E-4
 2474.5660943640245 -1.4117839633349908E-4
 2499.6752833906693 -1.0260728974918611E-4
 2524.9851318927526 -9.402261314433018E-5
 2550.5023285194574 -1.2540268862410092E-4
 2576.220184621601 -1.3286405261020827E-4
 2602.145388848366 -8.849235535338518E-5
 2628.27125255057 -3.098713657512753E-5
 2654.6111530265757 -1.907597016097007E-6
 2681.1517129780213 -8.215860538778362E-6
 2707.9063097032685 -1.1563065961176343E-5
 2734.8682545531364 2.717673318552897E-5
 2762.0308588784437 9.347757632489907E-5
 2789.407499977553 1.5725460758516656E-4
 2816.998177850464 1.8099169860110033E-4
 2844.796203847996 1.493133243509634E-4
 2872.8015779701486 1.255567672405767E-4
 2901.020988866103 1.3834700807623028E-4
 2929.4544365358592 1.622310558870803E-4
 2958.0952323302367 2.097525097855576E-4
 2986.950064898416 2.953322892878334E-4
 3016.018934240397 3.4015014667606522E-4
 3045.2951517069986 3.013693653993792E-4
 3074.792094596584 2.454011988178356E-4
 3104.4963856107897 2.3313738281757843E-4
 3134.4214020479785 2.5648726700974342E-4
 3164.5537666097884 2.662875144673822E-4
 3194.9001679454 2.421401203036294E-4
 3225.467294703995 1.9298176329125875E-4
 3256.241769587211 1.4608673494158477E-4
 3287.2369698934094 1.0329736678650047E-4
 3318.4462069734104 4.9408819736892364E-5
 3349.869480827213 -6.667029502090373E-6
 3381.506791454818 -5.1154072166482403E-5
 3413.358138856225 -8.464837581378904E-5
 3445.423523031434 -1.0539951361089626E-4
 3477.709632629626 -1.1247315364980232E-4
 3510.203090352439 -1.1661251078992347E-4
 3542.917273498235 -1.2486428948241956E-4
 3575.8388047686516 -1.309274843476628E-4
 3608.981061462052 -1.2407429935511004E-4
 3642.3306662800723 -1.0218897052470083E-4
 3675.900996521076 -7.376751800496242E-5
 3709.6786748867007 -4.8970873154925526E-5
 3743.677078675309 -3.201285445104918E-5
 3777.8828305885376 -1.9887147716242911E-5
 3812.302619275568 -7.68483048244563E-6
 3846.929756087219 3.1821341384927732E-6
 3881.777618321854 1.0131332266437796E-5
 3916.826140031928 1.4346423110026629E-5
 3952.095387164985 1.7305949833712856E-5
 3987.5652937734812 1.925521535123937E-5
 4023.2492371557805 2.0425384406813928E-5
 4059.147217311881 2.1149163602197104E-5
 4095.2458569434206 2.1649650993705467E-5
 4131.551844699581 2.198860148834221E-5
 4168.065180580362 2.2201030927104034E-5
 4204.785864585764 2.2410891528863348E-5
 4241.713896715786 2.2620601898926997E-5
 4278.8425883212485 2.273776241062191E-5
 4316.178628051331 2.2825468543452404E-5
 4353.708638607672 2.2912428806972237E-5
 4391.4459972886324 2.299625805657431E-5
 4429.384015445034 2.3081371485101175E-5
 4467.522693076873 2.3108961846593772E-5
 4505.855341534971 2.3136128041164154E-5
 4544.388649468508 2.3221061421011851E-5
 4583.115928228304 2.327848284212299E-5
 4622.037177814357 2.3277710447191203E-5
 4661.152398226669 2.333400298208617E-5
 4700.461589465239 2.339000917330962E-5
 4739.964751530066 2.341892091792609E-5
 4779.65519577197 2.3479755528068957E-5
 4819.52623354177 2.3538078233335165E-5
 4859.591242137828 2.359387500002989E-5
 4899.8435329109624 2.3653062641178236E-5
 4940.276417211992 2.3686068132776184E-5
 4980.8898950409175 2.3773636466976406E-5
 5021.683966397738 2.3858837348781544E-5
 5062.665319931636 2.3919557057699528E-5
 5103.813889695066 2.400909007871311E-5
 5145.143052986392 2.406877950016055E-5
 5186.646121156432 2.4185654610887742E-5
 5228.316405556004 2.4301809373278657E-5
 5270.16059483429 2.4363411727561312E-5
 5312.172000342111 2.4477688107533504E-5
 5354.357310728644 2.4621601051001626E-5
 5396.696460046348 2.473989749755014E-5
 5439.202825593584 2.4855339747200572E-5
 5481.869718721172 2.4998032707873322E-5
 5524.697139429111 2.5141708645446487E-5
 5567.678399068222 2.5286210179859215E-5
 5610.813497638502 2.545568142273125E-5
 5654.102435139951 2.5625922715903707E-5
 5697.53852292339 2.579697674663161E-5
 5741.121760988818 2.599252399808223E-5
 5784.852149336234 2.6186830338405647E-5
 5828.72968796564 2.6383762596343587E-5
 5872.740999578672 2.6604927698293254E-5
 5916.899461473692 2.682669874289238E-5
 5961.185007703158 2.7049156085451903E-5
 6005.611015565431 2.7295425958410174E-5
 6050.164107762149 2.7569528665187405E-5
 6094.844284293312 2.784208275531445E-5
 6139.651545158919 2.8140145952297683E-5
 6184.579201709791 2.843664093339172E-5
 6229.633942595107 2.8733558022096067E-5
 6274.802390516506 2.90806288625197E-5
 6320.091234123169 2.942813295650712E-5
 6365.487096116732 2.977604060784203E-5
 6410.996665146377 3.0171475315070966E-5
 6456.613252562924 3.056953763720606E-5
 6502.33016971719 3.0990220597640645E-5
 6548.154105258357 3.143581117956599E-5
 6594.071681888063 3.190609864939032E-5
 6640.089588255488 3.239881053410808E-5
 6686.201135711452 3.29208315292689E-5
 6732.392946957591 3.348948947243127E-5
 6778.678399292269 3.406096379408082E-5
 6825.0307381187594 3.46637252093151E-5
 6871.516849928877 3.531182113188786E-5
 6918.069848230807 3.60329809656267E-5
 6964.622846532738 3.675129466740682E-5
 7011.309617818294 3.751246683726634E-5
 7058.063275595662 3.8369422856458464E-5
 7104.883819864846 3.9247826970059744E-5
 7151.771250625841 4.0200397163002695E-5
 7198.658681386837 4.1218072921260905E-5
 7245.67988513146 4.230418438321225E-5
 7292.701088876081 4.3458325214531705E-5
 7339.856065604329 4.4735960537239683E-5
 7386.944155840765 4.613111904520597E-5
 7434.166019060825 4.760913820359792E-5
 7481.387882280887 4.923602529255784E-5
 7528.676631992763 5.102663563350317E-5
 7575.9653817046364 5.306616486612558E-5
 7623.254131416511 5.528085415697051E-5
 7670.6097676202 5.7663813409819826E-5
 7718.032290315699 6.043551750559809E-5
 7765.4548130112 6.371952810467761E-5
 7812.810449214888 6.738807048241366E-5
 7860.2998584022025 7.173520065630324E-5
 7907.722381097703 7.700338215893778E-5
