 0.0E+0 0.0E+0
 0.22867481641618081 0.013470220560328107
 0.6887128687361486 0.03879159475232323
 1.1541635133578473 0.06281993600667192
 1.6250924902687475 0.08566435164468844
 2.101551699458958 0.1074030901075191
 2.5836218742464236 0.12808970225048657
 3.071360681286822 0.1477600031467571
 3.5648315539013943 0.16643774024149876
 4.064103692076953 0.18413891384323713
 4.569246295800309 0.2008749552935995
 5.080334331723841 0.21665498979293562
 5.597419699837657 0.2314874861257289
 6.120565833462999 0.24538160560503075
 6.64988806591122 0.2583484623744796
 7.185438297172428 0.27040242971141975
 7.7272741939023 0.281562516500175
 8.27545342275651 0.29185382364135092
 8.830148983702085 0.3013089428287049
 9.391303210083352 0.3099691770634531
 9.95903143521166 0.3178855016609803
 10.53344899239836 0.32511907830711056
 11.11461354829913 0.33174128423059234
 11.702640436225323 0.3378330135270797
 12.297529656176936 0.3434834089391313
 12.899396541465322 0.3487878413360587
 13.50835642540183 0.35384543430755016
 14.12446697464214 0.3587562717818912
 14.747785855841924 0.36361855017164596
 15.378428402312537 0.36852615784444364
 16.016509947365324 0.3735667100285874
 16.662030491000297 0.37882028273954376
 17.315163033184472 0.38435858641492753
 17.975907573917854 0.3902443251723194
 18.644494779823148 0.3965302666147947
 19.320866984244673 0.40325807493647036
 20.005139520493784 0.4104567118515441
 20.697485388537511 0.4181408167276417
 21.397962255031522 0.42630929405721496
 22.1066277866315 0.43494417199018475
 22.82365498330447 0.44400992842139674
 23.54904384505043 0.453453380314316
 24.282909705180735 0.46320447836765105
 25.025425563662412 0.47317822748309884
 25.776649087151135 0.48327775378281073
 26.536637942302576 0.4933982697017387
 27.30556512908377 0.5034315536988394
 28.083488314150393 0.5132705654865246
 28.870522830813786 0.5228138211652207
 29.66678401238531 0.5319690214926239
 30.47238719217632 0.5406559516374585
 31.287390036842484 0.5488086596050742
 32.11196554635083 0.556377247231205
 32.94617138735704 0.5633292770502003
 33.79018055982813 0.5696504846829349
 34.644050730419785 0.5753447574236537
 35.50789723244336 0.5804333680273149
 36.381835399210196 0.5849538521059555
 37.26603823068732 0.588958359044447
 38.1606210601861 0.5925112585055575
 39.065641554362194 0.595686247258512
 39.98121504652696 0.5985633161580736
 40.90751453664743 0.6012258445601393
 41.844655358034955 0.6037575707923409
 42.79275284400087 0.6062396417578518
 43.751922327856554 0.6087477823212911
 44.72233680956901 0.6113498225213319
 45.70405395579393 0.614103703535594
 46.69724676649834 0.617055969078994
 47.70208824164925 0.6202408331556621
 48.71863604790236 0.6236798851355854
 49.747063185224675 0.6273823232190514
 50.787484986927566 0.6313457588113716
 51.84007445297805 0.6355572982143795
 52.90494691668748 0.6399949066195181
 53.982275378022883 0.6446289250099628
 55.07211750363994 0.6494236860184641
 56.17470396016134 0.6543391149155494
 57.29020774755412 0.6593323080982726
 58.41862886581829 0.6643589993970049
 59.56042864819925 0.6693748905149516
 60.71549176138564 0.6743368386175399
 61.88381820537746 0.679203844430451
 63.06598464673148 0.6839378653633302
 64.26141441889094 0.6885044153695514
 65.47126085496934 0.6928730287079273
 66.69494728840995 0.6970175055010616
 67.93305038576949 0.7009161350982597
 69.18557014704798 0.7045517660108008
 70.45308323880221 0.707911872559575
 71.73501299447537 0.7109884752230655
 73.03135941406748 0.7137778936284009
 74.34327583069206 0.7162802665521341
 75.6707622443491 0.7184989415742817
 77.01324198848187 0.7204398126974136
 78.3712917296471 0.7221106856339586
 79.74548813440154 0.7235208140361856
 81.13525453618847 0.7246805478038351
 82.54174426812136 0.7256010977162445
 83.9643806636435 0.7262943799613298
 85.40316372275485 0.7267729008953661
 86.85867011201219 0.7270496851758397
 88.33147649797228 0.7271381763892137
 89.82100621407834 0.7270521373357234
 91.32841259344389 0.7268054886626925
 92.85311896951221 0.7264121640837197
 94.39512534228325 0.7258859022054293
 95.9550083783138 0.7252400859142907
 97.5333447441606 0.724487596335284
 99.13013443982366 0.7236407092227876
 100.74480079874624 0.7227110387221213
 102.37907382059856 0.7217095149849878
 104.0312235057104 0.7206463445923189
 105.70355652030875 0.7195309915299507
 107.39434286472338 0.71837211331073
 109.10531253862455 0.7171775369432554
 110.83588887545548 0.715954209334523
 112.58664854177296 0.7147082215102923
 114.35759153757694 0.7134448177338227
 116.14871786286747 0.7121684751105156
 117.96118085075804 0.7108829976873634
 119.79382716813515 0.709591644500689
 121.64838681466905 0.7082972730522555
 123.52370645724626 0.707002484165116
 125.42151609553703 0.7057096963980009
 127.34066239642786 0.7044212019765965
 129.28172202647547 0.703139165531629
 131.2458483187934 0.7018655793836378
 133.23246460682491 0.7006022424420385
 135.24157089057 0.6993507195071683
 137.27432050314217 0.6981123825207887
 139.33013677798464 0.6968884522801724
 141.41017304821093 0.6956800843839331
 143.51385264726434 0.694488402507278
 145.64175224170156 0.6933145710547973
 147.79387183152263 0.6921597854450189
 149.9713647498411 0.6910253259064002
 152.17307766354335 0.6899126215669257
 154.40074057229972 0.6888233200001712
 156.6543534761102 0.6877593277999408
 158.93333970841806 0.6867227577654027
 161.23827593578002 0.6857158162138819
 163.5703154913096 0.6847406990161651
 165.92888170845003 0.683799452006743
 168.31455125375813 0.6828939243454554
 170.72732412723385 0.6820257116570639
 173.1683536619907 0.6811961534937025
 175.63706319147195 0.680406390620283
 178.13402938223433 0.679657457717508
 180.6592522342779 0.6789503967535091
 183.21388508071606 0.6782864359416971
 185.79792792154893 0.6776670598306099
 188.41080409021967 0.6770939996039331
 191.05424358639865 0.676569123038045
 193.72766974352902 0.6760942686499107
 196.43165922816751 0.6756711641375784
 199.16678870687101 0.6753013796034613
 201.9330581796394 0.6749864060316424
 204.73046764647276 0.6747276939883208
 207.56017044048454 0.674526642302812
 210.42274322823152 0.67438450147504
 213.31703267660023 0.6743022870850378
 216.24476878526087 0.6742807886865804
 219.2059515542135 0.6743205639475136
 222.2005809834581 0.6744217725761286
 225.2292337395514 0.6745836296636339
 228.29248648905021 0.6748039709384152
 231.39091589851125 0.6750791109801828
 234.5239453013778 0.6754039238834442
 237.69272803076333 0.6757714245756171
 240.89784075322458 0.6761722676334173
 244.13928346876164 0.6765952237854296
 247.41705617737443 0.6770289538196874
 250.7328888787333 0.677464024107642
 254.08562823972462 0.6778939195396848
 257.476427593462 0.6783146550812941
 260.9052869399454 0.6787232571515203
 264.37335961228836 0.6791169082131562
 267.8806456104909 0.6794941057869353
 271.42772160110973 0.6798564148639933
 275.01516425070155 0.680208086714468
 278.64239689270976 0.6805530450210744
 282.3111495268045 0.6808908528225555
 286.0208454864291 0.6812141510382047
 289.772638104697 0.6815093243637742
 293.5665273816083 0.6817607737343497
 297.40308998371966 0.6819558183660167
 301.2829025775879 0.6820872703543155
 305.2065418297697 0.6821542737889177
 309.17400774026515 0.6821634583508177
 313.1864536421877 0.6821292685396619
 317.2438795355374 0.6820709425393028
 321.34628542031424 0.6820074081446749
 325.49540129618844 0.6819540920251728
 329.6906504966033 0.6819226549908753
 333.9331863546724 0.6819206606721804
 338.2230088703956 0.6819496124479452
 342.56069471032964 0.6820035787298108
 346.94682054103145 0.6820709822185494
 351.3819630290577 0.6821387262060171
 355.8666988409651 0.6821966496918105
 360.40160464331046 0.6822422262649633
 364.9872571026506 0.6822829009464663
 369.62365621898533 0.6823324877541036
 374.31137865887154 0.682403849543267
 379.0515777554228 0.6825058768992418
 383.8448301751958 0.6826459351914049
 388.6905592516338 0.6828316159429726
 393.590494984407 0.6830692362372127
 398.5452140400722 0.6833603904263809
 403.5541397520727 0.6837011654716447
 408.61900212007873 0.6840799498379937
 413.7398011440903 0.6844755318728878
 418.9171134906641 0.6848567184182449
 424.151515826357 0.6851920785995387
 429.44358481772565 0.6854601765544732
 434.7944737978837 0.6856579038530873
 440.2041827668311 0.6858030948834198
 445.6732883911245 0.6859311906988896
 451.2029440038775 0.6860809145935138
 456.7931496050901 0.6862811742661343
 462.4444818613191 0.6865545086665878
 468.15809410567794 0.686915181950084
 473.9345630047234 0.6873708624330402
 479.7738885584555 0.6879178107103486
 485.6772240999877 0.688551583929585
 491.6451462958768 0.6892708382680374
 497.6782318126796 0.6900714090400815
 503.77763398350964 0.6909323515440218
 509.94277614181004 0.6918114506269701
 516.175388287251 0.6926671925192897
 522.4760470863896 0.6934655595758471
 528.8447525392256 0.694187661163634
 535.2832346454294 0.6948302002988208
 541.790916738444 0.6953897342602771
 548.3695288179399 0.695858927793332
 555.0196475504739 0.6962404416151889
 561.7412729360459 0.6965593256101191
 568.5355583077692 0.6968671457885847
 575.403080332201 0.6972182969710919
 582.3467223421247 0.6976339344049801
 589.3589876723028 0.698076705830323
 596.4519863204268 0.6984571923048192
 603.6199516209296 0.6986779164505701
 610.8686502393782 0.6986716072788017
 618.1865488446381 0.6984134924890154
 625.5909474334114 0.6979255224607874
 633.0703126745635 0.697240383607919
 640.6304112336617 0.6963824789603504
 648.2712431107059 0.6953139153859903
 655.9928083056963 0.6939668396837724
 663.7951068186328 0.6922821213108838
 671.683905315083 0.6902785289711063
 679.659203795047 0.6880338942376808
 687.7094689273895 0.6857012670443526
 695.8520007088133 0.6834240069448699
 704.0810324737507 0.6813666690850504
 712.396564222202 0.6796534806683923
 720.7928292885994 0.678365644059518
 729.2871276696454 0.6775527302174025
 737.8621593686379 0.6772006935363865
 746.5352243822789 0.6771708842764991
 755.294789379434 0.6773499149424187
 764.14662102567 0.6777292739954094
 773.0907193209874 0.6783871476517067
 782.1270842653863 0.6793482486235167
 791.261482524434 0.6805097564507719
 800.4881474325629 0.6816600840219743
 809.8128456553407 0.6825708369105989
 819.2355771927673 0.6831481324619443
 828.7505753792753 0.6835165920356767
 838.3693735459998 0.6838684544183812
 848.0804383618054 0.6842397348842386
 857.9010698233952 0.684432970840393
 867.8139679340662 0.6843218676979137
 877.8364326905212 0.6840406827137332
 887.9569307616251 0.68367561805975
 898.1812288129455 0.6832455132282971
 908.5150935100498 0.6827583813154812
 918.946991521803 0.6823031307762473
 929.4884561793403 0.6820639688758623
 940.1394874826618 0.6821143998509753
 950.8943187661996 0.6823284668003766
 961.764483361089 0.6825303082591173
 972.7384479361948 0.6826425801551427
 983.8277458226522 0.6827849341728869
 995.0266103548937 0.6831851879103141
 1006.3350415329191 0.684017769255864
 1017.764572687864 0.6853326442934212
 1029.3036704885926 0.6871075768641993
 1040.958101600673 0.6891041047904443
 1052.727866024105 0.6908811637932839
 1064.618730424456 0.6920009247467306
 1076.6249281361588 0.6922516566583412
 1088.752225824781 0.6917782169000523
 1101.0006234903221 0.6909763335507051
 1113.3701211327822 0.6903222487958639
 1125.8607187521618 0.6899608215902407
 1138.4724163484604 0.6898429633963857
 1151.2052139216784 0.6899361434028426
 1164.070644802951 0.6900565496983959
 1177.057175661142 0.6897631065210045
 1190.1705731618203 0.6887268212215896
 1203.4108373049855 0.6871960178043874
 1216.7779680906371 0.6857524862506191
 1230.2777321843434 0.684741800761862
 1243.910129586104 0.684602551749878
 1257.6693936303511 0.685464114977903
 1271.5612909826527 0.6872049085317699
 1285.5915883085763 0.690156455578778
 1299.7487522769865 0.6942031776829553
 1314.0500828845863 0.6987973248198663
 1328.478280134673 0.7032479741005607
 1343.0506440239491 0.7064507400660119
 1357.7556412212795 0.7088603129096603
 1372.5990383922321 0.7104010594672546
 1387.586602202374 0.7110956640724827
 1402.7125659861378 0.71033810158797
 1417.9826964090912 0.7089173701493117
 1433.3912268056665 0.7075802188395295
 1448.949690506999 0.706880221597861
 1464.6465541819534 0.7064746929290732
 1480.4933511616645 0.7064511710523301
 1496.4843147805656 0.7061799760110202
 1512.619445038656 0.7064088852531181
 1528.9045086015034 0.7068279871321825
 1545.345272134676 0.7072069607626092
 1561.9302023070376 0.7073154688059399
 1578.6650657841562 0.7074415343900312
 1595.5498625660325 0.7085827686407055
 1612.590359318233 0.7104735874569281
 1629.7865560407581 0.7120195141468931
 1647.1326860680405 0.7128027793034344
 1664.6402827312151 0.7126803108346554
 1682.297812699147 0.7119227809130084
 1700.1168093029712 0.7118818371004892
 1718.0915058771197 0.7124420773373761
 1736.2219024215928 0.7125088851365626
 1754.5195322675263 0.7118260250284573
 1772.972862083784 0.7108639143175802
 1791.5876585359342 0.7090426976536048
 1810.3639216239764 0.7057324712167398
 1829.3016513479112 0.7014720926041621
 1848.4066143733057 0.6976410288350405
 1867.6730440345922 0.6949392826643644
 1887.1067069973387 0.6931668976823471
 1906.7076032615455 0.6924495014893529
 1926.4699661616436 0.6936878622544801
 1946.4053290287702 0.6971166758406839
 1966.507925197356 0.7007870853671057
 1986.7777546674017 0.7026755553822333
 2007.220584104475 0.7020737831055484
 2027.8306468430075 0.699859042370732
 2048.6079428830007 0.6973703128139229
 2069.564005555588 0.6954735126754372
 2090.6930681952035 0.6936949629035258
 2111.9893641362787 0.6918111816729631
 2133.464426709949 0.6899280429987036
 2155.1124892506463 0.6881132782512982
 2176.933551758371 0.6869780753249444
 2198.933380898691 0.6875297251999708
 2221.1062100060385 0.688393600760758
 2243.4578057459807 0.6881093402413252
 2265.9824014529503 0.6864618700594235
 2288.6915304580825 0.6843503125319748
 2311.5736594302425 0.6820578185018501
 2334.640321700565 0.6786342254822892
 2357.8857506034823 0.6755731823098001
 2381.3041794734267 0.6745375105447011
 2404.9071416415345 0.6762942690396971
 2428.6946371078042 0.6771144893805768
 2452.660899206669 0.6752407904615714
 2476.8059279381286 0.6730545565069355
 2501.1354899677512 0.6704274590823478
 2525.6495852955363 0.6681082967311583
 2550.3424472559163 0.663881276747877
 2575.2198425144592 0.6620556413621407
 2600.2817710711642 0.6356068950583921
 2625.5224662604646 0.6671684005678972
 2650.9534614134945 0.4390442921401873
 2676.5632231991203 0.30568546931933215
 2702.3632849484756 0.2444978944107252
 2728.3421133304264 0.2017839254375577
 2754.505475010539 0.16885267746524643
 2780.8591366543823 0.14375606572975535
 2807.391564930821 0.12421937220244215
 2834.114293170989 0.10855951465209694
 2861.02155470932 0.0957061615960176
 2888.1133495458134 0.08496159006650718
 2915.3896776804695 0.07584873884859208
 2942.8505391132885 0.06802815511333327
 2970.4959338442695 0.061250553262819876
 2998.3316285389814 0.055328111040591515
 3026.346089866288 0.05011628177372839
 3054.5508511573243 0.045501818487412463
 3082.9343790809557 0.04139463019430399
 3111.508206968318 0.037722088736040923
 3140.2608014882744 0.03442495740065546
 3169.203695971961 0.031454415182400025
 3198.325357088243 0.02876984404815571
 3227.6373181682556 0.026337156589432947
 3257.1280458808623 0.024127513950748517
 3286.803306891632 0.02211634069309833
 3316.6573345349966 0.020282542293233764
 3346.7016621420916 0.01860789432171848
 3376.918989716214 0.017076553624647345
 3407.326617254066 0.01567466701531009
 3437.9072447589455 0.014390053266459151
 3468.6724055619883 0.013211947128452613
 3499.6220996631936 0.012130788906932009
 3530.744793731426 0.011138050053885021
 3562.046254432253 0.01022609298059808
 3593.5264817656757 9.388049000264059E-3
 3625.185475731693 8.617722775593079E-3
 3657.0232363303052 7.909506405104152E-3
 3689.0339968959447 7.258310084932374E-3
 3721.2235240941795 6.659502912424631E-3
 3753.5802845938742 6.108861686964528E-3
 3786.1158117261643 5.6025274419060754E-3
 3818.8243388254813 5.136967853063371E-3
 3851.705865891826 4.70894464578228E-3
 3884.7546262596297 4.31548532837434E-3
 3917.9763865944614 3.953858173588802E-3
 3951.3653802307535 3.621550314317565E-3
 3984.921607168504 3.3162486692393283E-3
 4018.645067407716 3.0358222969053632E-3
 4052.535760948387 2.77830712627216E-3
 4086.593687790518 2.541892065944671E-3
 4120.813081268541 2.3249068406731403E-3
 4155.188174716889 2.1258103331082836E-3
 4189.730501466696 1.9431805674283318E-3
 4224.434294852396 1.7757053205123124E-3
 4259.293788208421 1.622173665037831E-3
 4294.30898153477 1.4814681413091771E-3
 4329.479874831444 1.3525576687079721E-3
 4364.81223476401 1.2344909836772303E-3
 4400.288761335766 1.1263905380365978E-3
 4435.9209878778465 1.0274469982940134E-3
 4471.703147724684 9.369141358637824E-4
 4507.629474210711 8.541039679529634E-4
 4543.705734001495 7.783824964468886E-4
 4579.926160431469 7.091655367136682E-4
 4616.296520166199 6.459150532740886E-4
 4652.7995132089845 5.881356094159983E-4
 4689.446672890959 5.353711791269777E-4
 4726.232232546556 4.8720213801341666E-4
 4763.156192175774 4.4324248247575503E-4
 4800.212785113047 4.0313729448996233E-4
 4837.402011358374 3.665603139023729E-4
 4874.7238709117555 3.3321178053539242E-4
 4912.172597107624 3.028163537782741E-4
 4949.748189945979 2.751212078484095E-4
 4987.450649426821 2.498943228435572E-4
 5025.279975550149 2.2692281309583798E-4
 5063.224634984829 2.060114439542357E-4
 5101.296161061997 1.869812317468443E-4
 5139.477253784948 1.6966815501154525E-4
 5177.7794464848175 1.539219666247197E-4
 5216.1912058304715 1.396050809341968E-4
 5254.71253182191 1.2659156382272045E-4
 5293.343424459133 1.14766190620885E-4
 5332.078117076571 1.0402356829045296E-4
 5370.922376339794 9.426734583737755E-5
 5409.864668917666 8.540946202128151E-5
 5448.910761475754 7.736947136064256E-5
 5488.049120682923 7.007390989687164E-5
 5527.285513204742 6.345571581598843E-5
 5566.614172375641 5.745369886180493E-5
 5606.029331530054 5.2012044642194315E-5
 5645.536757333548 4.707986389338955E-5
 5685.124916454989 4.26107786087821E-5
 5724.799575559943 3.856253866202362E-5
 5764.554967982845 3.4896668019640085E-5
 5804.3795603925555 3.157814676079287E-5
 5844.284886120214 2.8575115519503342E-5
 5884.247878503546 2.585859861773437E-5
 5924.326204198232 2.3402263592355202E-5
 5964.462196548592 2.1182187531588482E-5
 6004.598188898954 1.9176652211482552E-5
 6044.849514560666 1.7365951830260395E-5
 6085.158506878053 1.573222068467883E-5
 6125.525165851118 1.425927267490576E-5
 6165.949491479858 1.2932457876332668E-5
 6206.373817108597 1.1738529942122916E-5
 6246.9134760486895 1.0665525724540682E-5
 6287.45313498878 9.702657432139586E-6
 6328.108127240223 8.84021188499079E-6
 6368.705452835991 8.069461992134278E-6
 6409.418111743109 7.38258623143078E-6
 6450.130770650228 6.77259483922007E-6
 6490.901096213024 6.233264806429322E-6
 6531.671421775818 5.759081351556348E-6
 6572.441747338612 5.345186049740207E-6
 6613.269739557084 4.987330645157159E-6
 6654.1553984312295 4.681837229867367E-6
 6695.041057305376 4.42556301544755E-6
 6735.869049523846 4.215871396107963E-6
 6776.812375053669 4.050606911295527E-6
 6817.698033927815 3.928076281265201E-6
 6858.641359457637 3.84703062486973E-6
 6899.527018331783 3.8067557083683026E-6
