 0.21421941024439172 1.0001687633980711
 0.6451767049847358 1.0004937020518951
 1.0812044414507657 1.0007781798851644
 1.5223642039549394 1.001002626944789
 1.9687046116913027 1.001110589668983
 2.420301294517259 1.0010504582315795
 2.877208273759526 1.0007918742776347
 3.339484972877493 1.0002730947492428
 3.8071962174632205 0.9994367971741792
 4.28040683310877 0.9982265326904711
 4.759187047538872 0.9966106228526272
 5.2435854799475745 0.994553262641202
 5.733661553794265 0.9919515693044544
 6.229523311732379 0.9887806619833097
 6.731219372955961 0.9850644285463779
 7.238803758791729 0.9807722834190539
 7.7523304905664 0.9757852653776241
 8.271961632260126 0.9701972564098102
 8.79764316254619 0.9640546067721399
 9.329483124078028 0.9572089151861692
 9.86758955950907 0.9497186690201419
 10.412016490166039 0.9415976694955093
 10.962871958702365 0.9329058437796299
 11.520155965118052 0.9236564118807341
 12.083976552066531 0.913774316509199
 12.654441762201238 0.9033176859266828
 13.23160561684889 0.8923370225678638
 13.815522137336206 0.8807925698053554
 14.40629936631662 0.868642374465331
 15.004045346443563 0.8559578478386755
 15.60876007771704 0.842684685730418
 16.2206056241172 0.8288012387534692
 16.839581985644045 0.8142494813611872
 17.465905247604442 0.7990366851258609
 18.099521388671675 0.7832011842930806
 18.74053845149918 0.7665790660721096
 19.389118500067105 0.7491822357879387
 20.04531555570217 0.7310547104630922
 20.709183639731094 0.7121229658933099
 21.380884816134024 0.6924135578724472
 22.060419084910964 0.6719602873077133
 22.747894488715346 0.6507009113268092
 23.443473091527327 0.6286963770212962
 24.14720891467362 0.6060391787479303
 24.85915597948094 0.5827374467200628
 25.57947634992944 0.5588609387451603
 26.308224047345845 0.5345108750718004
 27.04550711438358 0.5097553744237762
 27.79143359369608 0.484692772518733
 28.546111527936787 0.4594448719061368
 29.309594938432415 0.4341033456255461
 30.082045889163115 0.40878344203283245
 30.8635184014556 0.3836039502911941
 31.65417453929003 0.3586828580416571
 32.45406832399312 0.3341499125153215
 33.2633077982183 0.3101069731500042
 34.082001004619016 0.2866552911419304
 34.9103100071754 0.26390072625892513
 35.74834284854091 0.24195449057357804
 36.59615355004224 0.22089747469005607
 37.45385015433284 0.20078815120647708
 38.321594725392856 0.18168911017237868
 39.19949530587573 0.1636536671007564
 40.08765993843489 0.1467149905226487
 40.98619666572377 0.13088832938340988
 41.895267551722525 0.11618499751175126
 42.81492661775788 0.10259965436515663
 43.74533592780997 0.09011065843732562
 44.68665754585894 0.07869757081047249
 45.638945493231545 0.06832261873608876
 46.602361833907906 0.05893845611646257
 47.57701461054147 0.050493801857583883
 48.56306588711238 0.04293226452726121
 49.56062370627407 0.036195016693499046
 50.56985013200671 0.030222089111781612
 51.590799185636996 0.02495179561971939
 52.6236869524718 0.02032423219318348
 53.66867549649128 0.016284381405362882
 54.72576481769545 0.012775472815035277
 55.79538708669803 9.746975262983454E-3
 56.87743426084558 7.150963846893702E-3
 57.97190634013811 4.938627987218257E-3
 59.0793435378428 3.0680602281427746E-3
 60.199205640692476 1.4983072930101351E-3
 61.33257307522146 1.9453984598793736E-4
 62.478905628162614 -8.769984762013621E-4
 63.63874351278309 -1.7455348212740064E-3
 64.81208672908288 -2.4362008565752346E-3
 65.99947549032917 -2.9737806849126245E-3
 67.2003695832548 -3.3797940272860325E-3
 68.41476900785973 -3.670614681323129E-3
 69.64375419067835 -3.8623737178246136E-3
 70.88732513171064 -3.972110954458159E-3
 72.14494161768943 -4.012185931331425E-3
 73.4171438618819 -3.991697907293177E-3
 74.70447207755518 -3.922099536028976E-3
 76.00638605144216 -3.811413315387001E-3
 77.32396621007715 -3.6670708640637512E-3
 78.656672340193 -3.4974265765284327E-3
 80.00450444178968 -3.306491631017175E-3
 81.36800272813437 -3.0985586671054355E-3
 82.74770741249426 -2.879687259243273E-3
 84.14307828160217 -2.6529210731032967E-3
 85.55519576199242 -2.42177962873225E-3
 86.9835196403979 -2.1901580557929585E-3
 88.42804991681855 -1.9591883293769455E-3
 89.88932680452157 -1.730958131132908E-3
 91.36789051677411 -1.5076092075103255E-3
 92.86374105357619 -1.2909117195473438E-3
 94.37633820166066 -1.0813181724568196E-3
 95.907302600829 -8.80466041894338E-4
 97.45501361127968 -6.890165668919444E-4
 99.02163208608142 -5.077147130520548E-4
 100.60553738543273 -3.3723775498456607E-4
 102.20835014913507 -1.7768073822833115E-4
 103.8295301639213 -2.9440113640700114E-5
 105.4696176430586 1.0751973542801212E-4
 107.12861258654692 2.3322809670302623E-4
 108.80651499438632 3.476984389238632E-4
 110.50440529311112 4.5126356246613012E-4
 112.22120305618697 5.441334056766714E-4
 113.95852892341539 6.264625450596082E-4
 115.71530246826205 6.984153506922703E-4
 117.49314433052845 7.601521335060039E-4
 119.29097408368025 8.120926102329889E-4
 121.10933194098463 8.540775751177879E-4
 122.94929832897593 8.865661173536107E-4
 124.81033303438699 9.102872644174916E-4
 126.69243605721778 9.25660998962201E-4
 128.5966878240027 9.336635851892366E-4
 130.52254812147447 9.350475988229043E-4
 132.47109737616756 9.307407306720371E-4
 134.44179537481474 9.21837822033024E-4
 136.43518233068314 9.087845067931768E-4
 138.45125824377285 8.918822800071523E-4
 140.4911035406182 8.715704592786817E-4
 142.55363779468476 8.480557710150337E-4
 144.64048164577414 8.215742381017465E-4
 146.7516350938863 7.928583437087335E-4
 148.88655792575406 7.621320633055133E-4
 151.04579035464462 7.298271207429364E-4
 153.2304128070923 6.967151358470846E-4
 155.43988506982995 6.632886333329307E-4
 157.67474735612475 6.299137729354434E-4
 159.93499966597664 5.967150840462768E-4
 162.22172242592003 5.641381086105789E-4
 164.53437542268773 5.322962078067773E-4
 166.8734988695469 5.012200781969332E-4
 169.23909276649754 4.709625993611218E-4
 171.63223754007401 4.4151699090202675E-4
 174.0529331902763 4.1306906448552343E-4
 176.50063950383724 3.855041658277423E-4
 178.9769771205584 3.590343119873235E-4
 181.4814058271725 3.338777228439021E-4
 184.01446583694675 3.101412506039924E-4
 186.57669736314838 2.8809249414111343E-4
 189.16810040577735 2.68186013225396E-4
 191.7886749648337 2.5072276183722735E-4
 194.43950146685168 2.3576548804949971E-4
 197.12112012509854 2.2353698214847467E-4
 199.83245051303993 2.137998832877625E-4
 202.57511327047731 2.0603119041951657E-4
 205.3491083974108 1.9998028679707116E-4
 208.15443589384025 1.9522783723031314E-4
 210.99163597303294 1.915655187068882E-4
 213.86124884825602 1.89104319107661E-4
 216.76381473277663 1.8788695169341933E-4
 219.69879341332767 1.879962309811896E-4
 222.6672653164434 1.891697034018597E-4
 225.66977065539103 1.908073124711505E-4
 228.70630943017056 1.924998856027958E-4
 231.776881640782 1.94104496088578E-4
 234.88310792702688 1.9618618988274764E-4
 238.02390786237077 1.992332136702237E-4
 241.20036187334812 2.0287599741040094E-4
 244.41246995995888 2.0606456824854841E-4
 247.66131254873744 2.0702837401135156E-4
 250.94688963968374 2.043429781067588E-4
 254.26974144606498 1.974480427850821E-4
 257.6304081811483 1.8659663342204392E-4
 261.02834963166662 1.7282366607981026E-4
 264.4651864374213 1.57238251165457E-4
 267.9403783851454 1.4091011112850272E-4
 271.455005901373 1.251151579430337E-4
 275.00906898610435 1.1128716082713742E-4
 278.6031078526064 1.009708236938257E-4
 282.2376627141465 9.50834499355439E-5
 285.9132737839917 9.356523401211373E-5
 289.62994106214205 9.541392585897095E-5
 293.38874497513194 9.912192237746655E-5
 297.18968552296126 1.0271858048431494E-4
 301.03276270563014 1.0392165678141212E-4
 304.91959716294 1.0110857804292789E-4
 308.8496486816237 9.42732420738668E-5
 312.8239976882156 8.46196197961173E-5
 316.8426441827157 7.328043414527354E-5
 320.90612837839114 6.044892337317841E-5
 325.0149904885091 4.463861677794468E-5
 329.1697707263368 2.3923838359158273E-5
 333.37100930514134 -2.155874083076867E-6
 337.61924643819 -3.234553463825651E-5
 341.91502233874984 -6.470357789108841E-5
 346.2583370068209 -9.778574177670706E-5
 350.64973065567033 -1.3057160884500328E-4
 355.09028371183256 -1.6205568567543876E-4
 359.5805363885747 -1.9113145123477205E-4
 364.1199484726296 -2.16575394552566E-4
 368.7101406037987 -2.3708392537768728E-4
 373.3516529953493 -2.512278486867268E-4
 378.0439454340141 -2.5756660354087854E-4
 382.78863855959474 -2.5551709998971976E-4
 387.5857323720911 -2.467262946756931E-4
 392.43576708477053 -2.3523827115527352E-4
 397.3392829109 -2.2545545875960425E-4
 402.29682006374673 -2.193570962254695E-4
 407.30945896984525 -2.1590825304104157E-4
 412.3771996291953 -2.130183179380238E-4
 417.5005822550642 -2.1020872952298453E-4
 422.6806872739863 -2.0927020096743581E-4
 427.9175146859615 -2.1260637624754804E-4
 433.2116047042571 -2.2149665717228372E-4
 438.5640377554074 -2.3552981465635452E-4
 443.9753540526795 -2.529287301659299E-4
 449.44555359607346 -2.707211670587408E-4
 454.97571681212366 -2.8562762622037665E-4
 460.56638391409722 -2.952756112595714E-4
 466.2180951152613 -2.982515079807971E-4
 471.9319308421504 -2.9493398673548833E-4
 477.7073508814971 -2.893242834825001E-4
 483.5459758731031 -2.8879597178022855E-4
 489.4483460302355 -2.993222862873256E-4
 495.4144613528943 -3.1971171636766796E-4
 501.445942480881 -3.419304114412961E-4
 507.54224920092855 -3.5624086808878875E-4
 513.7050021528383 -3.547414331978331E-4
 519.9347415498776 -3.313970916272431E-4
 526.2314673920463 -2.849391465807137E-4
 532.5962601058787 -2.2480917379148003E-4
 539.0296599046424 -1.6790290513263664E-4
 545.5343678546726 -1.2736647361917698E-4
 552.1033611834965 -1.0635973788749818E-4
 558.7479843697246 -1.0078196651138935E-4
 565.4628352806852 -1.0330163309195766E-4
 572.2533160490501 -1.056476102589261E-4
 579.1086224094757 -9.953031383047401E-5
 586.0449607599772 -7.951284028236347E-5
 593.0515268352113 -4.551739967689585E-5
 600.1337227678496 -1.1485034401575872E-7
 607.291548557892 5.312340264542724E-5
 614.5250042053387 1.080480864376413E-4
 621.8340897101897 1.5771640151969142E-4
 629.2242072051166 1.9641810774214922E-4
 636.6953566901195 2.186415175892465E-4
 644.2367338998548 2.2073986067498306E-4
 651.8645452323378 2.0324018213751284E-4
 659.5733885548967 1.6895139660055036E-4
 667.3632638675316 1.2472471131263956E-4
 675.2287690375708 8.392029098534093E-5
 683.1861104630294 5.971685420560275E-5
 691.2190817458923 5.6503253424738474E-5
 699.3438892841743 6.864700775616242E-5
 707.5497288125325 8.212354591601849E-5
 715.8420024636383 7.875685462440245E-5
 724.2207102374917 5.2362737725976123E-5
 732.685852134093 1.680272491023668E-5
 741.2428302861136 -1.3031487844948597E-5
 749.8862425608819 -3.1526145808418584E-5
 758.6214910910696 -3.794280858162977E-5
 767.4485758766767 -4.0915306850624455E-5
 776.3620947850317 -4.912358745694946E-5
 785.3728520814776 -6.334694267871162E-5
 794.4700435006712 -8.804358051066444E-5
 803.6698754406277 -1.2685234661063924E-4
 812.9561415033319 -1.7774192935413778E-4
 822.3450480867989 -2.373836248849953E-4
 831.8257909256854 -2.9049896632261576E-4
 841.403772152663 -3.147001237281309E-4
 851.0843939004035 -3.03332809904523E-4
 860.8568519035634 -2.662021294198018E-4
 870.7319504274861 -2.1271207488369683E-4
 880.7096894721718 -1.4128743752288083E-4
 890.7846669049487 -4.9796330066188785E-5
 900.9676869911601 5.796484514309873E-5
 911.2479454654625 1.7324077369647848E-4
 921.6362465931998 2.689351850178108E-4
 932.1271882416997 3.131736504258879E-4
 942.7207704109626 3.1012516520812107E-4
 953.4277973663319 2.92193803250095E-4
 964.237464842464 2.7584932705548707E-4
 975.1551749720306 2.669120388012939E-4
 986.1809277550319 2.801576880592152E-4
 997.3201253241396 3.211006179405715E-4
 1008.5673655466818 3.8083121595977435E-4
 1019.9280505553304 4.5352341131793885E-4
 1031.4021803500854 5.330647982507924E-4
 1042.9897549309464 5.932522653445171E-4
 1054.690774297914 6.055026772097601E-4
 1066.505238450988 5.702015606900894E-4
 1078.4331473901681 4.930156615886874E-4
 1090.4853053807983 3.689775850072261E-4
 1102.6509081575345 2.2462917484908942E-4
 1114.935357853049 1.2115511033794527E-4
 1127.3386544673417 8.033272416537503E-5
 1139.8607980004121 6.875090202150745E-5
 1152.5071905849326 6.159521429116705E-5
 1165.2778322209028 5.4880360991288405E-5
 1178.167320775651 4.9990154658430506E-5
 1191.181058381849 4.931689328254431E-5
 1204.3244471721684 5.3045910073301323E-5
 1217.5866828812661 4.9183646881537105E-5
 1230.983971907157 2.977248686563168E-5
 1244.5001078518257 1.829099059476528E-5
 1258.151297113288 4.6338096302549514E-5
 1271.9267354262 1.3103914116976172E-4
 1285.8318249232336 2.3933348757437173E-4
 1299.8719677370602 3.130012766247638E-4
 1314.0417617350085 3.3030561559423355E-4
 1328.34660904975 3.021236394921602E-4
 1342.7811075486131 2.6129233206498726E-4
 1357.3560614969412 2.299367406077624E-4
 1372.0606666293906 1.9676487182869402E-4
 1386.9057272113052 1.5937338896896817E-4
 1401.8858411100131 1.1554459996091242E-4
 1417.001008325514 3.625655492997252E-5
 1432.25663099048 -9.015563430302672E-5
 1447.658111237583 -2.2668117411845384E-4
 1463.194644801479 -3.184197830532673E-4
 1478.8716338148396 -3.4929666945046524E-4
 1494.6890782776658 -3.3008897607576077E-4
 1510.6523803226284 -2.78900469810473E-4
 1526.7615399497278 -2.4013288639643316E-4
 1543.0111550262922 -2.2132360322185462E-4
 1559.4120298176651 -1.8443479185045264E-4
 1575.953360058503 -1.1093319872496479E-4
 1592.6459500141493 -1.3395794300344363E-6
 1609.4843975519322 8.457343223424493E-5
 1626.4687026718518 8.881048868818016E-5
 1643.609669639252 5.851687880202488E-5
 1660.8964941887884 1.8200086768427873E-5
 1678.3345784531334 -6.377337853761744E-5
 1695.9239224322868 -1.556114676681118E-4
 1713.6645261262488 -1.942613886703105E-4
 1731.561791667691 -1.753531874538516E-4
 1749.6103169239413 -1.439111858477619E-4
 1767.815504027672 -1.0323098323978722E-4
 1786.1773529788831 -3.5594944106941095E-5
 1804.6904616449023 2.6278156585321743E-5
 1823.3656342910737 7.007094577508462E-5
 1842.197468784725 1.0448350480071761E-4
 1861.1859651258566 1.0563926152804219E-4
 1880.3365254471402 6.931659160349484E-5
 1899.6437476159037 -1.4006786126045137E-6
 1919.1076316321477 -1.1721482932182734E-4
 1938.7389817612152 -2.2887889449363472E-4
 1958.5323958704345 -2.813669630436932E-4
 1978.482471827134 -2.672862092387264E-4
 1998.6000138966574 -1.875264998108153E-4
 2018.8796199463326 -6.348319328533575E-5
 2039.3212899761592 8.085962642562733E-5
 2059.93042611881 1.6525557465259685E-4
 2080.7016262416127 1.0423677647857168E-4
 2101.640292477239 -1.7500112002064193E-5
 2122.741022693017 -8.669914511265669E-5
 2144.0146211542905 -1.1483010869057177E-4
 2165.450283595716 -1.312722140154816E-4
 2187.058814282637 -1.5480672791603304E-4
 2208.834811082381 -1.9088110053200706E-4
 2230.772871862277 -1.837057207823189E-4
 2252.8838008876687 -1.4722980622151158E-4
 2275.167598158556 -1.4758134174918332E-4
 2297.6188615422665 -1.7706809452554771E-4
 2320.237591038801 -1.9706652288977444E-4
 2343.0291887808307 -2.922840851371225E-4
 2365.993654768355 -2.5643561853622284E-4
 2389.125586868704 -6.652795439544109E-4
 2412.4303872145483 4.477746732686835E-7
 2435.908055805887 -1.4799240921641761E-4
 2459.5531905100506 2.1913966149307182E-3
 2483.3765955923804 5.5907053889389934E-3
 2507.3674667875343 1.806940068120008E-3
 2531.536608360855 -1.7439617157095582E-3
 2555.873216047 -1.713812982956883E-3
 2580.3826919786392 -1.2368546681593543E-3
 2605.0704382884464 -6.316548828686154E-4
 2629.925650711077 -3.1008183978425252E-4
 2654.9591335118743 -1.5907460242227915E-4
 2680.1654845581674 -8.728274223162781E-5
 2705.544703849956 -4.96964805778127E-5
 2731.0967913872395 -2.8175229288856063E-5
 2756.821747170019 -1.5088314797377473E-5
 2782.7195711982935 -6.80646867862142E-6
 2808.7956656047354 -1.4189294828740006E-6
 2835.0392261240003 2.151536722916742E-6
 2861.4610570214326 4.5589680861967534E-6
 2888.0503540316885 6.190581715224123E-6
 2914.817921420112 7.299255864643565E-6
 2941.752954921358 8.054493896147414E-6
 2968.866258800772 8.560031344397758E-6
 2996.1470287930096 8.891707894021975E-6
 3023.6060691634143 9.098164982117547E-6
 3051.232575646642 9.222746783875824E-6
 3079.031950375366 9.29101854613474E-6
 3106.9987912169126 9.313013666773578E-6
 3135.1439024366272 9.306076040327137E-6
 3163.4510776364936 9.274805389401043E-6
 3191.9365232145264 9.234113544229259E-6
 3220.5840327727114 9.189990118736988E-6
 3249.4044105763923 9.135031649830646E-6
 3278.3976566255682 9.07765077416194E-6
 3307.5529666548964 9.026470486813464E-6
 3336.8757427970476 8.975089588179282E-6
 3366.3659850520225 8.924238507085026E-6
 3396.0236934198214 8.883324235304009E-6
 3425.8488679004435 8.843665295705776E-6
 3455.836106361218 8.813653191165202E-6
 3485.9908109348152 8.798535123460928E-6
 3516.302177355894 8.769944377763832E-6
 3546.7810098897957 8.722656780875385E-6
 3577.4219064038493 8.721716675066442E-6
 3608.2248668980546 8.766620941557192E-6
 3639.18448923974 8.766457811316087E-6
 3670.3061755615776 8.721677775865709E-6
 3701.584523730896 8.766432053831272E-6
 3733.0195337476934 8.81118207941691E-6
 3764.611205611972 8.811328990694085E-6
 3796.35953932373 8.855200240907483E-6
 3828.2645348829682 8.899389975214512E-6
 3860.3207901570153 8.987768769691092E-6
 3892.522903013199 9.031881148481261E-6
 3924.881677716863 9.074424216291647E-6
 3957.391712135335 9.203483595299988E-6
 3990.047604135944 9.28982397563089E-6
 4022.8493537186895 9.333072176421237E-6
 4055.796960883572 9.459075532683471E-6
 4088.895827763263 9.585859123079575E-6
 4122.129747959747 9.670400217836044E-6
 4155.509525738368 9.795034360108185E-6
 4189.029758966453 9.961449994437976E-6
 4222.685045511333 1.012668573872746E-5
 4256.480787505677 1.0249488763532427E-5
 4290.411582816814 1.0412047879463694E-5
 4324.4828335774154 1.061570980261711E-5
 4358.678333389468 1.0818670496815688E-5
 4393.008886518313 1.1019232305632762E-5
 4427.4690908312804 1.1219127934581322E-5
 4462.058946328369 1.1458405707285056E-5
 4496.773050876907 1.1696998492206747E-5
 4531.611404476895 1.193374953987928E-5
 4566.574007128333 1.2209471740865512E-5
 4601.655456698548 1.24842544924438E-5
 4636.855753187542 1.2796501215708605E-5
 4672.174896595314 1.310676131527014E-5
 4707.612886921865 1.3455913432863E-5
 4743.158919901849 1.380308896979174E-5
 4778.823799800612 1.418768857261558E-5
 4814.591320220137 1.4571381924427034E-5
 4850.472285425769 1.4952398039598254E-5
 4886.4558911521635 1.5449200173570133E-5
 4922.542137399321 1.590483354538504E-5
 4958.731024167242 1.635899667507731E-5
 4995.017149323253 1.6848923461182118E-5
 5031.4059150000284 1.741354254472087E-5
 5067.886516932223 1.7976674558181954E-5
 5104.464357252507 1.8575933682140663E-5
 5141.12863169554 1.9249449437592687E-5
 5177.884742393992 1.9881918672908556E-5
 5214.727287215192 2.0589531510854974E-5
 5251.650864026467 2.136916042132688E-5
 5288.660874960491 2.2146868346519263E-5
 5325.746515751918 2.2960212488932523E-5
 5362.913188533422 2.3844743561287256E-5
 5400.155491172331 2.4805446580226185E-5
 5437.462619403299 2.5799826891379937E-5
 5474.845377491672 2.683150447506744E-5
 5512.282156906762 2.7958537666945161E-5
 5549.826978975287 2.9117224525363886E-5
 5587.425822370529 3.038835167148177E-5
 5625.024665765772 3.1783342832324226E-5
 5662.731551814448 3.318702540653985E-5
 5700.492459189841 3.471914209568154E-5
 5738.307387891953 3.635694898293209E-5
 5776.176337920781 3.812751755184346E-5
 5814.04528794961 4.001409798092653E-5
 5852.022280631873 4.200457645952197E-5
 5889.999273314136 4.4171321454171774E-5
 5928.0843086498334 4.654709015652157E-5
 5966.115322658815 4.906610562209331E-5
 6004.254379321229 5.179935446979252E-5
 6042.393435983645 5.485392176360957E-5
 6080.5865139727775 5.819499747629867E-5
 6118.779591961909 6.190344377683107E-5
 6156.972669951042 6.593015939644795E-5
 6195.219769266892 7.040791605850111E-5
 6233.520889909459 7.553919493889014E-5
 6271.822010552026 8.154084785985473E-5
 6310.069109867875 8.837271404996332E-5
 6348.42425183716 9.64600578857521E-5
 6386.725372479727 1.063470164412716E-4
