 1.2164750766374512 1.1968784319020582
 1.7128288052454574 1.6903310743461101
 2.2150113351090365 2.177234043587326
 2.72310775821732 2.6523515963220924
 3.237178854562547 3.108962029829054
 3.7572914821361766 3.5399204520607385
 4.283518576928896 3.9385588634255426
 4.8159330749313884 4.299279724450764
 5.354613990133562 4.618028274598469
 5.8996160245284334 4.892346390007044
 6.4510060361074614 5.121017799519942
 7.008905584855121 5.304616135920506
 7.573369372764427 5.445188361798104
 8.144458179827616 5.545426368475516
 8.722232786036926 5.608155674449938
 9.306875531369068 5.6377920751180594
 9.898325635831808 5.6386456192535474
 10.496704659409618 5.613866315949128
 11.102134162086973 5.567652951994075
 11.71467492385611 5.503656446836091
 12.334448504701506 5.425465127922926
 12.96145490462316 5.3360556538693915
 13.595815683605547 5.237563562856242
 14.237652401633142 5.132603686445798
 14.88702583869818 5.023436934417562
 15.543996774792902 4.911541287770955
 16.20868676990178 4.79816853093283
 16.881217384009296 4.684978411285788
 17.56158861711544 4.572740495176304
 18.24998280919693 4.46225133394386
 18.946399960253764 4.353967304610544
 19.651083190254894 4.248568718778186
 20.36397171920808 4.146777307263571
 21.085187107097802 4.048145545799092
 21.814911693900764 3.953078741308489
 22.55320625960921 3.862045360845545
 23.300131584215375 3.774778945448175
 24.055870007695972 3.691406479081139
 24.820421530051003 3.61192504435838
 25.59390771126494 3.535678431857172
 26.376510891314495 3.4625916277360215
 27.16829185019191 3.3927676150851713
 27.969311367889414 3.3258536768421262
 28.779751784383726 3.261794548353936
 29.599673879667086 3.2005651535408685
 30.429199213723958 3.1417976764528692
 31.268449346538826 3.0852713870495223
 32.11754583809617 3.0309544016680494
 32.976549468388213 2.9788020953430254
 33.84564257739168 2.929070896996977
 34.72488594509879 2.8820782482211435
 35.61446191148628 2.8380869381779296
 36.514431256546373 2.797290808921362
 37.424915540263555 2.7595136554296453
 38.34603632262228 2.72447379674243
 39.27797594359928 2.691900281028026
 40.22085596317903 2.6615977394876115
 41.17473716135375 2.6330967251696795
 42.13974109810792 2.605827240860294
 43.11605011341827 2.57961608547379
 44.10378576726926 2.5545609841451466
 45.10306961964536 2.5307272487674183
 46.11402323053106 2.508020173857759
 47.13682893990306 2.486343702939837
 48.17154752775361 2.4653772346201896
 49.218361334059416 2.4446054015250635
 50.27745269879718 2.4239294651721063
 51.34888240195915 2.403408017112442
 52.43283278352204 2.383357370310973
 53.52942540347033 2.364173644731043
 54.63884260178071 2.3460062142236584
 55.761205938437676 2.3289518023080844
 56.89669775341794 2.313346002962295
 58.04537882671372 2.2995539210153013
 59.207492278293983 2.28773625199619
 60.38322044813544 2.2780382397701117
 61.57256333623809 2.269868129198464
 62.77600718253983 2.2630149102675614
 63.99343042705619 2.2574356822342247
 65.22483306978715 2.251660308489652
 66.47082291065512 2.2454412389903635
 67.7307921497377 2.2379190745962205
 69.00595638687965 2.2292205422797075
 70.29570782215858 2.2202025914571374
 71.60065425549688 2.2107026462816237
 72.92079568689454 2.201071302074143
 74.25673991627396 2.1922547156069955
 75.60787914371272 2.185448856330215
 76.97421336921086 2.1798872228778907
 78.3569581926131 2.175937620834177
 79.75611361391947 2.174970161906286
 81.17107183320758 2.1761188854782655
 82.60244065039981 2.1778535642547174
 84.05082786541851 2.180540785035327
 85.51562567834134 2.18362068624593
 86.99804968901302 2.1873600988920527
 88.4974920975112 2.192530257931887
 90.01395290383587 2.197260957128921
 91.5480399079094 2.199899503321062
 93.10036090965417 2.200680333677721
 94.6703081091478 2.199041354771478
 96.25909710623505 2.1950601930537212
 97.86612010099353 2.190498343381031
 99.49137709342327 2.18640359074333
 101.1354758834466 2.183810343067797
 102.79902427098591 2.182847697503221
 104.48202225604122 2.182836577160881
 106.18386203869017 2.181467957309923
 107.90636701869983 2.179520522407128
 109.64771379630308 2.1776454289852233
 111.41033357118947 2.177427956837962
 113.19240294359184 2.1803370973755482
 114.99574531327733 2.184741374662881
 116.81975288032356 2.1897929605190302
 118.66503344465289 2.195406727848666
 120.53158700626533 2.2035143854767622
 122.4194135651609 2.213743085465295
 124.32972872118431 2.2258735838863805
 126.26131687449084 2.2394288826412047
 128.2160014248476 2.2550619332280334
 130.19256677240986 2.271831040921076
 132.19283631694472 2.286709825086889
 134.21559445860742 2.297276850404201
 136.2614489973204 2.301007688288343
 138.33161553292833 2.300723077238295
 140.42548626550888 2.3008006842879527
 142.54306119506205 2.3024046252432794
 144.68555592143258 2.3061632056421013
 146.85236264469807 2.3117344162937212
 149.04469696470331 2.3181346783886507
 151.26195108152592 2.324525481122405
 153.50473279508824 2.3295081744496775
 155.77304210539031 2.330904446734847
 158.06809461227686 2.3275953297476323
 160.38867471590313 2.3201614443542526
 162.73660581603627 2.3115649767123342
 165.11188791267628 2.307118887850058
 167.51391320590076 2.3086585442603224
 169.94328949563211 2.3135721360704906
 172.40123238171506 2.319037447517145
 174.88713406422724 2.3232030341609104
 177.40160234309104 2.3246147252926014
 179.9446372183064 2.3232755640197715
 182.51745428971815 2.3214867588034593
 185.1194457574039 2.3226262490974796
 187.75121942128598 2.3298369785875197
 190.41277528136441 2.3459005515838513
 193.10532893748396 2.3713540765211602
 195.82888038964463 2.4020299576814974
 198.582821837924 2.429660779531521
 201.36897668208925 2.4508316502255405
 204.186737122218 2.466733843890702
 207.03671095823253 2.4763321310459947
 209.91950599005537 2.480683641494345
 212.8351222176864 2.4892123567568713
 215.78355964112566 2.510676442760718
 218.76603386021787 2.5410864934426133
 221.78315267488548 2.5717931290587494
 224.83370048528368 2.595720873738109
 227.9195006911796 2.6048928496619225
 231.04055329257326 2.598276207030149
 234.19685828946464 2.589271023873583
 237.3890234817761 2.594368253107976
 240.61765666943006 2.617279323598148
 243.88336565234888 2.6501045257161912
 247.18554263061017 2.681932240831417
 250.5254032040587 2.7067234565530493
 253.9035551726168 2.7251104003687536
 257.3199985362845 2.73922444511037
 260.7747332950618 2.753093846148232
 264.2695828487159 2.7753037700326275
 267.8033315974019 2.807130192838238
 271.3771951409646 2.8410990844502395
 274.9911734794041 2.8702002126750687
 278.64648221256504 2.893774336614585
 282.34312134044745 2.9203633302129432
 286.08169866297373 2.950983931659686
 289.8628219800662 2.9753223732757603
 293.68588349180254 2.98713084011364
 297.55270659794985 2.989062099534397
 301.46268349858576 2.9850784188800272
 305.417029793555 2.9799207255128985
 309.41574548285763 2.9814487074614857
 313.45943836641595 2.9903393511142044
 317.54871624415233 2.996006891100369
 321.68418691598924 2.995686508659381
 325.8658503819266 3.004832262588719
 330.0949222418092 3.0345987406294376
 334.3714024956369 3.0783656707264546
 338.69529114341 3.1191781771340885
 343.06841158489532 3.147419468938681
 347.4901560201707 3.1685302406018922
 351.96174004908073 3.185996853476065
 356.4831636716255 3.200796322740322
 361.05503468772735 3.2153731035809602
 365.6779608973087 3.2323206373515755
 370.35255010029186 3.2580122457442337
 375.07941009659924 3.285531835581681
 379.8591486861532 3.2992780333196662
 384.6923736688762 3.3067502729947344
 389.5790850447681 3.3271827357111436
 394.5198906137513 3.3607282487847855
 399.5160059756707 3.386982068135168
 404.5680389304485 3.39439021186931
 409.6753816781624 3.403508230768191
 414.83985761857945 3.4301650856752772
 420.06207455162223 3.462045340320445
 425.3414246773681 3.494502625483709
 430.6797313955843 3.531319140817335
 436.0769947062709 3.568618243588212
 441.53382240935025 3.60596352772497
 447.05082230474465 3.6365214297036727
 452.62860219237643 3.6466852026885017
 458.26837767209053 3.63358172259607
 463.9701487438868 3.602556635610722
 469.7345232076877 3.5704321442802027
 475.5627166633379 3.5624827239802145
 481.4547291108374 3.575989813463705
 487.41116835010865 3.598866719449149
 493.4332499809964 3.6422560063409123
 499.52158180342286 3.6961893403350343
 505.6761638173882 3.7351035375502714
 511.89821162273716 3.7580178162185293
 518.1883330193921 3.76489527965353
 524.5471358072753 3.744338106801802
 530.9758355862316 3.721298793574289
 537.4738245563386 3.737858750341838
 544.0429261173634 3.7882925609342965
 550.6837480692285 3.8509237555408626
 557.3962904119338 3.910492889049568
 564.1823765452464 3.947735415187112
 571.0413986692439 3.95999537514707
 577.9751801836935 3.971408047781154
 584.9843288885177 4.015313442126055
 592.0688447837161 4.087140234835281
 599.2299434691338 4.140740306106043
 606.4682327446932 4.156223809099304
 613.7867516100059 4.161242873655773
 621.1775986660812 4.175562169206067
 628.653537711289 4.190357391795765
 636.2084907464055 4.191158492154476
 643.8485357706544 4.171924724695055
 651.5615167855883 4.147631627255621
 659.3656677888783 4.14892312017612
 667.2488327820771 4.1526669643369444
 675.2170897644083 4.138461343714081
 683.270438735872 4.154279204087219
 691.408879696468 4.1950934113948115
 699.6324126461967 4.199268702181103
 707.9471155842814 4.169673600896198
 716.3529885107224 4.157318123909722
 724.8378754270719 4.162125864389427
 733.4200103310015 4.173669461840593
 742.0933152232873 4.20734160323805
 750.8577901039292 4.239549414060966
 759.7073569737038 4.239668821364589
 768.6602498302817 4.249698856994541
 777.6982346759924 4.289879881587243
 786.8395455085065 4.3136059280782355
 796.072026329377 4.302070169655235
 805.4017551378272 4.296701015423076
 814.8287319338575 4.34163251659568
 824.3529567174678 4.38787143430272
 833.9805074878817 4.3899402614167515
 843.7053062458756 4.389543043144776
 853.5334309906732 4.392689689794507
 863.4648817222743 4.369027761878386
 873.4935804414556 4.32123751446636
 883.6316831466642 4.261251854896346
 893.8670338394527 4.194311250222929
 904.2178665174924 4.14493757178101
 914.665947183112 4.111773503044806
 925.2295098339829 4.057962996840203
 935.8963984716573 3.98610031637185
 946.6726910953593 3.923190406633468
 957.5644657043124 3.871322206339656
 968.5595663000691 3.816442895864639
 979.6701488810771 3.743954953755716
 990.8962134473364 3.627930948144426
 1002.231681999623 3.50648763011518
 1013.6887105363845 3.4291741716145955
 1025.2551430591734 3.361286538798199
 1036.9431355664373 3.2748260288990453
 1048.7466100589522 3.178862907694359
 1060.6655665367184 3.0824734213777613
 1072.7121609981834 2.950732689926503
 1084.8742374448995 2.7881415254616306
 1097.1578738760904 2.6584071344348836
 1109.5630702917562 2.5536568718654333
 1122.095904691121 2.4292138358510295
 1134.7502990749603 2.273584318757978
 1147.5323314424986 2.1161810473635673
 1160.4420017937354 1.9831917278174073
 1173.479310128671 1.8417861075535111
 1186.644256447305 1.6706111165303605
 1199.936840749638 1.5232014921779317
 1213.3570630356696 1.4212871328863607
 1226.9170793038472 1.3027088768508847
 1240.6047335557234 1.1327208189802862
 1254.4261037905223 0.9630952242236315
 1268.3811900082434 0.8407715160030597
 1282.469992208887 0.7583956379923652
 1296.6985883916768 0.7065113290442702
 1311.0669785566128 0.6749751578328343
 1325.5690847044711 0.637486286487558
 1340.2109848344755 0.5835783021402118
 1354.99875694585 0.5257785119626669
 1369.920245040147 0.47845592874148606
 1384.9936831150373 0.44393101741759682
 1400.2008371728502 0.40631201275977996
 1415.5599412112567 0.3478998431694119
 1431.0588392318093 0.2787279057115369
 1446.703609233732 0.22158722478439188
 1462.5003292162482 0.18097850842724486
 1478.4429211801343 0.15546890064745091
 1494.5374631246143 0.14154471382903588
 1510.7778770504642 0.12720516091147554
 1527.1763189561313 0.11070270397873024
 1543.7206328431684 0.09642877981961462
 1560.4229747100225 0.0787582856507349
 1577.277266557471 0.05683099562910372
 1594.2835083855125 0.039198735125071486
 1611.4477781933715 0.02923211814205349
 1628.776153980272 0.02355922068345673
 1646.256479747766 0.020059947053578035
 1663.8948334950771 0.01953431583543249
 1681.6912152222062 0.021177745261586462
 1699.651702928376 0.02170301974808757
 1717.776296613587 0.01894968951245521
 1736.0589182786154 0.013726062221783368
 1754.5117239219086 8.755100257892423E-3
 1773.1225575450193 5.782240726946966E-3
 1791.9035751463952 4.479459042395254E-3
 1810.848698726812 3.8266448468449567E-3
 1829.9579282862698 3.2049193680139037E-3
 1849.2434198232165 2.395942043513458E-3
 1868.6930173392042 1.809947892386532E-3
 1888.3127988334567 2.1261241755267802E-3
 1908.1027643059742 2.7561002447477867E-3
 1928.0629137567566 2.572163066980441E-3
 1948.1993251850276 1.7875560854050244E-3
 1968.5059205915636 1.194289511947981E-3
 1988.988777975588 9.955079406145568E-4
 2009.6478973371015 1.055824254517096E-3
 2030.4772006768791 1.186371811651228E-3
 2051.48884399337 1.14201260427794E-3
 2072.676749287349 8.58208708646792E-4
 2094.0409165588166 5.372382936433736E-4
 2115.587423806997 3.3692354367359533E-4
 2137.3101930326656 2.3848592937182171E-4
 2159.209224235823 1.8182841081301954E-4
 2181.2966734149163 1.3864422433283114E-4
 2203.5664625707222 9.981857374108204E-5
 2226.0125137040172 6.648313544467812E-5
 2248.6469828132476 4.155271165279989E-5
 2271.463791899191 2.4794669427792844E-5
 2294.462940961846 1.3998854903720783E-5
 2317.650508000438 6.678385830014743E-6
 2341.020415015742 2.2610879341092463E-6
 2364.578740006982 6.35725464093674E-7
 2388.3194049749345 7.247928711014074E-7
 2412.254565918047 1.1528533141749678E-6
 2436.372066837872 1.368114574139559E-6
 2460.6840637328564 1.4442233559884198E-6
 2485.1844786037772 1.3824929144556997E-6
 2509.8672334514103 1.2061320674599475E-6
 2534.7444842742033 9.860327330155021E-7
 2559.8162310721563 7.469159002023802E-7
 2585.076395846045 5.088965575370857E-7
 2610.5249785958703 3.067250610888149E-7
 2636.1680573208554 1.6758707431272727E-7
 2662.005632021 8.331126855687876E-8
 2688.0316246970814 3.6358950036535745E-8
 2714.2521133483223 1.4754014974932693E-8
 2740.667097974723 6.474785923678126E-9
 2767.27050057706 3.0785229891924315E-9
 2794.0744771537806 1.2916455634127687E-9
 2821.0668717064372 3.8621357440291767E-10
 2848.2598402334774 7.67640410470109E-11
 2875.6412267364544 1.0409137950775567E-11
 2903.2171092145904 1.1180368404677927E-12
 2930.9935656671104 3.736129658455764E-13
 2958.9584400955664 0.0E+0
 2987.123888498406 0.0E+0
 3015.483832876406 0.0E+0
 3044.038273229565 0.0E+0
 3072.7872095578845 0.0E+0
 3101.730641861364 -3.7943439335000086E-13
 3130.8685701400027 7.608842053899737E-13
 3160.2070723930255 -3.814608848763333E-13
 3189.7339926219847 -3.8249088081517615E-13
 3219.461486825327 3.83532232983548E-13
 3249.3773990046056 -3.8458508542415084E-13
 3279.493885158268 7.712991675416026E-13
 3309.798789287866 -3.867258752679141E-13
 3340.304267391848 0.0E+0
 3370.998163471766 0.0E+0
 3401.892633526068 0.0E+0
 3432.9755215563054 0.0E+0
