 0.0E+0 0.0E+0
 0.28174886022159872 0.012194307581200914
 0.8485589660787283 0.11302851790044795
 1.4220378942213933 0.31851036038800706
 2.002266642491118 0.6283451200956777
 2.5893091565522654 1.0360342935816115
 3.1832649074382852 1.527987873983159
 3.784204945887358 2.084466349733221
 4.39220742771148 2.6818577067417224
 5.00735761379647 3.295471139348195
 5.62974076502814 3.902102743764575
 6.259449247366125 4.481908995017422
 6.896547006474786 5.019441188296263
 7.541112198166122 5.503921248792209
 8.19328692391649 5.928958772868324
 8.853135129390251 6.291921872720539
 9.52072786532559 6.593151228661521
 10.19613618246068 6.835165315489695
 10.879573233010063 7.02194329690883
 11.57096796623556 7.158330600163839
 12.27046248361353 7.249579085877828
 12.97819888662033 7.301009015513882
 13.69424822599414 7.317775605927654
 14.418752603211322 7.304717664927931
 15.151712018271873 7.266279481930332
 15.893268572652152 7.2064750830022274
 16.64356436782852 7.128887348271254
 17.40267045453916 7.036676837840151
 18.170657883522242 6.932609152122748
 18.947668756254135 6.819079203109771
 19.73384517421119 6.698143428957984
 20.529187137393414 6.571554656353798
 21.33390779801534 6.440806671383192
 22.14800715607697 6.3071818794718215
 22.97176941453103 6.171795434959204
 23.805123522639323 6.035622160138966
 24.648211581878225 5.899510666722579
 25.501246744462267 5.764195270824391
 26.36430006112963 5.630305701467943
 27.237442582618491 5.498379015571002
 28.120887461143393 5.368848565552009
 29.014634696704337 5.242029436570606
 29.918826390777677 5.118111827091508
 30.833675695577955 4.99720032420552
 31.75925366184335 4.879376126329131
 32.69563134031203 4.764730581680895
 33.643021883198564 4.6533594514367795
 34.6014963412411 4.545336873281408
 35.57119681591601 4.44070962456341
 36.552265408699653 4.339495004075862
 37.544844221068395 4.243882455595067
 38.549004303760405 4.1471543133131
 39.56495880899023 4.055868758756801
 40.59277878749603 3.967726818546754
 41.63267739149237 3.882640983737362
 42.684725671717416 3.8004851320056203
 43.74906572964753 3.721075860841239
 44.82583966675908 3.6441930960577844
 45.91526063526658 3.5696148217675593
 47.017470736646416 3.4971424107571813
 48.13254102163674 3.4266333686316245
 49.26061359171394 3.3580259139870385
 50.40190159909254 3.291320532248739
 51.556547145248906 3.22653500763512
 52.72469233165938 3.1636907871192323
 53.90647925980034 3.1028236156561623
 55.10212108188632 3.0439547637006643
 56.3116888486555 2.9870491482412653
 57.53539571232241 2.9320311753173955
 58.773454825101595 2.8788342975311933
 60.02593723773124 2.827401587731966
 61.29305610242587 2.777653789204487
 62.574953520661864 2.729495714457252
 63.871842644653746 2.682857241596889
 65.18386557587787 2.637710922028259
 66.5112354665488 2.5940472237633382
 67.8540233674047 2.5518394484097486
 69.21251348139826 2.511042848579273
 70.58691896074406 2.4716026153407786
 71.9772398054421 2.4334337992639714
 73.38404442139779 2.3964192363294034
 74.80719070713478 2.3604493086748137
 76.24667866265307 2.3254802397626157
 77.70321879533448 2.2915636170650257
 79.17610059779717 2.2588054839487967
 80.66674508480477 2.2272303764571725
 82.17444174897547 2.1967170706498824
 83.69990109769107 2.16709297576231
 85.24312313095155 2.138258358956809
 86.80481835613872 2.11019305301798
 88.3842762658708 2.0828974992415645
 89.98149686014776 2.0563541340570394
 91.5979011537332 2.03051234084282
 93.23348914662715 2.0053616167602523
 94.88755033144778 1.9809833808736978
 96.5607952155769 1.9574226894783928
 98.2539343063963 1.9345422554690656
 99.96625709652419 1.9121313601290088
 101.69918460072415 1.8901222645618565
 103.4520063116144 1.868597579330473
 105.22472222919492 1.8480904855380253
 107.01804286084754 1.8273450327395734
 108.83267871395402 1.8074847385279455
 110.66791928113258 1.7878794249959262
 112.5251855771468 1.768362988426305
 114.40376709461492 1.7488719263618368
 116.3036638335369 1.7294746837720744
 118.22558630129456 1.7103233311696401
 120.17024500526965 1.6915443880437073
 122.13763994546224 1.6731217470997
 124.1270606144905 1.6549440252923888
 126.14063853449981 1.636972035559903
 128.17624218334478 1.6192701629509695
 130.2367135905526 1.6018566771093
 132.3199212339779 1.5846062941737972
 134.42799663576604 1.5673891849372265
 136.56022928853525 1.5501936550624293
 138.71732969966731 1.533037135731207
 140.89929786916223 1.515858375094598
 143.10613379702 1.498601902277859
 145.3392584980042 1.4813586683333734
 147.59725095735126 1.464367546646176
 149.88224269720657 1.4478371377134127
 152.19281270280652 1.4317956844625587
 154.5310924962965 1.416232816443682
 156.89566106291295 1.40118145431912
 159.28722891003764 1.3865385555331637
 161.70721705243414 1.3720547879916988
 164.1549149827207 1.3575092390463827
 166.63032270089726 1.3428481588758647
 169.13486122172747 1.3281322697742155
 171.6678200378295 1.313287036890646
 174.23062016396696 1.2981489601528215
 176.82255109275806 1.2826603180777143
 179.44432333158457 1.2668310398195155
 182.09593688044651 1.2507059168960172
 184.7788127541075 1.234397921017119
 187.49152993780384 1.2180731117704581
 190.23621995368102 1.2019102139314621
 193.01288280173903 1.1860447052928617
 195.82080797459607 1.1704502404988723
 198.6607059796339 1.1548649105267381
 201.53399783161611 1.1389298095496567
 204.43997302316094 1.1224728763579023
 207.37934206165022 1.1054995388890993
 210.35210494708383 1.0879907772967758
 213.35968269422545 1.0700666240227001
 216.4013647956933 1.0521118889537184
 219.47786175886912 1.0343544130813191
 222.58917358375296 1.016722838884054
 225.73672128510835 0.9989157496730428
 228.92050486293535 0.9809036578548616
 232.13981380985214 0.9624937262282178
 235.39677964800412 0.9437003968611022
 238.6906918700095 0.9244635652734825
 242.02226098324996 0.9048662391943899
 245.3921974951075 0.8849335724811073
 248.80050140558196 0.864547518522704
 252.2471727146734 0.8437226400786594
 255.73363243714541 0.8226249526070369
 259.2605910803798 0.801272990528992
 262.8266276296129 0.7795781857891463
 266.43387360699023 0.7574885978786905
 270.08232901251165 0.7349445194837597
 273.7719938461773 0.7118261388104564
 277.50357861536883 0.6880641282977445
 281.27779382746814 0.6638040714108426
 285.09534998985697 0.6392004216593787
 288.9555365951536 0.6141853077582649
 292.8597746581216 0.5887837511760609
 296.8087746861426 0.5632166645611095
 300.8025366792168 0.5377232302054636
 304.8410606373441 0.5124776716679842
 308.9264780826701 0.4876000655200139
 313.05736800043086 0.4632806102262662
 317.2351514053901 0.4395939818521679
 321.45982829754802 0.41635109841123185
 325.732819691668 0.39341939907558026
 330.0541255877501 0.37084388718496136
 334.4244564931761 0.34867393049400974
 338.84452291532772 0.32699045381585595
 343.3136143468234 0.3058200937614747
 347.83386230980823 0.2849704453874431
 352.40455629690063 0.26434033723199734
 357.02711732286417 0.24427188381896416
 361.7015453876988 0.22506183005695645
 366.42855099878624 0.2067624562525047
 371.20884466350844 0.18940420739883534
 376.0431368892471 0.17310895614096002
 380.9314276760022 0.1579650542993436
 385.8751380385374 0.14386481688707311
 390.87426797685265 0.13062428977418122
 395.928817490948 0.11818241969479054
 401.0409181029688 0.10636763527744846
 406.2098593055333 0.09500919478669692
 411.43706211340503 0.08423066985615349
 416.722526526584 0.07427693990589779
 422.066963052452 0.06529387083042287
 427.47108219839094 0.05733213220680165
 432.93559447178245 0.050255518104329023
 438.4612103800084 0.04418182314816994
 444.04864043045063 0.038040182781031564
 449.69859513049084 0.03299943583432142
 455.4110744801291 0.028593081524552522
 461.18678898674716 0.024605654116723094
 467.0271596651087 0.020997252973747233
 472.9328970225954 0.017836250692675744
 478.9032905518256 0.015146459591735894
 484.9404717749445 0.012902139331604511
 491.04515119933404 0.011050160994039625
 497.2166183176124 9.561166497226818E-3
 503.45700465192493 8.38386933264612E-3
 509.76631020227165 7.456317314994108E-3
 516.1452454760345 6.7079649069873804E-3
 522.5945209805949 6.0477847120785875E-3
 529.114847223335 5.388927963099439E-3
 535.7076452190183 4.712449833854659E-3
 542.3729149676446 4.063125778971476E-3
 549.1113669765961 3.4859370292815135E-3
 555.9244222606361 2.9860018651868365E-3
 562.8120808197646 2.548295755343984E-3
 569.7750531613635 2.151416429960346E-3
 576.8147603001963 1.7648214135801004E-3
 583.9319127436448 1.3814360735186551E-3
 591.1265104917092 1.022887034323748E-3
 598.3999745591528 7.277803478931574E-4
 605.7530154533575 4.841353202624561E-4
 613.1863436817052 2.799499164051433E-4
 620.7013802589595 1.3191042856181407E-4
 628.2974146777384 3.395758641611804E-5
 635.9765784601874 -1.7814885800632462E-5
 643.7395821136884 -2.303384172642424E-5
 651.5864256382413 -2.463027051650521E-5
 659.5192405559914 -2.2909111912896773E-5
 667.537316359557 -2.116945451551913E-5
 675.6427845710836 -7.465486557917133E-6
 683.8363556979529 9.145758046236677E-6
 692.1180297401647 2.4738733025801864E-5
 700.4892277124828 3.6625546175415525E-5
 708.9506601222892 4.356109479847438E-5
 717.5058795064924 4.554664982671478E-5
 726.1456492691293 4.3096319034145336E-5
 734.8848900652176 3.898308218199173E-5
 743.7164968209396 3.55603513681231E-5
 752.6475746101128 3.2836249523258665E-5
 761.6639132851016 3.03512011120907E-5
 770.7868280673596 2.85414428620306E-5
 780.0021088092512 2.759694023364049E-5
 789.3168605845942 2.6617502427851147E-5
 798.7310833933886 2.4610230794861256E-5
 808.2447772356344 2.1376880801907243E-5
 817.8579421113317 1.8109724311640764E-5
 827.5776830942982 1.5139789847894399E-5
 837.4040001845342 1.265515625472372E-5
 847.3226832344036 1.035277647902729E-5
 857.3550474653604 8.122057394953781E-6
 867.4939878035865 6.022455219091019E-6
 877.739504249082 4.171962238863441E-6
 888.084491728029 2.7043376207357965E-6
 898.550265461881 1.5269961500626221E-6
 909.1155102291848 5.361211501444499E-7
 919.8015412513935 -1.826734544210374E-7
 930.5941483808718 -5.324712371936347E-7
 941.5004366914374 -5.269652678003574E-7
 952.5204061830902 -5.21401907195163E-7
 963.6540568558305 -3.11754444727012E-7
 974.908493783476 -1.02921296465281E-7
 986.2766118922088 -9.275157872716099E-8
 997.765516255847 -2.684600359776981E-7
 1009.3752068743905 -4.359671398427339E-7
 1021.0985786740214 -4.0906626234440655E-7
 1032.9498418023754 -3.8187192072791586E-7
 1044.9147861118167 -3.175719494060367E-7
 1057.0147268237992 -3.452122743066446E-7
 1069.228348716869 -4.556874109154905E-7
 1081.57696701248 -5.849954478806188E-7
 1094.0463715629964 -7.056895684841988E-7
 1106.6436674422361 -6.463492150279607E-7
 1119.3759597240168 -5.86372952538633E-7
 1132.229038260703 -4.1339691026214425E-7
 1145.2171131999302 -2.167128853106118E-7
 1158.3401845416988 1.737361565399015E-8
 1171.5911472121906 3.13760283914024E-7
 1184.9842113590414 6.622083460085107E-7
 1198.5051668346154 9.49810445313278E-7
 1212.1682237865488 1.0978753164876753E-6
 1225.9662771410232 1.1522968782165084E-6
 1239.899326898039 1.1535491872725752E-6
 1253.981583205232 1.035532496193616E-6
 1268.198835914966 7.473640820634026E-7
 1282.5581901010591 3.3946699650167947E-7
 1297.0596457635112 -9.920775308145645E-9
 1311.710307976141 -3.110354989433512E-7
 1326.5030716651294 -8.027035830647443E-7
 1341.4450419042952 -1.447682993110804E-6
 1356.5362186936381 -2.0096409056980163E-6
 1371.776602033158 -2.352161112700285E-6
 1387.1661919228552 -2.6905731211238835E-6
 1402.7049883627294 -3.271663631244504E-6
 1418.3929913527808 -3.424209023815478E-6
 1434.2444110406452 -3.5783434308924E-6
 1450.2450372786865 -5.267053994200594E-6
 1466.4019751407231 -5.1320261537534684E-6
 1482.715224626755 -4.995691975360062E-6
 1499.1847857367815 -4.6503308387608384E-6
 1515.8177635446213 -4.4321789365787635E-6
 1532.6141580502742 -4.310845113667878E-6
 1549.566864179922 -4.1945864565650815E-6
 1566.682987007383 -3.992182237058548E-6
 1583.9696316064748 -3.872675466777843E-6
 1601.412587829562 -3.7965029674908075E-6
 1619.0331708980977 -3.7588114127587515E-6
 1636.8100655906287 -3.5694886553149792E-6
 1654.7645871286088 -3.03367676522638E-6
 1672.8825253644017 -2.5250052693313803E-6
 1691.170985371826 -2.397123588462883E-6
 1709.6370722246986 -2.4566991314192923E-6
 1728.2736808492024 -2.411778510812211E-6
 1747.0879163191555 -2.366429748567624E-6
 1766.0726735607395 -2.220961285019654E-6
 1785.2421627215903 -2.1642969259422944E-6
 1804.582173654072 -2.455352826370223E-6
 1824.1069165058206 -3.004606187587741E-6
 1843.8092862030184 -3.851449229856635E-6
 1863.6892827456647 -4.622387109798874E-6
 1883.754011207578 -4.440035049783524E-6
 1904.0105766625767 -4.2559395387694424E-6
 1924.4447689630242 -3.3387215641509236E-6
 1945.063693182738 -2.6850027332343496E-6
 1965.8673493217195 -2.0773414093340644E-6
 1986.8628424537853 -1.5172468238870086E-6
 2008.050172578936 -1.0509262155546626E-6
 2029.422234623354 -8.034469457417985E-7
 2050.9932387346743 -7.022685997642271E-7
 2072.748974765262 -5.075164042908502E-7
 2094.7036528627527 -1.6699420347617676E-7
 2116.850167953328 1.8757145764062771E-7
 2139.1885200369874 5.458576787435513E-7
 2161.732919261369 5.504941965842981E-7
 2184.469155478834 2.609733742849066E-7
 2207.404333763203 8.158783791768956E-8
 2230.538454114474 -1.2737419959134757E-7
 2253.8715165326484 -3.368983507903688E-7
 2277.4106260915432 -9.315529566544446E-8
 2301.1486777173413 1.526477671695587E-7
 2325.09277648386 5.586602860270725E-7
 2349.2429223910994 7.015367107764596E-7
 2373.592010365241 7.730561877620047E-7
 2398.1542505539223 1.2220875791335701E-6
 2422.922537883324 1.7353759110792324E-6
 2447.8968723534462 1.9139266947527603E-6
 2473.084359038108 2.094001382696619E-6
 2498.4778928634896 1.9942101996788432E-6
 2524.0774738295926 1.9827749839049567E-6
 2549.897312084052 1.971241380207398E-6
 2575.9303025530502 1.5144030699973053E-6
 2602.169340162769 9.653508955084717E-7
 2628.6286350608447 4.271408410795317E-7
 2655.3010821734596 3.40247270422614E-7
 2682.1866815006123 6.098569383867433E-7
 2709.2925381161226 8.816753536307098E-7
 2736.611546946171 1.493141220509735E-6
 2764.1508130645765 7.371847573169836E-7
 2791.903231397521 1.1175687126497566E-7
 2819.8830120926395 -3.7451478816125616E-7
 2848.075945002297 -1.2527856554679503E-6
 2876.4962402741293 -1.4277192658261324E-6
 2905.136792834318 -1.361595301380202E-6
 2933.9904976090456 -1.2949792210986537E-6
 2963.071564745948 -7.184338364706547E-7
 2992.3799942450245 1.0235132329813555E-7
 3021.9086810324583 1.8822145537759033E-7
 3051.6576251082483 -1.6308675033044994E-7
 3081.6339315462137 -6.713176609697984E-7
 3111.837600346353 -9.67239376505911E-7
 3142.261526434849 -9.014699994947092E-7
 3172.9128148855206 -8.352091184983695E-7
 3203.7914656983657 -7.961005631394088E-7
 3234.8903737995683 -7.114541706296971E-7
 3266.223749336763 2.3546442397097927E-7
 3297.777382162315 1.0179642038057243E-6
 3329.565482423859 1.3494311439745225E-6
 3361.57383997376 1.053164511686623E-6
 3393.809559885836 6.501074872135924E-7
 3426.279747233904 4.752794855752557E-7
 3458.970191870329 4.276158032734686E-7
 3491.8951039427465 3.9449892760986193E-7
 3525.0473783773386 2.7005437571140073E-7
 3558.4270151741052 1.890839414271848E-7
 3592.034014333047 1.744434119744313E-7
 3625.8683758541633 2.5528158140395447E-7
 3659.930099737454 3.3666297246760997E-7
 3694.2262910567374 3.7425678460581553E-7
 3728.742739664378 2.0927421894269798E-7
 3763.4936557080104 9.633929545612743E-8
 3798.46482904 8.663087739577834E-8
 3833.670469807982 8.399726412536052E-8
 3869.0963678643206 5.59125941293815E-8
 3904.756733356652 2.4378776915134244E-8
 3940.63735613734 1.0762265830232731E-8
 3976.7524463540212 1.1026484917098213E-8
