 1.2981846668454102 1.275900993063473
 1.8278780507752985 1.7992352405000415
 2.3637917515545794 2.3119108605866487
 2.9060165767284984 2.806892557686089
 3.4546173888293756 3.2759774172713442
 4.009665536642761 3.711115676213246
 4.571238855207438 4.105412949911766
 5.1394151795621905 4.453687642499023
 5.714278830999031 4.752831952272401
 6.295888185797048 5.001707654563072
 6.8843145927417914 5.200607263724086
 7.4796877768979 5.35166936844751
 8.08206611454446 5.4584157025615045
 8.691514468213793 5.524818938330265
 9.308097700438214 5.554760789366066
 9.932010398814683 5.553452200394977
 10.56318770081088 5.525734178452896
 11.201759331491443 5.475100006523381
 11.847855015921011 5.405908736471807
 12.5015396166319 5.32185071875336
 13.162942858688753 5.226480750384954
 13.832064742091566 5.122701240662164
 14.509034991904977 5.012586253453208
 15.193983333193625 4.898642691811704
 15.88697462848983 4.782985074442423
 16.58807374032591 4.666916017009861
 17.297410393766504 4.551465872049407
 18.015114313876246 4.438003111266147
 18.741185500655141 4.326990464482094
 19.475818541700146 4.218897303507659
 20.219013437011255 4.113867318260858
 20.971029636717755 4.0122654979760854
 21.731802278287315 3.9145229796162475
 22.50146108678458 3.819993562849312
 23.280200649806502 3.7288600809824496
 24.068085829885404 3.6414151555207885
 24.865181489553606 3.557359491755674
 25.671682216408061 3.476871240563898
 26.487588010448774 3.400088961281134
 27.313028596740377 3.3265590721148177
 28.148198562879834 3.256348889854704
 28.993162771399457 3.189667580962535
 29.847986084831568 3.1262671744723555
 30.712863090773126 3.066199838024456
 31.58785865175645 3.009616021100045
 32.47310249284617 2.9563437863377983
 33.36872433910693 2.9062422895883157
 34.27485391560337 2.859189941395328
 35.19155608486781 2.814795789327682
 36.11902543449721 2.7727427463272076
 37.05732682702387 2.732743091830669
 38.00665485004477 2.694622497930448
 38.96707436609221 2.658483946688969
 39.938715100230844 2.624436941528507
 40.92170677752531 2.5926903504589313
 41.91624398557254 2.563412470062805
 42.922456449437206 2.536717914968781
 43.940409031651604 2.512449541800129
 44.97023145728038 2.490337045760506
 46.01211831392049 2.470321727932181
 47.06619932663657 2.4523344298055116
 48.13260422049326 2.4360993061436033
 49.211462720555203 2.421249011928859
 50.30296941441935 2.4075948128773454
 51.40718916461802 2.3948740478983965
 52.524316558748175 2.3827664575922176
 53.65454618440676 2.3713617845951242
 54.79794290412611 2.3607557292542482
 55.954701305503164 2.351088455827689
 57.124951113602584 2.3426142788679404
 58.30888691602131 2.3356421206976523
 59.50663843782397 2.3303924162950124
 60.71840026660755 2.3269865955125306
 61.94423726490435 2.325241567864864
 63.18440888284364 2.32485353191723
 64.43910970802239 2.3259611613052784
 65.70833974044059 2.3280464717092423
 66.99261788035682 2.330826762104077
 68.29181440270641 2.3344298283807733
 69.60592930748936 2.337977443180613
 70.93561122002887 2.3419661013614194
 72.28021151500177 2.345800590431775
 73.6410274430544 2.3495228197891133
 75.0174103788636 2.3538460992671885
 76.41000894775254 2.35830917031497
 77.81882314972124 2.3631416980092225
 79.24450161009288 2.369100805751987
 80.68639570354428 2.3766825645588096
 82.14450543007541 2.3841474895756156
 83.62012804033267 2.391420522315924
 85.11326353431608 2.4001241870683296
 86.62326328670241 2.4100167560069416
 88.15077592281489 2.4203527975653074
 89.69645006797667 2.4322035987126393
 91.2596370968646 2.444954830893869
 92.84163426012502 2.4586140363545285
 94.44179293243478 2.474567080365403
 96.06011311379385 2.492458993797239
 97.69724342952543 2.5123088980798526
 99.35383250495272 2.5349697346003163
 101.0292317147525 2.559152029959112
 102.72473830957118 2.583479614823897
 104.43970366408557 2.6072576641817466
 106.17412777829566 2.6281569931015265
 107.92865927752463 2.645544970737336
 109.70394678709567 2.6610432425147423
 111.4999903070088 2.6771287056150905
 113.31614121194085 2.6932973545605705
 115.15434537786132 2.710437709484873
 117.01265692880068 2.7276210936148244
 118.8936703660517 2.7444273708323567
 120.7954398136448 2.7610204069124604
 122.71991114754957 2.775967361102198
 124.66643574244279 2.7899391558891575
 126.63566222364766 2.8029939866029902
 128.62759059116416 2.816848457585692
 130.64222084499232 2.831379372521127
 132.68085023577853 2.847058064974208
 134.74218151287638 2.862460891436356
 136.82816055225544 2.876737106547241
 138.93749010326934 2.889363039620407
 141.07211604188765 2.8998860345577104
 143.23074111746402 2.9088257435609405
 145.41401395532156 2.9146099116579367
 147.62323180610673 2.919201326827999
 149.85774604449633 2.9248189456332047
 152.1175566704903 2.930857190518593
 154.4039609347351 2.93744299839799
 156.71631021190748 2.944129120222356
 159.05590175265382 2.950637451836646
 161.422086931651 2.957408822775232
 163.8155143742221 2.9650645971582232
 166.23618408036722 2.974399206005081
 168.6853933007327 2.985981148073895
 171.16184478467215 2.998578981466985
 173.66748440815513 3.011296594076081
 176.2023121711817 3.026330521854899
 178.7656794484286 3.04436086074358
 181.3582348652191 3.0648749722017565
 183.98127567219947 3.0879876528413534
 186.6341532440466 3.1133256121141203
 189.3175162060837 3.1404940631614643
 192.03136455831068 3.169225846826044
 194.77699555137397 3.199843164268329
 197.5537605599504 3.2322535067325834
 200.36230820936313 3.264875281248938
 203.2026384996122 3.2959797432459922
 206.0760486813439 3.3242367469869802
 208.98253875455833 3.350043702770491
 211.92146009393223 3.37297692798526
 214.89475857543527 3.3938534560129807
 217.90178557374417 3.4136723920349596
 220.94318971418206 3.4320962675893555
 224.01961962207232 3.4499655616538893
 227.13107529741478 3.468659595897295
 230.27755674020951 3.4886898586048333
 233.46036120110287 3.5102611675116066
 236.68013730541807 3.535521189526553
 239.93558780250873 3.5648608760537716
 243.2286585683444 3.5974468911397465
 246.5593496029251 3.6319640382700684
 249.92766090625082 3.6643972757020684
 253.3342411036447 3.6930349256104064
 256.77973882043005 3.7199812077345084
 260.26480268192995 3.747648472406402
 263.78878406282126 3.775992961958644
 267.3529802137504 3.804997043403785
 270.95803976004043 3.8354755819328234
 274.6039627016915 3.864797766617823
 278.2907490387035 3.88713618765205
 282.02034464704604 3.9012874185074917
 285.79145227607273 3.909220478758674
 289.60536917643 3.912656189692979
 293.46209534811777 3.915283689144865
 297.3629280417825 3.9223824502536652
 301.30786725742416 3.937369035973359
 305.2975616203659 3.9591305942048014
 309.3326597559309 3.986992453835009
 313.4125130387961 4.018645921181694
 317.53906734493085 4.04918842460733
 321.7116740490122 4.07429961341335
 325.9316304016864 4.093517450884708
 330.1989364029535 4.1096327298072
 334.5142406781366 4.12505553160221
 338.878191852559 4.142577808524441
 343.2914385515438 4.1654014570430435
 347.75398077509106 4.195260203279345
 352.26711577384713 4.229581870329178
 356.830843547812 4.26082010420098
 361.4451640969857 4.282406363948237
 366.1120232973379 4.2964883224812284
 370.8307725235452 4.309031923982904
 375.60270902625404 4.326882140395754
 380.4278328054645 4.354442535679097
 385.3067924864998 4.38396752925224
 390.24023669468294 4.401847211664726
 395.22881405533735 4.4046311114028835
 400.273173193786 4.399473077407323
 405.3739627353523 4.392584826402471
 410.5318313053592 4.387605958573977
 415.7467789038069 4.3859651815669424
 421.0194541560184 4.386397014193453
 426.3511543126403 4.387250722401494
 431.7425279989957 4.389023131438537
 437.1929265897613 4.39328471804474
 442.7042959609068 4.395715182160169
 448.2772847377554 4.389162421612772
 453.91124429498376 4.371013226810765
 459.60812050856156 4.346941048710629
 465.3679133784889 4.328681715154418
 471.1912715300888 4.32069176356342
 477.0788435886845 4.312975967649137
 483.03127817959915 4.2964853546576
 489.0498725534793 4.27394951489341
 495.1346267103247 4.24003336909744
 501.2861892754588 4.184433092588404
 507.5058574995278 4.115519721227739
 513.7936313825317 4.043263170260889
 520.1501595497938 3.966925660407008
 526.5767392519605 3.8893583731204803
 533.0740191143547 3.8150293883135835
 539.6419991369768 3.7434293424110074
 546.2819765704729 3.675201509054908
 552.9946000401662 3.611505870812577
 559.7805181713801 3.5445354093182515
 566.6410282147608 3.4646211089561722
 573.5754815449852 3.371685040472731
 580.5858240380228 3.2720673679519136
 587.6727043191968 3.169506331653237
 594.8361223885073 3.0667893567869297
 602.0780241219237 2.9677870284659872
 609.3977608941229 2.8675301569784656
 616.7972785810746 2.76124013990794
 624.2772258081018 2.6507338720551345
 631.8376025752045 2.533553485911632
 639.4797061330291 2.403179165902995
 647.204185106899 2.2578728300537962
 655.01428262343 2.1083078558236647
 662.9015665534204 1.9653354366220416
 670.8796580286574 1.8374879055899324
 678.9420707959093 1.7277861945349446
 687.0952911084077 1.626228601259952
 695.3263464596889 1.515904658323736
 703.6546956094486 1.3954199905726607
 712.0673660512231 1.2780909496802035
 720.570844038244 1.167989676959795
 729.1651295705117 1.061983000334388
 737.8502226480258 0.9609876862967979
 746.6261232707867 0.8682199889258193
 755.4993176920259 0.7842896408647917
 764.4698059117438 0.7062089403173233
 773.5246154234763 0.6291045537169903
 782.6832049869192 0.5554270971925491
 791.9390883488406 0.4886706559660301
 801.2922655092405 0.42699977606521732
 810.7362502148871 0.3694905637688558
 820.2905012254758 0.3173345390707372
 829.9355597813114 0.2702989128421625
 839.6908846420889 0.22818101596807
 849.5435033013454 0.18963334270089782
 859.4999020123118 0.15410374857149194
 869.5600807749888 0.12405961350880751
 879.7240395893764 0.10108191841772504
 889.9982647087061 0.08454640872152831
 900.3762698797461 0.07237326345308885
 910.8645413557286 0.06355225171065146
 921.4630791366534 0.05962732454083397
 932.1653969692886 0.06328488387405302
 942.9844673600979 0.07438787848576778
 953.9073178026176 0.09023014816836146
 964.9534070565435 0.1079340595989304
 976.1032763621797 0.12399213428113431
 987.376384479222 0.13302601034620453
 998.7597589012067 0.1286244281220019
 1010.2598858813656 0.10918813078529423
 1021.8832516729304 0.07971337677854028
 1033.6168837694376 0.04891211485130784
 1045.473754677351 0.025402031837353365
 1057.4538643966704 0.010894276480862834
 1069.5507266741642 2.2931520793430023E-4
 1081.7773140162958 -8.94087559121365E-3
 1094.1206539166016 -0.012846993571781448
 1106.5937188815455 -8.799704308716719E-3
 1119.1900226578954 3.1303026645927893E-3
 1131.9095652456514 0.02073057067959293
 1144.7653191512777 0.03787875489404879
 1157.7443118683097 0.047813861173372204
 1170.8530296499798 0.04810780652459099
 1184.0914724962876 0.04292101705535898
 1197.4661266604657 0.041615429020349065
 1210.9705058892816 0.04897894973783185
 1224.6110964359675 0.059166726016201105
 1238.3878983005233 0.06618200009189096
 1252.300911482949 0.07052304987755065
 1266.3501359832446 0.06858087635414811
 1280.53557180141 0.04735513263495932
 1294.8572189374453 7.079386117777203E-3
 1309.3280498978147 -0.02774320228697217
 1323.9350921760535 -0.0407743168545887
 1338.6848320253941 -0.037515980385251605
 1353.577269445837 -0.027744839786198703
 1368.6124044373812 -0.019285075194645492
 1383.7967232532594 -0.01698487128283808
 1399.1302258934713 -0.015239508397145983
 1414.6064261047847 -4.6666532908235655E-3
 1430.2318101404321 0.022030338494923196
 1446.012864253645 0.07472678770733823
 1461.9366159379596 0.13990804896262534
 1478.0225239530718 0.1811448835628078
 1494.2511295392857 0.1866863066389616
 1510.6418914562973 0.17117105399578341
 1527.1818371976426 0.14734497415207767
 1543.8774530165535 0.11966975867768183
 1560.7352251662616 0.0928697951791383
 1577.7486673935356 0.0746261042335951
 1594.9242659516071 0.06915532824170334
 1612.2555345872442 0.08652406677411599
 1629.7554458069105 0.13141666493094164
 1647.4110271041427 0.1906704796343919
 1665.2352509854038 0.24315411735102318
 1683.221631197463 0.25470898920723905
 1701.3701677403191 0.21947186730582102
 1719.687346867205 0.18049056356305553
 1738.1796548313525 0.1614785722876019
 1756.834119126297 0.13798213861004982
 1775.6572260052707 0.10821162234604866
 1794.6489754682745 0.09831601635978879
 1813.8158537685392 0.09500659792534098
 1833.157860906065 0.08110999701158139
 1852.6685106276206 0.06690946906275742
 1872.3607754396691 0.03787298902148817
 1892.2216828357472 -0.022647633096329545
 1912.2642053223187 -0.06620684178594433
 1932.4818566461513 -0.06419551309629112
 1952.874636807245 -0.0569791434266385
 1973.4555183120642 -0.04246691955177151
 1994.2115286541443 -0.015864893029067732
 2015.1491540867177 -0.01910799604942455
 2036.2683946097843 -0.05872338051111975
 2057.569250223344 -0.09968497057808874
 2079.0582071806293 -0.07880346586945292
 2100.7287792284073 6.378611292438901E-3
 2122.5874526199104 0.04009129894864527
 2144.634227355139 -0.050426310913122204
 2166.8626171808605 -0.1742012569237924
 2189.2855946035392 -0.22249119638477893
 2211.896673369943 -0.21630406795188311
 2234.695853480072 -0.2123856243963324
 2257.6896211871576 -0.22744348400968797
 2280.8714902379683 -0.24010521056141231
 2304.2414606325046 -0.19091335229753483
 2327.8125048772294 -0.0653642182559698
 2351.578136718911 4.36215196675453E-3
 2375.5318699043182 -0.09314920616258186
 2399.686676939914 -0.177368930755352
 2424.0360715724673 -0.10278710896037598
 2448.5800538019766 -0.029545129694638686
 2473.325109881676 -0.0683167474847515
 2498.2647535583314 -0.12718580241153981
 2523.4054710851764 -0.1297670600825977
 2548.740776208978 -0.08965875665761723
 2574.2836414362004 -0.03250283497265004
 2600.0210942603803 2.075583809601757E-3
 2625.9661071879804 0.023949314603830415
 2652.11219396577 0.05451777812196508
 2678.452868340516 0.09348127910679278
 2705.001102818683 0.17804800407895932
 2731.756897400271 0.3044883935985325
 2758.7137658320475 0.4440662421953365
 2785.871708114013 0.5641659164715065
 2813.2372104993996 0.6163681660767285
 2840.8102729882066 0.6248175442681916
 2868.584409327203 0.6379440254905201
 2896.56610576962 0.6546761898266455
 2924.7553623154576 0.708013138352136
 2953.1456927114845 0.7417701071276827
 2981.7500694641635 0.6895873361648032
 3010.555520067032 0.672960745191432
 3039.575017026553 0.6965361152038082
 3068.795587836263 0.6312840894207966
 3098.2237187493933 0.5132611373393238
 3127.865896019177 0.4440232588335782
 3157.7091471391495 0.3901192242137479
 3187.766444615774 0.2966736722834862
 3218.03130219582 0.20181502201170342
 3248.5037198792865 0.14392233180112401
 3279.183697666174 0.09715574333326588
 3310.0712355564824 0.01192671422150786
 3341.166333550211 -0.09406430316319901
 3372.475477900593 -0.17791480750582436
 3403.9856961011637 -0.24191270071392892
 3435.709960658387 -0.2948929486697507
 3467.6352990657992 -0.3521330551528829
 3499.7746838298644 -0.3941067787012322
 3532.1151424441177 -0.3839669744771925
 3564.669647415024 -0.34037345158957643
 3597.4252262361196 -0.2822492741594626
 3630.394851413868 -0.2182989776423438
 3663.5655504418045 -0.16595575000219456
