 0.0E+0 0.0E+0
 0.21421941024439172 0.0297901614093685
 0.6451767049847358 0.08973197882998771
 1.0812044414507657 0.1503806233484825
 1.5223642039549394 0.21168765456236837
 1.9687046116913027 0.27356427812742145
 2.420301294517259 0.33589470899551077
 2.877208273759526 0.39855325160548843
 3.339484972877493 0.4614179167155607
 3.8071962174632205 0.5243750674768242
 4.28040683310877 0.5873149349756415
 4.759187047538872 0.6501225557898125
 5.2435854799475745 0.7126696725373284
 5.733661553794265 0.7748110616306451
 6.229523311732379 0.83638566059614
 6.731219372955961 0.8972208569197505
 7.238803758791729 0.9571376810534339
 7.7523304905664 1.0159557583470162
 8.271961632260126 1.0734966023941612
 8.79764316254619 1.1295865387197405
 9.329483124078028 1.1840599308148263
 9.86758955950907 1.2367627316183376
 10.412016490166039 1.2875558120075922
 10.962871958702365 1.3363154105946966
 11.520155965118052 1.3829307216159936
 12.083976552066531 1.4272992252490734
 12.654441762201238 1.469321880552837
 13.23160561684889 1.5088992205581714
 13.815522137336206 1.5459281962438267
 14.40629936631662 1.5802995019627636
 15.004045346443563 1.611895573711731
 15.60876007771704 1.6405900528158758
 16.2206056241172 1.6662482180165918
 16.839581985644045 1.688727942347855
 17.465905247604442 1.7078808856083631
 18.099521388671675 1.7235535107084574
 18.74053845149918 1.7355891932861078
 19.389118500067105 1.7438316520833208
 20.04531555570217 1.7481305543385332
 20.709183639731094 1.748348189254943
 21.380884816134024 1.7443661384931377
 22.060419084910964 1.7360905834000381
 22.747894488715346 1.7234561979289158
 23.443473091527327 1.7064287680793626
 24.14720891467362 1.6850071852396957
 24.85915597948094 1.6592254092087102
 25.57947634992944 1.6291541645122831
 26.308224047345845 1.5949022739858651
 27.04550711438358 1.5566178459060395
 27.79143359369608 1.5144909979253604
 28.546111527936787 1.4687572583360701
 29.309594938432415 1.4197006794066144
 30.082045889163115 1.3676561098073243
 30.8635184014556 1.3130074315043045
 31.65417453929003 1.2561780878571278
 32.45406832399312 1.197617367416228
 33.2633077982183 1.137790292682681
 34.082001004619016 1.0771652704801613
 34.9103100071754 1.016193473578591
 35.74834284854091 0.9553000363545726
 36.59615355004224 0.8948970291140886
 37.45385015433284 0.8353934871248213
 38.321594725392856 0.7771853939550627
 39.19949530587573 0.7206387974506516
 40.08765993843489 0.6660815749276098
 40.98619666572377 0.6138022016851754
 41.895267551722525 0.5640436798550179
 42.81492661775788 0.5169887856795498
 43.74533592780997 0.4727468384711282
 44.68665754585894 0.43135639108068973
 45.638945493231545 0.3927997254607783
 46.602361833907906 0.35701407496466275
 47.57701461054147 0.3239006820513318
 48.56306588711238 0.2933425408942258
 49.56062370627407 0.26522576674160747
 50.56985013200671 0.23944736490918655
 51.590799185636996 0.2159015285380262
 52.6236869524718 0.19446768143678408
 53.66867549649128 0.17502603213784773
 54.72576481769545 0.15747672032022602
 55.79538708669803 0.1417289256144628
 56.87743426084558 0.1276743784571551
 57.97190634013811 0.11517081099971954
 59.0793435378428 0.10404726632696057
 60.199205640692476 0.09412723074983884
 61.33257307522146 0.0852497029611962
 62.478905628162614 0.07727862190908041
 63.63874351278309 0.07010151469038856
 64.81208672908288 0.06361869799302558
 65.99947549032917 0.05773466938833814
 67.2003695832548 0.05236355712683839
 68.41476900785973 0.047442301135003965
 69.64375419067835 0.04293398493912729
 70.88732513171064 0.03881418837484022
 72.14494161768943 0.03505336678040327
 73.4171438618819 0.031611379364870254
 74.70447207755518 0.028447267517250577
 76.00638605144216 0.025538424140398117
 77.32396621007715 0.022895618665708092
 78.656672340193 0.020553316574732003
 80.00450444178968 0.01852713099425001
 81.36800272813437 0.016773255961208263
 82.74770741249426 0.015199617006195628
 84.14307828160217 0.013717700555824665
 85.55519576199242 0.012278163522435518
 86.9835196403979 0.010871851670434647
 88.42804991681855 9.520712646021258E-3
 89.88932680452157 8.270087161257192E-3
 91.36789051677411 7.173239579023161E-3
 92.86374105357619 6.265084479906428E-3
 94.37633820166066 5.539603254962451E-3
 95.907302600829 4.953957965508721E-3
 97.45501361127968 4.458823856125666E-3
 99.02163208608142 4.022354125693995E-3
 100.60553738543273 3.630286364140004E-3
 102.20835014913507 3.2763187994121556E-3
 103.8295301639213 2.9563342640335724E-3
 105.4696176430586 2.6669135890835093E-3
 107.12861258654692 2.405126438562701E-3
 108.80651499438632 2.168412731840206E-3
 110.50440529311112 1.9544672244842112E-3
 112.22120305618697 1.7611667697339842E-3
 113.95852892341539 1.5865397209846785E-3
 115.71530246826205 1.4287634385211198E-3
 117.49314433052845 1.2861746652306682E-3
 119.29097408368025 1.1572798390299598E-3
 121.10933194098463 1.0407569485962051E-3
 122.94929832897593 9.354470015657947E-4
 124.81033303438699 8.403366606774472E-4
 126.69243605721778 7.545360272278156E-4
 128.5966878240027 6.772553486709069E-4
 130.52254812147447 6.077840306250705E-4
 132.47109737616756 5.454731641046207E-4
 134.44179537481474 4.897198622142837E-4
 136.43518233068314 4.399494292307803E-4
 138.45125824377285 3.955951163473598E-4
 140.4911035406182 3.5608237245024303E-4
 142.55363779468476 3.2082918820455156E-4
 144.64048164577414 2.892666423694873E-4
 146.7516350938863 2.608702358448595E-4
 148.88655792575406 2.3518655426667042E-4
 151.04579035464462 2.1184489749805684E-4
 153.2304128070923 1.9055422608732646E-4
 155.43988506982995 1.710910512664514E-4
 157.67474735612475 1.5328404675162701E-4
 159.93499966597664 1.3699859778823085E-4
 162.22172242592003 1.2212238741354387E-4
 164.53437542268773 1.0855248863854472E-4
 166.8734988695469 9.618501597077099E-5
 169.23909276649754 8.490903023652293E-5
 171.63223754007401 7.460582830638828E-5
 174.0529331902763 6.51534935463474E-5
 176.50063950383724 5.6435008224922503E-5
 178.9769771205584 4.834753699492021E-5
 181.4814058271725 4.081139610808015E-5
 184.01446583694675 3.377940074839648E-5
 186.57669736314838 2.7247633768583445E-5
 189.16810040577735 2.126391605599104E-5
 191.7886749648337 1.5923819534184523E-5
 194.43950146685168 1.1345454297460244E-5
 197.12112012509854 7.626434061798296E-6
 199.83245051303993 4.799901276536291E-6
 202.57511327047731 2.810690988353557E-6
 205.3491083974108 1.5242391395329384E-6
 208.15443589384025 7.633126097307748E-7
 210.99163597303294 3.5255744395728563E-7
 213.86124884825602 1.5028257183226032E-7
 216.76381473277663 5.9365496866802645E-8
 219.69879341332767 2.204944026363195E-8
 222.6672653164434 8.080414519100682E-9
 225.66977065539103 3.3004931054164164E-9
 228.70630943017056 1.6838619974802472E-9
 231.776881640782 1.0010974118556812E-9
 234.88310792702688 6.212722102932647E-10
 238.02390786237077 3.850579517318792E-10
 241.20036187334812 2.354838472279973E-10
 244.41246995995888 1.4164345913409892E-10
 247.66131254873744 8.3749553593664E-11
 250.94688963968374 4.8711413274853273E-11
 254.26974144606498 2.7924391543227063E-11
 257.6304081811483 1.5831794205136646E-11
 261.02834963166662 8.921503517583677E-12
 264.4651864374213 5.026430396593675E-12
 267.9403783851454 2.84569762596143E-12
 271.455005901373 1.6224518968038654E-12
 275.00906898610435 9.301003202031328E-13
 278.6031078526064 5.338316430234832E-13
 282.2376627141465 3.0520647821954426E-13
 285.9132737839917 1.7304339626194605E-13
 289.62994106214205 9.695734540693435E-14
 293.38874497513194 5.354529759717729E-14
 297.18968552296126 2.9083766316811043E-14
 301.03276270563014 1.5508152119808814E-14
 304.91959716294 8.103831802976703E-15
 308.8496486816237 4.142750555466757E-15
 312.8239976882156 2.068141510013695E-15
 316.8426441827157 1.0063550875461706E-15
 320.90612837839114 4.763690235034773E-16
 325.0149904885091 2.189069424772238E-16
 329.1697707263368 9.744979389290283E-17
 333.37100930514134 4.193732713588354E-17
 337.61924643819 1.741285963857336E-17
 341.91502233874984 6.963962168075325E-18
 346.2583370068209 2.6792026463539844E-18
 350.64973065567033 9.908176122294933E-19
 355.09028371183256 3.5216771321907765E-19
 359.5805363885747 1.2034571910634583E-19
 364.1199484726296 3.956873249292089E-20
 368.7101406037987 1.2528180217869879E-20
 373.3516529953493 3.822797446657912E-21
 378.0439454340141 1.1248419222344171E-21
 382.78863855959474 3.192860226563686E-22
 387.5857323720911 8.744018129976695E-23
 392.43576708477053 2.3101683023420183E-23
 397.3392829109 5.885712759595952E-24
 402.29682006374673 1.4448147458803078E-24
 407.30945896984525 3.4125254624372104E-25
 412.3771996291953 7.739126098259478E-26
 417.5005822550642 1.6804818670707045E-26
 422.6806872739863 3.48121861421384E-27
 427.9175146859615 6.850048537835834E-28
 433.2116047042571 1.27415510135708E-28
 438.5640377554074 2.230229494517282E-29
 443.9753540526795 3.6663439095281075E-30
 449.44555359607346 5.705097784963486E-31
 454.97571681212366 8.763426142751528E-32
 460.56638391409722 1.562730840483001E-32
 466.2180951152613 4.5166114192740114E-33
 471.9319308421504 2.054800337570559E-33
 477.7073508814971 1.153054724363207E-33
 483.5459758731031 7.132972721131278E-34
 489.4483460302355 4.476439493005092E-34
 495.4144613528943 2.7544525222763934E-34
 501.445942480881 1.6639868326018761E-34
 507.54224920092855 9.988819687761968E-35
 513.7050021528383 6.050851974247301E-35
 519.9347415498776 3.742910561807419E-35
 526.2314673920463 2.362675382788156E-35
 532.5962601058787 1.4942166710848724E-35
 539.0296599046424 9.227632795118824E-36
 545.5343678546726 5.45559965829092E-36
 552.1033611834965 3.077067968294308E-36
 558.7479843697246 1.6969668702530786E-36
 565.4628352806852 9.527016350284872E-37
 572.2533160490501 5.492188828069538E-37
 579.1086224094757 3.1868842846401107E-37
 586.0449607599772 1.8519686369310042E-37
 593.0515268352113 1.088052360692644E-37
 600.1337227678496 6.527138148805456E-38
 607.291548557892 4.022931000996411E-38
 614.5250042053387 2.5068436043917476E-38
 621.8340897101897 1.5303616900371007E-38
 629.2242072051166 9.005112700818479E-39
 636.6953566901195 5.114925713917514E-39
 644.2367338998548 2.8241294160733177E-39
 651.8645452323378 1.5282410041448271E-39
 659.5733885548967 8.142916191307824E-40
 667.3632638675316 4.2665437838717754E-40
 675.2287690375708 2.2000045165592145E-40
 683.1861104630294 1.1234000205236162E-40
 691.2190817458923 5.683124854621092E-41
 699.3438892841743 2.8138792760952507E-41
 707.5497288125325 1.3530437448090178E-41
 715.8420024636383 6.403732492947892E-42
 724.2207102374917 3.072010670888615E-42
 732.685852134093 1.528087949689964E-42
 741.2428302861136 7.871797946650087E-43
 749.8862425608819 4.129404208305723E-43
 758.6214910910696 2.1751684852446535E-43
 767.4485758766767 1.1439788458763793E-43
 776.3620947850317 5.992757370629735E-44
 785.3728520814776 3.1179622315171263E-44
 794.4700435006712 1.605669348647365E-44
 803.6698754406277 8.158459399139738E-45
 812.9561415033319 4.076896405434134E-45
 822.3450480867989 1.99431435018567E-45
 831.8257909256854 9.48211049982106E-46
 841.403772152663 4.344597314191392E-46
 851.0843939004035 1.903655816724921E-46
 860.8568519035634 7.919123652358284E-47
 870.7319504274861 3.093503531118511E-47
 880.7096894721718 1.1171581135323961E-47
 890.7846669049487 3.667442211399874E-48
 900.9676869911601 1.0794062819366657E-48
 911.2479454654625 2.8398064423827584E-49
 921.6362465931998 6.755766447735375E-50
 932.1271882416997 1.4835209898187596E-50
 942.7207704109626 3.071699131828393E-51
 953.4277973663319 6.090099840431364E-52
 964.237464842464 1.1642432108404018E-52
 975.1551749720306 2.1431218733421895E-53
 986.1809277550319 3.768698777768736E-54
 997.3201253241396 6.26032966708928E-55
 1008.5673655466818 9.75554354976349E-56
 1019.9280505553304 1.4356756263594254E-56
 1031.4021803500854 2.0400037277594528E-57
 1042.9897549309464 2.9292395413301407E-58
 1054.690774297914 4.9478870954229134E-59
 1066.505238450988 1.1786530529287171E-59
 1078.4331473901681 3.2636566198416655E-60
 1090.4853053807983 8.795560653161953E-61
 1102.6509081575345 2.5364456957305827E-61
 1114.935357853049 9.323332336879802E-62
 1127.3386544673417 3.8528202516984692E-62
 1139.8607980004121 1.5547492748073427E-62
 1152.5071905849326 5.879477397425495E-63
 1165.2778322209028 2.057342591765749E-63
 1178.167320775651 6.641312164124059E-64
 1191.181058381849 1.9837852406664944E-64
 1204.3244471721684 5.529258912553171E-65
 1217.5866828812661 1.4557692952089592E-65
 1230.983971907157 3.669160024287295E-66
 1244.5001078518257 8.952806579526749E-67
 1258.151297113288 2.129788832458724E-67
 1271.9267354262 4.955058376082682E-68
 1285.8318249232336 1.127868942235965E-68
 1299.8719677370602 2.5124089578673462E-69
 1314.0417617350085 5.5083797126611944E-70
 1328.34660904975 1.2163634741285636E-70
 1342.7811075486131 2.8139027128625947E-71
 1357.3560614969412 6.923147901766968E-72
 1372.0606666293906 1.7472349096024908E-72
 1386.9057272113052 4.306409323937558E-73
 1401.8858411100131 1.0083393109323832E-73
 1417.001008325514 2.241577151869073E-74
 1432.25663099048 4.813767955423388E-75
 1447.658111237583 1.0072281467633452E-75
 1463.194644801479 2.0282198819278787E-76
 1478.8716338148396 3.939687185748789E-77
 1494.6890782776658 7.266216971310816E-78
 1510.6523803226284 1.1738630424730321E-78
 1526.7615399497278 1.513706712719523E-79
 1543.0111550262922 1.4848803576919445E-80
 1559.4120298176651 1.137647881874314E-81
 1575.953360058503 7.573407080756597E-83
 1592.6459500141493 5.054782598194446E-84
 1609.4843975519322 3.5665223446228045E-85
 1626.4687026718518 2.4861946436996703E-86
 1643.609669639252 1.5836876572905655E-87
 1660.8964941887884 8.724858559439761E-89
 1678.3345784531334 4.4025816642134215E-90
 1695.9239224322868 2.2475739884527444E-91
 1713.6645261262488 1.6327854247936082E-92
 1731.561791667691 1.8783163919495468E-93
 1749.6103169239413 2.1591168472520404E-94
 1767.815504027672 2.657750178747559E-95
 1786.1773529788831 4.416321371157116E-96
 1804.6904616449023 8.97510479184342E-97
 1823.3656342910737 1.9106767542026557E-97
 1842.197468784725 4.1094101440240535E-98
 1861.1859651258566 9.043670515399555E-99
 1880.3365254471402 2.0181014918581773E-99
 1899.6437476159037 4.3720561173324357E-100
 1919.1076316321477 8.559884465359654E-101
 1938.7389817612152 1.4280383417864773E-101
 1958.5323958704345 1.976084162238781E-102
 1978.482471827134 2.310151903945374E-103
 1998.6000138966574 2.4446785148388442E-104
 2018.8796199463326 2.9897961768812142E-105
 2039.3212899761592 5.424444652833378E-106
 2059.93042611881 1.0523925646028839E-106
 2080.7016262416127 1.782386870246211E-107
 2101.640292477239 2.5658096409799465E-108
 2122.741022693017 3.063086117338152E-109
 2144.0146211542905 3.15009221824564E-110
 2165.450283595716 2.9306409501401706E-111
 2187.058814282637 2.540837417564027E-112
 2208.834811082381 2.1520861509691777E-113
 2230.772871862277 1.822023410304823E-114
 2252.8838008876687 1.523784306231013E-115
 2275.167598158556 1.2438010683413576E-116
 2297.6188615422665 9.372701995084321E-118
 2320.237591038801 5.838204353414796E-119
 2343.0291887808307 4.357979966656639E-120
 2365.993654768355 6.979737089382747E-121
 2389.125586868704 1.4736625256840284E-121
 2412.4303872145483 2.9455973939981244E-122
 2435.908055805887 5.259493087701542E-123
 2459.5531905100506 8.355695788448818E-124
 2483.3765955923804 1.1540678911128303E-124
 2507.3674667875343 1.2384871503791023E-125
 2531.536608360855 9.27478023420425E-127
 2555.873216047 4.708433637078718E-128
 2580.3826919786392 1.696507788106079E-129
 2605.0704382884464 4.743831318055575E-131
 2629.925650711077 1.1072839067753721E-132
 2654.9591335118743 2.241065777164255E-134
 2680.1654845581674 4.0090830850193966E-136
 2705.544703849956 6.436885035704265E-138
 2731.0967913872395 9.473759187020668E-140
 2756.821747170019 1.3262620881183124E-141
 2782.7195711982935 1.8669773636884317E-143
 2808.7956656047354 2.7581074519056025E-145
 2835.0392261240003 4.230943282285231E-147
 2861.4610570214326 6.491768495081887E-149
 2888.0503540316885 9.759442506777346E-151
 2914.817921420112 1.4465306775791688E-152
 2941.752954921358 0.0E+0
 2968.866258800772 0.0E+0
 2996.1470287930096 0.0E+0
 3023.6060691634143 0.0E+0
