 0.0E+0 0.0E+0
 0.2924047810359126 4.054145235811638E-3
 0.8806520050415095 0.014484852665733513
 1.4758202704264247 0.029944340825101313
 2.0779936384219852 0.049286250929113983
 2.687238473158188 0.0715512651884278
 3.3036580077261357 0.09595383901809697
 3.9273259800480473 0.12186888056662516
 4.55832350183836 0.14881173721529467
 5.196739058603736 0.17641312732802072
 5.842661135850836 0.2043936699151405
 6.4961855928785414 0.23254127926090642
 7.157378793816849 0.2606929225085269
 7.826321850380198 0.2887208344590947
 8.503162238413022 0.31652300051487386
 9.187966322045316 0.3440166315477938
 9.880807839199301 0.3711334713599596
 10.58176052779719 0.39781606124456514
 11.291045601605635 0.42401520416831534
 12.008589322702424 0.44968829993868203
 12.734539166931986 0.4747986440263603
 13.469042610138757 0.49931532055550686
 14.212173390244956 0.5232130550986235
 14.964078983095018 0.5464713856772588
 15.724759388688941 0.5690735614516368
 16.49436208287116 0.5910061860521505
 17.27303454148611 0.6122597311447435
 18.060850502456005 0.6328291086732614
 18.857883703703066 0.6527136779504483
 19.664281621071733 0.6719165922889353
 20.480191730406431 0.6904440740202777
 21.305614031707165 0.708303819388225
 22.140769738740583 0.725503931839103
 22.98565885150669 0.7420523041693156
 23.840576321694356 0.7579575569444983
 24.705448411381357 0.7732298622768424
 25.580422596412134 0.7878809745350916
 26.465720090553332 0.801923836061921
 27.361414631727175 0.8153724410452396
 28.26757995785588 0.8282417978859514
 29.184437282706095 0.8405480019698405
 30.111986606277827 0.85230763019717
 31.0503754044155 0.8635362796904722
 31.999824890885776 0.8742474755683611
 32.96040880361087 0.8844534910259965
 33.93220088051299 0.8941674362983275
 34.9154223353588 0.903403489804088
 35.91014690607051 0.912175374155413
 36.916522068492554 0.9204952130145231
 37.93469529846937 0.9283737334225989
 38.9648140718454 0.9358207992442062
 40.006952126542856 0.9428460415483857
 41.06133067632838 0.9494592596971781
 42.12802345912419 0.9556698300453467
 43.207251688696963 0.9614860500956136
 44.29908910296889 0.9669153785771606
 45.403683177784415 0.9719645118368806
 46.521181388987976 0.9766393254274399
 47.65180495034621 0.9809448756676042
 48.795701337703576 0.9848859213776503
 49.952944288982266 0.9884673666666227
 51.12368128002673 0.9916958198642379
 52.30813352460362 0.994580793041405
 53.50644849855737 0.9971338580856537
 54.7187736777324 0.9993677449957904
 55.94525653797316 1.0012964097591345
 57.1861182930463 1.0029344451574788
 58.44143268087404 1.0042957787677058
 59.71142091522303 1.0053945820606922
 60.99630420985991 1.0062464376190425
 62.29615630270691 1.0068674254818283
 63.61119840753068 1.0072720844903142
 64.94157800017565 1.007472381491585
 66.28751629440849 1.0074783988226252
 67.6491607660736 1.0072992189326566
 69.02673262893767 1.0069437018414393
 70.42030562092289 1.0064190823279466
 71.83017469371813 1.0057304652261698
 73.25656106109005 1.0048818578791616
 74.69946472303867 1.0038768736234378
 76.1594755829417 1.002717064442179
 77.63644616495472 1.0014010865878586
 79.13037646907772 0.9999258818173705
 80.64200387453288 0.9982883607645855
 82.17059100209802 0.99648797239126
 83.71761261021749 0.9945269112295807
 85.28233131966913 0.9924088740604037
 86.86548450967508 0.9901361551708767
 88.46707218023538 0.9877094254734112
 90.08783171057217 0.9851308232531323
 91.7270257214633 0.9824056183670957
 93.38465421290876 0.9795415643612094
 95.0621919433529 0.9765484358625963
 96.75963891279572 0.9734353084997096
 98.47625774201504 0.970209152300505
 100.21278581023304 0.966876154427539
 101.96996049667189 0.963438169675322
 103.74704442210941 0.9598915911475138
 105.54551234498996 0.9562327871582439
 107.36462688609137 0.9524615071047857
 109.20438804541362 0.9485783943692703
 111.0655332021789 0.944582551639335
 112.94879973560937 0.9404754680362315
 114.85345026648287 0.9362603867308912
 116.78095955324373 0.9319391059588766
 118.73059021666981 0.9275146028688511
 120.70234225676107 0.922991198979046
 122.69695305273972 0.9183743945202081
 124.71515998382787 0.913672624418687
 126.7569630500256 0.908892810848062
 128.8216248721107 0.9040372862554092
 130.9113575877497 0.8991060897091373
 133.02394905927604 0.8940954699034934
 135.16234880357845 0.8889955889280894
 137.32434468299041 0.8837924235854094
 139.51214883517843 0.8784736812841115
 141.72502388092036 0.8730354011053381
 143.96370719943834 0.8674816793162854
 146.22819879073236 0.8618199833618199
 148.5184986548025 0.8560582012954264
 150.836081550093 0.8502032539332197
 153.1794727181596 0.8442602365634724
 155.55088429666872 0.8382328050574259
 157.94884152717614 0.8321223326177397
 160.3755565473483 0.8259284291263037
 162.82955459874088 0.8196461487556373
 165.31157306057602 0.8132631652298823
 167.8230866912981 0.8067674710983939
 170.36335811168495 0.80015259783229
 172.93238732173654 0.7934145214618233
 175.53164907989724 0.7865568624456967
 178.16040600694486 0.7795958394654149
 180.82013286132377 0.7725528696617537
 183.51009226381177 0.7654461534239283
 186.23102159363105 0.7582850584295272
 188.98292085078162 0.7510757151264955
 191.76726479370782 0.7438225064357394
 194.58257866396525 0.7365195292999138
 197.43107459922052 0.7291518949517423
 200.31275259947355 0.7217110294782731
 203.22687528550224 0.7141961504569448
 206.17418003652872 0.7066072975299027
 209.1561416109973 0.6989445181676093
 212.1720226296859 0.6912073592743402
 215.22256047181664 0.683393203723121
 218.3077551373895 0.6754978785670435
 221.42908138484884 0.66751760473233
 224.58580183497252 0.6594546006488047
 227.7786538669827 0.651320502063446
 231.00763748087933 0.6431335263176641
 234.27422743510683 0.6349157628097669
 237.57842372966516 0.6266908053472254
 240.91948898533212 0.6184750473184886
 244.2996353397743 0.6102745899967955
 247.7181254137695 0.6020892132028296
 251.17569658653982 0.5939186033335694
 254.67308623730755 0.5857707853570742
 258.2102943660726 0.577668010318633
 261.78732097283506 0.5696371543525989
 265.4056408160392 0.5617053267243411
 269.06599127490716 0.5539001548805434
 272.7668975909947 0.5462374811084605
 276.51057190196826 0.5387135807462847
 280.29701420782794 0.5313176549774334
 284.1262245085736 0.5240514384613307
 287.99894018342746 0.5169327611148162
 291.9158986116118 0.5099862087552758
 295.8778371723486 0.503233505661272
 299.88401848641586 0.4966828541608584
 303.9359173122579 0.49033480744676544
 308.0342710290968 0.4841970565515982
 312.1790796369326 0.4782749506962976
 316.3703431357653 0.47256539739090036
 320.6102736632615 0.4670665255478695
 324.8973964609768 0.46178677554025604
 329.23318628735546 0.4567434090415073
 333.6176431423976 0.4519504880729361
 338.0522417845475 0.4474101929075546
 342.53698221380523 0.4431179340100354
 347.0726018093929 0.4390721735639289
 351.6598379505326 0.43528312180988676
 356.2979532580024 0.43177263714828345
 360.98915986946855 0.4285597463488439
 365.7327204057091 0.4256482717876654
 370.5301096251682 0.4230332365219952
 375.381327527846 0.420691230481261
 380.28711149296464 0.4185902800005041
 385.2481988997463 0.41671618663162424
 390.265327127413 0.4150670633361115
 395.33849617596496 0.41364011364331054
 400.4691808038464 0.4124251620102906
 405.65738101105733 0.4113990112349307
 410.90309679759786 0.4105394710907022
 416.2085403011344 0.40983420647577145
 421.57297414244476 0.4092743440371089
 426.9978730799734 0.4088503902713361
 432.4832371137201 0.40855480217983536
 438.0298036229073 0.40838364830814205
 443.638309986757 0.4083353167346218
 449.30949358449146 0.4084081640462166
 455.0440917953328 0.4085963527428414
 460.8428419985032 0.40888835350616353
 466.70648157322494 0.40927053224174253
 472.6350105194978 0.4097317797661712
 478.6291662165441 0.4102590146405135
 484.69042342280823 0.4108357867445485
 490.8195195175123 0.4114480942687006
 497.0157171214341 0.41208395466947245
 503.28122837224015 0.412730841903527
 509.61679064915273 0.41337539044420745
 516.0216665729496 0.4140072962668305
 522.4980682812972 0.4146216619272555
 529.0459957741956 0.41521690094667124
 535.666186430867 0.41579336418076107
 542.3593776305336 0.41635335593942535
 549.1263067524175 0.4169019700605825
 555.9684485549631 0.41744719663961815
 562.8858030381703 0.41799535519425035
 569.8791075812613 0.4185447682704789
 576.9498369426807 0.41908543351274335
 584.0979911224281 0.4196023701849139
 591.3243074997259 0.42007564452926116
 598.6302608330185 0.42048161323231614
 606.0165885015278 0.4207995549154877
 613.4832905052542 0.421017805812306
 621.0318416026417 0.42113851559299603
 628.6629791729126 0.4211789573744807
 636.3774405952892 0.42116523157835417
 644.1767006282156 0.42112469021575416
 652.0600218924699 0.4210843021858013
 660.0296165257182 0.4210706764935624
 668.0862219071831 0.4210996667992025
 676.2298380368645 0.4211679286294408
 684.4626770524288 0.42126472118918006
 692.7840015746539 0.42138594454142835
 701.1960237412063 0.4215406678816798
 709.6994809313082 0.42175325663127394
 718.2943731449596 0.42205119023947346
 726.9821751406048 0.4224409884303593
 735.763624297466 0.422901516489421
 744.6424075116541 0.4233995788914524
 753.6089388532807 0.42391031272530055
 762.6787032860117 0.42442779801715474
 771.8443270176252 0.4249633398812026
 781.1131838403429 0.42553453500652016
 790.4705261697214 0.4261524362283637
 799.9384753824258 0.426823384944132
 809.502283894013 0.4275547726720717
 819.1693254967042 0.4283532599113276
 828.9396001904997 0.42921623546165915
 838.8131079753995 0.4301243059079846
 848.7898488514036 0.4310395596423426
 858.8771966107336 0.4318978000786305
 869.0751512533897 0.4326258220894938
 879.3689651949281 0.43317432305441305
 889.7807598120144 0.43352121935664894
 900.3031613124266 0.4336675291534037
 910.9361696961648 0.4336387349202022
 921.6724111710074 0.4334739340489418
 932.5340071136193 0.4332238571033804
 943.4988361473355 0.43295735439968985
 954.589019648821 0.4327422611837202
 965.7898100336329 0.432622871254411
 977.108581093992 0.43263645831991814
 988.545332829899 0.43278969814272616
 1000.100065241354 0.43304903217617812
 1011.7801521205782 0.4333943721689232
 1023.57821967535 0.4338431015922872
 1035.5016416978915 0.4344325789730199
 1047.5504181882024 0.43518182584935094
 1059.717175354061 0.43604996817671975
 1072.0166607799108 0.4369547419751447
 1084.4341268813082 0.43785745716877944
 1096.9916950349188 0.438745172263047
 1109.667243864077 0.439561280333836
 1122.4828947454477 0.4402236788829839
 1135.4239000945883 0.440683046953678
 1148.49763370372 0.4409010942589268
 1161.7114693650646 0.4408451669350559
 1175.0506594941787 0.44049614253607055
 1188.5299516755055 0.4398270462843151
 1202.1493459090456 0.43891819976926593
 1215.9014684025767 0.437992369995612
 1229.8010667405424 0.4372387022342534
 1243.8333933384992 0.43675327620786252
 1258.0131957808907 0.4365325077386484
 1272.3331002754953 0.43644692341795354
 1286.7931068223126 0.436424949881154
 1301.4079630057865 0.43642675142095005
 1316.1629212414732 0.4363733657972544
 1331.0653553215945 0.43624659855754505
 1346.1152652461503 0.4359442941366097
 1361.3200248073628 0.43533879887677834
 1376.6722602130098 0.43440931282205252
 1392.1793452553131 0.43328706676168454
 1407.841279934273 0.4323096191320805
 1423.658064249889 0.43168214537052385
 1439.6296982021615 0.4314046809983887
 1455.7561817910905 0.43147183040086545
 1472.0375150166757 0.43173013013287853
 1488.4884454633611 0.43185175039466255
 1505.0942255467025 0.4316742272762126
 1521.8622290589221 0.43140400954750285
 1538.7924560000201 0.43136689587250226
 1555.8849063699958 0.4317287594875371
 1573.1469539610716 0.4324139995169963
 1590.5785987732472 0.43322048528047113
 1608.172467014301 0.4339824185331353
 1625.9359324764543 0.4347655270678554
 1643.8763689519294 0.435890507660608
 1661.9790288562828 0.4373477394362021
 1680.2660335661792 0.43897143144461275
 1698.715261704954 0.44054645016412574
 1717.3488346492717 0.4419651167769972
 1736.1520048146896 0.4432419191575229
 1755.1321459934292 0.4443484945765896
 1774.2966319777117 0.44512699476135175
 1793.638088975316 0.4453472101999072
 1813.1638907784636 0.4449853316191113
 1832.866663594933 0.44424593561419806
 1852.7611550091671 0.4431399258483362
 1872.832617436723 0.4417791388108836
 1893.0957984620436 0.4405578767240421
 1913.543324292908 0.4399111546276183
 1934.1751949293152 0.43993853658192655
 1954.9987841634876 0.4402656901274863
 1976.0214657876472 0.44034292038928846
 1997.2284922173498 0.43991746645563073
 2018.6272372448172 0.4393272245155109
 2040.21770087005 0.4389917315972582
 2062.0072568852697 0.43901635729270233
 2083.9959052904755 0.439349062317113
 2106.1762722934472 0.4398354573720009
 2128.5631054786267 0.4405366107803152
 2151.1416572615717 0.4412915478006649
 2173.9266752267253 0.4421644605361645
 2196.910785581865 0.44303711980465543
 2220.093988326992 0.44404135237264064
 2243.4910310465493 0.4446237122703997
 2267.087166156093 0.4442498152447659
 2290.8897674478457 0.4430747362474163
 2314.8988349218066 0.4416352164860714
 2339.114368577976 0.4407561200494312
 2363.5437422085756 0.44086755373399644
 2388.179582021384 0.4418378887357677
 2413.0292618086223 0.44307280296619905
 2438.092781570291 0.4439398782970204
 2463.362767514168 0.4438529113545877
 2488.8539672246974 0.4433831640298878
 2514.559006909657 0.44288254831283835
 2540.4778865690464 0.44196187250269663
 2566.6179799950882 0.4412105116133688
 2592.97191339556 0.4403968443151687
 2619.539686770462 0.4389587427832808
 2646.336047704238 0.43686143523796716
 2673.3536224046656 0.43561880635432603
 2700.5850370795237 0.43586460405748966
 2728.0450393132555 0.437220147352485
 2755.7262553136392 0.43862097266417177
 2783.6286850806745 0.43930791008400293
 2811.759702406584 0.43859711257982936
 2840.1119334991453 0.43724392168801146
 2868.692752150581 0.4354684721238962
 2897.4947845686674 0.4331627972531998
 2926.5327783378502 0.43061969360510965
 2955.7919858736845 0.42760287221263615
 2985.2871547606146 0.42460462304297813
 3015.0109112064183 0.42192690680424055
 3044.955881418874 0.4199981950182731
 3075.136812982425 0.41835686073578354
 3105.5537058970712 0.41625578418871306
 3136.1991863705916 0.41274409624895286
 3167.073254402985 0.4091003808092399
 3198.183283786475 0.40479202635293404
 3229.529274521059 0.3990976032575302
 3261.1038528145177 0.392093200704308
 3292.9143924590716 0.3828219068375822
 3324.960893454721 0.3711951975956425
 3357.2359820092442 0.35759071747653514
 3389.754405707084 0.3432194573539243
 3422.5014169637984 0.32698352915819722
 3455.4917633638292 0.30929730192033533
 3488.710697322734 0.29007110420655074
 3522.1655926327343 0.2691220468909043
 3555.8638230860515 0.2463360376536719
 3589.790641098243 0.22326836004958244
 3623.960794253751 0.20022230601437254
 3658.366908760355 0.1774396598018059
 3693.008984618054 0.15525949635068295
 3727.8870218268484 0.13436657205127958
 3763.001020386739 0.11539994713236655
 3798.350980297724 0.09814896045518554
 3833.944275352027 0.08248023872372867
 3869.7661579652035 0.06893154361196377
 3905.831375721697 0.05807603658881471
 3942.125181037064 0.04969586283587935
 3978.662321495749 0.04317323106960444
 4015.4280495133066 0.03797876492755039
 4052.4371126741816 0.03372763157234252
 4089.674763393931 0.030157683895750686
 4127.155749256997 0.02709976606257832
 4164.8653226789365 0.024442799709212412
 4202.810857451972 0.022109960406668516
 4240.984979783881 0.02004540128959451
 4279.4024372591075 0.018206897362878532
 4318.0411085009855 0.01656153910828091
 4356.923114886181 0.015083057300719635
 4396.026335038028 0.01375007653030353
 4435.365516540972 0.012544927356604127
 4474.94065939501 0.01145280794038453
 4514.7370160157 0.010461178743864197
 4554.761960195264 9.559310045869001E-3
 4595.015491933701 8.73794307900977E-3
 4635.497611231012 7.989025421084744E-3
 4676.208318087197 7.305507434640194E-3
 4717.140238710034 6.6811794751630614E-3
 4758.300746891745 6.110541048279657E-3
 4799.675095047885 5.588698102593684E-3
 4841.278030762901 5.1112758042597674E-3
 4883.1021802445675 4.674348843118979E-3
 4925.147543492886 4.2743832905492995E-3
 4967.406746715634 3.908187717691752E-3
 5009.887163705035 3.5728725921653184E-3
 5052.5814206688664 3.2658152466105835E-3
 5095.489517607127 2.9846308635226126E-3
 5138.611454519819 2.727146544246641E-3
 5181.947231406941 2.491379814482509E-3
 5225.496848268493 2.2755196080815453E-3
 5269.252931312253 2.0779091206673426E-3
 5313.208106746 1.8970320630444855E-3
 5357.377122154178 1.7314988862767834E-3
 5401.752603744564 1.5800358575705608E-3
 5446.3271777249365 1.4414746306257845E-3
 5491.100844095296 1.3147431236135E-3
 5536.073602855643 1.1988572632625675E-3
 5581.252827798198 1.0929135755929628E-3
 5626.616397546296 9.960824843205651E-4
 5672.179059684381 9.076020807105132E-4
 5717.933440420231 8.267727736815204E-4
 5763.872165961624 7.529520216258619E-4
 5810.0026101007824 6.855497894705549E-4
 5856.317399045484 6.24024390205751E-4
 5902.823906587951 5.678784160212785E-4
 5949.500011351518 5.166553420386584E-4
 5996.360460920628 4.699361753235176E-4
 6043.39788150306 4.273364614636081E-4
 6090.612273098812 3.88503515843225E-4
 6137.996261915665 3.5311386862407187E-4
 6185.549847953618 3.2087094624491256E-4
 6233.2730312126705 2.915028604086138E-4
 6281.158437900601 2.6476047795637283E-4
 6329.20606801741 2.4041552940951143E-4
 6377.415921563096 2.1825895692398296E-4
 6425.787998537662 1.9809934568293271E-4
 6474.307551356662 1.7976147156979088E-4
 6522.9893276045395 1.6308500347949697E-4
 6571.81120590463 1.479232682228081E-4
 6620.787933841378 1.3414213107184073E-4
 6669.904763830336 1.2161896608675126E-4
 6719.16169587151 1.1024170056600868E-4
 6768.558729964896 9.990793232409922E-5
 6818.088492318273 9.052413580945638E-5
 6867.7583567238634 8.200490825723221E-5
 6917.553575597222 7.427230003862868E-5
 6967.4815227305734 6.725516490682691E-5
 7017.527450539471 6.0888608993694466E-5
 7067.698732816139 5.511344231444128E-5
 7117.987995768354 4.98756983203556E-5
 7168.387865603896 4.512618561060311E-5
 7218.905716114985 4.082007597545935E-5
 7269.526799717179 3.6916529765891274E-5
 7320.258490202697 3.3378346820524405E-5
 7371.093413779322 3.0171651929333176E-5
 7422.016822862606 2.726560168416533E-5
 7473.043465036995 2.4632117885458587E-5
 7524.143845133601 2.2245643936395634E-5
 7575.391701074641 2.0082920853400326E-5
 7626.713294937899 1.81227796731234E-5
 7678.034888801159 1.634595534891614E-5
 7729.503958508851 1.4734913164727489E-5
 7781.046766138759 1.3273691257585513E-5
 7832.663311690888 1.194775494565283E-5
 7884.353595165232 1.0743865156492552E-5
 7936.043878639576 9.649955726533021E-6
 7987.881637958357 8.655021315307574E-6
 8039.719397277135 7.749016132895988E-6
 8091.704632440349 6.922758299466797E-6
 8143.616129681347 6.167843143684591E-6
 8195.675102766776 5.476563621371989E-6
 8247.734075852208 4.841835232824768E-6
 8299.866786859859 4.2571273749310694E-6
 8351.999497867506 3.7163991064610527E-6
 8404.132208875153 3.214038430574211E-6
 8456.338657805021 2.7448053050252704E-6
 8508.618844657103 2.303776316152809E-6
 8560.899031509187 1.8862909909338857E-6
 8613.105480439053 1.4878978566555836E-6
 8665.459405213354 1.1042973553093567E-6
 8717.739592065438 7.312773169452844E-7
 8770.093516839737 3.6463220443094813E-7
 8822.373703691821 1.1466584812152485E-16
