 0.0E+0 0.0E+0
 0.21421941024439172 0.031152652480975876
 0.6451767049847358 0.09279880291262081
 1.0812044414507657 0.15435738882833965
 1.5223642039549394 0.21593605792205086
 1.9687046116913027 0.2775685719374355
 2.420301294517259 0.33923303601792664
 2.877208273759526 0.4008779221424968
 3.339484972877493 0.46244122945534704
 3.8071962174632205 0.5238562277136585
 4.28040683310877 0.5850472865581748
 4.759187047538872 0.6459233258728674
 5.2435854799475745 0.7063743322997185
 5.733661553794265 0.7662724993500771
 6.229523311732379 0.8254782472636738
 6.731219372955961 0.8838495833845069
 7.238803758791729 0.9412520735400977
 7.7523304905664 0.9975659782289175
 8.271961632260126 1.0526888991705964
 8.79764316254619 1.1065336400096743
 9.329483124078028 1.1590238345360546
 9.86758955950907 1.2100887984450661
 10.412016490166039 1.2596593943521254
 10.962871958702365 1.3076647768464122
 11.520155965118052 1.3540291995927975
 12.083976552066531 1.3986692582774147
 12.654441762201238 1.4414908302435713
 13.23160561684889 1.482386959661716
 13.815522137336206 1.521235656929899
 14.40629936631662 1.5578987269112867
 15.004045346443563 1.5922214176545397
 15.60876007771704 1.624033240639378
 16.2206056241172 1.6531504526776257
 16.839581985644045 1.679379368686443
 17.465905247604442 1.702520144078275
 18.099521388671675 1.7223706218317424
 18.74053845149918 1.7387304926106654
 19.389118500067105 1.7514062718207465
 20.04531555570217 1.7602169201363877
 20.709183639731094 1.7650010853280206
 21.380884816134024 1.7656251317814715
 22.060419084910964 1.7619906532681723
 22.747894488715346 1.754039728850151
 23.443473091527327 1.7417590388901316
 24.14720891467362 1.725183063458746
 24.85915597948094 1.7043966041313471
 25.57947634992944 1.6795366245513725
 26.308224047345845 1.6507953765148057
 27.04550711438358 1.6184233118688007
 27.79143359369608 1.5827300833738358
 28.546111527936787 1.544084130304833
 29.309594938432415 1.5029100917920132
 30.082045889163115 1.4596835373021714
 30.8635184014556 1.4149234030887265
 31.65417453929003 1.3691821826553234
 32.45406832399312 1.3230299190587961
 33.2633077982183 1.2770324930239871
 34.082001004619016 1.231736856873505
 34.9103100071754 1.1876683614656025
 35.74834284854091 1.1453214708113326
 36.59615355004224 1.1051377977835943
 37.45385015433284 1.0674905840343344
 38.321594725392856 1.0326773628838765
 39.19949530587573 1.0009116784279254
 40.08765993843489 0.9723135774455808
 40.98619666572377 0.9469069007702575
 41.895267551722525 0.9246233601070163
 42.81492661775788 0.9053100545852593
 43.74533592780997 0.8887433776829857
 44.68665754585894 0.8746522551212619
 45.638945493231545 0.8627433616132463
 46.602361833907906 0.8527208268768792
 47.57701461054147 0.8443007189119367
 48.56306588711238 0.8372217973524353
 49.56062370627407 0.8312517691169419
 50.56985013200671 0.8261881921426321
 51.590799185636996 0.821856961063536
 52.6236869524718 0.8181100811153208
 53.66867549649128 0.8148214690234529
 54.72576481769545 0.8118836462324567
 55.79538708669803 0.8092090858224579
 56.87743426084558 0.8067332086336776
 57.97190634013811 0.8044136702710301
 59.0793435378428 0.8022262242906433
 60.199205640692476 0.8001595724490338
 61.33257307522146 0.798210359549801
 62.478905628162614 0.7963791768462843
 63.63874351278309 0.7946678881130348
 64.81208672908288 0.7930781832932804
 65.99947549032917 0.7916109312322654
 67.2003695832548 0.7902660334954574
 68.41476900785973 0.7890423764420516
 69.64375419067835 0.7879376628229342
 70.88732513171064 0.7869480631618542
 72.14494161768943 0.7860676810066645
 73.4171438618819 0.7852882537102338
 74.70447207755518 0.7845996070349666
 76.00638605144216 0.7839903414484658
 77.32396621007715 0.7834481637838713
 78.656672340193 0.7829601709126276
 80.00450444178968 0.7825140990339456
 81.36800272813437 0.7820998415334592
 82.74770741249426 0.7817095241532405
 84.14307828160217 0.7813360090148683
 85.55519576199242 0.7809713632190057
 86.9835196403979 0.7806063100404876
 88.42804991681855 0.7802306017136807
 89.88932680452157 0.7798337430395403
 91.36789051677411 0.7794057404310107
 92.86374105357619 0.7789376987001949
 94.37633820166066 0.7784221667346692
 95.907302600829 0.7778532467492342
 97.45501361127968 0.7772264865508178
 99.02163208608142 0.7765388866511165
 100.60553738543273 0.7757890032507403
 102.20835014913507 0.7749771032376607
 103.8295301639213 0.7741052473830798
 105.4696176430586 0.773177286403956
 107.12861258654692 0.7721986342907925
 108.80651499438632 0.7711759414865095
 110.50440529311112 0.7701167063232043
 112.22120305618697 0.7690289386649151
 113.95852892341539 0.7679209609818821
 115.71530246826205 0.7668013227036907
 117.49314433052845 0.76567888418355
 119.29097408368025 0.7645628248368722
 121.10933194098463 0.7634626704990316
 122.94929832897593 0.7623881529665246
 124.81033303438699 0.7613489455225253
 126.69243605721778 0.7603543544517436
 128.5966878240027 0.759412839562233
 130.52254812147447 0.7585316068269187
 132.47109737616756 0.757716152639436
 134.44179537481474 0.7569699437898065
 136.43518233068314 0.7562942097810454
 138.45125824377285 0.7556880224877406
 140.4911035406182 0.7551485068616061
 142.55363779468476 0.7546713311611569
 144.64048164577414 0.7542511705059616
 146.7516350938863 0.7538821732426425
 148.88655792575406 0.7535583268709488
 151.04579035464462 0.7532736713102305
 153.2304128070923 0.7530224712902882
 155.43988506982995 0.7527992349148681
 157.67474735612475 0.7525987675398953
 159.93499966597664 0.7524161893463757
 162.22172242592003 0.7522470959520244
 164.53437542268773 0.7520878777145952
 166.8734988695469 0.7519360544432875
 169.23909276649754 0.7517903640696988
 171.63223754007401 0.7516504921815509
 174.0529331902763 0.7515165907860449
 176.50063950383724 0.7513889247291696
 178.9769771205584 0.7512678922997351
 181.4814058271725 0.7511544974590946
 184.01446583694675 0.7510509918274436
 186.57669736314838 0.750961378416926
 189.16810040577735 0.7508915507726306
 191.7886749648337 0.7508490462652064
 194.43950146685168 0.7508426285378028
 197.12112012509854 0.7508815447945806
 199.83245051303993 0.7509743452531453
 202.57511327047731 0.7511272097354795
 205.3491083974108 0.7513423950465485
 208.15443589384025 0.7516176217162156
 210.99163597303294 0.7519468820359345
 213.86124884825602 0.7523222857164767
 216.76381473277663 0.7527359077024856
 219.69879341332767 0.7531807088657614
 222.6672653164434 0.753650664733286
 225.66977065539103 0.7541406472153337
 228.70630943017056 0.7546459636305494
 231.776881640782 0.755160942365011
 234.88310792702688 0.7556761925178329
 238.02390786237077 0.7561770008921733
 241.20036187334812 0.7566465223021811
 244.41246995995888 0.7570741015826646
 247.66131254873744 0.7574623188075701
 250.94688963968374 0.7578243486209592
 254.26974144606498 0.7581726146424822
 257.6304081811483 0.7585105460627669
 261.02834963166662 0.7588338233449079
 264.4651864374213 0.7591352695497809
 267.9403783851454 0.7594071439740456
 271.455005901373 0.7596411558452549
 275.00906898610435 0.7598285681401413
 278.6031078526064 0.7599609492088686
 282.2376627141465 0.7600307247132437
 285.9132737839917 0.7600334788780482
 289.62994106214205 0.7599731030651103
 293.38874497513194 0.7598628032481731
 297.18968552296126 0.7597190338428974
 301.03276270563014 0.7595541241938437
 304.91959716294 0.7593725228131107
 308.8496486816237 0.7591712116241736
 312.8239976882156 0.7589419768159898
 316.8426441827157 0.7586748543141196
 320.90612837839114 0.7583644107411532
 325.0149904885091 0.7580186891875258
 329.1697707263368 0.757662328694239
 333.37100930514134 0.7573218808705403
 337.61924643819 0.7570068034561909
 341.91502233874984 0.7567092420527233
 346.2583370068209 0.7564189992101874
 350.64973065567033 0.7561387752333031
 355.09028371183256 0.7558903429303728
 359.5805363885747 0.7557068306873383
 364.1199484726296 0.7556176725084963
 368.7101406037987 0.7556366457113439
 373.3516529953493 0.7557547392344889
 378.0439454340141 0.7559421308284322
 382.78863855959474 0.7561656272017561
 387.5857323720911 0.756410957120547
 392.43576708477053 0.7566874733708775
 397.3392829109 0.7570100473060879
 402.29682006374673 0.7573802590221559
 407.30945896984525 0.7577875948538754
 412.3771996291953 0.758222919675176
 417.5005822550642 0.7586861141710937
 422.6806872739863 0.7591835660018854
 427.9175146859615 0.7597236868855026
 433.2116047042571 0.760309656220274
 438.5640377554074 0.760921427791553
 443.9753540526795 0.7615115833308779
 449.44555359607346 0.7620297938347748
 454.97571681212366 0.7624566344771707
 460.56638391409722 0.7628121146601049
 466.2180951152613 0.7631229614706329
 471.9319308421504 0.7634073631245609
 477.7073508814971 0.7637047073731829
 483.5459758731031 0.7640841371831639
 489.4483460302355 0.7645847373581913
 495.4144613528943 0.7651559808164381
 501.445942480881 0.7656827055268248
 507.54224920092855 0.7660589263642547
 513.7050021528383 0.7662562496287157
 519.9347415498776 0.76632651839272
 526.2314673920463 0.7662985887392075
 532.5962601058787 0.766118269068166
 539.0296599046424 0.7657363332232334
 545.5343678546726 0.7651776294885835
 552.1033611834965 0.7644781032861652
 558.7479843697246 0.76365379421898
 565.4628352806852 0.7627521154660084
 572.2533160490501 0.7618751701872277
 579.1086224094757 0.7611401548135486
 586.0449607599772 0.760606128387166
 593.0515268352113 0.7602817590548236
 600.1337227678496 0.7601812964409463
 607.291548557892 0.7602748023502932
 614.5250042053387 0.7604406456345622
 621.8340897101897 0.7604792329415134
 629.2242072051166 0.7601926759742902
 636.6953566901195 0.7595415119225706
 644.2367338998548 0.7586602050713577
 651.8645452323378 0.757646632079345
 659.5733885548967 0.7564659861363305
 667.3632638675316 0.7551654907676943
 675.2287690375708 0.7540047237334775
 683.1861104630294 0.7532278619733161
 691.2190817458923 0.7529315974968686
 699.3438892841743 0.7531535406204615
 707.5497288125325 0.7539206155817579
 715.8420024636383 0.7551401143125356
 724.2207102374917 0.7564872465065305
 732.685852134093 0.7575910069672024
 741.2428302861136 0.7583675928681561
 749.8862425608819 0.7590491194531859
 758.6214910910696 0.7598203338287657
 767.4485758766767 0.7606747804644082
 776.3620947850317 0.7617538605866581
 785.3728520814776 0.7630820071867584
 794.4700435006712 0.7645978563352517
 803.6698754406277 0.7660797745792447
 812.9561415033319 0.7670111959267643
 822.3450480867989 0.7673364533010291
 831.8257909256854 0.7674155446349119
 841.403772152663 0.7673496307323626
 851.0843939004035 0.7671481666465239
 860.8568519035634 0.7669168777060746
 870.7319504274861 0.7667865572326813
 880.7096894721718 0.7669984951826868
 890.7846669049487 0.7678551256082362
 900.9676869911601 0.769258775744274
 911.2479454654625 0.770935440160797
 921.6362465931998 0.772871416162928
 932.1271882416997 0.774861735344344
 942.7207704109626 0.776412395679673
 953.4277973663319 0.777329383144592
 964.237464842464 0.7778014011333911
 975.1551749720306 0.7779968065286915
 986.1809277550319 0.7783701658608626
 997.3201253241396 0.7793684413816389
 1008.5673655466818 0.7808338156108623
 1019.9280505553304 0.7826659800512896
 1031.4021803500854 0.7848619534477603
 1042.9897549309464 0.7870193254214422
 1054.690774297914 0.7885581779410399
 1066.505238450988 0.7895152675465452
 1078.4331473901681 0.7902216368631054
 1090.4853053807983 0.7909817331699173
 1102.6509081575345 0.7917794810749113
 1114.935357853049 0.7921812217261034
 1127.3386544673417 0.791915127534504
 1139.8607980004121 0.7911670617705919
 1152.5071905849326 0.7901536345917494
 1165.2778322209028 0.7886438711901743
 1178.167320775651 0.7864929405162693
 1191.181058381849 0.7841924043617228
 1204.3244471721684 0.7824714352284422
 1217.5866828812661 0.7813645408334352
 1230.983971907157 0.7806481967832288
 1244.5001078518257 0.7799494282618294
 1258.151297113288 0.7786037958631629
 1271.9267354262 0.7766900599723643
 1285.8318249232336 0.7747368265410965
 1299.8719677370602 0.7736814999064956
 1314.0417617350085 0.7731664918705238
 1328.34660904975 0.7724149614560711
 1342.7811075486131 0.7711605599264445
 1357.3560614969412 0.7700841234825244
 1372.0606666293906 0.7709720521589819
 1386.9057272113052 0.7744459032621176
 1401.8858411100131 0.7790288147479938
 1417.001008325514 0.783624756415853
 1432.25663099048 0.7869997666604023
 1447.658111237583 0.7888153323885194
 1463.194644801479 0.7900166512046874
 1478.8716338148396 0.79114105669187
 1494.6890782776658 0.7911828534576576
 1510.6523803226284 0.7900415222239092
 1526.7615399497278 0.788047956347598
 1543.0111550262922 0.785661955599414
 1559.4120298176651 0.7840301986569527
 1575.953360058503 0.7846300984287606
 1592.6459500141493 0.7874977783444985
 1609.4843975519322 0.790857396231151
 1626.4687026718518 0.7936118098421185
 1643.609669639252 0.7951742450424306
 1660.8964941887884 0.7966349874049571
 1678.3345784531334 0.797643533942877
 1695.9239224322868 0.7964328479736675
 1713.6645261262488 0.7938235205642514
 1731.561791667691 0.7906232914468979
 1749.6103169239413 0.7864967293508953
 1767.815504027672 0.780919650569455
 1786.1773529788831 0.7764743032673229
 1804.6904616449023 0.7738022049956306
 1823.3656342910737 0.7716160580500955
 1842.197468784725 0.7718750561950147
 1861.1859651258566 0.7746692763468282
 1880.3365254471402 0.7769257234493365
 1899.6437476159037 0.7774036296512118
 1919.1076316321477 0.776219491778512
 1938.7389817612152 0.7745760648236468
 1958.5323958704345 0.7745948672822179
 1978.482471827134 0.7767165042133671
 1998.6000138966574 0.779469630875695
 2018.8796199463326 0.779325852696488
 2039.3212899761592 0.7756458399859412
 2059.93042611881 0.7709594466672565
 2080.7016262416127 0.7668523536420364
 2101.640292477239 0.7641012806775521
 2122.741022693017 0.7627327228709044
 2144.0146211542905 0.7630723580840244
 2165.450283595716 0.7650080259481579
 2187.058814282637 0.7683230396978443
 2208.834811082381 0.771338046574642
 2230.772871862277 0.7729578909473901
 2252.8838008876687 0.7732123513934325
 2275.167598158556 0.7731147408339144
 2297.6188615422665 0.772650002999223
 2320.237591038801 0.7751671385110899
 2343.0291887808307 0.7832938457281162
 2365.993654768355 0.7927769569762524
 2389.125586868704 0.7949901754888403
 2412.4303872145483 0.7878751000372576
 2435.908055805887 0.7581085616517835
 2459.5531905100506 0.7331583337031587
 2483.3765955923804 0.6084735612718201
 2507.3674667875343 0.45988899339637084
 2531.536608360855 0.3938924081583189
 2555.873216047 0.28914638295297834
 2580.3826919786392 0.2075421095064727
 2605.0704382884464 0.15378924263719304
 2629.925650711077 0.12073760656206106
 2654.9591335118743 0.098567003032113
 2680.1654845581674 0.08235262117418977
 2705.544703849956 0.06984028645558926
 2731.0967913872395 0.05986504226980958
 2756.821747170019 0.051735669956991393
 2782.7195711982935 0.045002276382402714
 2808.7956656047354 0.03935419699206371
 2835.0392261240003 0.034567935183895795
 2861.4610570214326 0.030477685175493346
 2888.0503540316885 0.026957416847143783
 2914.817921420112 0.023909411504184057
 2941.752954921358 0.021256624127797885
 2968.866258800772 0.018937437361328364
 2996.1470287930096 0.016901957447914332
 3023.6060691634143 0.015109343622918348
 3051.232575646642 0.013525842946474438
 3079.031950375366 0.012123320001951541
 3106.9987912169126 0.01087814413262967
 3135.1439024366272 9.770329417520663E-3
 3163.4510776364936 8.782868986999724E-3
 3191.9365232145264 7.901209412667882E-3
 3220.5840327727114 7.112832703556167E-3
 3249.4044105763923 6.406922309907338E-3
 3278.3976566255682 5.774092009906242E-3
 3307.5529666548964 5.206165509541955E-3
 3336.8757427970476 4.695995217014278E-3
 3366.3659850520225 4.23731251992456E-3
 3396.0236934198214 3.8246037913033333E-3
 3425.8488679004435 3.453005710031074E-3
 3455.836106361218 3.118218379511519E-3
 3485.9908109348152 2.8164311013431737E-3
 3516.302177355894 2.544259838470038E-3
 3546.7810098897957 2.2986934866656883E-3
 3577.4219064038493 2.0770482285571763E-3
 3608.2248668980546 1.8769280414520183E-3
 3639.18448923974 1.6961907939197114E-3
 3670.3061755615776 1.5329186827088656E-3
 3701.584523730896 1.3853926954492108E-3
 3733.0195337476934 1.2520703153173608E-3
 3764.611205611972 1.1315659475250663E-3
 3796.35953932373 1.022633839989889E-3
 3828.2645348829682 9.241531167308055E-4
 3860.3207901570153 8.351143451986245E-4
 3892.522903013199 7.54607972038708E-4
 3924.881677716863 6.818138914351657E-4
 3957.391712135335 6.159922304496457E-4
 3990.047604135944 5.564752104300821E-4
 4022.8493537186895 5.026598068143747E-4
 4055.796960883572 4.5400129490313207E-4
 4088.895827763263 4.1000742312072014E-4
 4122.129747959747 3.7023322587318834E-4
 4155.509525738368 3.3427639790014105E-4
 4189.029758966453 3.0177306278313256E-4
 4222.685045511333 2.7239408727297006E-4
 4256.480787505677 2.458416968456585E-4
 4290.411582816814 2.218464438339683E-4
 4324.4828335774154 2.0016449103979795E-4
 4358.678333389468 1.8057514808725663E-4
 4393.008886518313 1.628786753375971E-4
 4427.4690908312804 1.468942644195171E-4
 4462.058946328369 1.3245826197198483E-4
 4496.773050876907 1.1942252584649595E-4
 4531.611404476895 1.0765295262838189E-4
 4566.574007128333 9.702816615081893E-5
 4601.655456698548 8.743829365783825E-5
 4636.855753187542 7.878389701753761E-5
 4672.174896595314 7.097497785049722E-5
 4707.612886921865 6.393009073553625E-5
 4743.158919901849 5.757553601104105E-5
 4778.823799800612 5.184463178944695E-5
 4814.591320220137 4.667704840461834E-5
 4850.472285425769 4.20182142009642E-5
 4886.4558911521635 3.7818767383857375E-5
 4922.542137399321 3.4034071028869275E-5
 4958.731024167242 3.062375956223545E-5
 4995.017149323253 2.755134269004528E-5
 5031.4059150000284 2.478383304180144E-5
 5067.886516932223 2.229141786411625E-5
 5104.464357252507 2.0047157801048062E-5
 5141.12863169554 1.802671427231432E-5
 5177.884742393992 1.6208102275814822E-5
 5214.727287215192 1.4571467420746617E-5
 5251.650864026467 1.3098882925610506E-5
 5288.660874960491 1.1774165715754996E-5
 5325.746515751918 1.0582710732264755E-5
 5362.913188533422 9.511339629521068E-6
 5400.155491172331 8.548165034919905E-6
 5437.462619403299 7.682466109567054E-6
 5474.845377491672 6.9045779091290684E-6
 5512.282156906762 6.20578945760718E-6
 5549.826978975287 5.5782523789912075E-6
 5587.425822370529 5.014898183896178E-6
 5625.024665765772 4.50936362586386E-6
 5662.731551814448 4.055922603102386E-6
 5700.492459189841 3.6494257528063084E-6
 5738.307387891953 3.2852446008967786E-6
 5776.176337920781 2.9592224596645107E-6
 5814.04528794961 2.667629251276811E-6
 5852.022280631873 2.4071212787434053E-6
 5889.999273314136 2.174704907654245E-6
 5928.0843086498334 1.9677039330528044E-6
 5966.115322658815 1.7837304015458284E-6
 6004.254379321229 1.620658476822416E-6
 6042.393435983645 1.4766010803131415E-6
 6080.5865139727775 1.349889249148239E-6
 6118.779591961909 1.2390538556834047E-6
 6156.972669951042 1.1428096780405627E-6
 6195.219769266892 1.0600414814148215E-6
 6233.520889909459 9.897925845719842E-7
 6271.822010552026 9.312552303788451E-7
 6310.069109867875 8.837636997359724E-7
 6348.42425183716 8.4679010382694E-7
 6386.725372479727 8.199471333736649E-7
 6425.080514449011 8.02950313883619E-7
 6463.381635091579 7.958747926107479E-7
