 1.1541635133578473 1.0004438275520763
 1.6250924902687475 1.0005592101521063
 2.101551699458958 1.0005825341214065
 2.5836218742464236 1.0004761446725081
 3.071360681286822 1.000220662889524
 3.5648315539013943 0.9997622546028314
 4.064103692076953 0.999053003668872
 4.569246295800309 0.9980440913066589
 5.080334331723841 0.996707608970262
 5.597419699837657 0.9950087744118621
 6.120565833462999 0.9928456572683914
 6.64988806591122 0.9901940675072263
 7.185438297172428 0.9870717638410867
 7.7272741939023 0.9834379121709331
 8.27545342275651 0.9791648095790606
 8.830148983702085 0.974335098977043
 9.391303210083352 0.968977354250272
 9.95903143521166 0.9629259744153993
 10.53344899239836 0.9562242921649283
 11.11461354829913 0.9488652858180194
 11.702640436225323 0.9408841328294297
 12.297529656176936 0.9322667114424831
 12.899396541465322 0.9229096427263842
 13.50835642540183 0.9128424208591961
 14.12446697464214 0.9020838355858605
 14.747785855841924 0.8905615163952348
 15.378428402312537 0.8782035420938704
 16.016509947365324 0.8650537155200805
 16.662030491000297 0.8510313611990646
 17.315163033184472 0.8360949581109668
 17.975907573917854 0.820171751575771
 18.644494779823148 0.8032640587823793
 19.320866984244673 0.7854107430362722
 20.005139520493784 0.7664562902390201
 20.697485388537511 0.7464344533628762
 21.397962255031522 0.7254148572939031
 22.1066277866315 0.7033574388401429
 22.82365498330447 0.6803292857174158
 23.54904384505043 0.6564073280074847
 24.282909705180735 0.6315811372451177
 25.025425563662412 0.6059653354117257
 25.776649087151135 0.5797035524852876
 26.536637942302576 0.5528572539691472
 27.30556512908377 0.5255496614635424
 28.083488314150393 0.4979306243419104
 28.870522830813786 0.47011664176775996
 29.66678401238531 0.4422508450631386
 30.47238719217632 0.4144926778528586
 31.287390036842484 0.38697029120947212
 32.11196554635083 0.35982568034750006
 32.94617138735704 0.3331970665786426
 33.79018055982813 0.3072146004466497
 34.644050730419785 0.28200784937052836
 35.50789723244336 0.2576737035649858
 36.381835399210196 0.2343004065254249
 37.26603823068732 0.2119718304269078
 38.1606210601861 0.19076789696778617
 39.065641554362194 0.17073462869354785
 39.98121504652696 0.1518943523893171
 40.90751453664743 0.1342677748907984
 41.844655358034955 0.11786397704012676
 42.79275284400087 0.10267317453061012
 43.751922327856554 0.08867107163707534
 44.72233680956901 0.07582990787363114
 45.70405395579393 0.06411013431051264
 46.69724676649834 0.05346360571541928
 47.70208824164925 0.04384533530310462
 48.71863604790236 0.03520289006993354
 49.747063185224675 0.02747820312584182
 50.787484986927566 0.020613819342566157
 51.84007445297805 0.014556391051350407
 52.90494691668748 9.25164638494298E-3
 53.982275378022883 4.641575805048554E-3
 55.07211750363994 6.777713672759551E-4
 56.17470396016134 -2.692002323598478E-3
 57.29020774755412 -5.517771962681255E-3
 58.41862886581829 -7.840557203399665E-3
 59.56042864819925 -9.706520832376768E-3
 60.71549176138564 -0.011160879806958816
 61.88381820537746 -0.012237465271272922
 63.06598464673148 -0.01297991230075084
 64.26141441889094 -0.013423652287007991
 65.47126085496934 -0.013599136504621925
 66.69494728840995 -0.013544710626972682
 67.93305038576949 -0.013287666118663203
 69.18557014704798 -0.01285825469074584
 70.45308323880221 -0.01228743609906231
 71.73501299447537 -0.011602371345628876
 73.03135941406748 -0.010818698896953317
 74.34327583069206 -9.960675107967394E-3
 75.6707622443491 -9.054955894813338E-3
 77.01324198848187 -8.116614689358724E-3
 78.3712917296471 -7.158561997319272E-3
 79.74548813440154 -6.1995880452468954E-3
 81.13525453618847 -5.250892404151828E-3
 82.54174426812136 -4.32302577760289E-3
 83.9643806636435 -3.426792420771593E-3
 85.40316372275485 -2.5678666555684344E-3
 86.85867011201219 -1.7517563849884323E-3
 88.33147649797228 -9.841587437244198E-4
 89.82100621407834 -2.687737162760606E-4
 91.32841259344389 3.928567751989991E-4
 92.85311896951221 9.991363236713825E-4
 94.39512534228325 1.5496295076216002E-3
 95.9550083783138 2.0436657308123312E-3
 97.5333447441606 2.4821794886708435E-3
 99.13013443982366 2.8674933114695E-3
 100.74480079874624 3.199218547285286E-3
 102.37907382059856 3.481582400363098E-3
 104.0312235057104 3.71647693831292E-3
 105.70355652030875 3.906592368596349E-3
 107.39434286472338 4.055834211793123E-3
 109.10531253862455 4.1657268364323225E-3
 110.83588887545548 4.241635175078707E-3
 112.58664854177296 4.2862742295071325E-3
 114.35759153757694 4.3025381503487255E-3
 116.14871786286747 4.291925350432286E-3
 117.96118085075804 4.2587542720645904E-3
 119.79382716813515 4.2043929787406895E-3
 121.64838681466905 4.131205030512365E-3
 123.52370645724626 4.040706195754761E-3
 125.42151609553703 3.934678304393905E-3
 127.34066239642786 3.817449363232348E-3
 129.28172202647547 3.6879284006052955E-3
 131.2458483187934 3.5495688357156146E-3
 133.23246460682491 3.4056457404496626E-3
 135.24157089057 3.2562375956988213E-3
 137.27432050314217 3.1048875125914486E-3
 139.33013677798464 2.952658410780604E-3
 141.41017304821093 2.8012474989533645E-3
 143.51385264726434 2.6534489044007462E-3
 145.64175224170156 2.509246676043918E-3
 147.79387183152263 2.370115282449272E-3
 149.9713647498411 2.237824652190911E-3
 152.17307766354335 2.112810829206193E-3
 154.40074057229972 1.9943358245010506E-3
 156.6543534761102 1.8831885142006176E-3
 158.93333970841806 1.7794657001065437E-3
 161.23827593578002 1.681885675775727E-3
 163.5703154913096 1.5910152433087295E-3
 165.92888170845003 1.5067544991859333E-3
 168.31455125375813 1.4296527659548453E-3
 170.72732412723385 1.3596402777790424E-3
 173.1683536619907 1.2973121976504842E-3
 175.63706319147195 1.2439507077296725E-3
 178.13402938223433 1.1994704864466527E-3
 180.6592522342779 1.163119634589461E-3
 183.21388508071606 1.1356889870494555E-3
 185.79792792154893 1.1180051579062913E-3
 188.41080409021967 1.1079697479420478E-3
 191.05424358639865 1.1049271503923915E-3
 193.72766974352902 1.108102745571171E-3
 196.43165922816751 1.1140568773301926E-3
 199.16678870687101 1.1207457715580006E-3
 201.9330581796394 1.1257652173406371E-3
 204.73046764647276 1.1270310214018695E-3
 207.56017044048454 1.1236903646279698E-3
 210.42274322823152 1.1165189372635295E-3
 213.31703267660023 1.1074676966306945E-3
 216.24476878526087 1.0981369664716897E-3
 219.2059515542135 1.0921708020129624E-3
 222.2005809834581 1.0928057647437976E-3
 225.2292337395514 1.1007369035632857E-3
 228.29248648905021 1.1171125455727711E-3
 231.39091589851125 1.1422170012742858E-3
 234.5239453013778 1.1730254522614408E-3
 237.69272803076333 1.2056322001208982E-3
 240.89784075322458 1.236514357371705E-3
 244.13928346876164 1.2642736792452583E-3
 247.41705617737443 1.2885532858389532E-3
 250.7328888787333 1.3144167243779726E-3
 254.08562823972462 1.3472931032918703E-3
 257.476427593462 1.3881295658404292E-3
 260.9052869399454 1.4362241100221971E-3
 264.37335961228836 1.4878265705896595E-3
 267.8806456104909 1.5373836036671815E-3
 271.42772160110973 1.579804992534621E-3
 275.01516425070155 1.60997805650728E-3
 278.64239689270976 1.621846560616196E-3
 282.3111495268045 1.6103314642393082E-3
 286.0208454864291 1.5723587876040872E-3
 289.772638104697 1.5080381386461513E-3
 293.5665273816083 1.4230987050158692E-3
 297.40308998371966 1.326577150034897E-3
 301.2829025775879 1.2257767862698847E-3
 305.2065418297697 1.1208083953714001E-3
 309.17400774026515 1.0142312493604881E-3
 313.1864536421877 9.08435505597202E-4
 317.2438795355374 8.01191186926823E-4
 321.34628542031424 6.973578050935549E-4
 325.49540129618844 6.009586133586725E-4
 329.6906504966033 5.04306482085409E-4
 333.9331863546724 4.111642708628751E-4
 338.2230088703956 3.1391712089231334E-4
 342.56069471032964 2.0058354970898492E-4
 346.94682054103145 6.727450610607336E-5
 351.3819630290577 -9.797723122808949E-5
 355.8666988409651 -3.070779862334646E-4
 360.40160464331046 -5.799913924039158E-4
 364.9872571026506 -9.210782882407361E-4
 369.62365621898533 -1.3227994112742901E-3
 374.31137865887154 -1.7655002903974455E-3
 379.0515777554228 -2.207152228395269E-3
 383.8448301751958 -2.608248859980257E-3
 388.6905592516338 -2.9436423234076953E-3
 393.590494984407 -3.2013598050686107E-3
 398.5452140400722 -3.3805729215667743E-3
 403.5541397520727 -3.4849438152030343E-3
 408.61900212007873 -3.528739297276862E-3
 413.7398011440903 -3.5381698180393466E-3
 418.9171134906641 -3.5474877276113233E-3
 424.151515826357 -3.5865587676936366E-3
 429.44358481772565 -3.6727228656575094E-3
 434.7944737978837 -3.8104572686177245E-3
 440.2041827668311 -4.001802244367965E-3
 445.6732883911245 -4.25225652778154E-3
 451.2029440038775 -4.557866816328176E-3
 456.7931496050901 -4.897224832745109E-3
 462.4444818613191 -5.231364652864721E-3
 468.15809410567794 -5.523853756624323E-3
 473.9345630047234 -5.759497304925333E-3
 479.7738885584555 -5.941823894534664E-3
 485.6772240999877 -6.083006503472452E-3
 491.6451462958768 -6.191377725922514E-3
 497.6782318126796 -6.280833240945077E-3
 503.77763398350964 -6.379010823189684E-3
 509.94277614181004 -6.5231163429410165E-3
 516.175388287251 -6.740042487440875E-3
 522.4760470863896 -7.026151527090657E-3
 528.8447525392256 -7.34070128508695E-3
 535.2832346454294 -7.614179059692973E-3
 541.790916738444 -7.7655641640904564E-3
 548.3695288179399 -7.7151282035920224E-3
 555.0196475504739 -7.396473772286802E-3
 561.7412729360459 -6.7746443881234715E-3
 568.5355583077692 -5.872911565734041E-3
 575.403080332201 -4.7793469575693175E-3
 582.3467223421247 -3.6111057055159693E-3
 589.3589876723028 -2.4410981099496622E-3
 596.4519863204268 -1.3248146558162774E-3
 603.6199516209296 -3.47706914002916E-4
 610.8686502393782 3.955670233921246E-4
 618.1865488446381 8.748891013452465E-4
 625.5909474334114 1.1826683090498534E-3
 633.0703126745635 1.47952899957715E-3
 640.6304112336617 1.866200139211693E-3
 648.2712431107059 2.331554704041973E-3
 655.9928083056963 2.7994525462529335E-3
 663.7951068186328 3.2012495819587695E-3
 671.683905315083 3.487998118559508E-3
 679.659203795047 3.611464247721504E-3
 687.7094689273895 3.545788752357633E-3
 695.8520007088133 3.351001065842595E-3
 704.0810324737507 3.1023524703352165E-3
 712.396564222202 2.795037693212844E-3
 720.7928292885994 2.4260760771456207E-3
 729.2871276696454 2.108734263845278E-3
 737.8621593686379 1.9945715855061393E-3
 746.5352243822789 2.0790433872963356E-3
 755.294789379434 2.1212872581354734E-3
 764.14662102567 1.7785334844041182E-3
 773.0907193209874 8.97832215574826E-4
 782.1270842653863 -3.1816277591864013E-4
 791.261482524434 -1.4881166426640014E-3
 800.4881474325629 -2.331816233168129E-3
 809.8128456553407 -2.801641357675066E-3
 819.2355771927673 -3.0884973262565776E-3
 828.7505753792753 -3.373591086514727E-3
 838.3693735459998 -3.6020178073836997E-3
 848.0804383618054 -3.7446703035913493E-3
 857.9010698233952 -4.03482731426603E-3
 867.8139679340662 -4.621996171946029E-3
 877.8364326905212 -5.390580954990996E-3
 887.9569307616251 -6.160755649387386E-3
 898.1812288129455 -6.726609626613044E-3
 908.5150935100498 -6.844520282643163E-3
 918.946991521803 -6.328044557706717E-3
 929.4884561793403 -5.118137726239002E-3
 940.1394874826618 -3.200432449798511E-3
 950.8943187661996 -6.207074757811848E-4
 961.764483361089 2.3142750595454616E-3
 972.7384479361948 5.017109457162834E-3
 983.8277458226522 7.013314163041343E-3
 995.0266103548937 8.374845857383104E-3
 1006.3350415329191 9.449574897153404E-3
 1017.764572687864 0.010314387175065878
 1029.3036704885926 0.010855901182174629
 1040.958101600673 0.011155529941952994
 1052.727866024105 0.011509299573191563
 1064.618730424456 0.012272664924437121
 1076.6249281361588 0.013616426070243352
 1088.752225824781 0.015440225961773675
 1101.0006234903221 0.0174492697250892
 1113.3701211327822 0.01914365279464795
 1125.8607187521618 0.019920593715787617
 1138.4724163484604 0.019182077901600792
 1151.2052139216784 0.016706909541790916
 1164.070644802951 0.013079591148078313
 1177.057175661142 9.530914650406824E-3
 1190.1705731618203 7.071539208354462E-3
 1203.4108373049855 5.52916517703946E-3
 1216.7779680906371 4.0968238438565E-3
 1230.2777321843434 2.722705325015348E-3
 1243.910129586104 2.2014674391311866E-3
 1257.6693936303511 3.1242900413108532E-3
 1271.5612909826527 4.110127428468561E-3
 1285.5915883085763 3.6863352357659946E-3
 1299.7487522769865 2.4819440206148837E-3
 1314.0500828845863 1.710450120982546E-3
 1328.478280134673 2.9375177179222812E-3
 1343.0506440239491 6.655027832818043E-3
 1357.7556412212795 0.011212876847933232
 1372.5990383922321 0.013699969040933386
 1387.586602202374 0.012331413854629755
 1402.7125659861378 8.864070964417482E-3
 1417.9826964090912 6.025132832760693E-3
 1433.3912268056665 4.749323635399943E-3
 1448.949690506999 4.542081128610858E-3
 1464.6465541819534 4.092450374434648E-3
 1480.4933511616645 3.1785471972325925E-3
 1496.4843147805656 2.193701997941636E-3
 1512.619445038656 3.133992798148281E-4
 1528.9045086015034 -3.34425584688712E-3
 1545.345272134676 -8.696885090661676E-3
 1561.9302023070376 -0.01385889129108177
 1578.6650657841562 -0.016804452393111735
 1595.5498625660325 -0.017505697389718632
 1612.590359318233 -0.016812109638335567
 1629.7865560407581 -0.01562717091483909
 1647.1326860680405 -0.014332513731526152
 1664.6402827312151 -0.0122035152045359
 1682.297812699147 -7.878081182594782E-3
 1700.1168093029712 -1.3082153076658636E-3
 1718.0915058771197 4.0029424797317645E-3
 1736.2219024215928 5.1066154805358135E-3
 1754.5195322675263 3.845968255079008E-3
 1772.972862083784 2.3420938612658637E-3
 1791.5876585359342 4.512542337524013E-5
 1810.3639216239764 -3.8007847530734215E-3
 1829.3016513479112 -7.595603693302444E-3
 1848.4066143733057 -9.389883093882922E-3
 1867.6730440345922 -0.010002934914168846
 1887.1067069973387 -9.911610391654625E-3
 1906.7076032615455 -7.91412401462696E-3
 1926.4699661616436 -3.209609543835329E-3
 1946.4053290287702 3.4254690631538822E-3
 1966.507925197356 8.979257859541245E-3
 1986.7777546674017 0.010831186761721408
 2007.220584104475 7.050907900381235E-3
 2027.8306468430075 -2.4360816982584155E-3
 2048.6079428830007 -0.012227367288781777
 2069.564005555588 -0.016923157291517013
 2090.6930681952035 -0.016895190031617261
 2111.9893641362787 -0.013775459042950052
 2133.464426709949 -8.445766622514282E-3
 2155.1124892506463 -2.3218340150878654E-3
 2176.933551758371 3.671195841746922E-3
 2198.933380898691 6.230584064056632E-3
 2221.1062100060385 3.135951719691064E-3
 2243.4578057459807 -4.0823394011247162E-4
 2265.9824014529503 -1.6653825073008727E-3
 2288.6915304580825 -5.327136099498516E-3
 2311.5736594302425 -0.010343210896851389
 2334.640321700565 -0.012786265827325779
 2357.8857506034823 -0.013973249233513308
 2381.3041794734267 -0.012738567237508495
 2404.9071416415345 -9.268183051988281E-3
 2428.6946371078042 -7.25882243673382E-3
 2452.660899206669 -4.972746024853701E-3
 2476.8059279381286 -1.5300473568584781E-3
 2501.1354899677512 -3.8017453019468837E-3
 2525.6495852955363 -0.010151619396102186
 2550.3424472559163 -0.03737849004837797
 2575.2198425144592 -0.010626386787818343
 2600.2817710711642 -0.0846141851173415
 2625.5224662604646 0.16749828119041784
 2650.9534614134945 0.4845258337643865
 2676.5632231991203 0.0894826596638743
 2702.3632849484756 -0.20158230506634083
 2728.3421133304264 -0.12665704040523964
 2754.505475010539 -0.06748036824741509
 2780.8591366543823 -0.031135490335336586
 2807.391564930821 -0.015356866626959412
 2834.114293170989 -8.178123689096373E-3
 2861.02155470932 -4.55019917461606E-3
 2888.1133495458134 -2.53253113694587E-3
 2915.3896776804695 -1.3380780834286185E-3
 2942.8505391132885 -6.012998908754564E-4
 2970.4959338442695 -1.328796399232082E-4
 2998.3316285389814 1.7087655024253646E-4
 3026.346089866288 3.7014723699551715E-4
 3054.5508511573243 5.01359471232114E-4
 3082.9343790809557 5.872508195473721E-4
 3111.508206968318 6.431983868211468E-4
 3140.2608014882744 6.787651911456361E-4
 3169.203695971961 7.003306149800272E-4
 3198.325357088243 7.116197011403525E-4
 3227.6373181682556 7.163782200504046E-4
 3257.1280458808623 7.168375009216214E-4
