 0.25054838022535685 -1.3450328500352252E-4
 0.7545907171000179 -1.6661591171382695E-3
 1.2645633800826088 -6.2918545327754794E-3
 1.7805383974254527 -0.015398233917876885
 2.302572633538279 -0.02973095532491499
 2.8307545441695527 -0.04934166777184728
 3.3651473119967523 -0.07374734996738062
 3.9058204379651 -0.10214190456577386
 4.452849741287569 -0.1335779617180767
 5.00631104117713 -0.1671030034694219
 5.566286475114502 -0.2018506781045516
 6.132832907509415 -0.23709006054382672
 6.706019839307092 -0.2722401711967874
 7.285973635862486 -0.3068623952719205
 7.872751161585324 -0.34064416033880556
 8.466415599153086 -0.3733807257629545
 9.067030131243245 -0.40495487547390945
 9.67478430588823 -0.4353141195325362
 10.289614940410567 -0.4644485664062265
 10.911648400165209 -0.4923736311044867
 11.541011050507105 -0.5191195123918266
 12.177766074113736 -0.5447252071423867
 12.82203983634005 -0.5692320568898885
 13.473832337186051 -0.5926773563757959
 14.13326994200669 -0.6150931474023184
 14.800479016156919 -0.6365112745046333
 15.475522742314215 -0.6569679220926238
 16.158464303156055 -0.6765029381067688
 16.849430064037392 -0.6951575795377761
 17.548546390313177 -0.712972877928317
 18.25581328198341 -0.7299863703764943
 18.97142028708052 -0.7462315922777607
 19.69536740560451 -0.7617392609271102
 20.427907368265284 -0.7765353592107675
 21.168976992385363 -0.7906376975236283
 21.9187026433197 -0.8040587318697177
 22.67727386910073 -0.816808889220731
 23.44475385240592 -0.828899103806446
 24.221205775912757 -0.8403454951614836
 25.006819187653658 -0.8511645773545288
 25.801594087628636 -0.8613622683965435
 26.605656841192633 -0.8709376664953814
 27.419196996378083 -0.8798940406475738
 28.242277735862465 -0.8882403524125779
 29.074962242323245 -0.8959808853030901
 29.917440063792863 -0.9031114121684231
 30.769774382948792 -0.9096231405351471
 31.63209156514598 -0.9155028816931182
 32.50451797573938 -0.9207442103732916
 33.38717998008396 -0.9250314562029911
 34.28014076085718 -0.9293687250155279
 35.183589866091473 -0.9327774993297512
 36.09759047846431 -0.9355781839271069
 37.02233214600813 -0.9377609718180003
 37.957878051400413 -0.9393220867478179
 38.9043545599961 -0.9402574142898902
 39.861888037150144 -0.9405604728131637
 40.83066803089498 -0.9402174536253931
 41.81082090658556 -0.9392075591451972
 42.80240984689935 -0.9375103863252585
 43.805561217191325 -0.9351171990541566
 44.82046456549389 -0.9320303645362766
 45.84724625716202 -0.9282524190620307
 46.88603265755064 -0.9237856734737947
 47.93695013201473 -0.9186244352086431
 49.0001882285867 -0.9127693242486765
 50.075810129944045 -0.9062396164010291
 51.164005384119185 -0.8990618018100078
 52.26496353914453 -0.8912542544906
 53.37874777769759 -0.8828301631529499
 54.505547647810764 -0.8737979820984323
 55.64548951483903 -0.864166672886504
 56.7987629268148 -0.8539553986002808
 57.965494249093033 -0.8431958346889126
 59.14587302970616 -0.8319154294508623
 60.33996245133165 -0.8201412366505283
 61.548015244679405 -0.8079104552139589
 62.77022095778187 -0.7952684565585307
 64.00657959063903 -0.7822474797534856
 65.25759660467072 -0.7688657297277834
 66.52314563452197 -0.755123544653479
 67.80322668019275 -0.7410193463943159
 69.09847156845788 -0.7265697617429973
 70.40824847254257 -0.7118057898045632
 71.73382104599634 -0.696759782372274
 73.07455746204444 -0.6814640912393892
 74.43108954746161 -0.6659542244716822
 75.80341730224788 -0.6502588703318173
 77.192172553178 -0.634379550594042
 78.5967234734772 -0.6183072473368901
 80.01707006314548 -0.6020614618155321
 81.4544759757324 -0.5856811401783002
 82.90894121123792 -0.5691784566191739
 84.37983394288729 -0.5525716555205195
 85.86778599745527 -0.5358991532277827
 87.37342920171662 -0.5191780668831468
 88.89613172889659 -0.5024539595348199
 90.4371572325447 -0.48581634532575546
 91.99587388588621 -0.46933586839823965
 93.57228168892108 -0.4532683228571596
 95.16701246842409 -0.43701402027371843
 96.78069805117 -0.4212295859783703
 98.41270661038406 -0.40568018126123495
 100.06430179961578 -0.3903497654945044
 101.73485179209041 -0.3752317105059011
 103.42435658780795 -0.3603535942265087
 105.13344801354314 -0.34573332850283955
 106.86275789607076 -0.33132656206988264
 108.61228623539083 -0.3170865313686349
 110.38140120472858 -0.30302428898909317
 112.17199828440826 -0.2892170734286157
 113.9821819941056 -0.2757109944468991
 115.81447964091967 -0.2624971017568883
 117.66699574452618 -0.24958967185550445
 119.54162578524941 -0.23702364355222815
 121.4377379363146 -0.22480518848706287
 123.35596402449652 -0.21293461665105894
 125.29630404979514 -0.20142910718460951
 127.25875801221049 -0.19031965919275464
 129.2445895652921 -0.17959984177024873
 131.25253505549042 -0.16921214312294116
 133.28448996312974 -0.15910493001423692
 135.33919063466058 -0.149276252318619
 137.41853255040714 -0.13975389087040418
 139.52125205682 -0.13053431740781887
 141.64798098067385 -0.12162151672491092
 143.79998297551824 -0.11301154911723975
 145.97662621457843 -0.10468767506808375
 148.17791069785437 -0.09666035536634372
 150.40510007889562 -0.08898138669844115
 152.6575625309274 -0.081716616799682
 154.93656170749926 -0.07492875404146189
 157.24146578183643 -0.06863366432936041
 159.57290658071363 -0.06279095864761082
 161.93088410413093 -0.057359808356774906
 164.31666200563782 -0.052307509964655475
 166.72897663168475 -0.047609371838658
 169.16972346259606 -0.043260032260850733
 171.63890249837172 -0.03924635381051769
 174.13588191223698 -0.035542985419557124
 176.6612935309666 -0.032138829408364676
 179.21640100811006 -0.029063254329055307
 181.8005725168927 -0.026364703892125345
 184.4144398840892 -0.02405326802445529
 187.05800310969956 -0.022099599027873572
 189.73252584727333 -0.020460747924157234
 192.43737627003577 -0.019085152492842927
 195.17318620476163 -0.01793232283016749
 197.9399556514509 -0.016982247604777352
 200.73894826365307 -0.016282355695956002
 203.5701640413682 -0.015574406340780276
 206.4329711578215 -0.015071501659894376
 209.32926509333728 -0.014704398421988061
 212.25841402114076 -0.014447661579565917
 215.22104976800667 -0.014261173781745375
 218.21780416070984 -0.0141199931486112
 221.24867719925023 -0.01401700735822702
 224.31366888362785 -0.013948298687335865
 227.41404286739222 -0.013901488911485193
 230.55043097731811 -0.013861868673523446
 233.721569559856 -0.0138171059658456
 236.92935409533015 -0.013755238515626739
 240.1737845837406 -0.013667889237444856
 243.45486102508732 -0.013557895394841259
 246.77321524614507 -0.013429153857129523
 250.12947907368865 -0.013276209909062784
 253.5242843344928 -0.013092971381070531
 256.95699920178276 -0.01287582603198546
 260.4288873291081 -0.012625711725640056
 263.9405805432434 -0.012347807003436285
 267.49207884418893 -0.012046042551893225
 271.08338223194454 -0.011724963403429843
 274.71638618683454 -0.011387998622683656
 278.38982705530935 -0.01103410213076459
 282.10496849091856 -0.010667152761143293
 285.8618104936622 -0.010292187586578728
 289.66161671708977 -9.90237609518034E-3
 293.50438716120123 -9.489728408529078E-3
 297.39075365277136 -9.06309054396319E-3
 301.3213480185749 -8.634422519827224E-3
 305.2955384318372 -8.204604147084226E-3
 309.3152203728824 -7.771905675672961E-3
 313.3797620149358 -7.339225803724719E-3
 317.49042701154695 -6.91244590689574E-3
 321.6472153627159 -6.495257133166153E-3
 325.8507588952173 -6.08591676921262E-3
 330.10168943582596 -5.678420006578831E-3
 334.40063881131663 -5.264996891405495E-3
 338.74760702168936 -4.837308044454731E-3
 343.1438577204936 -4.3882471745251474E-3
 347.58939090772935 -3.914097545284451E-3
 352.08420658339673 -3.4131614766546216E-3
 356.63020022781995 -2.8820301943214337E-3
 361.2267400142242 -2.3152434031991145E-3
 365.8750895961591 -1.7089479708931926E-3
 370.5752489736246 -1.0645422388510211E-3
 375.3278499733955 -3.9055399323470924E-4
 380.13352442224646 2.981636349550127E-4
 384.99290414695235 9.861992151994423E-4
 389.9066209742879 1.1286842906737025E-3
 394.8753067310279 2.337152950659328E-3
 399.89959324394703 3.004507207438638E-3
 404.97948051304535 3.663188816419885E-3
 410.1156003650976 4.301284708812157E-3
 415.3092164536534 4.906256084798805E-3
 420.5609606054874 5.466709589675412E-3
 425.8702009938249 5.969528093049302E-3
 431.2388330989901 6.403078758039123E-3
 436.6674887477579 6.7623037143045294E-3
 442.15553611335343 7.049600601715347E-3
 447.704870676101 7.274673267389299E-3
 453.3154924360007 7.455582917162906E-3
 458.9880332198272 7.616477853862374E-3
 464.7231248543552 7.780642914333525E-3
 470.5213991663596 7.965188477318285E-3
 476.3841198093899 8.18285517498812E-3
 482.31128678344606 8.443705316839033E-3
 488.30353191530286 8.751647044586438E-3
 494.3621188585098 9.09805809806847E-3
 500.4870476130669 9.463240518702483E-3
 506.678950005749 9.829265551373496E-3
 512.9390896901056 0.010184335500323351
 519.2680984929112 0.010517866143851189
 525.6659764141662 0.010832220177381155
 532.1339871074199 0.011160247070714153
 538.672762399447 0.011540709232032459
 545.2829341170225 0.01196990593181438
 551.9657659136958 0.012409616400785707
 558.7206259626921 0.012832971741937899
 565.5494097443358 0.01322415113929869
 572.4527490854015 0.013554004161728594
 579.4306439858893 0.013798538065546694
 586.4849899261235 0.013947271771528902
 593.6151550793293 0.01391614695086969
 600.8230349258309 0.013884682887592746
 608.1092612924034 0.013660182296311807
 615.4738341790465 0.013285865284852623
 622.9180172393097 0.012716452869533412
 630.442442299968 0.011951859380100242
 638.050268494895 0.011058539007077716
 645.7332820760188 0.010133832322012176
 653.5047514056095 9.251024027318781E-3
 661.3583582159196 8.446796209421573E-3
 669.3004207746964 7.701077793237248E-3
 677.3183025464449 6.92423853007307E-3
 685.4309583344079 6.044431512367644E-3
 693.6257516030902 5.10279277795717E-3
 701.9090006202393 4.221606581887508E-3
 710.2807053858554 3.4854316065428252E-3
 718.7408658999383 2.370265856491065E-3
 727.2894821624881 2.1576628699932474E-3
 735.9328724412525 1.942702865906764E-3
 744.6710367362314 1.4914321543218888E-3
 753.4913385119294 1.0317565144824796E-3
 762.4127325715897 5.484687661548418E-4
 771.4289006474644 3.61735776685834E-5
 780.5398427395537 -4.4698361990084845E-4
 789.7392405801099 -8.236215343543804E-4
 799.046048972376 -1.0693784937713345E-3
 808.4413131131089 -1.2473092986366191E-3
 817.9439878055514 -1.4146084249893281E-3
 827.5414365142087 -1.5478947133099826E-3
 837.2399775068279 -1.6090631618911937E-3
 847.0396107834094 -1.5970545031327386E-3
 856.9403363439532 -1.5249004226214034E-3
 866.9484724562066 -1.4150062280500058E-3
 877.0577008524222 -1.2860831483067537E-3
 887.2743398003475 -1.0663926036118668E-3
 897.5983892999827 -6.492089588251151E-4
 908.0235310835801 -1.7106628413840086E-4
 918.5624016866349 2.1855976497743646E-4
 929.2023645736517 5.560484531436023E-4
 939.9623745478738 8.391812815001973E-4
 950.8234768060579 7.356672029446093E-4
 961.804626151447 6.310089897220318E-4
 972.893186048546 2.1003174209488847E-4
 984.0954747651024 -2.2335091901801715E-4
 995.4178105688638 -5.236988692743717E-4
 1006.8475569243351 -8.420857849184326E-4
 1018.3973503670114 -1.4348587876237793E-3
 1030.067190896893 -2.3082398035784183E-3
 1041.8507602462316 -3.397787611415027E-3
 1053.7606949505232 -4.580323434640304E-3
 1065.784358474272 -5.523465569283212E-3
 1077.9343873529737 -6.201314037634746E-3
 1090.2044633188804 -6.8619027115580594E-3
 1102.5945863719921 -7.498232613117203E-3
 1115.1173930478041 -7.987371436884952E-3
 1127.7602468108213 -8.500449460424908E-3
 1140.529465928791 -9.246491958161926E-3
 1153.4250504017136 -0.010190491358964214
 1166.4533184973365 -0.01124743289906946
 1179.607951947912 -0.012407346702676684
 1192.895269021188 -0.013618920233023121
 1206.3152697171642 -0.014494679331230406
 1219.8679540358405 -0.014646834211168852
 1233.5533219772173 -0.014229427880083896
 1247.3713735412945 -0.013425266569357499
 1261.3221087280721 -0.012322086764174503
 1275.4181640730453 -0.011229011557344265
 1289.6469030407188 -0.010125647431041418
 1304.0146438988401 -8.88045903480963E-3
 1318.5213866474095 -7.491151290285871E-3
 1333.1671312864268 -5.8359287137677434E-3
 1347.95819608364 -4.113887904507822E-3
 1362.8945810390484 -2.8299669155966073E-3
 1377.969967884905 -2.098472974199001E-3
 1393.1906748889571 -2.0483390727178865E-3
 1408.5630203189523 -2.0637953512125826E-3
 1424.0743676393956 -2.0793913905485785E-3
 1439.7436716535298 -2.526802713555966E-3
 1455.551977558112 -3.377955680336607E-3
 1471.518240156385 -4.001424165938649E-3
 1487.6298229128535 -4.390653606868403E-3
 1503.8930440952653 -5.010256785881995E-3
 1520.3142219713681 -5.710844506830643E-3
 1536.887038273414 -6.182289605061617E-3
 1553.617811269151 -6.3408026832538254E-3
 1570.500222690831 -6.118707622523995E-3
 1587.5469090739495 -5.827448485868966E-3
 1604.7452338830114 -5.409938110515092E-3
 1622.1078336535115 -4.824017713607891E-3
 1639.6283901177027 -4.063605496186542E-3
 1657.3069032755845 -3.938895920506671E-3
 1675.1496913949051 -4.133311728616908E-3
 1693.1630727434121 -4.329586328093641E-3
 1711.3344107856094 -4.01213165135355E-3
 1729.6700237892453 -2.899975181695061E-3
 1748.16991175432 -2.5772752168795763E-3
 1766.8403929485807 -2.8061092045279954E-3
 1785.6814673720273 -3.0370340610990902E-3
 1804.6868167569127 -3.808561543071641E-3
 1823.8690776387318 -3.8255593105192614E-3
 1843.2156134819895 -2.567727168409762E-3
 1862.739060822181 -2.1370710307625542E-4
 1882.4331013915584 2.3530414010425877E-3
 1902.297735190122 4.149551303978236E-3
 1922.3455987533673 4.907128681424677E-3
 1942.5640555457982 4.575735218996715E-3
 1962.9594238351633 4.241442063772504E-3
 1983.531703621462 2.1913105030232022E-3
 2004.2808949046946 6.309556148993538E-4
 2025.2133159526085 -2.001696135468319E-4
 2046.3226484974561 -1.1350874658107772E-3
 2067.615210806985 -2.726800146801004E-3
 2089.091002881196 -4.299314011161747E-3
 2110.7437064523396 -5.204083650001776E-3
 2132.5859580559135 -5.4571159866476145E-3
 2154.611439424168 -4.930951944544037E-3
 2176.820150557104 -4.296701912090733E-3
 2199.2184097224694 -3.6570386503419465E-3
 2221.799898652516 -2.03390696734339E-3
 2244.564617347244 2.3065254403456847E-5
 2267.5252023421485 1.1038058180187794E-3
 2290.675335369482 9.043094719171941E-4
 2314.0086981614972 7.032341427269226E-4
 2337.5379272536893 -1.829540914768071E-5
 2361.25670437831 2.7034218053819831E-5
 2385.1650295353597 3.6630260429374204E-4
 2409.2692209925862 1.0056860416957523E-3
 2433.562960482242 2.1786450577719615E-3
 2458.0525662720747 3.400312291253508E-3
 2482.7317200943357 5.002946013311356E-3
 2507.6130584845213 6.646860792654979E-3
 2532.6839449071362 0.010524918158437755
 2557.9570158976753 0.015167325529774118
 2583.425953188391 0.01925769689321645
 2609.0844385115356 0.022787191867627416
 2634.9451084026045 0.027345978871308167
 2661.0079628615976 0.031042583821169096
 2687.2666836207677 0.03507688682151543
 2713.7212706801142 0.0354292648488962
 2740.3780423073853 0.033971375867654224
 2767.2369985025807 0.03250242918378137
 2794.2918209979525 0.029179347104670516
 2821.548828061249 0.023680143633110013
 2849.0080196924695 0.017669622887175825
 2876.663077623867 0.015032521130736639
 2904.526638390936 0.013735421069584674
 2932.586065458182 0.016173687239235724
 2960.8539953611 0.01974952813016195
 2989.3177915641945 0.02307372335895379
 3017.983772335213 0.024046862094566991
 3046.858255941904 0.02293904641446862
 3075.928605848772 0.021823716010938503
 3105.207458591311 0.016563000490473104
 3134.688495901775 0.011268682503764374
 3164.3717177801627 7.1684049535914234E-3
 3194.257124226475 4.514191071188022E-3
 3224.344715240712 2.972613919123195E-3
 3254.6344908228725 2.097750413241522E-3
 3285.132769240706 1.5659557500604772E-3
 3315.8269139587155 1.2082768037064322E-3
 3346.729561512397 9.491181421125318E-4
 3377.8280753662552 7.535022350978746E-4
 3409.1350920557856 6.025602655966312E-4
 3440.637975045492 4.84502851246998E-4
 3472.349360870871 3.912808602496886E-4
 3504.256612996426 3.171292255905764E-4
 3536.372367957654 4.815303752457113E-5
 3568.683989219058 1.0967843448239002E-4
 3601.197795048386 1.2499014826950147E-4
 3633.9074671778912 1.2003564495668281E-4
 3666.8256421430683 1.1504955991519437E-4
 3699.9333651406745 9.4405801729182E-5
 3733.2495909739523 7.755418097132291E-5
 3766.7553648396592 6.377211977553514E-5
 3800.4633232732912 5.248212059628494E-5
 3834.373466274847 4.322055236429181E-5
 3868.4731573088315 3.561377103048596E-5
 3902.768714642993 2.935961535477984E-5
 3937.260138277331 2.421299570394498E-5
 3971.947428211846 1.99745872689537E-5
 4006.830584446537 1.6481901759107483E-5
 4041.9032887136572 1.3602211151786437E-5
 4077.1718592809543 1.1226896837410556E-5
 4112.623659612933 9.266930513544974E-6
 4148.271326245089 7.649239962549076E-6
 4184.108540909673 6.313774845379443E-6
 4220.135303606687 5.2111357773123624E-6
 4256.345296068381 4.300647367212534E-6
 4292.744836562504 3.5487918609363956E-6
 4329.32760682131 2.9279311891363514E-6
 4366.093606844796 2.4152628610410055E-6
 4403.042836632964 1.991965065500171E-6
 4440.175296185814 1.6424960348489533E-6
 4477.490985503345 1.354018645156201E-6
 4514.98358631781 1.1159269753475252E-6
 4552.64678036146 9.194573529800649E-7
 4590.493204169792 7.573672598762784E-7
 4628.516539475058 6.236711633869946E-7
 4666.71046800951 5.134221586955094E-7
 4705.0749897731475 4.2253177383808942E-7
 4743.610104765973 3.476213938116149E-7
 4782.322131255731 2.85899177217968E-7
 4821.192114439179 2.3505846374251495E-7
 4860.232690851814 1.9319376657944793E-7
 4899.437542225888 1.5873129498308862E-7
 4938.800350293653 1.3037145374613933E-7
 4978.3274333228555 1.0704134693456084E-7
 5018.012473045749 8.785541466037241E-8
 5057.861787730081 7.208294038336881E-8
 5097.8564225726095 5.9121143687945614E-8
 5138.0090141088285 4.847290488983749E-8
 5178.313244070991 3.972838538492989E-8
 5218.769112459096 3.254980483420405E-8
 5259.370301005397 2.6658861726911664E-8
 5300.1168097098934 2.18263379716048E-8
 5341.008638572585 1.7863505944218742E-8
 5382.039469325726 1.233701762402207E-8
 5423.209301969314 1.1953102726022392E-8
 5464.5181365033495 9.772607641661641E-9
 5505.965972927834 7.987119498703989E-9
 5547.54017470727 6.52560807510083E-9
 5589.253378377155 5.329716428374068E-9
 5631.0866291342445 4.351518927615602E-9
 5673.052563514035 3.551671001450508E-9
 5715.13854498103 2.8978849965852233E-9
 5757.34457353523 2.363674488605393E-9
 5799.6706491766344 1.9273199827457026E-9
 5842.110453637497 1.571018185723565E-9
 5884.670305185565 1.2801809187071264E-9
 5927.337567285343 1.042859379391664E-9
 5970.118558204577 8.49270193864526E-10
 6013.000641407774 6.914057860357823E-10
 6055.990135162681 5.627148388634719E-10
 6099.08072120155 4.57839134496617E-10
 6142.266081256634 3.723980484969837E-10
 6185.552533595679 3.028114153166827E-10
 6228.927441683191 2.4615435103496503E-10
 6272.397123786918 2.000381322518547E-10
 6315.955261639113 1.625126278140852E-10
 6359.589218704278 1.3198629294309162E-10
 6403.311631517911 1.0716069348896507E-10
 6447.097227009019 8.69768605701307E-11
 6491.00918785508 7.057143529401732E-11
 6534.984331378619 5.724072670381374E-11
 6578.959474902157 4.641140240646342E-11
 6623.060983780648 3.761645524833693E-11
 6667.225675336614 3.047560568102566E-11
 6711.4535495700574 2.4679283114717377E-11
 6755.7446064809764 1.997554373224921E-11
 6800.035663391896 1.615939327009171E-11
 6844.453085657769 1.3064072888112004E-11
 6888.870507923641 1.0553951356598185E-11
 6933.414295544466 8.51872709637662E-12
 6977.894900487815 6.868696588142657E-12
 7022.501870786115 5.530902254582322E-12
 7067.108841084417 4.4459832894723054E-12
 7111.778994060196 3.5656122571411785E-12
 7156.449147035973 2.8503985948145384E-12
 7201.11930001175 2.2681747566403514E-12
 7245.852635665005 1.7925915033345665E-12
 7290.649153995734 1.4019605083229377E-12
 7335.445672326465 1.0782941181909018E-12
 7380.179007979718 8.064982487123521E-13
 7425.038708987926 5.736754122443217E-13
 7469.8352273186565 3.6854750311873404E-13
