 0.26523570782524735 0.9999925385836893
 0.7988253717240696 1.0002531627691246
 1.3386930017444713 1.0009127511691802
 1.884914848487119 1.0020051558970504
 2.437551109794645 1.0034834775078687
 2.996695426755587 1.0052648591703732
 3.562414685861759 1.0072645843340557
 4.1347824622541544 1.0093607681380738
 4.71387901972295 1.0114444773560946
 5.299784622058321 1.0134223555597436
 5.892586221699624 1.0152392250346438
 6.492344016489492 1.0168548104458292
 7.099131581568918 1.0181946883689336
 7.71308268992153 1.0192622746918504
 8.334257539389956 1.020099026207462
 8.962723016466015 1.0207075264393437
 9.598546007641515 1.0210431435905964
 10.241927172391899 1.0211952893733806
 10.892799624225352 1.021209941044917
 11.551297136125498 1.0210320037887792
 12.217553481075969 1.0207193547368946
 12.891635545568572 1.0202969948329592
 13.573677102586938 1.0198028570796995
 14.263678152131066 1.0192465677209967
 14.961772467184579 1.018603879438423
 15.668093820731107 1.0179036148491464
 16.38270909926246 1.0171676400173041
 17.105685189270452 1.0163895492188355
 17.837155863738715 1.015567954450078
 18.577254895650867 1.0147358317198147
 19.32598228500691 1.0138902828879581
 20.083538691282285 1.013039097265712
 20.849924114476994 1.0121797415546156
 21.625406100558286 1.011322036716329
 22.409917763034346 1.010476629302461
 23.20359287488881 1.0096087649111618
 24.0066320955971 1.0087242930728577
 24.819102311651047 1.0078334370491641
 25.641070409542457 1.0069216361663602
 26.472737048746765 1.0059916554358061
 27.314102229263983 1.0050435003347015
 28.165299724077723 1.0040566187461992
 29.026530192663432 1.0030293335584263
 29.89786052151292 1.0019648336607398
 30.779357597118004 1.0008528549228252
 31.67122207895412 0.9996949824049819
 32.57352085351309 0.9984985215356919
 33.48638769377852 0.9972652726728171
 34.40995637273405 0.9960020510902383
 35.34436066336332 0.9945782734712703
 36.28966745215811 0.9934108776009491
 37.24607739859389 0.9920904096259239
 38.21365738916246 0.9907610252167847
 39.19260808333925 0.9894283642989852
 40.18299636761609 0.9880976288513782
 41.184956014976606 0.9867660827079655
 42.19862079840441 0.9854289496110092
 43.22419137737494 0.9840820474863764
 44.26180152487185 0.9827244215495473
 45.311518127386925 0.9813506557417
 46.3734749579038 0.9799501949497805
 47.44787267589792 0.9785121560564423
 48.5348450543529 0.9770266178758684
 49.634525866252374 0.9754898309216521
 50.74704888457997 0.9739044946690241
 51.87261476881112 0.9722780313711141
 53.01129040543764 0.9706143579428118
 54.163276453934983 0.9689127515655931
 55.328773573778555 0.9671793820222778
 56.50784865146021 0.9654190657577966
 57.70070234645535 0.9636362706540924
 58.90746843174763 0.9618370792383251
 60.12834756681248 0.9600267935275049
 61.36347352463351 0.9582123987777681
 62.61304696468619 0.9564001072648516
 63.877134773462316 0.9545888942113614
 65.15600449692913 0.9527731273010502
 66.44985679456208 0.9509471773864973
 67.75869166636117 0.9490931258108022
 69.08304420426091 0.9472023402363515
 70.42278063527768 0.94527671125676
 71.77790095941144 0.943303358424518
 73.14907404158036 0.9412866723945353
 74.5356310168663 0.9392189483668049
 75.93890961510552 0.9371044546322321
 77.3582409713799 0.9349556164325847
 78.79429395060754 0.9327691317947681
 80.24706855278846 0.9305508846713161
 81.7172336428408 0.9283098257004179
 83.20412035584641 0.9260498709261392
 84.7077286918053 0.9237511506928643
 86.22939638055374 0.9214211069793193
 87.76912342209172 0.919091601382174
 89.3262409515011 0.916767633607785
 90.90141783370005 0.9144450519139302
 92.49532293360664 0.9121391462759639
 94.1072873863028 0.9098414973111681
 95.73864892162474 0.907543652549393
 97.38873867465438 0.9052469624370685
 99.05755664539167 0.902926499326216
 100.74577169875477 0.9005957387977289
 102.45405269966182 0.8982423226975509
 104.18173078319465 0.8958718604068024
 105.93014367918956 0.8934802076424566
 107.6986225227284 0.8910724316138721
 109.48716731381118 0.8886428945880187
 111.29644691735604 0.8861896922501129
 113.12713019828107 0.8837124658228179
 114.9792171565863 0.8812115080399483
 116.85203892735363 0.8786611211234535
 118.74760210533739 0.8760552780231229
 120.66390009578322 0.873387218083056
 122.60360835836363 0.8706606880853704
 124.56472029832426 0.867875434710712
 126.54924251041948 0.8650008773991693
 128.55650612973116 0.8620142766874435
 130.58718002117743 0.8588912637137325
 132.64126418475828 0.8556363156929421
 134.71875862047372 0.8522651855248621
 136.82100105816002 0.8488089290596796
 138.94665376798093 0.8452788372522054
 141.0977233446908 0.8416798646541273
 143.2728720584534 0.8380071616228084
 145.4741065040231 0.8342604450768725
 147.70008895156368 0.8304543287137501
 149.95148826599324 0.8265875920480241
 152.22964217714803 0.8226894448947557
 154.53388182010996 0.8187896828735881
 156.864207194879 0.814896139431541
 159.22195603129142 0.8110254795036811
 161.6064594644291 0.8071811114105845
 164.01905522412823 0.8033529644466609
 166.4590744454708 0.7995126608052053
 168.92718599337484 0.7956125301526815
 171.42338986784042 0.7916187084105628
 173.94902379870376 0.7875153726215208
 176.5027500561286 0.7832869464363146
 179.08657523486937 0.7789380009052763
 181.700499334926 0.7744871770774944
 184.34385349138045 0.7699269345128544
 187.01730656915077 0.7652332821156169
 189.72219629807327 0.7603914756161313
 192.4578538132298 0.7554068549946876
 195.2249479795385 0.750322710569708
 198.02347879699937 0.7452046007979186
 200.85478399544865 0.7401061660763426
 203.71819470996823 0.7350460507353762
 206.61437980547626 0.7300035678034186
 209.54333928197272 0.7249459033017748
 212.50641086929383 0.7198316269352979
 215.50359456743964 0.7146816002637149
 218.53422151149203 0.7094299652809473
 221.60029829620538 0.7040619196477365
 224.70115605666154 0.6985492191725404
 227.8374636577786 0.6928726852677559
 231.00988996447483 0.687004331007933
 234.2184349767501 0.6809026821876678
 237.4630986946045 0.6745438664304623
 240.74521884787418 0.6679249757042587
 244.06546430147736 0.6610903911861682
 247.42249732557775 0.6541083641710222
 250.81832451492977 0.6470367496430117
 254.2529458695334 0.6398994966498331
 257.7263613893886 0.6326610578822537
 261.23923993941355 0.6252620523843291
 264.7922503845264 0.6176533096318508
 268.38606158964523 0.609788491239654
 272.02000468985193 0.6016512819589009
 275.6954174149828 0.5932777814212665
 279.41296862995585 0.5847118847150612
 283.17265833477125 0.5759604861131178
 286.9744865294289 0.5670170463071074
 290.8204598086832 0.5579055860527439
 294.7092404426979 0.548698428208174
 298.6421661613092 0.5394718881201823
 302.6192369645172 0.5302445528297423
 306.64179058215813 0.5209968398764292
 310.709827014232 0.5117126462106543
 314.8240151256569 0.5023690034079187
 318.98502378135094 0.4929356807709974
 323.1921841163961 0.4833966477094275
 327.44750272554665 0.47380933377848183
 331.75031074388454 0.4642623237425814
 336.101945901246 0.4547510920005504
 340.5024081976311 0.4451623214853138
 344.9523664979578 0.4353742756672137
 349.4524896671444 0.42532031019588473
 354.00344657010896 0.4150000021011955
 358.6052372068515 0.4045306711462266
 363.25919930720823 0.3940747566956081
 367.9653328711792 0.3837241313413222
 372.7236378987644 0.3734723343089246
 377.5361209847183 0.36322118251635543
 382.40211326412264 0.3529023677247744
 387.3229524668138 0.34258022600125354
 392.2986385927916 0.3322825644791221
 397.32984050697433 0.3218519901440202
 402.4172270742801 0.3111615835858071
 407.56146715962705 0.30030213834413543
 412.76322962793324 0.2894338693238249
 418.02318334411683 0.27844545692919375
 423.341997173096 0.267381188289142
 428.7196711148707 0.2562146819864235
 434.156874034359 0.24501762994356071
 439.65494366139733 0.23391562778488525
 445.21454886090373 0.2230191135416539
 450.8350207679601 0.21238795621826864
 456.5183659773207 0.20200606887175934
 462.26525335390385 0.1918084943808303
 468.0750140327913 0.18175563478869141
 473.94965460873743 0.17183408792464588
 479.8891750817423 0.16206817663538364
 485.8942443167241 0.15251651061045803
 491.96553117860077 0.14323679028515207
 498.1037045322906 0.1342383436238914
 504.31010210762985 0.12556229922101025
 510.5847239046185 0.11731175821319738
 516.9282387881747 0.10947324265854286
 523.3419844881345 0.10197106120808004
 529.8259610044981 0.09477385392009235
 536.3808372021838 0.08784998680762782
 543.0079508110275 0.08120789614634594
 549.7079706959476 0.07489204049078185
 556.4808968569439 0.06893140266656718
 563.3280670238528 0.06337242086514033
 570.2501500615923 0.058173526021889465
 577.2478148350807 0.05327975284321359
 584.3223990741543 0.048677051216598786
 591.4732339138948 0.04432149076169582
 598.7023259490566 0.04019887213474107
 606.0103440445578 0.03635453702738321
 613.3972882003986 0.03286437141284358
 620.8651650113331 0.029711605242298912
 628.4133056124437 0.026819716397958215
 636.0437165984841 0.024161013365571467
 643.757066834373 0.021695965013636735
 651.55335632011 0.01940238973730418
 659.4339227855315 0.01728881856361591
 667.3994350955558 0.015366398008879721
 675.4532375747733 0.013655235689108968
 683.5866349792485 0.012122797802921663
 691.8136734722619 0.010738922221854255
 700.1276644046326 9.514066349419946E-3
 708.5352964255416 8.461071284938395E-3
 717.0231922366263 7.5684885174246924E-3
 725.6114177854306 6.805567414762833E-3
 734.286595773592 6.148245401301109E-3
 743.0554148502918 5.569324448131279E-3
 751.91787501553 5.027687850859935E-3
 760.8739762693065 4.540062931642041E-3
 769.9237186116213 4.045353251365794E-3
 779.0737906916559 3.659849331530825E-3
 788.3241925094102 3.343251494435034E-3
 797.6615467665214 3.056773706274576E-3
 807.1059194105337 2.7698230179139657E-3
 816.6506217922656 2.47262401271087E-3
 826.2956539117173 2.168175888461656E-3
 836.0343271197073 1.8709574772133672E-3
 845.8867073637796 1.6168230874612772E-3
 855.8327286963903 1.442836709654894E-3
 865.8924570650831 1.3611942987078993E-3
 876.0525151714959 1.3894104406201137E-3
 886.3195916648094 1.4154159201169311E-3
 896.693686545024 1.5205672255403453E-3
 907.1747998121398 1.654842717332792E-3
 917.7696201153376 1.7892661791806118E-3
 928.4714588054364 1.9036865000661357E-3
 939.2870045316178 1.9945330913282255E-3
 950.2162572938812 2.0611792987831265E-3
 961.2525284430458 2.107641080914289E-3
 972.4091952774739 2.149150542506284E-3
 983.6728804988029 2.1913621738590214E-3
 995.063650054577 2.2213462226418944E-3
 1006.561437997252 2.2296604020297077E-3
 1018.1863102743719 2.2195725479519754E-3
 1029.9248895875741 2.1886796013499605E-3
 1041.78386458604 2.1454404435891335E-3
 1053.7699239189505 2.213987699047685E-3
 1065.8696902879437 2.268850604820834E-3
 1078.0965409913817 2.4553048963926816E-3
 1090.4504760292647 2.6833415036354966E-3
 1102.9248067524113 2.942657195796288E-3
 1115.532910459184 3.226032275678304E-3
 1128.2614098512203 3.5296514012402185E-3
 1141.123682226883 3.8168238973068863E-3
 1154.1130389369905 3.997581868875582E-3
 1167.229479981543 4.020342870402839E-3
 1180.486382658903 3.9551237423659504E-3
 1193.870369670708 3.9043845222028043E-3
 1207.388129666139 3.858088360960512E-3
 1221.0396626451963 3.849404199379112E-3
 1234.8316572570615 3.8796487962153313E-3
 1248.7574248525527 3.900388015454397E-3
 1262.8236540808513 3.963389278568283E-3
 1277.0303449419577 4.023657504507538E-3
 1291.3774974358714 4.126742477998542E-3
 1305.8651115625928 4.279366227463355E-3
 1320.4931873221216 4.511434851145282E-3
 1335.2617247144582 4.862903949417908E-3
 1350.184101037965 5.267658191372552E-3
 1365.2469389942791 5.673073066791316E-3
 1380.456927232582 5.895247315553996E-3
 1395.8140657528742 5.9508297088978305E-3
 1411.3183545551548 5.889854715421806E-3
 1426.976482288606 5.7585463022454194E-3
 1442.788448953227 5.553652154696707E-3
 1458.7475658998371 5.324425748723607E-3
 1474.8605217776171 5.139360522601691E-3
 1491.1340052357486 4.964210955259911E-3
 1507.5546389758692 4.860196593768089E-3
 1524.1424889455224 4.804402309100907E-3
 1540.8774891971647 4.8116278272878395E-3
 1557.7797056783397 4.837778892050964E-3
 1574.8357610906846 4.89758267590512E-3
 1592.0523440833815 4.995365690973259E-3
 1609.4361433056108 5.027951199125201E-3
 1626.9804701081916 4.896474711387844E-3
 1644.6920131403053 4.718983567366333E-3
 1662.5640837527705 4.484783053054842E-3
 1680.6100592439497 3.937350932715185E-3
 1698.8165623154807 3.130286644604855E-3
 1717.1969702657252 2.564396921267737E-3
 1735.7445944455032 2.32537822253099E-3
 1754.4594348548134 2.1051277748656057E-3
 1773.348180142838 1.839183502790547E-3
 1792.4175189587581 1.567166736215743E-3
 1811.6540740042107 1.2173368703048237E-3
 1831.0645339283773 1.190961000257795E-3
 1850.6488987312586 1.173901203645448E-3
 1870.413857062035 1.1885430362596448E-3
 1890.3594089207067 1.150078711985225E-3
 1910.4788656580926 1.2126368581734155E-3
 1930.7856045725552 1.277248859397262E-3
 1951.266248365732 1.1453134920425787E-3
 1971.934174335986 4.797331513284356E-4
 1992.7826938341347 -6.495872458725818E-4
 2013.8118068601788 -1.5881562015314307E-3
 2035.0348907124814 -1.9286966022724531E-3
 2056.4385680926793 -2.0386320425369837E-3
 2078.0295276499537 -2.3636879886555365E-3
 2099.8077693843047 -2.6819815983556826E-3
 2121.773293295733 -2.6000864791272957E-3
 2143.932788033419 -2.507050891755881E-3
 2166.279564948182 -2.5329376564078433E-3
 2188.8203126892026 -3.1313034629550213E-3
 2211.5550312564814 -4.210869661709731E-3
 2234.477032000837 -5.025249491230629E-3
 2257.5996922206322 -4.982075379284703E-3
 2280.916323266685 -4.911882215812713E-3
 2304.426925138996 -3.062736105757583E-3
 2328.1381864867462 -4.915609199097037E-3
 2352.0434186607544 -5.1697549439764295E-3
 2376.142621661021 -5.309192024202035E-3
 2400.449172785908 -5.320323412430761E-3
 2424.956383386235 -5.47583993298872E-3
 2449.657564812819 -5.489760944952891E-3
 2474.5660943640245 -5.439685198763237E-3
 2499.6752833906693 -5.2413188276074175E-3
 2524.9851318927526 -5.306703269837369E-3
 2550.5023285194574 -5.215345566571943E-3
 2576.220184621601 -5.099103979240808E-3
 2602.145388848366 -4.865939153363789E-3
 2628.27125255057 -4.377235770111903E-3
 2654.6111530265757 -3.535877164406783E-3
 2681.1517129780213 -3.0128878174389512E-3
 2707.9063097032685 -2.697227387092079E-3
 2734.8682545531364 -2.1763859838614045E-3
 2762.0308588784437 -1.6630346402435585E-3
 2789.407499977553 -8.205282559434479E-4
 2816.998177850464 1.584343023985341E-4
 2844.796203847996 9.99205861186123E-4
 2872.8015779701486 1.8896053575842646E-3
 2901.020988866103 2.657213599061917E-3
 2929.4544365358592 3.1091573907077855E-3
 2958.0952323302367 3.4972982454894363E-3
 2986.950064898416 3.81913180065112E-3
 3016.018934240397 3.790289940415524E-3
 3045.2951517069986 3.80065538070231E-3
 3074.792094596584 3.79420396922584E-3
 3104.4963856107897 4.1359843579855904E-3
 3134.4214020479785 4.32267127552052E-3
 3164.5537666097884 4.0357008922211794E-3
 3194.9001679454 3.475832643993666E-3
 3225.467294703995 2.8434187548993625E-3
 3256.241769587211 1.9967307494555106E-3
 3287.2369698934094 7.983618562158834E-4
 3318.4462069734104 -3.47069303444559E-4
 3349.869480827213 -1.2705944127893544E-3
 3381.506791454818 -1.977738783257869E-3
 3413.358138856225 -2.482000356997803E-3
 3445.423523031434 -2.785892428870515E-3
 3477.709632629626 -2.8226573078905473E-3
 3510.203090352439 -2.802584022958806E-3
 3542.917273498235 -2.7864586850655723E-3
 3575.8388047686516 -2.602879859399028E-3
 3608.981061462052 -2.2430282578098452E-3
 3642.3306662800723 -1.7732660677568766E-3
 3675.900996521076 -1.3432136794268771E-3
 3709.6786748867007 -1.0387633016011818E-3
 3743.677078675309 -2.6812516656587944E-4
 3777.8828305885376 -3.242733481052208E-4
 3812.302619275568 -2.8802031744393284E-4
 3846.929756087219 -2.5295775557967542E-4
 3881.777618321854 -1.6458050567144972E-4
 3916.826140031928 -1.0096039237843024E-4
 3952.095387164985 -6.138669247894911E-5
 3987.5652937734812 -3.939901629227769E-5
 4023.2492371557805 -2.6206753380556862E-5
 4059.147217311881 -1.686327572383685E-5
 4095.2458569434206 -9.576505790377457E-6
 4131.551844699581 -3.737167723642041E-6
 4168.065180580362 9.747886741970704E-7
 4204.785864585764 4.8807847086143995E-6
 4241.713896715786 8.134211386282502E-6
 4278.8425883212485 1.0761990220821581E-5
 4316.178628051331 1.2922984715136239E-5
 4353.708638607672 1.4723476981488713E-5
 4391.4459972886324 1.6224305437744912E-5
 4429.384015445034 1.7481639569687924E-5
 4467.522693076873 1.8479176575352006E-5
 4505.855341534971 1.9309005553892524E-5
 4544.388649468508 2.0058178070206194E-5
 4583.115928228304 2.0665251798770185E-5
 4622.037177814357 2.1119253819885952E-5
 4661.152398226669 2.155175212537629E-5
 4700.461589465239 2.1918899104706047E-5
 4739.964751530066 2.2205072172581406E-5
 4779.65519577197 2.2478556193143154E-5
 4819.52623354177 2.2712596405956337E-5
 4859.591242137828 2.2913543077755802E-5
 4899.8435329109624 2.3092587225889701E-5
 4940.276417211992 2.3224525987697854E-5
 4980.8898950409175 2.3393724927868413E-5
 5021.683966397738 2.354625272523871E-5
 5062.665319931636 2.3662479106962637E-5
 5103.813889695066 2.379775451197035E-5
 5145.143052986392 2.389512355420647E-5
 5186.646121156432 2.4043023247734063E-5
 5228.316405556004 2.4184711777578975E-5
 5270.16059483429 2.426731957219344E-5
 5312.172000342111 2.4398868445764007E-5
 5354.357310728644 2.4556977971093898E-5
 5396.696460046348 2.4686937601064544E-5
 5439.202825593584 2.4811957398394074E-5
 5481.869718721172 2.4962511674020552E-5
 5524.697139429111 2.5112637309674603E-5
 5567.678399068222 2.5262428006490376E-5
 5610.813497638502 2.5436234734837113E-5
 5654.102435139951 2.561002818525842E-5
 5697.53852292339 2.5786140868452055E-5
 5741.121760988818 2.598191980669115E-5
 5784.852149336234 2.6178174556883056E-5
 5828.72968796564 2.6376700318566985E-5
 5872.740999578672 2.6599168082597967E-5
 5916.899461473692 2.682200355653197E-5
 5961.185007703158 2.7045330278724463E-5
 6005.611015565431 2.729230990925948E-5
 6050.164107762149 2.756699180378779E-5
 6094.844284293312 2.784001832466907E-5
 6139.651545158919 2.813846670473525E-5
 6184.579201709791 2.8435275597196602E-5
 6229.633942595107 2.8732448402179572E-5
 6274.802390516506 2.9079727462225153E-5
 6320.091234123169 2.9427401028010076E-5
 6365.487096116732 2.9775446554398797E-5
 6410.996665146377 3.017099338263169E-5
 6456.613252562924 3.056914684306778E-5
 6502.33016971719 3.0989903853889314E-5
 6548.154105258357 3.143555457610756E-5
 6594.071681888063 3.19058908678135E-5
 6640.089588255488 3.239864236873607E-5
 6686.201135711452 3.292069549596704E-5
 6732.392946957591 3.348937948922271E-5
 6778.678399292269 3.4060874920534326E-5
 6825.0307381187594 3.466365343397759E-5
 6871.516849928877 3.531176319895031E-5
 6918.069848230807 3.603293423370602E-5
 6964.622846532738 3.6751256994484023E-5
 7011.309617818294 3.7512436487014734E-5
 7058.063275595662 3.836939842200629E-5
 7104.883819864846 3.924780731197116E-5
 7151.771250625841 4.02003813588507E-5
 7198.658681386837 4.1218060224642734E-5
 7245.67988513146 4.2304174190457583E-5
 7292.701088876081 4.3458317037672274E-5
 7339.856065604329 4.473595398208065E-5
 7386.944155840765 4.613111379354337E-5
 7434.166019060825 4.7609133998818013E-5
 7481.387882280887 4.9236021927987543E-5
 7528.676631992763 5.102663294300385E-5
 7575.9653817046364 5.306616271652089E-5
 7623.254131416511 5.528085244197876E-5
 7670.6097676202 5.7663812045228463E-5
 7718.032290315699 6.043551642547791E-5
 7765.4548130112 6.371952725848452E-5
 7812.810449214888 6.738806983287813E-5
 7860.2998584022025 7.173520017806219E-5
 7907.722381097703 7.70033818379313E-5
