 1.2645633800826088 1.242334524971458
 1.7805383974254527 1.7504650953273004
 2.302572633538279 2.2462945946161876
 2.8307545441695527 2.722766667878283
 3.3651473119967523 3.1727348113816913
 3.9058204379651 3.590425304983787
 4.452849741287569 3.9722051623447396
 5.00631104117713 4.3166466738452644
 5.566286475114502 4.624301065441872
 6.132832907509415 4.89707746536884
 6.706019839307092 5.1373821078917254
 7.285973635862486 5.34836718277778
 7.872751161585324 5.533538759753101
 8.466415599153086 5.69598946657931
 9.067030131243245 5.838032278534273
 9.67478430588823 5.962920164643722
 10.289614940410567 6.073345040574897
 10.911648400165209 6.1704679903480554
 11.541011050507105 6.256428534311973
 12.177766074113736 6.332811294846854
 12.82203983634005 6.4012850071103635
 13.473832337186051 6.463067628359165
 14.13326994200669 6.518606645672286
 14.800479016156919 6.569146460336938
 15.475522742314215 6.615754216349919
 16.158464303156055 6.65868826875909
 16.849430064037392 6.698051083727596
 17.548546390313177 6.734703506696766
 18.25581328198341 6.768499625686452
 18.97142028708052 6.79953793241168
 19.69536740560451 6.827649766196762
 20.427907368265284 6.853226461266039
 21.168976992385363 6.876949155482713
 21.9187026433197 6.897768221759334
 22.67727386910073 6.9161163625960524
 23.44475385240592 6.932682018597915
 24.221205775912757 6.947081385379075
 25.006819187653658 6.959845213039565
 25.801594087628636 6.971410231288485
 26.605656841192633 6.9809581364609174
 27.419196996378083 6.988717165050275
 28.242277735862465 6.995130489655287
 29.074962242323245 6.999490069078046
 29.917440063792863 7.001565997733437
 30.769774382948792 7.00136071920244
 31.63209156514598 6.998343187461356
 32.50451797573938 6.9923283745513744
 33.38717998008396 6.98348391722147
 34.28014076085718 6.971568087434894
 35.183589866091473 6.956616191519959
 36.09759047846431 6.938618617961429
 37.02233214600813 6.917616200143254
 37.957878051400413 6.894131057244453
 38.9043545599961 6.868288508900937
 39.861888037150144 6.839900828531001
 40.83066803089498 6.808585387224001
 41.81082090658556 6.774428874752957
 42.80240984689935 6.737452757661784
 43.805561217191325 6.6973667664224745
 44.82046456549389 6.654052474522604
 45.84724625716202 6.607517641625805
 46.88603265755064 6.5576441084868255
 47.93695013201473 6.504070928441243
 49.0001882285867 6.447032183577377
 50.075810129944045 6.386917438837269
 51.164005384119185 6.323631920399379
 52.26496353914453 6.257410391193693
 53.37874777769759 6.188156374743881
 54.505547647810764 6.115695092537896
 55.64548951483903 6.039718708470089
 56.7987629268148 5.959921232916388
 57.965494249093033 5.876226167964401
 59.14587302970616 5.788535350557628
 60.33996245133165 5.696628399356232
 61.548015244679405 5.601200878340423
 62.77022095778187 5.504456802047559
 64.00657959063903 5.407050708752617
 65.25759660467072 5.309983538304685
 66.52314563452197 5.213876562901856
 67.80322668019275 5.115937572156839
 69.09847156845788 5.016674290698167
 70.40824847254257 4.915566220947014
 71.73382104599634 4.814297546126958
 73.07455746204444 4.714644928284849
 74.43108954746161 4.614712690318997
 75.80341730224788 4.513969426893117
 77.192172553178 4.4131169178412
 78.5967234734772 4.313165417522437
 80.01707006314548 4.211919236996366
 81.4544759757324 4.109942474273868
 82.90894121123792 4.009882977476338
 84.37983394288729 3.9105366253645734
 85.86778599745527 3.809842177490224
 87.37342920171662 3.7092078179782514
 88.89613172889659 3.607630794624336
 90.4371572325447 3.504460816042812
 91.99587388588621 3.400358675049153
 93.57228168892108 3.2936529860299303
 95.16701246842409 3.184183570725649
 96.78069805117 3.0739000871782007
 98.41270661038406 2.9632270073124304
 100.06430179961578 2.8542747899017766
 101.73485179209041 2.7498492363633326
 103.42435658780795 2.64924708239797
 105.13344801354314 2.551849861456577
 106.86275789607076 2.458167304243548
 108.61228623539083 2.3696166443894624
 110.38140120472858 2.2854151385705554
 112.17199828440826 2.206408049029336
 113.9821819941056 2.131986026602528
 115.81447964091967 2.061398241879767
 117.66699574452618 1.9923632965353001
 119.54162578524941 1.9205661600438421
 121.4377379363146 1.8467659913567908
 123.35596402449652 1.7744057441023517
 125.29630404979514 1.7057406274688104
 127.25875801221049 1.639418883509584
 129.2445895652921 1.5757956677784423
 131.25253505549042 1.5158041309966856
 133.28448996312974 1.460003748236132
 135.33919063466058 1.4080535875152451
 137.41853255040714 1.3590420035105823
 139.52125205682 1.3114461641208996
 141.64798098067385 1.2637319768416368
 143.79998297551824 1.218374552481806
 145.97662621457843 1.1769670827242646
 148.17791069785437 1.1364247630821073
 150.40510007889562 1.0933987807067637
 152.6575625309274 1.0468134415825263
 154.93656170749926 0.9979318184620495
 157.24146578183643 0.9498636157377753
 159.57290658071363 0.905782995191114
 161.93088410413093 0.8654423429480599
 164.31666200563782 0.8250588711544806
 166.72897663168475 0.7820426028344071
 169.16972346259606 0.7377978878755915
 171.63890249837172 0.6957832670697354
 174.13588191223698 0.6579341294891975
 176.6612935309666 0.6232894979141861
 179.21640100811006 0.5888418852147529
 181.8005725168927 0.5524412608689199
 184.4144398840892 0.5145665217042152
 187.05800310969956 0.47723635113066686
 189.73252584727333 0.44253428281999374
 192.43737627003577 0.4112340861788007
 195.17318620476163 0.38300876253201276
 197.9399556514509 0.35795400370356744
 200.73894826365307 0.33505109235527597
 203.5701640413682 0.31090482832886034
 206.4329711578215 0.28334914377451364
 209.32926509333728 0.25433736454470456
 212.25841402114076 0.2268995158307542
 215.22104976800667 0.20291663488363584
 218.21780416070984 0.18309799954388678
 221.24867719925023 0.16618434637897086
 224.31366888362785 0.15041063966950632
 227.41404286739222 0.13543467253514285
 230.55043097731811 0.12143271553628175
 233.721569559856 0.10829527766450754
 236.92935409533015 0.09629322625726938
 240.1737845837406 0.08569261111081132
 243.45486102508732 0.07622308649263944
 246.77321524614507 0.06776288944936072
 250.12947907368865 0.06006336244091734
 253.5242843344928 0.05265306736204692
 256.95699920178276 0.045820938508135344
 260.4288873291081 0.039981287228381075
 263.9405805432434 0.034895848880028695
 267.49207884418893 0.030280147165141924
 271.08338223194454 0.02643270373525542
 274.71638618683454 0.024080637021826216
 278.38982705530935 0.023092500303835652
 282.10496849091856 0.022212470870963126
 285.8618104936622 0.020730854092755622
 289.66161671708977 0.019022405865622912
 293.50438716120123 0.017141675328206977
 297.39075365277136 0.014677504864269358
 301.3213480185749 0.01209503639165487
 305.2955384318372 0.010362160194316142
 309.3152203728824 9.436817068596025E-3
 313.3797620149358 8.498149547555381E-3
 317.49042701154695 7.227082847737839E-3
 321.6472153627159 5.965099998507316E-3
 325.8507588952173 5.029657419613921E-3
 330.10168943582596 4.388452630996568E-3
 334.40063881131663 3.834031949841005E-3
 338.74760702168936 3.253208940574258E-3
 343.1438577204936 2.6920575398298022E-3
 347.58939090772935 2.2358256627967323E-3
 352.08420658339673 1.9125404666502901E-3
 356.63020022781995 1.7004188898360381E-3
 361.2267400142242 1.5617769922644246E-3
 365.8750895961591 1.4548064747611931E-3
 370.5752489736246 1.3429990563245943E-3
 375.3278499733955 1.2128362853010274E-3
 380.13352442224646 1.0743092571539791E-3
 384.99290414695235 9.416487858612368E-4
 389.9066209742879 8.21510939791923E-4
 394.8753067310279 7.143802821374139E-4
 399.89959324394703 6.184394415714259E-4
 404.97948051304535 5.315268379392253E-4
 410.1156003650976 4.5313521172153376E-4
 415.3092164536534 3.854563116422564E-4
 420.5609606054874 3.308142859369057E-4
 425.8702009938249 2.8801542245144863E-4
 431.2388330989901 2.523951743874996E-4
 436.6674887477579 2.1894957831705415E-4
 442.15553611335343 1.852111443018702E-4
 447.704870676101 1.5229794345625628E-4
 453.3154924360007 1.23296110640668E-4
 458.9880332198272 1.0037333463463239E-4
 464.7231248543552 8.32913602517166E-5
 470.5213991663596 7.025275039070592E-5
 476.3841198093899 5.957682775242519E-5
 482.31128678344606 5.030319421368669E-5
 488.30353191530286 4.1794036922224575E-5
 494.3621188585098 3.3633540607176755E-5
 500.4870476130669 2.615281466301972E-5
 506.678950005749 2.039803749926637E-5
 512.9390896901056 1.7021959833160853E-5
 519.2680984929112 1.5413985835355738E-5
 525.6659764141662 1.4128508290307968E-5
 532.1339871074199 1.2081452427039502E-5
 538.672762399447 9.30936895497642E-6
 545.2829341170225 6.583356961657034E-6
 551.9657659136958 4.487776464933978E-6
 558.7206259626921 3.0770663160334412E-6
 565.5494097443358 2.154740068154928E-6
 572.4527490854015 1.5406756812038385E-6
 579.4306439858893 1.1261299695440804E-6
 586.4849899261235 8.444153456663606E-7
 593.6151550793293 6.467369324902226E-7
 600.8230349258309 5.014759914499114E-7
 608.1092612924034 3.9459193263487576E-7
 615.4738341790465 3.1886782490128772E-7
 622.9180172393097 2.6568926068167243E-7
 630.442442299968 2.2561353164304061E-7
 638.050268494895 1.9190269460408994E-7
 645.7332820760188 1.610830095590603E-7
 653.5047514056095 1.323861600066738E-7
 661.3583582159196 1.0651522890896808E-7
 669.3004207746964 8.432604371449173E-8
 677.3183025464449 6.599159418960622E-8
 685.4309583344079 5.122263499523264E-8
 693.6257516030902 3.945799147102375E-8
 701.9090006202393 3.001020651042016E-8
 710.2807053858554 2.24413639355814E-8
 718.7408658999383 1.6496529668695617E-8
 727.2894821624881 1.1947708753459408E-8
 735.9328724412525 8.559715757662895E-9
 744.6710367362314 6.100987350658936E-9
 753.4913385119294 4.343613678354826E-9
 762.4127325715897 3.1044515076383094E-9
 771.4289006474644 2.2414772718590065E-9
 780.5398427395537 1.6313353416931932E-9
 789.7392405801099 1.1988683437850662E-9
 799.046048972376 9.004185267258292E-10
 808.4413131131089 6.915014384618934E-10
 817.9439878055514 5.383664257442816E-10
 827.5414365142087 4.345184477061883E-10
 837.2399775068279 3.6366683048829716E-10
 847.0396107834094 3.039411592113332E-10
 856.9403363439532 2.52936364469364E-10
 866.9484724562066 2.0701041098410792E-10
 877.0577008524222 1.5882375301177454E-10
 887.2743398003475 1.1020997185771418E-10
 897.5983892999827 6.854450931857118E-11
 908.0235310835801 3.631548687211022E-11
 918.5624016866349 1.663973627676818E-11
 929.2023645736517 7.096172466526775E-12
 939.9623745478738 2.471330692669571E-12
 950.8234768060579 3.0930461465540345E-13
 961.804626151447 6.193882511965116E-13
 972.893186048546 0.0E+0
 984.0954747651024 -6.209541235799334E-13
 995.4178105688638 6.217411906748257E-13
 1006.8475569243351 -3.1126557836833954E-13
 1018.3973503670114 0.0E+0
 1030.067190896893 0.0E+0
 1041.8507602462316 0.0E+0
 1053.7606949505232 0.0E+0
 1065.784358474272 0.0E+0
 1077.9343873529737 0.0E+0
 1090.2044633188804 0.0E+0
 1102.5945863719921 0.0E+0
 1115.1173930478041 0.0E+0
 1127.7602468108213 0.0E+0
 1140.529465928791 0.0E+0
 1153.4250504017136 3.1613854531496535E-13
 1166.4533184973365 -3.16557426849685E-13
 1179.607951947912 0.0E+0
 1192.895269021188 3.174019564895113E-13
 1206.3152697171642 -6.356554428259703E-13
 1219.8679540358405 0.0E+0
 1233.5533219772173 3.1868654594170126E-13
 1247.3713735412945 -3.191197243425951E-13
 1261.3221087280721 3.1955549327618613E-13
 1275.4181640730453 3.1999391301957E-13
 1289.6469030407188 -3.204350442164777E-13
 1304.0146438988401 3.208789478857433E-13
 1318.5213866474095 -3.2132568542962275E-13
 1333.1671312864268 0.0E+0
 1347.95819608364 0.0E+0
 1362.8945810390484 0.0E+0
 1377.969967884905 0.0E+0
 1393.1906748889571 0.0E+0
 1408.5630203189523 0.0E+0
 1424.0743676393956 -3.2453743900324797E-13
 1439.7436716535298 3.2500910687479422E-13
 1455.551977558112 3.2548417991877082E-13
 1471.518240156385 -6.519254476978715E-13
 1487.6298229128535 3.264448048590311E-13
 1503.8930440952653 0.0E+0
 1520.3142219713681 3.2741984534993314E-13
 1536.887038273414 -6.558258794032314E-13
 1553.617811269151 3.284098408936777E-13
 1570.500222690831 0.0E+0
 1587.5469090739495 3.2941533926726174E-13
 1604.7452338830114 -3.2992407553259985E-13
 1622.1078336535115 0.0E+0
 1639.6283901177027 0.0E+0
 1657.3069032755845 -3.314750788086455E-13
 1675.1496913949051 0.0E+0
 1693.1630727434121 6.650609193117375E-13
 1711.3344107856094 -3.3306478175896283E-13
 1729.6700237892453 3.3360362332232114E-13
 1748.16991175432 -3.341470588802529E-13
 1766.8403929485807 -3.3469516360254397E-13
 1785.6814673720273 1.0057440399146054E-12
 1804.6868167569127 -3.3580568445908595E-13
 1823.8690776387318 -3.363682542042388E-13
 1843.2156134819895 -3.36935800356618E-13
 1862.739060822181 3.375084014211797E-13
 1882.4331013915584 3.3808613660191264E-13
 1902.297735190122 0.0E+0
 1922.3455987533673 -3.392573296897392E-13
 1942.5640555457982 3.398509496000378E-13
 1962.9594238351633 -3.4045002765531837E-13
 1983.531703621462 0.0E+0
 2004.2808949046946 -3.416648904325343E-13
 2025.2133159526085 0.0E+0
 2046.3226484974561 3.4290259021944175E-13
 2067.615210806985 0.0E+0
 2089.091002881196 -3.441638118498894E-13
 2110.7437064523396 3.4480346091526344E-13
 2132.5859580559135 0.0E+0
 2154.611439424168 0.0E+0
 2176.820150557104 -3.4675962543731274E-13
 2199.2184097224694 3.474243866994402E-13
 2221.799898652516 0.0E+0
 2244.564617347244 0.0E+0
 2267.5252023421485 0.0E+0
 2290.675335369482 -3.501494221081535E-13
 2314.0086981614972 3.5084764971303393E-13
 2337.5379272536893 -3.5155285656085273E-13
 2361.25670437831 3.5226514019803666E-13
 2385.1650295353597 -3.5298459914981706E-13
 2409.2692209925862 0.0E+0
 2433.562960482242 0.0E+0
 2458.0525662720747 3.551870281158488E-13
 2482.7317200943357 0.0E+0
 2507.6130584845213 0.0E+0
 2532.6839449071362 0.0E+0
 2557.9570158976753 0.0E+0
 2583.425953188391 3.5901073907399416E-13
 2609.0844385115356 -3.5979937786579624E-13
 2634.9451084026045 0.0E+0
 2661.0079628615976 0.0E+0
 2687.2666836207677 0.0E+0
 2713.7212706801142 0.0E+0
 2740.3780423073853 0.0E+0
 2767.2369985025807 3.6470767602260252E-13
 2794.2918209979525 -3.655561926819865E-13
 2821.548828061249 0.0E+0
 2849.0080196924695 0.0E+0
 2876.663077623867 -3.68156301027557E-13
 2904.526638390936 3.690415895465054E-13
 2932.586065458182 0.0E+0
 2960.8539953611 3.708407780048836E-13
 2989.3177915641945 -3.7175492681337854E-13
 3017.983772335213 0.0E+0
 3046.858255941904 0.0E+0
 3075.928605848772 0.0E+0
 3105.207458591311 3.755115191192512E-13
 3134.688495901775 -3.764763159831702E-13
 3164.3717177801627 0.0E+0
 3194.257124226475 0.0E+0
 3224.344715240712 0.0E+0
 3254.6344908228725 0.0E+0
 3285.132769240706 0.0E+0
 3315.8269139587155 -3.824908808152493E-13
 3346.729561512397 3.8353223298347446E-13
 3377.8280753662552 0.0E+0
 3409.1350920557856 0.0E+0
 3440.637975045492 0.0E+0
 3472.349360870871 0.0E+0
 3504.256612996426 0.0E+0
 3536.372367957654 0.0E+0
 3568.683989219058 0.0E+0
