 0.0E+0 0.0E+0
 0.22867481641618081 0.022867481641618083
 0.6887128687361486 0.06888986023974919
 1.1541635133578473 0.11547123934904613
 1.6250924902687475 0.1626158989125212
 2.101551699458958 0.21032632043353746
 2.5836218742464236 0.25860279784278683
 3.071360681286822 0.307443101949093
 3.5648315539013943 0.3568421344855883
 4.064103692076953 0.40679154573969866
 4.569246295800309 0.45727957848374967
 5.080334331723841 0.5082907038130476
 5.597419699837657 0.5598055691227479
 6.120565833462999 0.6118007640037645
 6.64988806591122 0.6642489242890321
 7.185438297172428 0.7171187580650724
 7.7272741939023 0.7703750716835591
 8.27545342275651 0.8239790038654093
 8.830148983702085 0.877888259804874
 9.391303210083352 0.9320573712851948
 9.95903143521166 0.9864378527479979
 10.53344899239836 1.04097846140895
 11.11461354829913 1.0956254573734158
 11.702640436225323 1.1503226036364573
 12.297529656176936 1.2050112181059651
 12.899396541465322 1.2596301215795278
 13.50835642540183 1.3141155597097335
 14.12446697464214 1.368400786819122
 14.747785855841924 1.4224160398886152
 15.378428402312537 1.4760880443377746
 16.016509947365324 1.5293399620016665
 16.662030491000297 1.5820911050036401
 17.315163033184472 1.6342569877784602
 17.975907573917854 1.6857494051070034
 18.644494779823148 1.736476666220349
 19.320866984244673 1.7863443231236175
 20.005139520493784 1.8352557688619797
 20.697485388537511 1.883113147925456
 21.397962255031522 1.9298187088503286
 22.1066277866315 1.9752757926586377
 22.82365498330447 2.0193904195636847
 23.54904384505043 2.0620725635367516
 24.282909705180735 2.103237660977905
 25.025425563662412 2.142807963317414
 25.776649087151135 2.1807138896171616
 26.536637942302576 2.216895197091099
 27.30556512908377 2.25130191752161
 28.083488314150393 2.2838953977221372
 28.870522830813786 2.3146486636991006
 29.66678401238531 2.3435470449294717
 30.47238719217632 2.3705881743607775
 31.287390036842484 2.395782118468924
 32.11196554635083 2.419150909050019
 32.94617138735704 2.4407280750121862
 33.79018055982813 2.4605579140517295
 34.644050730419785 2.4786945302252036
 35.50789723244336 2.4952007154520914
 36.381835399210196 2.5101467269712163
 37.26603823068732 2.5236089347393306
 38.1606210601861 2.535668494841266
 39.065641554362194 2.5464100229000865
 39.98121504652696 2.555920163440976
 40.90751453664743 2.5642864974054826
 41.844655358034955 2.5715961895501036
 42.79275284400087 2.577935156076185
 43.751922327856554 2.58338699815573
 44.72233680956901 2.5880324036653892
 45.70405395579393 2.5919484968973183
 46.69724676649834 2.5952085004088254
 47.70208824164925 2.5978814228835833
 48.71863604790236 2.600031981096933
 49.747063185224675 2.6017204958696193
 50.787484986927566 2.6030026059405697
 51.84007445297805 2.603929658140381
 52.90494691668748 2.6045489935185375
 53.982275378022883 2.6049037912740207
 55.07211750363994 2.6050330687553073
 56.17470396016134 2.604972982038653
 57.29020774755412 2.604755265234152
 58.41862886581829 2.60440931141099
 59.56042864819925 2.6039611321348186
 60.71549176138564 2.6034341378147245
 61.88381820537746 2.6028488775875704
 63.06598464673148 2.6022240797806275
 64.26141441889094 2.601575351333285
 65.47126085496934 2.6009168945603886
 66.69494728840995 2.6002606747821386
 67.93305038576949 2.599616966566967
 69.18557014704798 2.5989943537315385
 70.45308323880221 2.5983998854101444
 71.73501299447537 2.5978392061125314
 73.03135941406748 2.597316789827991
 74.34327583069206 2.596835888002231
 75.6707622443491 2.5963987116183302
 77.01324198848187 2.5960066132777033
 78.3712917296471 2.595660113211663
 79.74548813440154 2.5953590813623805
 81.13525453618847 2.595102685359756
 82.54174426812136 2.5948897026602035
 83.9643806636435 2.594718442511956
 85.40316372275485 2.5945869280360227
 86.85867011201219 2.5944928702146277
 88.33147649797228 2.594433901995296
 89.82100621407834 2.5944074222214634
 91.32841259344389 2.594410803724998
 92.85311896951221 2.5944414193377696
 94.39512534228325 2.59449656385695
 95.9550083783138 2.594573662137541
 97.5333447441606 2.59467008701141
 99.13013443982366 2.5947834194029524
 100.74480079874624 2.5949112142249965
 102.37907382059856 2.5950512084713324
 104.0312235057104 2.5952012952051397
 105.70355652030875 2.595359471535865
 107.39434286472338 2.595523916653913
 109.10531253862455 2.5956929398075145
 110.83588887545548 2.595865006314298
 112.58664854177296 2.596038789584414
 114.35759153757694 2.5962130670742773
 116.14871786286747 2.596386720286565
 117.96118085075804 2.596558786793348
 119.79382716813515 2.59672840821296
 121.64838681466905 2.596894804198431
 123.52370645724626 2.59705732446062
 125.42151609553703 2.597215318710386
 127.34066239642786 2.597368292727981
 129.28172202647547 2.5975158563399207
 131.2458483187934 2.59765761937272
 133.23246460682491 2.597793373733854
 135.24157089057 2.597922911330797
 137.27432050314217 2.598046154128853
 139.33013677798464 2.598163128139587
 141.41017304821093 2.5982738333629984
 143.51385264726434 2.598378425868482
 145.64175224170156 2.598477087736997
 147.79387183152263 2.5985700010495036
 149.9713647498411 2.598657477944789
 152.17307766354335 2.5987397785385093
 154.40074057229972 2.598817266992585
 156.6543534761102 2.5988901774111052
 158.93333970841806 2.598958847944424
 161.23827593578002 2.5990235387081992
 163.5703154913096 2.5990845358296512
 165.92888170845003 2.5991420994244376
 168.31455125375813 2.5991964896082144
 170.72732412723385 2.5992480185197694
 173.1683536619907 2.5992969462747597
 175.63706319147195 2.599343611023538
 178.13402938223433 2.599388350916458
 180.6592522342779 2.5994315041038733
 183.21388508071606 2.5994733567130063
 185.79792792154893 2.5995142989173416
 188.41080409021967 2.599554642855667
 191.05424358639865 2.599594648643638
 193.72766974352902 2.599634576396913
 196.43165922816751 2.59967460819645
 199.16678870687101 2.599714770053816
 201.9330581796394 2.5997550879805753
 204.73046764647276 2.5997954059073347
 207.56017044048454 2.599835619787832
 210.42274322823152 2.5998755215295403
 213.31703267660023 2.5999150330977647
 216.24476878526087 2.599954102469373
 219.2059515542135 2.5999927816674963
 222.2005809834581 2.6000312527730944
 225.2292337395514 2.60006980191339
 228.29248648905021 2.600108663192473
 231.39091589851125 2.6001482007722627
 234.5239453013778 2.60018864875685
 237.69272803076333 2.6002301632156297
 240.89784075322458 2.6002727181370355
 244.13928346876164 2.6003162094748044
 247.41705617737443 2.6003605071711084
 250.7328888787333 2.600405507179685
 254.08562823972462 2.6004514175930593
 257.476427593462 2.600498498526888
 260.9052869399454 2.6005470361083937
 264.37335961228836 2.6005972384301005
 267.8806456104909 2.600649131503575
 271.42772160110973 2.6007025332478566
 275.01516425070155 2.600757131524159
 278.64239689270976 2.600812380089602
 282.3111495268045 2.6008675766319142
 286.0208454864291 2.6009218367578625
 289.772638104697 2.60097425006265
 293.5665273816083 2.6010239581646095
 297.40308998371966 2.6010704408324283
 301.2829025775879 2.6011134639620152
 305.2065418297697 2.6011530015418053
 309.17400774026515 2.6011888194677066
 313.1864536421877 2.601221073809115
 317.2438795355374 2.601249686531331
 321.34628542031424 2.6012746576343563
 325.49540129618844 2.6012962472338472
 329.6906504966033 2.6013147154454592
 333.9331863546724 2.601329802153537
 338.2230088703956 2.6013420275893932
 342.56069471032964 2.6013506114060582
 346.94682054103145 2.601355293487875
 351.3819630290577 2.6013550333722186
 355.8666988409651 2.6013487905964627
 360.40160464331046 2.6013347443510106
 364.9872571026506 2.601310553594955
 369.62365621898533 2.6012741374030432
 374.31137865887154 2.60122367496568
 379.0515777554228 2.601158385935895
 383.8448301751958 2.6010792067300525
 388.6905592516338 2.600987958157748
 393.590494984407 2.600887189352415
 398.5452140400722 2.600779449447488
 403.5541397520727 2.6006673656110965
 408.61900212007873 2.6005532008494527
 413.7398011440903 2.600438619902759
 418.9171134906641 2.6003241950254594
 424.151515826357 2.600209353963109
 429.44358481772565 2.6000927441142942
 434.7944737978837 2.599972674727248
 440.2041827668311 2.5998475330849
 445.6732883911245 2.59971552438922
 451.2029440038775 2.599574671761218
 456.7931496050901 2.5994234665300872
 462.4444818613191 2.599261336441383
 468.15809410567794 2.5990892439230344
 473.9345630047234 2.5989089317499396
 479.7738885584555 2.598722350789523
 485.6772240999877 2.5985309837010266
 491.6451462958768 2.5983359749933394
 497.6782318126796 2.5981382870943896
 503.77763398350964 2.597938154108269
 509.94277614181004 2.5977348216995732
 516.175388287251 2.5975261569199186
 522.4760470863896 2.5973096886705686
 528.8447525392256 2.5970835961419282
 535.2832346454294 2.596847957368693
 541.790916738444 2.5966053474958634
 548.3695288179399 2.5963609168134387
 555.0196475504739 2.596122156652326
 561.7412729360459 2.595898379153028
 568.5355583077692 2.595699156571705
 575.403080332201 2.595532240354921
 582.3467223421247 2.5954016102722206
 589.3589876723028 2.5953078385780474
 596.4519863204268 2.595250170936999
 603.6199516209296 2.5952257980999835
 610.8686502393782 2.5952287634184676
 618.1865488446381 2.595250379029524
 625.5909474334114 2.595282893486588
 633.0703126745635 2.5953234455174385
 640.6304112336617 2.5953741680704585
 648.2712431107059 2.5954384426491827
 655.9928083056963 2.5955176478665906
 663.7951068186328 2.5956104571328344
 671.683905315083 2.5957141132219545
 679.659203795047 2.595824324225619
 687.7094689273895 2.5959351595068587
 695.8520007088133 2.5960410265790594
 704.0810324737507 2.5961397924938376
 712.396564222202 2.596230234707607
 720.7928292885994 2.596309960156328
 729.2871276696454 2.596377772307981
 737.8621593686379 2.5964380671171607
 746.5352243822789 2.596498830134522
 755.294789379434 2.596564145175872
 764.14662102567 2.5966272492341424
 773.0907193209874 2.596671598953577
 782.1270842653863 2.596681301267566
 791.261482524434 2.596652220337168
 800.4881474325629 2.5965914833313714
 809.8128456553407 2.596511809905782
 819.2355771927673 2.596423032432214
 828.7505753792753 2.59632639946582
 838.3693735459998 2.59622076649771
 848.0804383618054 2.596110763586571
 857.9010698233952 2.595996858940584
 867.8139679340662 2.5958697664308116
 877.8364326905212 2.5957211363446806
 887.9569307616251 2.59554857561815
 898.1812288129455 2.59535465939622
 908.5150935100498 2.595148933923484
 918.946991521803 2.5949486968911004
 929.4884561793403 2.594774289343409
 940.1394874826618 2.594646130359445
 950.8943187661996 2.5945855494230434
 961.764483361089 2.5946099222600587
 972.7384479361948 2.594722370258369
 983.8277458226522 2.594905543703685
 995.0266103548937 2.5951348876780322
 1006.3350415329191 2.595397318363888
 1017.764572687864 2.595689168130495
 1029.3036704885926 2.5960016190570982
 1040.958101600673 2.5963242405058704
 1052.727866024105 2.5966533908576217
 1064.618730424456 2.596995989188814
 1076.6249281361588 2.597368943017122
 1088.752225824781 2.597788977779259
 1101.0006234903221 2.598267226425323
 1113.3701211327822 2.598802986643042
 1125.8607187521618 2.599378284440551
 1138.4724163484604 2.5999575099844736
 1151.2052139216784 2.6004882759815872
 1164.070644802951 2.600923085313014
 1177.057175661142 2.601243183639918
 1190.1705731618203 2.601472345533306
 1203.4108373049855 2.6016502646423607
 1216.7779680906371 2.601790206865564
 1230.2777321843434 2.601885409195848
 1243.910129586104 2.601946276259472
 1257.6693936303511 2.602011565289257
 1271.5612909826527 2.602125235831153
 1285.5915883085763 2.602246449727087
 1299.7487522769865 2.602335409281615
 1314.0500828845863 2.6023876925285733
 1328.478280134673 2.6024326925371505
 1343.0506440239491 2.6025549468957116
 1357.7556412212795 2.60281090070172
 1372.5990383922321 2.6031906695602287
 1387.586602202374 2.603586045358128
 1402.7125659861378 2.6038869991727127
 1417.9826964090912 2.6040857275342883
 1433.3912268056665 2.6042261899888052
 1448.949690506999 2.6043528663135266
 1464.6465541819534 2.604481363447844
 1480.4933511616645 2.604582288322571
 1496.4843147805656 2.6046592825568986
 1512.619445038656 2.6047048027967885
 1528.9045086015034 2.6046764501902286
 1545.345272134676 2.604517779639756
 1561.9302023070376 2.604191594606489
 1578.6650657841562 2.6037473170651654
 1595.5498625660325 2.6032596002092045
 1612.590359318233 2.6027783862446565
 1629.7865560407581 2.6023307271997975
 1647.1326860680405 2.60191662307463
 1664.6402827312151 2.601541796413595
 1682.297812699147 2.6012463050277965
 1700.1168093029712 2.6011103425741373
 1718.0915058771197 2.601175553569225
 1736.2219024215928 2.6013295420378805
 1754.5195322675263 2.60145413743735
 1772.972862083784 2.601538935141373
 1791.5876585359342 2.6015813339933853
 1810.3639216239764 2.601541016066625
 1829.3016513479112 2.6013748021621134
 1848.4066143733057 2.6011297732136786
 1867.6730440345922 2.6008677066897423
 1887.1067069973387 2.600590631492425
 1906.7076032615455 2.6003346256632853
 1926.4699661616436 2.600166148752562
 1946.4053290287702 2.600163339503472
 1966.507925197356 2.600350154567979
 1986.7777546674017 2.6006431488434746
 2007.220584104475 2.6009273251982154
 2027.8306468430075 2.6010173772384996
 2048.6079428830007 2.6007966951155143
 2069.564005555588 2.600368726825854
 2090.6930681952035 2.59990166315302
 2111.9893641362787 2.5994775445750764
 2133.464426709949 2.5991769809339757
 2155.1124892506463 2.5990344895773382
 2176.933551758371 2.5990559491190006
 2198.933380898691 2.5992271832556825
 2221.1062100060385 2.5993811977359042
 2243.4578057459807 2.5993899896450942
 2265.9824014529503 2.5993598162289384
 2288.6915304580825 2.599303475177738
 2311.5736594302425 2.599083365309197
 2334.640321700565 2.598768755422645
 2357.8857506034823 2.598424102177766
 2381.3041794734267 2.5980500818752663
 2404.9071416415345 2.5977709517642626
 2428.6946371078042 2.597575943056575
 2452.660899206669 2.5974002869537322
 2476.8059279381286 2.597322954569051
 2501.1354899677512 2.597322798499657
 2525.6495852955363 2.59712940250904
 2550.3424472559163 2.596808653892994
 2575.2198425144592 2.5952382836514962
 2600.2817710711642 2.5962835844287575
 2625.5224662604646 2.5909673926640834
 2650.9534614134945 2.604744340376578
 2676.5632231991203 2.6152470302395887
 2702.3632849484756 2.609172029081736
 2728.3421133304264 2.6051748317881067
 2754.505475010539 2.6028709874183744
 2780.8591366543823 2.6018300045610107
 2807.391564930821 2.601332143194446
 2834.114293170989 2.601072989965862
 2861.02155470932 2.600930004389477
 2888.1133495458134 2.60084983674414
 2915.3896776804695 2.600806137313846
 2942.8505391132885 2.600784573725921
 2970.4959338442695 2.6007769003140537
 2998.3316285389814 2.600778148869205
 3026.346089866288 2.6007851980034963
 3054.5508511573243 2.600796044826373
 3082.9343790809557 2.6008093627479862
 3111.508206968318 2.6008242673751045
 3140.2608014882744 2.6008401864532832
 3169.203695971961 2.6008567037974716
 3198.325357088243 2.6008735592920135
 3227.6373181682556 2.600890518832818
