 0.0E+0 0.0E+0
 0.2802481195860197 0.02958640791396527
 0.8440391006884027 0.08910842281384955
 1.4144633824682213 0.14931666880447497
 1.9916015313304644 0.21017933252213313
 2.575517152331703 0.271640757471882
 3.1663091866710457 0.3336116275931405
 3.7640483066335712 0.39595314555447536
 4.368812251732865 0.45845977018116895
 4.980685828711021 0.5208448599185577
 5.5997538443101344 0.5827325016431547
 6.226108172500805 0.6436573466243843
 6.859812418339603 0.7030726166507913
 7.500944321340116 0.7603653160281112
 8.149645226072499 0.8148763678813037
 8.805978737593321 0.8659234272285865
 9.470015528187664 0.9128242283905642
 10.141826270140603 0.9549184803104217
 10.821622980307373 0.9915877841798938
 11.5093349864029 1.0222732965891294
 12.205103632997332 1.04649147385445
 12.909070264660832 1.063848532451709
 13.621305553678477 1.0740539263495758
 14.34195084462042 1.076932605452902
 15.071006137486666 1.072435643810371
 15.808612776847367 1.0606480168579108
 16.55491210727268 1.0417920409312508
 17.309974801047687 1.0162257628157327
 18.073871530457463 0.9844353565130121
 18.846743640072165 0.9470215253435549
 19.628732474461944 0.9046807366462984
 20.41983803362681 0.8581825028280009
 21.220272334421991 0.808344558735007
 22.03003537684749 0.7560074305224828
 22.849409850043617 0.7020102065778188
 23.678325081725294 0.6471688572199177
 24.51692241646268 0.5922573705063594
 25.365413871111005 0.5379925896500193
 26.22387011795535 0.48502230882466423
 27.092361829280793 0.4339164652079841
 27.97110102194257 0.38516114616087526
 28.860087695940684 0.33915501753368393
 29.759463195845277 0.29620798432340933
 30.669439538511603 0.25654199889188666
 31.590087396224724 0.22029378094982557
 32.521477441269723 0.18751957598009993
 33.46382169050184 0.1582016669116014
 34.41719081620615 0.13225648897135178
 35.3817261629528 0.10954406403924345
 36.357569075311964 0.08987834152319155
 37.34486089785379 0.0730380027205878
 38.343672302863353 0.058777289347161296
 39.35421530719589 0.04683634352028618
 40.376560583136473 0.03695072543181879
 41.410920147540345 0.028859727212966413
 42.457364672692584 0.022313292186233284
 43.516035503163344 0.017077400702353813
 44.587073983522785 0.012937919286693555
 45.67069213062612 9.702973421886227E-3
 46.767031289043544 7.204003612886998E-3
 47.876162131060105 5.295699290046295E-3
 48.99822600124597 3.8550400368590042E-3
 50.133434916456366 2.779680324157437E-3
 51.28193022126146 1.985905415767046E-3
 52.4438532602314 1.4063579339447303E-3
 53.61934537793635 9.877037473112202E-4
 54.808618591231535 6.883674529425106E-4
 56.01174357240205 4.764301023325736E-4
 57.22893233830311 3.277478591256061E-4
 58.460396905789956 2.2432027319949793E-4
 59.706207947147674 1.5291443213393942E-4
 60.966577479231474 1.0393376711670502E-4
 62.24164684661155 7.050956126871195E-5
 63.531628066143113 4.778688984299684E-5
 64.83666248239632 3.237461659642425E-5
 66.15696211222641 2.1929700817510404E-5
 67.49259762791846 1.484866972521378E-5
 68.84385171861277 1.0042627200076038E-5
 70.21093640116459 6.776095406813424E-6
 71.59385167557393 4.553648186218214E-6
 72.99316292012139 3.04156131819064E-6
 74.40872879023684 2.0144945063761522E-6
 75.84054928592025 1.319618382211455E-6
 77.28933113002242 8.526584297330016E-7
 78.75436759969257 5.419726784060938E-7
 80.23707214063226 3.3800797489739276E-7
 81.7367380299907 2.063299042135249E-7
 83.2540719906187 1.229972635996989E-7
 84.7890740225162 7.145014994098304E-8
 86.34245084853406 4.036505985125589E-8
 87.91349574582144 2.213339190630353E-8
 89.50220871437836 1.1756968639359024E-8
 91.11000319990637 6.0388665385508715E-9
 92.73687920240549 2.9946303445197817E-9
 94.38212999902494 1.432218562946938E-9
 96.04646231261549 6.606627222383093E-10
 97.73058286602792 2.9459737537376164E-10
 99.43378493641144 1.2783584448722894E-10
 101.15748196946764 5.482241728528542E-11
 102.90096724234571 2.3944487008801572E-11
 104.66424075504568 1.1117798529109883E-11
 106.44800923041831 5.6572388291652465E-12
 108.25297939131438 3.126748398054705E-12
 110.07844451488312 1.8176728595393506E-12
 111.92581804682608 1.08263917453904E-12
 113.7943932642925 6.516995935273222E-13
 115.68417016728236 3.940649077324215E-13
 117.59585547864646 2.3867753231333142E-13
 119.53015592123553 1.445449792999821E-13
 121.48707149504965 8.738432668720942E-14
 123.46589547723799 5.264282147304612E-14
 125.4687480363529 3.154338217062645E-14
 127.49350900384202 1.876495739260171E-14
 129.5430052711085 1.1065260059979086E-14
 131.6151166696 6.459825912918874E-15
 133.71196336786886 3.730852814405165E-15
 135.8328386430643 2.131286930387282E-15
 137.97844921803707 1.204687495698928E-15
 140.1487950927872 6.74314343435992E-16
 142.3438762673147 3.742031442973549E-16
 144.5651061873211 2.0614205725497095E-16
 146.81107140710486 1.1286237858446876E-16
 149.08389209521831 6.146524857877691E-17
 151.3821548059599 3.331300854774948E-17
 153.70797970788197 1.797138712665212E-17
 156.05995335528297 9.651504395672882E-18
 158.43878247101366 5.1621411530894284E-18
 160.84588050077562 2.7521255324555006E-18
 163.28054072171804 1.4645207244797822E-18
 165.74276313384095 7.790650920563696E-19
 168.23396118284591 4.1477932609723897E-19
 170.75342814588213 2.210853918086383E-19
 173.30257746865117 1.178787214937173E-19
 175.88070242830227 6.275213488710545E-20
 178.48850974768618 3.327145455355544E-20
 181.1259994268029 1.7525811710515344E-20
 183.79458491135403 9.152149544430194E-21
 186.49285275563798 4.730902749208281E-21
 189.2229231282071 2.418640167258495E-21
 191.98479602906138 1.2227105780087769E-21
 194.77776473535007 6.114958831759153E-22
 197.60253596992393 3.028538587464479E-22
 200.4605231784845 1.487787984999074E-22
 203.35101963818101 7.265033257290398E-23
 206.27473207186432 3.5352253939913723E-23
 209.2316604795343 1.719033812965621E-23
 212.2232183068926 8.377670317256402E-24
 215.24869883108837 4.1056629309436434E-24
 218.30880877497247 2.0321237961813114E-24
 221.4035481385449 1.022135188780095E-24
 224.53433036750715 5.267519978571312E-25
 227.70115546185925 2.8043532384531666E-25
 230.90331669875044 1.5490827670154242E-25
 234.1429342467331 8.854934019089784E-26
 237.41930138295634 5.194560139839162E-26
 240.73312483027098 3.097397867305138E-26
 244.0851113115279 1.8635546222576397E-26
 247.47526082672698 1.1266546252903917E-26
 250.9035733758683 6.833004446065633E-27
 254.37146240465332 4.15537072039646E-27
 257.8796346359329 2.5336582600920795E-27
 261.4266766240055 1.5490099832511509E-27
 265.0147085374234 9.502182783207295E-28
 268.6437303761867 5.862281695431507E-28
 272.3137421402953 3.6565693625866936E-28
 276.0254505525999 2.326579341261056E-28
 279.77956233595153 1.5266553148059808E-28
 283.57678421320076 1.0411607417842764E-28
 287.4164094614969 7.374105521739046E-29
 291.29985152654154 5.376105355794472E-29
 295.22781713118536 3.9907297015470904E-29
 299.2003062754285 2.9917952965810695E-29
 303.21731895927075 2.2537605035662585E-29
 307.2809753512647 1.6990425615986047E-29
 311.3898620057086 1.2762732469805667E-29
 315.5453923683041 9.515085334449458E-30
 319.7475664390512 7.023015387676823E-30
 323.9977976636514 5.126783832339362E-30
 328.29608604210483 3.700050787949276E-30
 332.6431382972621 2.638609460015629E-30
 337.0396611519741 1.858756040176401E-30
 341.4849478833901 1.2953171301477483E-30
 345.98111866006223 8.96828763264518E-31
 350.52746675913994 6.207705545312931E-31
 355.12540562632466 4.316312954852688E-31
 359.7749352616165 3.01402653785704E-31
 364.47676238786613 2.1020961442214785E-31
 369.2315937279244 1.4532865994195811E-31
 374.0401360046421 9.89869022049542E-32
 378.9023892180191 6.624680140825036E-32
 383.8197668137571 4.362416136121239E-32
 388.79226879185603 2.8405732239804233E-32
 393.819895152316 1.840167114720166E-32
 398.9047660636893 1.1902961768230045E-32
 404.04617480312504 7.676663109193912E-33
 409.24553481632483 4.909534797726941E-33
 414.5028461032888 3.0953800407996434E-33
 419.8188153868676 1.9175875727821645E-33
 425.19414938991207 1.167106797957955E-33
 430.6295548352729 6.992858735562078E-34
 436.12573844580106 4.136137745117363E-34
 441.68340694434715 2.4221149363093837E-34
 447.303267053762 1.4082268640456671E-34
 452.98531877404565 8.14360525269362E-35
 458.7302688280488 4.681375436626677E-35
 464.5395306614732 2.666796031829711E-35
 470.41381099716943 1.50049587602372E-35
 476.35240311228676 8.341603199852491E-36
 482.35742717537755 4.612602332612377E-36
 488.42958990929264 2.567441820908245E-36
 494.56818459118113 1.4533440545537921E-36
 500.77533138959546 8.375392808969996E-37
 507.05103030453562 4.88095933558147E-37
 513.3959880588524 2.864711573085818E-37
 519.8109113753965 1.7056796593003668E-37
 526.2965069770187 1.0496487968158801E-37
 532.8541883094207 6.800844219039046E-38
 539.4839553726024 4.6537104101947953E-38
 546.1865148894146 3.3120287565804695E-38
 552.9632803055589 2.394945485844032E-38
 559.8142516210352 1.7235147213303985E-38
 566.7401355586944 1.2186524194416461E-38
 573.742345564238 8.432563410937753E-39
 580.8215883605167 5.726218517713465E-39
 587.9778639475306 3.836006737303422E-39
 595.2125857709814 2.5428576188027398E-39
 602.5264605537196 1.6664380935121033E-39
 609.9201950185961 1.0758846505553218E-39
 617.3952026113126 6.817145017585348E-40
 624.9507766090181 4.227156061239161E-40
 632.5890371802651 2.5650649920311934E-40
 640.3106910479042 1.533826704311492E-40
 648.1157382119358 9.196343325545035E-41
 656.0062988409117 5.650078813861782E-41
 663.9816662119814 3.5812068883921975E-41
 672.0439604936973 2.298191629039415E-41
 680.1938884089102 1.4523615109626224E-41
 688.43144995762 8.870877132376676E-42
 696.758058585528 5.2052886789839736E-42
 705.1744210154856 2.9483909037562243E-42
 713.6840708617462 1.6331566487299683E-42
 722.2778207272498 8.985404484300232E-43
 730.9705117918628 4.948219134448127E-43
 739.7550768270775 2.713434889872417E-43
 748.6385830614015 1.4692384272987862E-43
 757.6068960378194 7.862729862279905E-44
 766.6812174418544 4.205772443830208E-44
 775.8474128164911 2.2777645802796306E-44
 785.1125493902372 1.2576349035126481E-44
 794.4766271630928 7.058468905814734E-45
 803.9396461350576 3.969137778585048E-45
 813.501606306132 2.1928796660142632E-45
 823.1695749048235 1.1784955094041259E-45
 832.9435519311324 6.222308457413794E-46
 842.8094029280428 3.2849373105611403E-46
 852.7883295810782 1.726021138934168E-46
 862.8732646617309 8.788815173098051E-47
 873.0642081700008 4.258735473732525E-47
 883.3540928773803 1.9755773375965296E-47
 893.7641204693923 9.001013840029833E-48
 904.2730892605141 4.1509583447064595E-48
 914.9022009362684 1.9617751919747065E-48
 925.6373210396403 9.368153099385935E-49
 936.4855167991369 4.4279310538796014E-49
 947.4467882147587 2.0599775162554732E-49
 958.5211352865056 9.548681522186271E-50
 969.7156252428854 4.49325109329159E-50
 981.02319085539 2.1695066165983703E-50
 992.4508993525277 1.072205348465843E-50
 1003.9987507342981 5.37390908588468E-51
 1015.6596777721938 2.7054317900247364E-51
 1027.44781492323 1.357353254233701E-51
 1039.3490277303912 6.744602352534514E-52
 1051.3845178792012 3.295449578275038E-52
 1063.5330836841358 1.5648731189703942E-52
 1075.815926830719 7.098602448646662E-53
 1088.2189128619354 3.0174520215888925E-53
 1100.7491090062922 1.1847170877185865E-53
 1113.4135824922973 4.284310985401966E-54
 1126.1981988629356 1.437225016015364E-54
 1139.1170925752223 4.5160115177603253E-55
 1152.1702636291577 1.347818674427978E-55
 1165.3506447962336 3.877760321736104E-56
 1178.6723705334657 1.077544441329496E-56
 1192.1213063838383 2.8665856357927234E-57
 1205.7115868043676 7.297949737797051E-58
 1219.4361445665454 1.8149246400590711E-58
 1233.2949796703715 4.603476223217263E-59
 1247.3022265728618 1.2327750519205186E-59
 1261.4437508170005 3.469669173223587E-60
 1275.7266196312955 9.967728206809463E-61
 1290.150833015747 2.8485930578493787E-61
 1304.7234581988625 7.991394636904818E-62
 1319.4374279521343 2.1824184704231374E-62
 1334.2998095040702 5.731934661146767E-63
 1349.3106028546703 1.4250468057241881E-63
 1364.4698080039345 3.309974460369003E-64
 1379.777424951863 7.142445718184574E-65
 1395.2334536984551 1.4357811156005841E-65
 1410.8378942437118 2.7136555586339066E-66
 1426.6048810446484 4.882811199339314E-67
 1442.5202796442486 8.4748248615913E-68
 1458.591157271021 1.4362968304297774E-68
 1474.8175139249653 2.4028889802182445E-69
 1491.1993496060817 4.01121260375465E-70
 1507.7437315428778 6.769228463097529E-71
 1524.4506597353536 1.170018116840779E-71
 1541.3130669550014 2.0791622062089327E-72
 1558.3380204303286 3.7604164152245606E-73
 1575.532587389844 6.773331165150672E-74
 1592.882633376531 1.1826018767568893E-74
 1610.4093600759131 1.954004821443028E-75
 1628.0915658024675 3.000795461739276E-76
 1645.9504522417171 4.222527824648485E-77
 1663.9718849366465 5.389627695550275E-78
 1682.162931115764 6.216467655345381E-79
 1700.5306580075762 6.605436068313241E-80
 1719.0679983835761 7.007471753036232E-81
 1737.7820194722717 8.585141193738957E-82
 1756.6656540451547 1.2976641516602178E-82
 1775.7330365592408 2.3167318481249158E-83
 1794.9700325575145 4.578738633530717E-84
 1814.3907764969912 9.342388688032265E-85
 1833.9882011491638 1.8270573284023078E-85
 1853.7623065140312 3.441365768971805E-86
 1873.7201598201022 6.393373094871875E-87
 1893.8688282958844 1.150147150917838E-87
 1914.1941774843617 1.9854499927654386E-88
 1934.703274614042 3.323819306409126E-89
 1955.396119684926 5.456900502773029E-90
 1976.2797799255206 8.745396149074276E-91
 1997.3542553358263 1.3550196431318713E-91
 2018.6124786873351 2.056846100409195E-92
 2040.068584437063 3.332534432535443E-93
 2061.708438127994 6.197384317967471E-94
 2083.546174217144 1.216230250423518E-94
 2105.574725476005 2.246574522372935E-95
 2127.7940919045763 3.6850141230799854E-96
 2150.218407959875 5.27675533232148E-97
 2172.8335391848845 6.668815444551991E-98
 2195.646552808113 8.174968601724441E-99
 2218.65744882956 1.1757193746782008E-99
 2241.866227249226 1.8924105432755582E-100
 2265.279955295619 2.8413701172120962E-101
 2288.8915657402303 3.764970454095393E-102
 2312.7081258115686 4.698669477265353E-103
 2336.7296355096336 6.439822940722133E-104
 2360.949027605917 1.0280340516725379E-104
 2385.3804365574355 1.7399799082592143E-105
 2410.0167951356802 2.9458027569632082E-106
 2434.8581033406512 4.846560780801985E-107
 2459.9114284008574 7.42632589223545E-108
 2485.16970308779 1.0421852051014495E-108
 2510.6329274014492 1.4212992354454863E-109
 2536.31523579885 2.0559590517017096E-110
 2562.209561051486 3.1329047058808265E-111
 2588.308835930849 4.7009167044482924E-112
 2614.627194893954 6.628038744013249E-113
 2641.1575707122933 8.64887682349797E-114
 2667.8999633858666 1.061339813599228E-114
 2694.861440143183 1.2491451895085211E-115
 2722.034933755733 1.3990908995560413E-116
 2749.4275114520264 1.4909907142078743E-117
 2777.0321060035535 1.5694885103511173E-118
 2804.862851867331 1.6824086052539578E-119
 2832.905614586343 1.8361682193973067E-120
 2861.1745286176046 2.0359531162330965E-121
 2889.662526732609 2.289867540581498E-122
 2918.3625417028474 2.612717322967466E-123
 2947.2887079853362 3.0503565946832603E-124
 2976.441025580075 3.6219948242786236E-125
 3005.812427258556 4.1824434900688863E-126
 3035.4029130207795 4.441953227251207E-127
 3065.2195500952534 4.457259845109383E-128
 3095.2623384819762 4.8657492444487846E-129
 3125.5242109524424 5.804564183071289E-130
 3156.0122347351584 6.38315195810653E-131
 3186.7264098301243 5.69886353870205E-132
 3217.659669008833 3.874405988707356E-133
 3248.826146728299 1.9629690858471008E-134
 3280.2117085315076 9.570298702497612E-136
 3311.830488875474 4.305454372882369E-137
 3343.6683533031832 1.6362361462985125E-138
 3375.7323690431417 5.5024570782014854E-140
 3408.0296033238582 1.7708446658808444E-141
 3440.545921688318 5.62832903241603E-143
 3473.2954585935344 1.750315068526589E-144
 3506.2711468110014 5.29053015289463E-146
 3539.4729863407183 1.564283815543713E-147
 3572.900977182686 4.5833979525986325E-149
 3606.5551193369033 1.3561165807574764E-150
 3640.4354128033705 4.218149673360708E-152
 3674.548924810596 0.0E+0
 3708.881520901564 0.0E+0
 3743.4473355332893 0.0E+0
 3778.232234248757 0.0E+0
 3813.250351504983 0.0E+0
 3848.48755284495 0.0E+0
 3883.957972725676 0.0E+0
 3919.6474766901442 0.0E+0
 3955.5701991953706 0.0E+0
