 0.0E+0 0.0E+0
 0.25054838022535685 0.14225026384831723
 0.7545907171000179 0.42536633334500656
 1.2645633800826088 0.7081223576702826
 1.7805383974254527 0.9869691193039284
 2.302572633538279 1.257089970858346
 2.8307545441695527 1.5138596905502266
 3.3651473119967523 1.753646460882218
 3.9058204379651 1.9740271366091575
 4.452849741287569 2.1737227123684204
 5.00631104117713 2.3524230075372805
 5.566286475114502 2.510571809736349
 6.132832907509415 2.6491507224802104
 6.706019839307092 2.769487333196194
 7.285973635862486 2.8731014016374487
 7.872751161585324 2.961590944343325
 8.466415599153086 3.0365514822540924
 9.067030131243245 3.099519772832504
 9.67478430588823 3.1519375654059982
 10.289614940410567 3.19513036461588
 10.911648400165209 3.2302986120466363
 11.541011050507105 3.2585179369771446
 12.177766074113736 3.2807463735002566
 12.82203983634005 3.297834514552308
 13.473832337186051 3.310534789063256
 14.13326994200669 3.319509719939485
 14.800479016156919 3.325340456721997
 15.475522742314215 3.328536988604781
 16.158464303156055 3.3295455326939067
 16.849430064037392 3.328751099094364
 17.548546390313177 3.3264795051230877
 18.25581328198341 3.32300538689121
 18.97142028708052 3.318560881805345
 19.69536740560451 3.313340689657484
 20.427907368265284 3.3075020904203347
 21.168976992385363 3.3011635381610844
 21.9187026433197 3.2944125659705636
 22.67727386910073 3.2873202726864394
 23.44475385240592 3.2799432133801293
 24.221205775912757 3.27232691411549
 25.006819187653658 3.26450992826131
 25.801594087628636 3.2565155603744235
 26.605656841192633 3.248344669686262
 27.419196996378083 3.2399812212845295
 28.242277735862465 3.23140383628719
 29.074962242323245 3.222592792151346
 29.917440063792863 3.2135234539731265
 30.769774382948792 3.2041500047960944
 31.63209156514598 3.1944000745291343
 32.50451797573938 3.1841924118880755
 33.38717998008396 3.173457952633007
 34.28014076085718 3.162138840647261
 35.183589866091473 3.150179572036517
 36.09759047846431 3.137523785758151
 37.02233214600813 3.1241078122241345
 37.957878051400413 3.1098659930461414
 38.9043545599961 3.0947362063222922
 39.861888037150144 3.078676893180424
 40.83066803089498 3.0616852084627357
 41.81082090658556 3.043785071559841
 42.80240984689935 3.025004793017673
 43.805561217191325 3.0053750388950875
 44.82046456549389 2.9849271997820205
 45.84724625716202 2.9636879879900694
 46.88603265755064 2.9416751330834056
 47.93695013201473 2.9188845517637744
 49.0001882285867 2.895295639596471
 50.075810129944045 2.8708954910987216
 51.164005384119185 2.8456969089820982
 52.26496353914453 2.8197283589079926
 53.37874777769759 2.793016290871497
 54.505547647810764 2.765595001212456
 55.64548951483903 2.73749804685082
 56.7987629268148 2.7087393589576973
 57.965494249093033 2.6793278157890885
 59.14587302970616 2.6492789042733577
 60.33996245133165 2.618619433817792
 61.548015244679405 2.5873825941689463
 62.77022095778187 2.555617787895351
 64.00657959063903 2.523359241667496
 65.25759660467072 2.4905839234264344
 66.52314563452197 2.4572436306458267
 67.80322668019275 2.423312951210581
 69.09847156845788 2.3887897318546955
 70.40824847254257 2.353679184767523
 71.73382104599634 2.317985659380743
 73.07455746204444 2.281711846102247
 74.43108954746161 2.2448928219782984
 75.80341730224788 2.2075943431701072
 77.192172553178 2.1698352584159414
 78.5967234734772 2.1315773011080514
 80.01707006314548 2.0927954954736036
 81.4544759757324 2.0535549623155553
 82.90894121123792 2.013955651490074
 84.37983394288729 1.9740927332578521
 85.86778599745527 1.934069785064173
 87.37342920171662 1.8940016943292232
 88.89613172889659 1.854075461430126
 90.4371572325447 1.8145595033272177
 91.99587388588621 1.7756319470645787
 93.57228168892108 1.7373254026523352
 95.16701246842409 1.6996261153072942
 96.78069805117 1.6625375782803524
 98.41270661038406 1.6260810805502485
 100.06430179961578 1.590278240266388
 101.73485179209041 1.5550754597222127
 103.42435658780795 1.5204369805900062
 105.13344801354314 1.4863857784656733
 106.86275789607076 1.4528477550231437
 108.61228623539083 1.4196777762176215
 110.38140120472858 1.386736494272623
 112.17199828440826 1.3540465529642431
 113.9821819941056 1.321610354671793
 115.81447964091967 1.2893535488051295
 117.66699574452618 1.2573003429127977
 119.54162578524941 1.2255688347355975
 121.4377379363146 1.1942994936415938
 123.35596402449652 1.1636449130591628
 125.29630404979514 1.133658941712337
 127.25875801221049 1.1043778992861357
 129.2445895652921 1.0757940145583537
 131.25253505549042 1.0478391493714305
 133.28448996312974 1.020422694076346
 135.33919063466058 0.9934691521464286
 137.41853255040714 0.9669644254244237
 139.52125205682 0.9408993895093983
 141.64798098067385 0.91542557963648
 143.79998297551824 0.8907046316817855
 145.97662621457843 0.866819851322224
 148.17791069785437 0.8438594429928462
 150.40510007889562 0.8219609833484747
 152.6575625309274 0.8012360316795825
 154.93656170749926 0.7817285723836709
 157.24146578183643 0.7633694386343705
 159.57290658071363 0.7460822029500245
 161.93088410413093 0.729887986169228
 164.31666200563782 0.7148162115262595
 166.72897663168475 0.7008473459121866
 169.16972346259606 0.6878704303276354
 171.63890249837172 0.6757716752377988
 174.13588191223698 0.6645310368385996
 176.6612935309666 0.6541826657570733
 179.21640100811006 0.6447872089987114
 181.8005725168927 0.6364036566969186
 184.4144398840892 0.6289988238565724
 187.05800310969956 0.6224694471911056
 189.73252584727333 0.616735093142955
 192.43737627003577 0.6116962313565869
 195.17318620476163 0.6072311046105454
 197.9399556514509 0.6032501203585874
 200.73894826365307 0.5996700706890963
 203.5701640413682 0.5964156712972826
 206.4329711578215 0.5935294053657177
 209.32926509333728 0.5911226258601631
 212.25841402114076 0.5891442030917068
 215.22104976800667 0.587473012058476
 218.21780416070984 0.5860472435365791
 221.24867719925023 0.584853283093567
 224.31366888362785 0.5838565032419512
 227.41404286739222 0.5830084877289826
 230.55043097731811 0.5822839364041914
 233.721569559856 0.5816656610020537
 236.92935409533015 0.5811460771574771
 240.1737845837406 0.5807359267101045
 243.45486102508732 0.5804353154113653
 246.77321524614507 0.5802175453625961
 250.12947907368865 0.5800552900918907
 253.5242843344928 0.5799676100282244
 256.95699920178276 0.5799735720706375
 260.4288873291081 0.5800556301749442
 263.9405805432434 0.5801960382913162
 267.49207884418893 0.5803770361214267
 271.08338223194454 0.5805856550784477
 274.71638618683454 0.5808160430680046
 278.38982705530935 0.5810629169222644
 282.10496849091856 0.581329227275853
 285.8618104936622 0.5816174960535887
 289.66161671708977 0.5819029778068264
 293.50438716120123 0.5821585447053242
 297.39075365277136 0.5823923218812939
 301.3213480185749 0.5826082729300956
 305.2955384318372 0.5827937729668508
 309.3152203728824 0.5829287790520599
 313.3797620149358 0.5829860588314126
 317.49042701154695 0.5829476618427288
 321.6472153627159 0.5828147296557533
 325.8507588952173 0.5826016945163672
 330.10168943582596 0.5823280150502008
 334.40063881131663 0.582011889376207
 338.74760702168936 0.581667816969758
 343.1438577204936 0.5813088569503219
 347.58939090772935 0.5809465220730907
 352.08420658339673 0.5805897711648452
 356.63020022781995 0.5802447729096173
 361.2267400142242 0.5799140363594828
 365.8750895961591 0.5796003865305971
 370.5752489736246 0.5793143100424101
 375.3278499733955 0.5790783023549267
 380.13352442224646 0.5789268021367986
 384.99290414695235 0.5789002866176078
 389.9066209742879 0.5790285107718691
 394.8753067310279 0.5793113815789933
 399.89959324394703 0.5797221072451532
 404.97948051304535 0.5802294253948499
 410.1156003650976 0.5808025592943161
 415.3092164536534 0.5814015986947593
 420.5609606054874 0.5819817229463079
 425.8702009938249 0.582503285156488
 431.2388330989901 0.5829478358748212
 436.6674887477579 0.5833279623357839
 442.15553611335343 0.5836752180150413
 447.704870676101 0.5840197097876993
 453.3154924360007 0.5843668341052989
 458.9880332198272 0.584694560289338
 464.7231248543552 0.5849852606664772
 470.5213991663596 0.5852486835268803
 476.3841198093899 0.5855052976904589
 482.31128678344606 0.5857555306673982
 488.30353191530286 0.5859763884940422
 494.3621188585098 0.5861553514199339
 500.4870476130669 0.5863100066126348
 506.678950005749 0.5864528000237829
 512.9390896901056 0.5865640184995552
 519.2680984929112 0.5866324871108032
 525.6659764141662 0.5867023743099554
 532.1339871074199 0.5868409856303379
 538.672762399447 0.5870858587727389
 545.2829341170225 0.5874256686851662
 551.9657659136958 0.5878057855404679
 558.7206259626921 0.5881650064170163
 565.5494097443358 0.5884741393093394
 572.4527490854015 0.5887496956938575
 579.4306439858893 0.5890175829894279
 586.4849899261235 0.5892554492184829
 593.6151550793293 0.5894340428764713
 600.8230349258309 0.589583636591941
 608.1092612924034 0.5897144599419806
 615.4738341790465 0.5897716445210197
 622.9180172393097 0.5897245430271623
 630.442442299968 0.5896303622076601
 638.050268494895 0.5895993715315465
 645.7332820760188 0.5897041807520875
 653.5047514056095 0.5899768985146777
 661.3583582159196 0.5904471850980887
 669.3004207746964 0.5910814915578967
 677.3183025464449 0.5917044306911203
 685.4309583344079 0.5921118236781927
 693.6257516030902 0.5922516385139328
 701.9090006202393 0.5921424115893107
 710.2807053858554 0.5916778733763779
 718.7408658999383 0.5906959686346545
 727.2894821624881 0.5891385156257166
 735.9328724412525 0.5872014830115808
 744.6710367362314 0.5852409502344097
 753.4913385119294 0.5834367721257027
 762.4127325715897 0.5817210886358172
 771.4289006474644 0.5802272009428875
 780.5398427395537 0.579179463758095
 789.7392405801099 0.5787119023832947
 799.046048972376 0.5788776888093846
 808.4413131131089 0.5796050444456944
 817.9439878055514 0.5806329931638468
 827.5414365142087 0.581613498682665
 837.2399775068279 0.5824230428356202
 847.0396107834094 0.5831037429237573
 856.9403363439532 0.5836254516400574
 866.9484724562066 0.5840275991843252
 877.0577008524222 0.5843296563836081
 887.2743398003475 0.5845536225099879
 897.5983892999827 0.5847538598829575
 908.0235310835801 0.5849796628358642
 918.5624016866349 0.5854812172140181
 929.2023645736517 0.5865357245821861
 939.9623745478738 0.5881390894701457
 950.8234768060579 0.5899501726729734
 961.804626151447 0.5915918253945357
 972.893186048546 0.5927745427425053
 984.0954747651024 0.593311867353254
 995.4178105688638 0.5931402234975257
 1006.8475569243351 0.5921457287145144
 1018.3973503670114 0.5904053211752238
 1030.067190896893 0.5884197357273615
 1041.8507602462316 0.5864613390367379
 1053.7606949505232 0.5850273004932535
 1065.784358474272 0.584598677319162
 1077.9343873529737 0.5852445953918486
 1090.2044633188804 0.5869874234352335
 1102.5945863719921 0.5891030885080183
 1115.1173930478041 0.5910835368985513
 1127.7602468108213 0.5932778247079842
 1140.529465928791 0.5953680083612015
 1153.4250504017136 0.596966142030346
 1166.4533184973365 0.5986716187798887
 1179.607951947912 0.6011425736912607
 1192.895269021188 0.6042026359057403
 1206.3152697171642 0.6067754429731016
 1219.8679540358405 0.6079473211386393
 1233.5533219772173 0.6082869387879418
 1247.3713735412945 0.6085973576360824
 1261.3221087280721 0.6086325251476308
 1275.4181640730453 0.6082917013362481
 1289.6469030407188 0.6076244375898934
 1304.0146438988401 0.6065885518929073
 1318.5213866474095 0.6056132609044451
 1333.1671312864268 0.6046162663436528
 1347.95819608364 0.6028927593258775
 1362.8945810390484 0.600662809361798
 1377.969967884905 0.5986200862325793
 1393.1906748889571 0.5973120363799471
 1408.5630203189523 0.5970090800097857
 1424.0743676393956 0.5977950791728038
 1439.7436716535298 0.5985576076024258
 1455.551977558112 0.5990838089548091
 1471.518240156385 0.6001326627749108
 1487.6298229128535 0.6018862954234983
 1503.8930440952653 0.6044229821614531
 1520.3142219713681 0.6065713621200259
 1536.887038273414 0.6072804586048268
 1553.617811269151 0.6072577520890161
 1570.500222690831 0.6065929654046484
 1587.5469090739495 0.6052114174655058
 1604.7452338830114 0.6043796989574001
 1622.1078336535115 0.6049729027593521
 1639.6283901177027 0.6063920251535109
 1657.3069032755845 0.6087636387609998
 1675.1496913949051 0.6120276861832298
 1693.1630727434121 0.6152982805427277
 1711.3344107856094 0.6171306842037668
 1729.6700237892453 0.6176166287131238
 1748.16991175432 0.6173594714993281
 1766.8403929485807 0.6170179280905734
 1785.6814673720273 0.6166362402712205
 1804.6868167569127 0.6153138296356977
 1823.8690776387318 0.614101392111431
 1843.2156134819895 0.6141143512608913
 1862.739060822181 0.615136120619003
 1882.4331013915584 0.6166306966930164
 1902.297735190122 0.6174056834432342
 1922.3455987533673 0.6184778072474699
 1942.5640555457982 0.6181509461876766
 1962.9594238351633 0.6159607633153736
 1983.531703621462 0.6124240632013972
 2004.2808949046946 0.6076388149051005
 2025.2133159526085 0.6040123500093891
 2046.3226484974561 0.6025264728957421
 2067.615210806985 0.6022607059788346
 2089.091002881196 0.6006989199165093
 2110.7437064523396 0.6006020634805905
 2132.5859580559135 0.6000339208485109
 2154.611439424168 0.5992730310860566
 2176.820150557104 0.5981452479822165
 2199.2184097224694 0.5965602359199181
 2221.799898652516 0.5942069672947525
 2244.564617347244 0.5923730764599516
 2267.5252023421485 0.5923853406698971
 2290.675335369482 0.5914550088178494
 2314.0086981614972 0.5884902103910848
 2337.5379272536893 0.5861982159351874
 2361.25670437831 0.5850365539557199
 2385.1650295353597 0.5844935311714986
 2409.2692209925862 0.5841259543665964
 2433.562960482242 0.5855128590349085
 2458.0525662720747 0.5876543054002892
 2482.7317200943357 0.5893914854130021
 2507.6130584845213 0.5898835749195734
 2532.6839449071362 0.5918795333878328
 2557.9570158976753 0.5944652561370973
 2583.425953188391 0.5974179737270526
 2609.0844385115356 0.5991049202114057
 2634.9451084026045 0.5998104681709433
 2661.0079628615976 0.5997740175105428
 2687.2666836207677 0.5981911305297262
 2713.7212706801142 0.5944429371438695
 2740.3780423073853 0.5884307222081119
 2767.2369985025807 0.575965368175092
 2794.2918209979525 0.5580805329509692
 2821.548828061249 0.5360665022482428
 2849.0080196924695 0.5039203882107994
 2876.663077623867 0.4694234048829061
 2904.526638390936 0.4321960379029779
 2932.586065458182 0.39196025818460905
 2960.8539953611 0.35092313215595005
 2989.3177915641945 0.3112708651265134
 3017.983772335213 0.28079662070594246
 3046.858255941904 0.2437799657858409
 3075.928605848772 0.20515285524687065
 3105.207458591311 0.16626521434185315
 3134.688495901775 0.12967543824973937
 3164.3717177801627 0.09856168900814802
 3194.257124226475 0.07588971448042588
 3224.344715240712 0.06047143765388992
 3254.6344908228725 0.049804297134690443
 3285.132769240706 0.0418662192093551
 3315.8269139587155 0.035681547193552265
 3346.729561512397 0.030743587620613153
 3377.8280753662552 0.026711694621652123
 3409.1350920557856 0.023357333763345786
 3440.637975045492 0.020526698966316904
 3472.349360870871 0.018111988850145716
 3504.256612996426 0.016034458009075745
 3536.372367957654 0.014234679716334556
 3568.683989219058 0.01266665317376178
 3601.197795048386 0.011294036155762072
 3633.9074671778912 0.010087632713562451
 3666.8256421430683 9.023655784929441E-3
 3699.9333651406745 8.082491829101092E-3
 3733.2495909739523 7.247804474717735E-3
 3766.7553648396592 6.505864356026266E-3
 3800.4633232732912 5.845045769860379E-3
 3834.373466274847 5.255437327033687E-3
 3868.4731573088315 4.72853931799901E-3
 3902.768714642993 4.257024582039501E-3
 3937.260138277331 3.8345467961210873E-3
 3971.947428211846 3.455586720403293E-3
 4006.830584446537 3.1153256512715943E-3
 4041.9032887136572 2.809542735479849E-3
 4077.1718592809543 2.53452903901972E-3
 4112.623659612933 2.2870162598065484E-3
 4148.271326245089 2.064116905696444E-3
 4184.108540909673 1.8632740076689952E-3
 4220.135303606687 1.6822183196871258E-3
 4256.345296068381 1.5189319137334322E-3
 4292.744836562504 1.3716170859248127E-3
 4329.32760682131 1.238669675056297E-3
 4366.093606844796 1.11865603165151E-3
 4403.042836632964 1.010293070580782E-3
 4440.175296185814 9.124310359324961E-4
 4477.490985503345 8.240384343240041E-4
 4514.98358631781 7.4418892012393E-4
 4552.64678036146 6.720497802647435E-4
 4590.493204169792 6.06871806367884E-4
 4628.516539475058 5.479804316005472E-4
 4666.71046800951 4.947678508892718E-4
 4705.0749897731475 4.466861076684517E-4
 4743.610104765973 4.032409078253544E-4
 4782.322131255731 3.6398615304641E-4
 4821.192114439179 3.2851908256750794E-4
 4860.232690851814 2.9647592417174784E-4
 4899.437542225888 2.675280190458058E-4
 4938.800350293653 2.4137833354115204E-4
 4978.3274333228555 2.1775839567823846E-4
 5018.012473045749 1.9642545659714861E-4
 5057.861787730081 1.7716002059672218E-4
 5097.8564225726095 1.5976358552912851E-4
 5138.0090141088285 1.4405661790137025E-4
 5178.313244070991 1.2987673286819537E-4
 5218.769112459096 1.1707704688490159E-4
 5259.370301005397 1.0552469260767461E-4
 5300.1168097098934 9.509948899297585E-5
 5341.008638572585 8.569272927943189E-5
 5382.039469325726 7.720608878583993E-5
 5423.209301969314 6.95506303184797E-5
 5464.5181365033495 6.264593018092878E-5
 5505.965972927834 5.6419253511623E-5
 5547.54017470727 5.080483256879267E-5
 5589.253378377155 4.574320405747977E-5
 5631.0866291342445 4.11806097594539E-5
 5673.052563514035 3.706845467116684E-5
 5715.13854498103 3.3362819225872845E-5
 5757.34457353523 3.0024011003709576E-5
 5799.6706491766344 2.7016167533277402E-5
 5842.110453637497 2.4306885460144304E-5
 5884.670305185565 2.186689724773329E-5
 5927.337567285343 1.9669769014820336E-5
 5970.118558204577 1.769163042697328E-5
 6013.000641407774 1.5910929580575023E-5
 6055.990135162681 1.430821185180971E-5
 6099.08072120155 1.2865918831330128E-5
 6142.266081256634 1.1568206244841123E-5
 6185.552533595679 1.0400779437026613E-5
 6228.927441683191 9.350745533327961E-6
 6272.397123786918 8.406476752519807E-6
 6315.955261639113 7.5574899119534715E-6
 6359.589218704278 6.794336775136948E-6
 6403.311631517911 6.108502155699777E-6
 6447.097227009019 5.492315754041431E-6
 6491.00918785508 4.9388700820126825E-6
 6534.984331378619 4.441946683715563E-6
 6578.959474902157 3.995950148409189E-6
 6623.060983780648 3.5958476217761216E-6
 6667.225675336614 3.237115216197628E-6
 6711.4535495700574 2.915688925498355E-6
 6755.7446064809764 2.6279207860136233E-6
 6800.035663391896 2.370539521585392E-6
 6844.453085657769 2.1406147251139134E-6
 6888.870507923641 1.935525198632104E-6
 6933.414295544466 1.7529303342712874E-6
 6977.894900487815 1.5907445656622375E-6
 7022.501870786115 1.4471147900642552E-6
 7067.108841084417 1.3204001976226262E-6
 7111.778994060196 1.2091546779389076E-6
 7156.449147035973 1.1121116983184335E-6
 7201.11930001175 1.0281713236843873E-6
 7245.852635665005 9.563898947906097E-7
 7290.649153995734 8.959725138271026E-7
 7335.445672326465 8.46268519698207E-7
 7380.179007979718 8.067718195009853E-7
 7425.038708987926 7.771260169370827E-7
 7469.8352273186565 7.571719362171337E-7
 7514.694928326862 7.466527496814254E-7
 7559.491446657593 7.466077623010029E-7
