 1.1147841883921485 1.0964932145270185
 1.5696453681470068 1.548050023843516
 2.0298480921733306 1.993510995036423
 2.495470339219607 2.4292797042985236
 2.966567808391901 2.851608589958903
 3.4432017687068805 3.257481413191368
 3.9254390590918224 3.6450288151855172
 4.413346518474003 4.013497194341356
 4.906996555691303 4.363125864593943
 5.40643929993918 4.694768059256645
 5.911736020234304 5.009271409053316
 6.422998114788802 5.3079229339094204
 6.940275712798129 5.5922603623938824
 7.463624513368351 5.8634554278619974
 7.993100215605527 6.121989926333568
 8.528869916827851 6.369469815503326
 9.07087791792926 6.607146677321382
 9.619235617121873 6.834798721778327
 10.174054412617826 7.053423593999522
 10.735390003523179 7.263594514572287
 11.303353788050057 7.466157581183834
 11.87794576619846 7.661581703303906
 12.459277336180515 7.849553452939603
 13.04745989620835 8.030850892230497
 13.642549145388026 8.20625223612279
 14.244600782825607 8.375742366262049
 14.85372620673322 8.539254287851032
 15.470036815322992 8.697825511451226
 16.093532608594923 8.851298855700776
 16.7243806838672 8.999828754351531
 17.362581041139826 9.143115500990659
 18.00835647683705 9.281536554530186
 18.661651291852816 9.415850635925874
 19.322576884399243 9.544343001929688
 19.991300351794524 9.667207790727149
 20.667877393144724 9.784925868149026
 21.352363707555905 9.896225128128984
 22.04492639234625 10.000806377797586
 22.745565447515776 10.098259486191465
 23.45439227127659 10.186720919993665
 24.171573960946894 10.266212008761244
 24.897166215632747 10.337304403399855
 25.63122473444021 10.399013342137204
 26.373916614687477 10.45120293679393
 27.12529755548061 10.494161313714141
 27.885478955031736 10.5272161432073
 28.654572211552977 10.5498542737117
 29.43268872325647 10.56202423278953
 30.21988418924827 10.56345862983421
 31.016325706846561 10.554676745600794
 31.822068975157417 10.535980992052636
 32.63728109149903 10.507044618252127
 33.46201775497745 10.467514539417476
 34.29639036380481 10.416453498361301
 35.14051031619324 10.353493837491888
 35.99454470946093 10.279045294158037
 36.858604941820004 10.19403924503766
 37.732746712376524 10.098361587459895
 38.61708141934261 9.991320729433701
 39.51177616003647 9.873304427606508
 40.41694233267021 9.745227138480615
 41.33269133545597 9.607357046274462
 42.25913456660587 9.459375059575976
 43.196439123438103 9.301880472473591
 44.14466070505874 9.135797397815884
 45.10396640878596 8.961428859638955
 46.07452333193794 8.77936799721986
 47.05638717362078 8.589541060997934
 48.049725031152625 8.391880366901175
 49.05464830274564 8.186095287309657
 50.07132408571799 7.971576466901251
 51.099863778281815 7.748147905295233
 52.140434477755306 7.516308418047923
 53.19309188324451 7.276927666875958
 54.258058791173695 7.032233526162867
 55.335502298861044 6.786518296703236
 56.42542240630656 6.5414337717190225
 57.52826470635875 6.297661137882769
 58.64391780080549 6.055083529398469
 59.772381689646763 5.81057976683644
 60.914213363943225 5.565670818007034
 62.068855832634234 5.3202886359997174
 63.23742307784104 5.076215195759944
 64.41935810850305 4.8362621772256755
 65.61521791568084 4.600968321984452
 66.82500249937445 4.372440264185304
 68.04926885064451 4.152308190450959
 69.28745997843038 3.940398684927135
 70.53957588273205 3.733741852586085
 71.8067305456708 3.5334440348761826
 73.08892396724663 3.3427376508157453
 74.38559915639891 3.1617833993445212
 75.69731310418825 2.98957504495903
 77.0246228016753 2.826061348252663
 78.36697125779943 2.669492799098822
 79.7254724546819 2.5199569341944942
 81.09956940126209 2.378476427210552
 82.48926209753996 2.2437749231967525
 83.8951075345762 2.1157122241209296
 85.3176627034314 1.9955120316984882
 86.75637061304494 1.8814932116880851
 88.21234524553807 1.7710068226804982
 89.68502960985019 1.6632916686951251
 91.17442370598128 1.5581736937407941
 92.68108452499197 1.456488556810596
 94.2055690579429 1.3596680890191783
 95.74787730483406 1.269445129507456
 97.30745227460486 1.1864301175784581
 98.88596494043712 1.1115414483873458
 100.481744329149 1.0439645754890334
 102.097018404983 0.9825539067996019
 103.73011619475726 0.9251420167379756
 105.38270867165365 0.8697414101268094
 107.05423884461155 0.8182445034472198
 108.74526370469158 0.7709874364292393
 110.45578325189372 0.7258258214730655
 112.18579748621802 0.6822152351105947
 113.93642038978571 0.6410676213141032
 115.70653798047555 0.6022241527125414
 117.49782123146939 0.5661132016846572
 119.30915616064603 0.5325717260392009
 121.1422137411873 0.5009974595998455
 122.995879990972 0.4714459078583977
 124.87071190106072 0.4430471933296266
 126.76782345357474 0.41482926792259117
 128.68665765745342 0.38610569340519745
 130.62721451269678 0.35661221987060864
 132.59060800142606 0.3271779533983041
 134.57628113258061 0.29881259513734875
 136.58534788828174 0.27185309734808255
 138.61725127746882 0.24622524886107655
 140.67254829120244 0.2224508918317252
 142.75123892948263 0.201143874189418
 144.85443717443064 0.18220521253298962
 146.98102904392521 0.1654217157826461
 149.13268551114825 0.15070573439538212
 151.30940657609974 0.13798930504308301
 153.51063524771907 0.12710256412974535
 155.73692851706684 0.1168761228050665
 157.98940036626433 0.10523248118165392
 160.26749380425093 0.09215135591035754
 162.57176582208725 0.07987129054505028
 164.9022164197733 0.06951779780390412
 167.25995957943032 0.060805328062260015
 169.64443830999772 0.05349722502820101
 172.0562096025361 0.04733743751556005
 174.49527345704544 0.041958762728935374
 176.96274385564706 0.03706882720111411
 179.45862079834094 0.032440336917370644
 181.98234729406641 0.028337699416149466
 184.53559431600544 0.02520698598562193
 187.11780487309735 0.022621741763394095
 189.72953595640274 0.019882918487396893
 192.3713445569823 0.017146631945707542
 195.04323067483602 0.014999441960041134
 197.7451943099639 0.013605018257056213
 200.47834944448715 0.012667634468100477
 203.2432530694665 0.011867898422132858
 206.0387912027806 0.011110325987548028
 208.86663481761138 0.010405582161590612
 211.72678391395885 9.689104532027645E-3
 214.619238491823 8.877720495761651E-3
 217.54455554226444 7.985087925891737E-3
 220.5032920563439 7.0771589575746E-3
 223.49600502512186 6.216786100356228E-3
 226.5221374575378 5.461721808826477E-3
 229.58280333571295 4.8556297737607605E-3
 232.6785596507079 4.414595748620236E-3
 235.80940640252276 4.111810188250909E-3
 238.9753435911574 3.86105971008351E-3
 242.17804218979384 3.554866180394438E-3
 245.4163882163107 3.151654355264276E-3
 248.69149565282933 2.7069287716659602E-3
 252.0033644993497 2.304968605657E-3
 255.35310873799306 1.987189337899415E-3
 258.74072836875944 1.748952199291609E-3
 262.1667803827095 1.5685667154328208E-3
 265.6318217709037 1.4258020003658502E-3
 269.13529554228165 1.3030259031264702E-3
 272.6788726700251 1.1871591791905184E-3
 276.26199616307343 1.0736247713202177E-3
 279.88578000354794 9.636567829231067E-4
 283.55022419144864 8.575049936449813E-4
 287.2558857178361 7.551738616630791E-4
 291.0033215737711 6.61988547440531E-4
 294.79308875031404 5.842278531982809E-4
 298.6251872474651 5.201532600079366E-4
 302.5007310473454 4.6090368616778342E-4
 306.41972014995513 3.9892360893023146E-4
 310.38215455529416 3.3297229428366466E-4
 314.38970523654444 2.6728565549726023E-4
 318.4418152026453 2.075757875310744E-4
 322.53959843571794 1.5778763847152732E-4
 326.6830549357625 1.1895288951320404E-4
 330.8727416938396 8.980257325688824E-5
 335.10921570100975 6.814101669470402E-5
 339.3930339483337 5.1913341246680485E-5
 343.72475342687204 3.998904082331289E-5
 348.10493112768534 3.235059223814525E-5
 352.5341240418344 2.9224436833147352E-5
 357.012332169319 3.0021727426254315E-5
 361.5401125011999 3.318822926931571E-5
 366.1185790195984 3.655694292903005E-5
 370.7482887155751 3.7828362090772436E-5
 375.4286845980693 3.556342393913244E-5
 380.161437640263 3.0095112629911493E-5
 384.9471048332167 2.3147045045802591E-5
 389.7851291858699 1.650559847647173E-5
 394.6771816714044 1.1152152412242228E-5
 399.62326228982033 7.267960600577839E-6
 404.6239280321782 4.629794825213668E-6
 409.6797358895386 2.9145713026199416E-6
 414.79124285296234 1.830593478405945E-6
 419.9595629045706 1.1593203601599806E-6
 425.1846960443633 7.496463820439951E-7
 430.46719926340114 4.994979047340609E-7
 435.8081865438054 3.4339608348461295E-7
 441.20765788557605 2.4288281101131995E-7
 446.66617027977383 1.7717025033678188E-7
 452.1848377085198 1.3505128486928461E-7
 457.76421716287472 1.0893727058687058E-7
 463.4043086428386 9.231328801015483E-8
 469.1062261305327 8.023534112240085E-8
 474.87052661701756 7.00217684815878E-8
 480.6977670933539 6.060218770066451E-8
 486.58906154166305 5.158192322948349E-8
 492.54385297088424 4.28955758846927E-8
 498.5638123541994 3.4706804236675303E-8
 504.6494966826692 2.7285594161445952E-8
 510.80090595629366 2.0856372324773718E-8
 517.0197111482546 1.5533939202088077E-8
 523.3053552674914 1.130626984072647E-8
 529.6595092871861 8.079932382173328E-9
 536.0827301983992 5.698146593456852E-9
 542.5750180011306 3.986453206411602E-9
 549.1374866775018 2.7824766290398387E-9
 555.7706932185733 1.9472643182899707E-9
 562.4774225796482 1.3725609319674334E-9
 569.2504338769385 9.768561160064925E-10
 576.1014239227171 7.037770000354263E-10
 583.0248228063782 5.115387775417491E-10
 590.0262004385277 3.7363562066448715E-10
 597.0944169979531 2.732707073488122E-10
 604.2461822164732 2.0043146267130721E-10
 611.4703562728758 1.4385772788473523E-10
 618.7725090777668 1.0361151365656335E-10
 626.1526406311464 7.315848063758669E-11
 633.6107509330144 4.9533719046695803E-11
 641.146839983371 3.246251592174694E-11
 648.7664776928225 2.106673591999324E-11
 656.4696640613689 1.2655774619828878E-11
 664.2452592677975 7.542567337560773E-12
 672.1099730439272 3.0207760121030547E-12
 680.0582354791518 2.4196219369684803E-12
 688.0900465734713 9.084845043770577E-13
 696.1998364162794 3.032039311545438E-13
 704.4043147393949 0.0E+0
 712.686771810999 1.2158267049879443E-12
 721.0639173629105 -9.130012872995165E-13
 729.524611573917 3.0471139390335785E-13
 738.0744243546245 0.0E+0
 746.7133557050333 -3.054685017199562E-13
 755.4414056251434 3.058480827924595E-13
 764.2641440255609 -3.0622841861554427E-13
 773.1760009956796 0.0E+0
 782.1825464461058 3.069915650632707E-13
 791.2837803768396 0.0E+0
 800.4741328772745 0.0E+0
 809.7647437686232 -3.081432643845959E-13
 819.1444732296732 0.0E+0
 828.6300309922433 0.0E+0
 838.2047073245146 3.0930461465540345E-13
 847.885211958306 3.096941255982797E-13
 857.660405072405 -3.1008492329089924E-13
 867.5358565774177 -3.104770617899426E-13
 877.5171363839506 6.217411906748741E-13
 887.5931046707911 -3.1126557836833954E-13
 897.7749012591516 -3.116620655182003E-13
 908.0625261490326 3.120601116306123E-13
 918.4504094298272 -3.124597717647353E-13
 928.9496909227482 0.0E+0
 939.5492308065832 3.1326415545889286E-13
 950.2601689025446 0.0E+0
 961.0769353000262 -3.1407566167719256E-13
 971.9995299990279 3.1448422589021486E-13
 983.0390928207624 0.0E+0
 994.1844839440172 -3.1530725910198443E-13
 1005.4412732793984 3.1572184194568683E-13
 1016.8094608269059 0.0E+0
 1028.2946164971465 0.0E+0
 1039.8911703795133 0.0E+0
 1051.6046923846131 0.0E+0
 1063.4351825124458 0.0E+0
 1075.382640763011 3.1825589815473686E-13
 1087.4470671363092 -3.1868654594170126E-13
 1099.6284616323403 0.0E+0
 1111.926824251104 0.0E+0
 1124.3532948138135 0.0E+0
 1136.8967334992553 0.0E+0
 1149.5627102180367 0.0E+0
 1162.351224970157 -3.2132568542962275E-13
 1175.2622777556164 6.435506372848527E-13
 1188.3014384850214 0.0E+0
 1201.468707158372 -6.453670425265976E-13
 1214.7585138650613 3.231422162970921E-13
 1228.1764285156962 0.0E+0
 1241.728021020883 3.2406911106142946E-13
 1255.402151559409 -3.245374390032216E-13
 1269.2155298630927 -3.2500910687479422E-13
 1283.151446200116 3.2548417991879733E-13
 1297.2266103022973 0.0E+0
 1311.429882348424 0.0E+0
 1325.7668322491024 6.538609792643842E-13
 1340.243029914939 -6.548396906998663E-13
 1354.8529054353273 -6.558258794031776E-13
 1369.6020287208737 6.568196817874093E-13
 1384.484829860972 0.0E+0
 1399.5124486768347 3.2941533926723463E-13
 1414.6737453472492 -3.2992407553262707E-13
 1429.979859693428 3.304368968253898E-13
 1445.425221804765 -3.309538740807344E-13
 1461.00983168126 3.3147507880861802E-13
 1476.7392592335193 -9.96001749311549E-13
 1492.61907437215 9.975913789676893E-13
 1508.6381372759383 -3.3306478175896283E-13
 1524.8020178554907 0.0E+0
 1541.1107161108081 0.0E+0
 1557.5698019524961 -3.3469516360254397E-13
 1574.1792753805548 6.704960266096807E-13
 1590.933566484378 0.0E+0
 1607.8438150851782 -6.727365084084211E-13
 1624.898881361743 0.0E+0
 1642.1099051352848 0.0E+0
 1659.4713164951972 6.761722732037681E-13
 1676.9831154414803 0.0E+0
 1694.6564417953472 -3.392573296897392E-13
 1712.4801557355845 3.3985094960006665E-13
 1730.4598271727991 -3.4045002765528944E-13
 1748.5954561069904 0.0E+0
 1766.8870425381592 -3.416648904325343E-13
 1785.3401563769111 3.4228084319823545E-13
 1803.9492277126403 0.0E+0
 1822.7198264559526 3.4353021749821832E-13
 1841.651952606849 -3.441638118498894E-13
 1860.7400362547216 3.4480346091529313E-13
 1879.9952172207845 -3.454492531725757E-13
 1899.4119255944306 -3.461012779499467E-13
 1918.9901613756601 3.467596254372827E-13
 1938.7354944750795 -3.4742438669947037E-13
 1958.642354982082 0.0E+0
 1978.710742896668 3.487735192553205E-13
 1998.95179804005 0.0E+0
 2019.3599505016218 -3.5014942210812285E-13
 2039.9296303707772 3.5084764971303393E-13
 2060.6719774687285 3.5155285656085273E-13
 2081.5814218848695 -3.5226514019806766E-13
 2102.6579636192 0.0E+0
 2123.907172582327 0.0E+0
 2145.3234788636432 -3.5444544207457203E-13
 2166.9124523737564 3.5518702811588033E-13
 2188.668523202058 -3.5593619363620654E-13
 2210.602831169763 3.5669304226250995E-13
 2232.7042364556573 0.0E+0
 2254.9838788809543 -3.582302086686786E-13
 2277.436188535047 3.5901073907399416E-13
 2300.0555955073295 0.0E+0
 2322.8532396190144 0.0E+0
 2345.8291208701016 3.6140141809290185E-13
 2368.977669349985 -3.622150411272983E-13
 2392.2988850586643 0.0E+0
 2415.7983379067463 3.638680557671728E-13
 2439.4760278942303 -3.6470767602260252E-13
 2463.3263851105102 3.6555619268201994E-13
 2487.354979466193 -3.6641372311457162E-13
 2511.561810961278 3.6728038593670235E-13
 2535.941309685159 -3.681563010275909E-13
 2560.5046154590486 0.0E+0
 2585.240588461734 0.0E+0
 2610.1603685144286 0.0E+0
 2635.252815795919 0.0E+0
 2660.523500216812 -3.7267894682263223E-13
 2685.9779916877137 3.736129658455764E-13
 2711.6051503874114 0.0E+0
 2737.4161161371175 0.0E+0
 2763.405319026226 0.0E+0
 2789.572759054737 3.7745163712449227E-13
 2815.9184362226505 0.0E+0
 2842.4423505299664 -3.7943439335000086E-13
 2869.1445019766842 0.0E+0
 2896.0304604734114 3.8146088487636962E-13
 2923.0890861989346 -3.8249088081521275E-13
 2950.3315189744662 3.8353223298351127E-13
 2977.746618978794 -7.691701708483017E-13
 3005.34552603313 7.712991675416026E-13
 3033.117100316262 -3.867258752679141E-13
 3061.0724816494034 -3.8781410879145133E-13
 3089.2005302113402 0.0E+0
 3117.5123858232864 3.900270057006303E-13
 3145.996908664028 0.0E+0
