 0.0E+0 0.0E+0
 0.257209777409705 0.025720977740970502
 0.7746532234858269 0.07745365498979011
 1.2981846668454102 0.12972560813101505
 1.8278780507752985 0.18242252386642976
 2.3637917515545794 0.23536675880796345
 2.9060165767284984 0.28832699451238585
 3.4546173888293756 0.34103434924818792
 4.009665536642761 0.39320157706098146
 4.571238855207438 0.44454152449970485
 5.1394151795621905 0.49478348057956883
 5.714278830999031 0.5436854797244716
 6.295888185797048 0.5910426733180397
 6.8843145927417914 0.6366916773599716
 7.4796877768979 0.680511451247637
 8.08206611454446 0.7224216789678654
 8.691514468213793 0.7623792077188785
 9.308097700438214 0.8003734458698006
 9.932010398814683 0.8364211596485467
 10.56318770081088 0.870561362333037
 11.201759331491443 0.9028502496940765
 11.847855015921011 0.9333568523390113
 12.5015396166319 0.9621591968236829
 13.162942858688753 0.9893410449101708
 13.832064742091566 1.0149895809836331
 14.509034991904977 1.0391932150983023
 15.193983333193625 1.0620402648050848
 15.88697462848983 1.0836175907274956
 16.58807374032591 1.1040096021509
 17.297410393766504 1.1232971932342583
 18.015114313876246 1.1415573267451581
 18.741185500655141 1.1588624327881915
 19.475818541700146 1.1752801775466406
 20.219013437011255 1.1908734632824753
 20.971029636717755 1.2057004514621871
 21.731802278287315 1.2198147940151038
 22.50146108678458 1.2332659802208638
 23.280200649806502 1.2460994985902376
 24.068085829885404 1.2583572531300966
 24.865181489553606 1.2700779333567195
 25.671682216408061 1.2812975230640863
 26.487588010448774 1.2920495315821951
 27.313028596740377 1.3023651556578834
 28.148198562879834 1.3122732332031652
 28.993162771399457 1.3218004976793775
 29.847986084831568 1.3309719943621511
 30.712863090773126 1.339811265348061
 31.58785865175645 1.3483406733162714
 32.47310249284617 1.3565812396477132
 33.36872433910693 1.364552528795925
 34.27485391560337 1.372272509532066
 35.19155608486781 1.37975750869325
 36.11902543449721 1.3870221649308847
 37.05732682702387 1.3940795443398275
 38.00665485004477 1.4009413717167031
 38.96707436609221 1.4076185855798617
 39.938715100230844 1.4141218469376737
 40.92170677752531 1.4204620480568264
 41.91624398557254 1.4266502430848275
 42.922456449437206 1.4326970930300477
 43.940409031651604 1.4386124494967518
 44.97023145728038 1.444405400936761
 46.01211831392049 1.4500845039077698
 47.06619932663657 1.4556578293250093
 48.13260422049326 1.4611325924479405
 49.211462720555203 1.4665150372510973
 50.30296941441935 1.4718105520532442
 51.40718916461802 1.4770237851465342
 52.524316558748175 1.4821585985448453
 53.65454618440676 1.4872185305004137
 54.79794290412611 1.4922069342588224
 55.954701305503164 1.4971274868272965
 57.124951113602584 1.5019841427230411
 58.30888691602131 1.5067813421057245
 59.50663843782397 1.5115240107774794
 60.71840026660755 1.5162171670437638
 61.94423726490435 1.5208656673292155
 63.18440888284364 1.5254737436610188
 64.43910970802239 1.5300452580530514
 65.70833974044059 1.5345837950092127
 66.99261788035682 1.5390921296292958
 68.29181440270641 1.543572111979829
 69.60592930748936 1.548025083359045
 70.93561122002887 1.5524521075551984
 72.28021151500177 1.5568541789790482
 73.6410274430544 1.5612321301605318
 75.0174103788636 1.565587071139567
 76.41000894775254 1.5699202738368915
 77.81882314972124 1.5742331489282337
 79.24450161009288 1.57852766210928
 80.68639570354428 1.5828059409565387
 82.14450543007541 1.5870697430332112
 83.62012804033267 1.5913205946441841
 85.11326353431608 1.5955598370876904
 86.62326328670241 1.5997890891719421
 88.15077592281489 1.604010640354269
 89.69645006797667 1.6082270113503165
 91.2596370968646 1.612440537869076
 92.84163426012502 1.6166532318578974
 94.44179293243478 1.6208674058999417
 96.06011311379385 1.6250862744858023
 97.69724342952543 1.6293142546493157
 99.35383250495272 1.6335561334376251
 101.0292317147525 1.6378157034871136
 102.72473830957118 1.6420949073676365
 104.43970366408557 1.646392912549256
 106.17412777829566 1.6507060651505771
 107.92865927752463 1.6550291849853213
 109.70394678709567 1.65935827128462
 111.4999903070088 1.663691936498577
 113.31614121194085 1.6680311519121191
 115.15434537786132 1.6723775132076281
 117.01265692880068 1.6767317835375465
 118.8936703660517 1.6810939629018744
 120.7954398136448 1.6854635656581482
 122.71991114754957 1.6898395048922822
 124.66643574244279 1.6942198149085898
 126.63566222364766 1.6986025531372164
 128.62759059116416 1.7029874651940137
 130.64222084499232 1.7073765399005003
 132.68085023577853 1.711771904833184
 134.74218151287638 1.7161741612636867
 136.82816055225544 1.7205823379070803
 138.93749010326934 1.7249944921935107
 141.07211604188765 1.729407987778174
 143.23074111746402 1.7338196101704774
 145.41401395532156 1.7382256592373632
 147.62323180610673 1.7426235217598606
 149.85774604449633 1.7470128277246634
 152.1175566704903 1.7513950803108262
 154.4039609347351 1.7557718752007298
 156.71631021190748 1.760143790540164
 159.05590175265382 1.764511011335782
 161.422086931651 1.768873306329268
 163.8155143742221 1.7732309299047697
 166.23618408036722 1.7775867034137424
 168.6853933007327 1.781944280737581
 171.16184478467215 1.7863057663269605
 173.66748440815513 1.7906722702217987
 176.2023121711817 1.795045549985298
 178.7656794484286 1.7994285194722405
 181.3582348652191 1.8038259888556003
 183.98127567219947 1.8082426064275307
 186.6341532440466 1.8126812166653192
 189.3175162060837 1.8171442246554527
 192.03136455831068 1.8216344054977247
 194.77699555137397 1.826154395536937
 197.5537605599504 1.830706784866231
 200.36230820936313 1.8352927991546814
 203.2026384996122 1.8399116058723496
 206.0760486813439 1.8445605918002652
 208.98253875455833 1.849235224275433
 211.92146009393223 1.853930924383194
 214.89475857543527 1.858645148282072
 217.90178557374417 1.863375652766402
 220.94318971418206 1.8681206108954857
 224.01961962207232 1.8728789126294065
 227.13107529741478 1.877650049199869
 230.27755674020951 1.8824357319184124
 233.46036120110287 1.8872388052623241
 236.68013730541807 1.8920624605963656
 239.93558780250873 1.89691148496768
 243.2286585683444 1.9017919835958114
 246.5593496029251 1.9067083272629332
 249.92766090625082 1.9116600534524135
 253.3342411036447 1.9166415657130031
 256.77973882043005 1.9216487938983395
 260.26480268192995 1.9266818767634124
 263.78878406282126 1.9317413693281804
 267.3529802137504 1.9368281966259073
 270.95803976004043 1.9419447174914177
 274.6039627016915 1.9470921344679545
 278.2907490387035 1.9522648048526063
 282.02034464704604 1.9574511426037373
 285.79145227607273 1.9626406485937988
 289.60536917643 1.9678261769408234
 293.46209534811777 1.9730037037501126
 297.3629280417825 1.978175865366469
 301.30786725742416 1.98335255964582
 305.2975616203659 1.988544424470705
 309.3326597559309 1.9937591376172176
 313.4125130387961 1.9990037987156612
 317.53906734493085 2.0042815760049657
 321.7116740490122 2.0095866880272295
 325.9316304016864 2.0149102082114525
 330.1989364029535 2.0202461007155845
 334.5142406781366 2.0255919373273076
 338.878191852559 2.030948781834876
 343.2914385515438 2.036321421285432
 347.75398077509106 2.0417183659850062
 352.26711577384713 2.04714956004119
 356.830843547812 2.0526167378913542
 361.4451640969857 2.0581087760104956
 366.1120232973379 2.063612955191231
 370.8307725235452 2.069123054584857
 375.60270902625404 2.0746409242579035
 380.4278328054645 2.0801786358944682
 385.3067924864998 2.0857483768078086
 390.24023669468294 2.091343001115958
 395.22881405533735 2.0969400767622574
 400.273173193786 2.10252394755871
 405.3739627353523 2.1080904971072884
 410.5318313053592 2.1136398179113196
 415.7467789038069 2.1191763038788096
 421.0194541560184 2.1247036088911515
 426.3511543126403 2.130224253663991
 431.7425279989957 2.135737660051537
 437.1929265897613 2.1412456087428237
 442.7042959609068 2.1467527711558362
 448.2772847377554 2.1522512845078276
 453.91124429498376 2.157725376981642
 459.60812050856156 2.1631620981115804
 465.3679133784889 2.168560615367704
 471.1912715300888 2.173936006792221
 477.0788435886845 2.179298956519333
 483.03127817959915 2.18463952044145
 489.0498725534793 2.1899466212852316
 495.1346267103247 2.195216605169285
 501.2861892754588 2.2004245424471364
 507.5058574995278 2.2055426821208592
 513.7936313825317 2.2105665146532893
 520.1501595497938 2.215492316785539
 526.5767392519605 2.220314815828
 533.0740191143547 2.2250373187745933
 539.6419991369768 2.2296644970433034
 546.2819765704729 2.234198848223944
 552.9946000401662 2.2386470556818496
 559.7805181713801 2.243013906464162
 566.6410282147608 2.247287328886783
 573.5754815449852 2.2514478278736684
 580.5858240380228 2.255483771131519
 587.6727043191968 2.2593919210439104
 594.8361223885073 2.263168577477786
 602.0780241219237 2.2668180418378236
 609.3977608941229 2.2703455868136304
 616.7972785810746 2.2737433958741233
 624.2772258081018 2.2770058956938843
 631.8376025752045 2.2801287848682352
 639.4797061330291 2.2831008936205097
 647.204185106899 2.285902564993843
 655.01428262343 2.2885192528401523
 662.9015665534204 2.2909540560208743
 670.8796580286574 2.293221983200722
 678.9420707959093 2.2953466458537654
 687.0952911084077 2.2973478396918602
 695.3263464596889 2.299223784025972
 703.6546956094486 2.30095718073406
 712.0673660512231 2.3025428727556755
 720.570844038244 2.3039926773907692
 729.1651295705117 2.305313555514655
 737.8502226480258 2.306508605988768
 746.6261232707867 2.307587079145751
 755.4993176920259 2.3085603991464185
 764.4698059117438 2.309438926363329
 773.5246154234763 2.310225042757139
 782.6832049869192 2.310919719612776
 791.9390883488406 2.3115313747329442
 801.2922655092405 2.3120675702645794
 810.7362502148871 2.312532653864024
 820.2905012254758 2.312933054512464
 829.9355597813114 2.3132750855619286
 839.6908846420889 2.313564620973646
 849.5435033013454 2.3138076734638337
 859.4999020123118 2.314006555615652
 869.5600807749888 2.314166355112055
 879.7240395893764 2.314294934735789
 889.9982647087061 2.3144010823028642
 900.3762698797461 2.3144910417878143
 910.8645413557286 2.314568744582013
 921.4630791366534 2.3146381220768335
 932.1653969692886 2.31470657453839
 942.9844673600979 2.3147842773325884
 953.9073178026176 2.314878168208912
 964.9534070565435 2.3149921785587337
 976.1032763621797 2.3151265396403695
 987.376384479222 2.31527708880413
 998.7597589012067 2.315431800617579
 1010.2598858813656 2.3155717118988006
 1021.8832516729304 2.3156815595989326
 1033.6168837694376 2.315753712193546
 1045.473754677351 2.315793026107277
 1057.4538643966704 2.315811526772563
 1069.5507266741642 2.315817770747097
 1081.7773140162958 2.315811989289195
 1094.1206539166016 2.3157974200152824
 1106.5937188815455 2.3157828507413706
 1119.1900226578954 2.315777531800101
 1131.9095652456514 2.3157900197491687
 1144.7653191512777 2.3158244772382623
 1157.7443118683097 2.3158755853261134
 1170.8530296499798 2.3159322436135503
 1184.0914724962876 2.3159838142180335
 1197.4661266604657 2.316028678331351
 1210.9705058892816 2.316077242577725
 1224.6110964359675 2.316138526031483
 1238.3878983005233 2.316209753592832
 1252.300911482949 2.3162865313537666
 1266.3501359832446 2.3163672405060742
 1280.53557180141 2.3164393931006874
 1294.8572189374453 2.3164724630398856
 1309.3280498978147 2.3164548874078643
 1323.9350921760535 2.316410717069495
 1338.6848320253941 2.316364465406281
 1353.577269445837 2.3163276953340266
 1368.6124044373812 2.3163031819525232
 1383.7967232532594 2.3162851438038702
 1399.1302258934713 2.3162657181053205
 1414.6064261047847 2.3162516113480404
 1430.2318101404321 2.3162555427394133
 1446.012864253645 2.316300175594415
 1461.9366159379596 2.316419736143822
 1478.0225239530718 2.316606824121521
 1494.2511295392857 2.316815881639246
 1510.6418914562973 2.317014301274433
 1527.1818371976426 2.317188901303064
 1543.8774530165535 2.317334825300503
 1560.7352251662616 2.3174488356503246
 1577.7486673935356 2.3175362512937982
 1594.9242659516071 2.317610485213256
 1612.2555345872442 2.3176858754242943
 1629.7554458069105 2.3177975731909552
 1647.4110271041427 2.31796962937811
 1665.2352509854038 2.318208519218608
 1683.221631197463 2.318492735689056
 1701.3701677403191 2.3187552138777927
 1719.687346867205 2.318962883845622
 1738.1796548313525 2.3191414152656264
 1756.834119126297 2.3193079212531957
 1775.6572260052707 2.319435575843665
 1794.6489754682745 2.319538254535999
 1813.8158537685392 2.3196446333613902
 1833.157860906065 2.3197399117876105
 1852.6685106276206 2.3198164582902287
 1872.3607754396691 2.3198814418770443
 1892.2216828357472 2.3198962424092726
 1912.2642053223187 2.319833340147302
 1932.4818566461513 2.3197567936446832
 1952.874636807245 2.3196985165490344
 1973.4555183120642 2.319637233095276
 1994.2115286541443 2.319609713355664
 2015.1491540867177 2.3196041631560784
 2036.2683946097843 2.3195697056669843
 2057.569250223344 2.3194815962485626
 2079.0582071806293 2.319362266957471
 2100.7287792284073 2.3193183278774185
 2122.5874526199104 2.319375911198119
 2144.634227355139 2.319401118354571
 2166.8626171808605 2.3192711511809402
 2189.2855946035392 2.3190417429314007
 2211.896673369943 2.318813490973442
 2234.695853480072 2.3185977269645503
 2257.6896211871576 2.318378262822602
 2280.8714902379683 2.3181324352326213
 2304.2414606325046 2.317888226450854
 2327.8125048772294 2.317743921261627
 2351.578136718911 2.3177559466940627
 2375.5318699043182 2.3177527090776375
 2399.686676939914 2.3175665461332033
 2424.0360715724673 2.3173942586877327
 2448.5800538019766 2.3173598011986382
 2473.325109881676 2.317334825300503
 2498.2647535583314 2.3172222025005777
 2523.4054710851764 2.3170797473778796
 2548.740776208978 2.316962730669949
 2574.2836414362004 2.316900984699559
 2600.0210942603803 2.3168982095997665
 2625.9661071879804 2.316905147349249
 2652.11219396577 2.316945848812876
 2678.452868340516 2.3170131449828526
 2705.001102818683 2.317130624207415
 2731.756897400271 2.31736442636496
 2758.7137658320475 2.317729814504347
 2785.871708114013 2.31823603895822
 2813.2372104993996 2.318834304221888
 2840.8102729882066 2.319439738493354
 2868.584409327203 2.32005164799767
 2896.56610576962 2.320679745584111
 2924.7553623154576 2.3213212561528835
 2953.1456927114845 2.322049719848498
 2981.7500694641635 2.322752745129345
 3010.555520067032 2.323377142582728
 3039.575017026553 2.324045479116165
 3068.795587836263 2.3247117343247567
 3098.2237187493933 2.32525149123446
 3127.865896019177 2.3256899570017246
 3157.7091471391495 2.326095815346424
 3187.766444615774 2.326429752354826
 3218.03130219582 2.326656848021205
 3248.5037198792865 2.326810403543074
 3279.183697666174 2.3269276515093206
 3310.0712355564824 2.326992635096136
 3341.166333550211 2.3269496210493474
 3372.475477900593 2.326816647517608
 3403.9856961011637 2.326617996624106
 3435.709960658387 2.326367081351172
 3467.6352990657992 2.326071533223237
 3499.7746838298644 2.3257163204497564
 3532.1151424441177 2.3253453821107834
 3564.669647415024 2.325010982585749
 3597.4252262361196 2.324721909690664
 3630.394851413868 2.324495507799233
