 0.257209777409705 0.9998872596778815
 0.7746532234858269 0.9991118383482649
 1.2981846668454102 0.9966530614118734
 1.8278780507752985 0.9913908454297405
 2.3637917515545794 0.9823227511668136
 2.9060165767284984 0.9687403399008857
 3.4546173888293756 0.9503142076588166
 4.009665536642761 0.9270424749262745
 4.571238855207438 0.8992415960459972
 5.1394151795621905 0.8674689729673989
 5.714278830999031 0.8324578431364283
 6.295888185797048 0.7950123162914987
 6.8843145927417914 0.7558911465466094
 7.4796877768979 0.7158738931685419
 8.08206611454446 0.6756893328928256
 8.691514468213793 0.6359196819978619
 9.308097700438214 0.5969853478900969
 9.932010398814683 0.5593345510204608
 10.56318770081088 0.5232711384750635
 11.201759331491443 0.4889054064495535
 11.847855015921011 0.456391751435849
 12.5015396166319 0.4257935871074885
 13.162942858688753 0.3971457116496893
 13.832064742091566 0.3704233888832743
 14.509034991904977 0.3455438102955288
 15.193983333193625 0.32246222604502944
 15.88697462848983 0.3011120039277271
 16.58807374032591 0.2813840823073156
 17.297410393766504 0.2631670984194998
 18.015114313876246 0.24638215049177236
 18.741185500655141 0.2309105512066843
 19.475818541700146 0.21664845895636875
 20.219013437011255 0.20348815084520521
 20.971029636717755 0.1913451771555536
 21.731802278287315 0.180147531373449
 22.50146108678458 0.16978298647642253
 23.280200649806502 0.16018795535621563
 24.068085829885404 0.15131002963437417
 24.865181489553606 0.1430781680712169
 25.671682216408061 0.13544744325909632
 26.487588010448774 0.12837572392348545
 27.313028596740377 0.12180315377904351
 28.148198562879834 0.11569444914382832
 28.993162771399457 0.11002242535389667
 29.847986084831568 0.10474686705634188
 30.712863090773126 0.09984109396026958
 31.58785865175645 0.09528380945045763
 32.47310249284617 0.09104548248610334
 33.36872433910693 0.08710010054530047
 34.27485391560337 0.08342443815562882
 35.19155608486781 0.07998956031407534
 36.11902543449721 0.07677111862623495
 37.05732682702387 0.07374764615403523
 38.00665485004477 0.07090247153411239
 38.96707436609221 0.06822738948765156
 39.938715100230844 0.06571489166698875
 40.92170677752531 0.06336036948980968
 41.91624398557254 0.06115844722434819
 42.922456449437206 0.05910277433648635
 43.940409031651604 0.057181185150343885
 44.97023145728038 0.05537990415674731
 46.01211831392049 0.0536908147038013
 47.06619932663657 0.0521061389629656
 48.13260422049326 0.050614340978825514
 49.211462720555203 0.04920289611030644
 50.30296941441935 0.04786379436859338
 51.40718916461802 0.04658817151704374
 52.524316558748175 0.0453667284477513
 53.65454618440676 0.04419851208918691
 54.79794290412611 0.04308269187663858
 55.954701305503164 0.042019236259077753
 57.124951113602584 0.04101005148807671
 58.30888691602131 0.04005776252272412
 59.50663843782397 0.03916323025888312
 60.71840026660755 0.03832554700336762
 61.94423726490435 0.037538890314616456
 63.18440888284364 0.03679591522726297
 64.43910970802239 0.036096654313254976
 65.70833974044059 0.035431092310345385
 66.99261788035682 0.034793442511474953
 68.29181440270641 0.034184331280693674
 69.60592930748936 0.033589853235639094
 70.93561122002887 0.033016494362601796
 72.28021151500177 0.0324551397974176
 73.6410274430544 0.03190597820809171
 75.0174103788636 0.031378123959517896
 76.41000894775254 0.030864643778039435
 77.81882314972124 0.03036796301212911
 79.24450161009288 0.029896975084870672
 80.68639570354428 0.029456685479210382
 82.14450543007541 0.02902450091050531
 83.62012804033267 0.028599294130578992
 85.11326353431608 0.028199955971791302
 86.62326328670241 0.027822532786415096
 88.15077592281489 0.02745760294564815
 89.69645006797667 0.027116625586876892
 91.2596370968646 0.026791791531399197
 92.84163426012502 0.02648249653234782
 94.44179293243478 0.0262027555981223
 96.06011311379385 0.02594750048592432
 97.69724342952543 0.0257157998144506
 99.35383250495272 0.02551515060705633
 101.0292317147525 0.025331320857642492
 102.72473830957118 0.02515014007681319
 104.43970366408557 0.02496487451565886
 106.17412777829566 0.024753834934830062
 107.92865927752463 0.024512467739050206
 109.70394678709567 0.024257092901137387
 111.4999903070088 0.024010684409907286
 113.31614121194085 0.023768453356639747
 115.15434537786132 0.023538001221243626
 117.01265692880068 0.023310913146033757
 118.8936703660517 0.023083572664731082
 120.7954398136448 0.022857423552601795
 122.71991114754957 0.02262080937508791
 124.66643574244279 0.022379677241734435
 126.63566222364766 0.02213477824332123
 128.62759059116416 0.0218997165165329
 130.64222084499232 0.02167317932344335
 132.68085023577853 0.02145840667855487
 134.74218151287638 0.021244368735120564
 136.82816055225544 0.02102488423978568
 138.93749010326934 0.020796501992056296
 141.07211604188765 0.020556489889136352
 143.23074111746402 0.02030907952287869
 145.41401395532156 0.020043875462873433
 147.62323180610673 0.019775060310096004
 149.85774604449633 0.01951769988019447
 152.1175566704903 0.01926740142973567
 154.4039609347351 0.01902476663838822
 156.71631021190748 0.018786692158857695
 159.05590175265382 0.01855131443569679
 161.422086931651 0.018321329874334685
 163.8155143742221 0.01810037807430447
 166.23618408036722 0.01789292372398296
 168.6853933007327 0.017701825225855675
 171.16184478467215 0.017519247260635598
 173.66748440815513 0.017339722645026672
 176.2023121711817 0.017175643448203777
 178.7656794484286 0.01703020593509251
 181.3582348652191 0.016899832702961917
 183.98127567219947 0.01678454346270537
 186.6341532440466 0.016681727682581307
 189.3175162060837 0.016588795339657493
 192.03136455831068 0.016503955973239267
 194.77699555137397 0.0164285368805382
 197.5537605599504 0.016361684084055805
 200.36230820936313 0.01629515071361873
 203.2026384996122 0.016220418979468433
 206.0760486813439 0.01613138027763486
 208.98253875455833 0.01603054037258133
 211.92146009393223 0.015916405133858134
 214.89475857543527 0.01579334821808945
 217.90178557374417 0.015666350290493302
 220.94318971418206 0.015534077100756789
 224.01961962207232 0.015400530234735378
 227.13107529741478 0.015271869923786839
 230.27755674020951 0.01515015277109095
 233.46036120110287 0.015036005743304867
 236.68013730541807 0.014938224800231789
 239.93558780250873 0.014857800347813014
 243.2286585683444 0.014790621117533855
 246.5593496029251 0.014730828159390618
 249.92766090625082 0.01466206392850185
 253.3342411036447 0.0145779365909644
 256.77973882043005 0.014487266468829104
 260.26480268192995 0.014399599517922973
 263.78878406282126 0.014314666720952548
 267.3529802137504 0.014232308780055504
 270.95803976004043 0.014155445229505995
 274.6039627016915 0.014074290583848476
 278.2907490387035 0.0139680866650738
 282.02034464704604 0.01383357345687663
 285.79145227607273 0.013678786277538135
 289.60536917643 0.013510505638609647
 293.46209534811777 0.01334188142221996
 297.3629280417825 0.013190734355957742
 301.30786725742416 0.01306777019605615
 305.2975616203659 0.012968284353747559
 309.3326597559309 0.012889210344150533
 313.4125130387961 0.012822407731895918
 317.53906734493085 0.012751973052404192
 321.7116740490122 0.012664627386000495
 325.9316304016864 0.01255962085174061
 330.1989364029535 0.01244610845418911
 334.5142406781366 0.012331650228757257
 338.878191852559 0.012224551435135466
 343.2914385515438 0.012133885758287144
 347.75398077509106 0.012064033403672592
 352.26711577384713 0.01200691298029163
 356.830843547812 0.01194089907970346
 361.4451640969857 0.011848165459437385
 366.1120232973379 0.01173561029916669
 370.8307725235452 0.011620100172278228
 375.60270902625404 0.011520002020226038
 380.4278328054645 0.0114463363323169
 385.3067924864998 0.011378021425901963
 390.24023669468294 0.01127999229787407
 395.22881405533735 0.011144655705864712
 400.273173193786 0.010991319286548179
 405.3739627353523 0.010836026263725885
 410.5318313053592 0.010687763824793112
 415.7467789038069 0.010549752627008942
 421.0194541560184 0.010418647623180345
 426.3511543126403 0.01029035971919657
 431.7425279989957 0.01016597325058582
 437.1929265897613 0.010048972583716162
 442.7042959609068 9.929359453148495E-3
 448.2772847377554 9.791310110850082E-3
 453.91124429498376 9.629788778180824E-3
 459.60812050856156 9.458054983098561E-3
 465.3679133784889 9.301758777817746E-3
 471.1912715300888 9.169842344321178E-3
 477.0788435886845 9.040502185673944E-3
 483.03127817959915 8.894949677881207E-3
 489.0498725534793 8.739404500166926E-3
 495.1346267103247 8.563506181135272E-3
 501.2861892754588 8.347499396547626E-3
 507.5058574995278 8.109412054207685E-3
 513.7936313825317 7.869534382902051E-3
 520.1501595497938 7.626597343055572E-3
 526.5767392519605 7.386212173974162E-3
 533.0740191143547 7.1567533629090804E-3
 539.6419991369768 6.936963133890853E-3
 546.2819765704729 6.727747409464505E-3
 552.9946000401662 6.530896022251958E-3
 559.7805181713801 6.332085796688037E-3
 566.6410282147608 6.114392422054576E-3
 573.5754815449852 5.878434344988898E-3
 580.5858240380228 5.635870480615664E-3
 587.6727043191968 5.393385081420138E-3
 594.8361223885073 5.15574820356065E-3
 602.0780241219237 4.929300579500854E-3
 609.3977608941229 4.7055697710961354E-3
 616.7972785810746 4.476791402131155E-3
 624.2772258081018 4.2461373337917005E-3
 631.8376025752045 4.009866866541998E-3
 639.4797061330291 3.758068602454526E-3
 647.204185106899 3.488698095695749E-3
 655.01428262343 3.2187700148422456E-3
 662.9015665534204 2.9647715826398514E-3
 670.8796580286574 2.738951091690319E-3
 678.9420707959093 2.5448465236852903E-3
 687.0952911084077 2.366854439144333E-3
 695.3263464596889 2.1801517745574446E-3
 703.6546956094486 1.983129951461095E-3
 712.0673660512231 1.7949231975042982E-3
 720.570844038244 1.6209419346808831E-3
 729.1651295705117 1.4564541166205311E-3
 737.8502226480258 1.3024296756821024E-3
 746.6261232707867 1.1628665274593008E-3
 755.4993176920259 1.038117693367429E-3
 764.4698059117438 9.238037719095012E-4
 773.5246154234763 8.133025253221383E-4
 782.6832049869192 7.096520815822314E-4
 791.9390883488406 6.170639076446922E-4
 801.2922655092405 5.328970642553017E-4
 810.7362502148871 4.557504936891357E-4
 820.2905012254758 3.868615480814767E-4
 829.9355597813114 3.256891172313174E-4
 839.6908846420889 2.7174744992673944E-4
 849.5435033013454 2.2322044753569797E-4
 859.4999020123118 1.7929660385884496E-4
 869.5600807749888 1.426708161652273E-4
 879.7240395893764 1.1490272532951583E-4
 889.9982647087061 9.499711536766307E-5
 900.3762698797461 8.038186401006486E-5
 910.8645413557286 6.97720985422557E-5
 921.4630791366534 6.471029112142163E-5
 932.1653969692886 6.789088451023974E-5
 942.9844673600979 7.8886622614978E-5
 953.9073178026176 9.459078600000297E-5
 964.9534070565435 1.118556471293018E-4
 976.1032763621797 1.270287561572891E-4
 987.376384479222 1.3472843196967514E-4
 998.7597589012067 1.2878556916618227E-4
 1010.2598858813656 1.0808029301879039E-4
 1021.8832516729304 7.800741995976693E-5
 1033.6168837694376 4.7321779554491E-5
 1045.473754677351 2.4297372099248296E-5
 1057.4538643966704 1.0302479847577021E-5
 1069.5507266741642 2.144050894530898E-7
 1081.7773140162958 -8.265087681431795E-6
 1094.1206539166016 -1.1741955787109661E-5
 1106.5937188815455 -7.952155880553619E-6
 1119.1900226578954 2.796967185769483E-6
 1131.9095652456514 1.8314830691207933E-5
 1144.7653191512777 3.3089053532633236E-5
 1157.7443118683097 4.1299602236705104E-5
 1170.8530296499798 4.108822962145803E-5
 1184.0914724962876 3.6248340788622896E-5
 1197.4661266604657 3.475323268729884E-5
 1210.9705058892816 4.044636261397813E-5
 1224.6110964359675 4.831513490255238E-5
 1238.3878983005233 5.344261544147421E-5
 1252.300911482949 5.6315452952379283E-5
 1266.3501359832446 5.415701849271364E-5
 1280.53557180141 3.69811622918889E-5
 1294.8572189374453 5.467357397190322E-6
 1309.3280498978147 -2.1189144486534122E-5
 1323.9350921760535 -3.0798184999178965E-5
 1338.6848320253941 -2.802482927759923E-5
 1353.577269445837 -2.0497637840448946E-5
 1368.6124044373812 -1.4091088647784398E-5
 1383.7967232532594 -1.2274217338830126E-5
 1399.1302258934713 -1.0892249808047742E-5
 1414.6064261047847 -3.298937079001097E-6
 1430.2318101404321 1.540346150847055E-5
 1446.012864253645 5.1678388311263246E-5
 1461.9366159379596 9.570126840022671E-5
 1478.0225239530718 1.225604358267732E-4
 1494.2511295392857 1.2493750652989822E-4
 1510.6418914562973 1.1331144687709045E-4
 1527.1818371976426 9.64825674592329E-5
 1543.8774530165535 7.751308296495872E-5
 1560.7352251662616 5.9504415178984174E-5
 1577.7486673935356 4.729951110980911E-5
 1594.9242659516071 4.3360053486646764E-5
 1612.2555345872442 5.3666899196847946E-5
 1629.7554458069105 8.063667434301415E-5
 1647.4110271041427 1.157405169562218E-4
 1665.2352509854038 1.4601941999442901E-4
 1683.221631197463 1.5132391607485377E-4
 1701.3701677403191 1.2899823809399375E-4
 1719.687346867205 1.0495627057437587E-4
 1738.1796548313525 9.290201775225534E-5
 1756.834119126297 7.854108532034704E-5
 1775.6572260052707 6.094234738771163E-5
 1794.6489754682745 5.478331261774782E-5
 1813.8158537685392 5.237982835539223E-5
 1833.157860906065 4.424646298257695E-5
 1852.6685106276206 3.611546825713049E-5
 1872.3607754396691 2.0227602224973348E-5
 1892.2216828357472 -1.1968907349191803E-5
 1912.2642053223187 -3.462255913361631E-5
 1932.4818566461513 -3.321952120621058E-5
 1952.874636807245 -2.9177282767199946E-5
 1973.4555183120642 -2.151928309815621E-5
 1994.2115286541443 -7.955550205263704E-6
 2015.1491540867177 -9.482267764587185E-6
 2036.2683946097843 -2.8838995669905943E-5
 2057.569250223344 -4.844833280329698E-5
 2079.0582071806293 -3.790379044439139E-5
 2100.7287792284073 3.036405595010206E-6
 2122.5874526199104 1.8888100816876778E-5
 2144.634227355139 -2.351300442346537E-5
 2166.8626171808605 -8.039393176725542E-5
 2189.2855946035392 -1.0162819524554125E-4
 2211.896673369943 -9.779211889678027E-5
 2234.695853480072 -9.504089403923106E-5
 2257.6896211871576 -1.007427054933883E-4
 2280.8714902379683 -1.0527007915487906E-4
 2304.2414606325046 -8.285362451112971E-5
 2327.8125048772294 -2.807991337226444E-5
 2351.578136718911 1.8550074541591832E-6
 2375.5318699043182 -3.9212266463015094E-5
 2399.686676939914 -7.391405857700166E-5
 2424.0360715724673 -4.2403696331645685E-5
 2448.5800538019766 -1.206633640494766E-5
 2473.325109881676 -2.762168243690997E-5
 2498.2647535583314 -5.0910106561897014E-5
 2523.4054710851764 -5.1425831754774806E-5
 2548.740776208978 -3.517792139037461E-5
 2574.2836414362004 -1.2626078307109355E-5
 2600.0210942603803 7.983006982814592E-7
 2625.9661071879804 9.120268066496393E-6
 2652.11219396577 2.0556552333953287E-5
 2678.452868340516 3.4901475264260573E-5
 2705.001102818683 6.58222470804162E-5
 2731.756897400271 1.1146340321417975E-4
 2758.7137658320475 1.609699606343232E-4
 2785.871708114013 2.0251120807325843E-4
 2813.2372104993996 2.1909740626086681E-4
 2840.8102729882066 2.1994535842075998E-4
 2868.584409327203 2.2239166229331467E-4
 2896.56610576962 2.2601989168286216E-4
 2924.7553623154576 2.4207811558681681E-4
 2953.1456927114845 2.5118147319143162E-4
 2981.7500694641635 2.3127124581156924E-4
 3010.555520067032 2.2353537668908906E-4
 3039.575017026553 2.2915771537038425E-4
 3068.795587836263 2.057122723469149E-4
 3098.2237187493933 1.656641413725253E-4
 3127.865896019177 1.419583511252587E-4
 3157.7091471391495 1.2354581898385238E-4
 3187.766444615774 9.306698021653747E-5
 3218.03130219582 6.271429125879522E-5
 3248.5037198792865 4.430453570306835E-5
 3279.183697666174 2.962825513395544E-5
 3310.0712355564824 3.6031860246862362E-6
 3341.166333550211 -2.815332727779925E-5
 3372.475477900593 -5.2755385131345304E-5
 3403.9856961011637 -7.106799300190008E-5
 3435.709960658387 -8.583242239566188E-5
 3467.6352990657992 -1.0154916570433166E-4
 3499.7746838298644 -1.1261003593656844E-4
 3532.1151424441177 -1.0870807253274106E-4
 3564.669647415024 -9.548595566912052E-5
 3597.4252262361196 -7.845918211240075E-5
 3630.394851413868 -6.0131363742357574E-5
 3663.5655504418045 -4.529929176863916E-5
 3696.9438095731625 -3.028219335911512E-5
 3730.523142554709 -1.3719422563266855E-5
 3764.316521892909 -2.466795045814269E-6
 3798.3044888280655 3.5870355018763403E-6
 3832.5065021198743 9.09371577563027E-6
 3866.9031030086403 1.3635949084357267E-5
 3901.507264000828 1.6321384351509937E-5
 3936.3189850964354 1.851227278854428E-5
 3971.325293789 2.0615425401975396E-5
 4006.532676331754 2.2169168502665926E-5
 4041.941132724696 2.3086609726567516E-5
 4077.5506629678275 2.3539813149071754E-5
 4113.361267061148 2.3828823950687758E-5
 4149.366458751425 2.408256782999215E-5
 4185.572724291891 2.424041163887437E-5
 4221.967091176083 2.436448180499278E-5
 4258.562531910464 2.4485385838037132E-5
 4295.3525602418 2.457556490347557E-5
 4332.337176170095 2.4667112283249E-5
 4369.509893442114 2.472662656926414E-5
 4406.87719831109 2.478552155410796E-5
 4444.432604523792 2.4845964023899323E-5
 4482.176112080218 2.4905806764015283E-5
 4520.107720980371 2.4965056775852966E-5
 4558.227431224247 2.5023720938933877E-5
 4596.5352428118494 2.5053882775413561E-5
 4635.024669489944 2.511772982448241E-5
 4673.689225005301 2.517918770053776E-5
 4712.541881864382 2.520805322882459E-5
 4751.576153813957 2.529993971714377E-5
 4790.785554600792 2.5363870479538322E-5
 4830.170084224889 2.5426974621394823E-5
 4869.729742686249 2.551679173195183E-5
 4909.471016238101 2.5580855870243077E-5
 4949.37444612075 2.5675325901768947E-5
 4989.4530048406604 2.5767032127058194E-5
 5029.7002061446 2.5861994171140314E-5
 5070.109563779338 2.5956310576066753E-5
 5110.687563998104 2.6078122454239477E-5
 5151.427720547669 2.6199166747524904E-5
 5192.336519681263 2.6295006197789417E-5
 5233.39450263919 2.6448426887296428E-5
 5274.614641927916 2.6570749930174032E-5
 5315.990451294207 2.6694016346157031E-5
 5357.521930738062 2.687412995650289E-5
 5399.202594006252 2.7027395810735082E-5
 5441.032441098776 2.7207015392350143E-5
 5483.011472015633 2.7387665496244304E-5
 5525.133200503592 2.7541643115428135E-5
 5567.397626562653 2.774921490834757E-5
 5609.804750192816 2.7955469637221052E-5
 5652.35457139408 2.8164535673494212E-5
 5695.034117659983 2.8399372730404663E-5
 5737.856361496988 2.863486442815619E-5
 5780.801844145398 2.8871096162480625E-5
 5823.883538111679 2.913265160566468E-5
 5867.0884708893645 2.9423821947900387E-5
 5910.416642478457 2.9713347245382006E-5
 5953.8680528789554 3.0003468892813476E-5
 5997.436215837629 3.0318466549788873E-5
 6041.127617607708 3.063405771758902E-5
 6084.92928568273 3.097652462609163E-5
 6128.847706315924 3.137218562607005E-5
 6172.869907000831 3.174201829445316E-5
 6217.002373990679 3.213612336489607E-5
 6261.238621032237 3.258537552597935E-5
 6305.572161872275 3.30065844101191E-5
 6350.009482764021 3.3480185964993666E-5
 6394.537611201015 3.3980283651063144E-5
 6439.163033436488 3.4478147918638645E-5
 6483.879263217208 3.505906991600503E-5
 6528.67332803671 3.5637906968957664E-5
 6573.558200401459 3.624552341072567E-5
 6618.507935298525 3.68607799268467E-5
 6663.587395260231 3.75242702801954E-5
 6708.731717754255 3.831679961908307E-5
 6753.876040248281 3.908064100641729E-5
 6799.150087806944 3.98645427747517E-5
 6844.488997897924 4.075035817928372E-5
 6889.892770521225 4.1684509473873966E-5
 6935.361405676845 4.269749117947664E-5
 6980.830040832464 4.3754348713887824E-5
 7026.428401052722 4.490940839360523E-5
 7072.026761272979 4.61368128241377E-5
 7117.754846557874 4.747016898829078E-5
 7163.418069310452 4.890327722316438E-5
 7209.211017127665 5.044990285794359E-5
 7255.003964944881 5.218006759146208E-5
 7300.861775294415 5.40590545126152E-5
 7346.7195856439475 5.617746418634138E-5
 7392.577395993481 5.848226613852847E-5
 7438.500068875334 6.1016687332884184E-5
 7484.487604289505 6.391402286573808E-5
 7530.475139703677 6.730528840250863E-5
 7576.397812585529 7.113120149903311E-5
 7622.450210532021 7.56537347057671E-5
 7668.437745946193 8.0853934941439E-5
