 1.2645633800826088 0.9967393311643802
 1.7805383974254527 0.9913174511127326
 2.302572633538279 0.9824136715942998
 2.8307545441695527 0.9699333397157627
 3.3651473119967523 0.9542061912391641
 3.9058204379651 0.935777241574929
 4.452849741287569 0.9153083501326564
 5.00631104117713 0.8934697029829061
 5.566286475114502 0.8708915518245207
 6.132832907509415 0.8481019127586848
 6.706019839307092 0.8254637685348852
 7.285973635862486 0.8033029409426206
 7.872751161585324 0.7818822513846738
 8.466415599153086 0.7613332533536422
 9.067030131243245 0.7416570100895894
 9.67478430588823 0.7229674080692005
 10.289614940410567 0.7052962166488739
 10.911648400165209 0.6885131243087089
 11.541011050507105 0.6726284662243087
 12.177766074113736 0.6576058216573392
 12.82203983634005 0.6434320006238774
 13.473832337186051 0.6300584676345681
 14.13326994200669 0.6173805247860313
 14.800479016156919 0.6053859284162368
 15.475522742314215 0.5940543667221383
 16.158464303156055 0.583308690321616
 16.849430064037392 0.5730780257637458
 17.548546390313177 0.5633704524639591
 18.25581328198341 0.5541167192636763
 18.97142028708052 0.5452753505795219
 19.69536740560451 0.5367866427649504
 20.427907368265284 0.5286431230515627
 21.168976992385363 0.5208642084318259
 21.9187026433197 0.5133357921454831
 22.67727386910073 0.5060599461296766
 23.44475385240592 0.49905590668958543
 24.221205775912757 0.49225405009634842
 25.006819187653658 0.4856463373947954
 25.801594087628636 0.4792345651806311
 26.605656841192633 0.4729569784691054
 27.419196996378083 0.4668276727727953
 28.242277735862465 0.46086571623824096
 29.074962242323245 0.45501331320509613
 29.917440063792863 0.44925209278509065
 30.769774382948792 0.44358516535688513
 31.63209156514598 0.4379866233163241
 32.50451797573938 0.43244370084354244
 33.38717998008396 0.4269503500393367
 34.28014076085718 0.4214792823537059
 35.183589866091473 0.4160407623611653
 36.09759047846431 0.41065452238895155
 37.02233214600813 0.40532350250772325
 37.957878051400413 0.40005137209814545
 38.9043545599961 0.39482218448606765
 39.861888037150144 0.3896281488759483
 40.83066803089498 0.38447078532899603
 41.81082090658556 0.37937168126637382
 42.80240984689935 0.3743254507745768
 43.805561217191325 0.36930179606461083
 44.82046456549389 0.3642917149188893
 45.84724625716202 0.35929830307268095
 46.88603265755064 0.3543196542057727
 47.93695013201473 0.34935005255902945
 49.0001882285867 0.3443912390249041
 50.075810129944045 0.3394068792169639
 51.164005384119185 0.3343352194009143
 52.26496353914453 0.3291787088963389
 53.37874777769759 0.3239425586102948
 54.505547647810764 0.31863109967294994
 55.64548951483903 0.3132644077104512
 56.7987629268148 0.3078521732747131
 57.965494249093033 0.3023814627867033
 59.14587302970616 0.29683636207612
 60.33996245133165 0.2911967094916484
 61.548015244679405 0.285450978872583
 62.77022095778187 0.2796463487929625
 64.00657959063903 0.2737977473064372
 65.25759660467072 0.26798634591449826
 66.52314563452197 0.26229575437911184
 67.80322668019275 0.2566368706151166
 69.09847156845788 0.2510438167142384
 70.40824847254257 0.24542858152146712
 71.73382104599634 0.23979111143473635
 73.07455746204444 0.234206960047657
 74.43108954746161 0.22862218462446023
 75.80341730224788 0.22305095027945803
 77.192172553178 0.21758684884617968
 78.5967234734772 0.21230217460675854
 80.01707006314548 0.2070211783072519
 81.4544759757324 0.20171449492812168
 82.90894121123792 0.19652026742864736
 84.37983394288729 0.19138795185252635
 85.86778599745527 0.18621177638265193
 87.37342920171662 0.1810314026001078
 88.89613172889659 0.17573687087808073
 90.4371572325447 0.17029375226950876
 91.99587388588621 0.16481637002283558
 93.57228168892108 0.1592911768079939
 95.16701246842409 0.15370733756526672
 96.78069805117 0.14814006814745156
 98.41270661038406 0.14259318189075687
 100.06430179961578 0.13711114869246535
 101.73485179209041 0.13177551369361245
 103.42435658780795 0.1265294756739666
 105.13344801354314 0.12136873994458129
 106.86275789607076 0.11638825263361867
 108.61228623539083 0.1116898531584998
 110.38140120472858 0.10719423558970549
 112.17199828440826 0.10289306015550738
 113.9821819941056 0.0987785590983104
 115.81447964091967 0.09483093434264304
 117.66699574452618 0.09096739377915297
 119.54162578524941 0.0870857969674268
 121.4377379363146 0.08321531766755365
 123.35596402449652 0.07937147552505347
 125.29630404979514 0.07560211026175936
 127.25875801221049 0.07192777260272137
 129.2445895652921 0.06844400965345479
 131.25253505549042 0.0651891250056714
 133.28448996312974 0.06215027896882659
 135.33919063466058 0.05926856287090474
 137.41853255040714 0.056487404861340705
 139.52125205682 0.05377029787058955
 141.64798098067385 0.051028472284906506
 143.79998297551824 0.04826649285287272
 145.97662621457843 0.04549317555348348
 148.17791069785437 0.042658308654999844
 150.40510007889562 0.03976880373230305
 152.6575625309274 0.036865609651027544
 154.93656170749926 0.034013189148213635
 157.24146578183643 0.03130264850471191
 159.57290658071363 0.028778013793451486
 161.93088410413093 0.02641768983051633
 164.31666200563782 0.024199738521028243
 166.72897663168475 0.022118464581585547
 169.16972346259606 0.020181981032504403
 171.63890249837172 0.01839713288044408
 174.13588191223698 0.01671983045066197
 176.6612935309666 0.015072482417581193
 179.21640100811006 0.013400852628206974
 181.8005725168927 0.011723522323250017
 184.4144398840892 0.01012318083966161
 187.05800310969956 8.676632241767577E-3
 189.73252584727333 7.4144576862951354E-3
 192.43737627003577 6.3335240837085705E-3
 195.17318620476163 5.411130066389181E-3
 197.9399556514509 4.617031105912115E-3
 200.73894826365307 3.9253547020267265E-3
 203.5701640413682 3.3001365581635214E-3
 206.4329711578215 2.706925533593064E-3
 209.32926509333728 2.168452569203316E-3
 212.25841402114076 1.739737113876119E-3
 215.22104976800667 1.4423923448835373E-3
 218.21780416070984 1.2584124914663881E-3
 221.24867719925023 1.1598657308088558E-3
 224.31366888362785 1.1269931664650118E-3
 227.41404286739222 1.142933361797462E-3
 230.55043097731811 1.1893724605084325E-3
 233.721569559856 1.2518978614821632E-3
 236.92935409533015 1.3196586675643146E-3
 240.1737845837406 1.3782645147416405E-3
 243.45486102508732 1.4200586581745943E-3
 246.77321524614507 1.4529303412823435E-3
 250.12947907368865 1.4813489386684254E-3
 253.5242843344928 1.4884458506874401E-3
 256.95699920178276 1.4622442620659825E-3
 260.4288873291081 1.4138605052788153E-3
 263.9405805432434 1.3596148399557812E-3
 267.49207884418893 1.3034065545836791E-3
 271.08338223194454 1.2440903637651935E-3
 274.71638618683454 1.190944117022392E-3
 278.38982705530935 1.1551001483016327E-3
 282.10496849091856 1.1433061356707881E-3
 285.8618104936622 1.1693673797214304E-3
 289.66161671708977 1.2453791719779535E-3
 293.50438716120123 1.3660278471677217E-3
 297.39075365277136 1.5230065131471358E-3
 301.3213480185749 1.7220762365506888E-3
 305.2955384318372 1.9648498561391E-3
 309.3152203728824 2.2304081784752347E-3
 313.3797620149358 2.486285718007473E-3
 317.49042701154695 2.701695444210434E-3
 321.6472153627159 2.856081679681577E-3
 325.8507588952173 2.9368687606387104E-3
 330.10168943582596 2.9428463306931866E-3
 334.40063881131663 2.892839198199941E-3
 338.74760702168936 2.821001854834898E-3
 343.1438577204936 2.7480141612614317E-3
 347.58939090772935 2.6649519100881645E-3
 352.08420658339673 2.5527723002266387E-3
 356.63020022781995 2.4192656629776756E-3
 361.2267400142242 2.307249660024813E-3
 365.8750895961591 2.261168517564469E-3
 370.5752489736246 2.2938407564304175E-3
 375.3278499733955 2.3756223035261083E-3
 380.13352442224646 2.4549694843764365E-3
 384.99290414695235 2.497710835538907E-3
 389.9066209742879 2.5059606867892767E-3
 394.8753067310279 2.502187106736639E-3
 399.89959324394703 2.4925685071221703E-3
 404.97948051304535 2.4528359792773614E-3
 410.1156003650976 2.3716387386583234E-3
 415.3092164536534 2.289031090080548E-3
 420.5609606054874 2.2654858475247984E-3
 425.8702009938249 2.317222765133986E-3
 431.2388330989901 2.4078599521966345E-3
 436.6674887477579 2.4790833353533735E-3
 442.15553611335343 2.468539286720106E-3
 447.704870676101 2.3301225623976193E-3
 453.3154924360007 2.047334050605604E-3
 458.9880332198272 1.6395065273092821E-3
 464.7231248543552 1.142552218147369E-3
 470.5213991663596 5.832687229484696E-4
 476.3841198093899 -3.661360267530431E-6
 482.31128678344606 -5.441577633683573E-4
 488.30353191530286 -9.670103167944921E-4
 494.3621188585098 -1.2824358675908795E-3
 500.4870476130669 -1.5521278979461383E-3
 506.678950005749 -1.7866497498930605E-3
 512.9390896901056 -1.9302296678247305E-3
 519.2680984929112 -1.957010672159042E-3
 525.6659764141662 -1.8844871798253492E-3
 532.1339871074199 -1.6648088182877468E-3
 538.672762399447 -1.2366922654788367E-3
 545.2829341170225 -7.057908150169343E-4
 551.9657659136958 -2.7946682142253944E-4
 558.7206259626921 -3.885221358530459E-5
 565.5494097443358 7.676242504127828E-5
 572.4527490854015 1.485722452586878E-4
 579.4306439858893 2.432128784260472E-4
 586.4849899261235 4.1483740578765915E-4
 593.6151550793293 6.53234078255248E-4
 600.8230349258309 8.463781273019006E-4
 608.1092612924034 8.946208748089264E-4
 615.4738341790465 8.067178289849578E-4
 622.9180172393097 6.285765011963809E-4
 630.442442299968 3.987442510445208E-4
 638.050268494895 1.3076268444497075E-4
 645.7332820760188 -2.807385452361334E-4
 653.5047514056095 -9.589645037382296E-4
 661.3583582159196 -1.7605669574221941E-3
 669.3004207746964 -2.3165210375731886E-3
 677.3183025464449 -2.3813395337782816E-3
 685.4309583344079 -2.002485134695854E-3
 693.6257516030902 -1.3058560913864422E-3
 701.9090006202393 -3.4168127872998915E-4
 710.2807053858554 7.008249610348797E-4
 718.7408658999383 1.5353698288806507E-3
 727.2894821624881 1.9967863697022704E-3
 735.9328724412525 2.044527137629893E-3
 744.6710367362314 1.812693238032522E-3
 753.4913385119294 1.5354883164058381E-3
 762.4127325715897 1.276254733521228E-3
 771.4289006474644 8.600852147111654E-4
 780.5398427395537 1.6587833806171225E-4
 789.7392405801099 -6.32561626130905E-4
 799.046048972376 -1.1018963776534384E-3
 808.4413131131089 -8.484469078249676E-4
 817.9439878055514 7.915059253974377E-5
 827.5414365142087 1.26797399749451E-3
 837.2399775068279 2.2002178479307785E-3
 847.0396107834094 2.3095221433298042E-3
 856.9403363439532 1.2920089418428381E-3
 866.9484724562066 -6.649963952986333E-4
 877.0577008524222 -3.00276320540954E-3
 887.2743398003475 -5.038130215917128E-3
 897.5983892999827 -6.55462736800605E-3
 908.0235310835801 -7.7868582631946394E-3
 918.5624016866349 -8.747550588301393E-3
 929.2023645736517 -9.34973825526141E-3
 939.9623745478738 -9.701751779079509E-3
 950.8234768060579 -9.629842427866544E-3
 961.804626151447 -8.633391871105574E-3
 972.893186048546 -6.61088095181604E-3
 984.0954747651024 -3.6634210331656226E-3
 995.4178105688638 3.193900704512244E-4
 1006.8475569243351 4.6986590337850355E-3
 1018.3973503670114 7.895786420337808E-3
 1030.067190896893 9.003942158592928E-3
 1041.8507602462316 8.772838104995621E-3
 1053.7606949505232 8.790378838170982E-3
 1065.784358474272 9.864434454577171E-3
 1077.9343873529737 0.011166096117144019
 1090.2044633188804 0.011481932044706914
 1102.5945863719921 0.010699313627906529
 1115.1173930478041 9.476730206055335E-3
 1127.7602468108213 8.733128135961896E-3
 1140.529465928791 8.71183096647881E-3
 1153.4250504017136 9.0163319212792E-3
 1166.4533184973365 9.725240462533244E-3
 1179.607951947912 0.010510297251594051
 1192.895269021188 0.010224456825644651
 1206.3152697171642 8.75650689187377E-3
 1219.8679540358405 7.930859778585283E-3
 1233.5533219772173 9.511471067326856E-3
 1247.3713735412945 0.011995902774846768
 1261.3221087280721 0.012494730027952115
 1275.4181640730453 0.011189128938463626
 1289.6469030407188 9.7358223029279E-3
 1304.0146438988401 8.913658371763783E-3
 1318.5213866474095 8.74754996138983E-3
 1333.1671312864268 7.949941679084872E-3
 1347.95819608364 5.525482194417297E-3
 1362.8945810390484 3.166427064259835E-3
 1377.969967884905 2.994810328320251E-3
 1393.1906748889571 4.504531563385581E-3
 1408.5630203189523 6.442030386735789E-3
 1424.0743676393956 8.776667390371726E-3
 1439.7436716535298 0.010320924761244802
 1455.551977558112 9.635425020609023E-3
 1471.518240156385 7.438156891873209E-3
 1487.6298229128535 4.396479005302213E-3
 1503.8930440952653 2.001140603786945E-3
 1520.3142219713681 2.38900011133921E-3
 1536.887038273414 4.694569199426869E-3
 1553.617811269151 6.852727932734208E-3
 1570.500222690831 8.847702388740731E-3
 1587.5469090739495 0.0120589825159961
 1604.7452338830114 0.01583695376327335
 1622.1078336535115 0.017049472465160284
 1639.6283901177027 0.014308032128817216
 1657.3069032755845 9.06446734463492E-3
 1675.1496913949051 3.799756298361964E-3
 1693.1630727434121 -5.482108907850445E-4
 1711.3344107856094 -3.581472528831553E-3
 1729.6700237892453 -5.3875784424531414E-3
 1748.16991175432 -4.2351089440182294E-3
 1766.8403929485807 -3.8096931495078283E-4
 1785.6814673720273 -5.655091238034472E-4
 1804.6868167569127 -3.954553812558921E-3
 1823.8690776387318 -4.241461887922188E-3
 1843.2156134819895 -2.5619864280275587E-3
 1862.739060822181 -1.4143694788907273E-3
 1882.4331013915584 -1.2105969388372382E-4
 1902.297735190122 -3.7071353760771037E-3
 1922.3455987533673 -0.01440467401641487
 1942.5640555457982 -0.023029681569294475
 1962.9594238351633 -0.024568881736492392
 1983.531703621462 -0.020576672534630184
 2004.2808949046946 -0.0118202625039138
 2025.2133159526085 -1.377205745583144E-3
 2046.3226484974561 4.202402495277912E-3
 2067.615210806985 4.1072722697414274E-3
 2089.091002881196 4.9784928366518104E-3
 2110.7437064523396 9.439694951838787E-3
 2132.5859580559135 0.011629935937077273
 2154.611439424168 7.426474215447168E-3
 2176.820150557104 4.619110424976411E-3
 2199.2184097224694 4.663466197740378E-3
 2221.799898652516 -1.9057330633157927E-4
 2244.564617347244 -0.011839070112711993
 2267.5252023421485 -0.023581824368117326
 2290.675335369482 -0.028926278503119622
 2314.0086981614972 -0.02694096106718487
 2337.5379272536893 -0.016466562909329306
 2361.25670437831 -1.0530147869800758E-3
 2385.1650295353597 0.017126651043959575
 2409.2692209925862 0.029736157709354203
 2433.562960482242 0.022071792374404843
 2458.0525662720747 2.6897548072644696E-3
 2482.7317200943357 -0.013708197995224831
 2507.6130584845213 -0.02587557203480688
 2532.6839449071362 -0.03196627840062096
 2557.9570158976753 -0.03371457593392541
 2583.425953188391 -0.03766646970797808
 2609.0844385115356 -0.033467508836469206
 2634.9451084026045 -0.029771319250566627
 2661.0079628615976 -0.031498319770698175
 2687.2666836207677 -0.035122859120615246
 2713.7212706801142 -0.02225675528802524
 2740.3780423073853 -0.01168167889653912
 2767.2369985025807 0.022004171701580754
 2794.2918209979525 0.055114391287071476
 2821.548828061249 0.09579287410241703
 2849.0080196924695 0.14987547631561154
 2876.663077623867 0.15812874585021483
 2904.526638390936 0.1521700214418506
 2932.586065458182 0.14372017239693726
 2960.8539953611 0.1193904964473483
 2989.3177915641945 0.038196128503733946
 3017.983772335213 -0.03354476793333253
 3046.858255941904 -0.07457963906066407
 3075.928605848772 -0.0992318226001002
 3105.207458591311 -0.09231661308378863
 3134.688495901775 -0.0721191819625732
 3164.3717177801627 -0.04781705652693974
 3194.257124226475 -0.02797066769634675
 3224.344715240712 -0.014945166159361128
 3254.6344908228725 -7.47556348861737E-3
 3285.132769240706 -3.4071009328731252E-3
 3315.8269139587155 -1.1265663898546596E-3
 3346.729561512397 2.5586085157696373E-4
 3377.8280753662552 1.163893077861727E-3
 3409.1350920557856 1.7942656570229414E-3
 3440.637975045492 2.248263217078632E-3
 3472.349360870871 2.5840088998701402E-3
 3504.256612996426 2.836150495553114E-3
 3536.372367957654 3.0281649000836745E-3
 3568.683989219058 3.1785993960334862E-3
