 0.2780482872687045 -1.0497418050538514E-4
 0.8374137413692581 -1.3148588302494793E-3
 1.4033604274688835 -5.060539373914299E-3
 1.9759682795594728 -0.01272941795544469
 2.5553004034240984 -0.025428410263695567
 3.1414549636142052 -0.0438158709586244
 3.7345020776665416 -0.0680456146999463
 4.334518874871527 -0.09780540596605897
 4.94158949627326 -0.13241386915434608
 5.555798082915837 -0.17094284880656657
 6.177235787597028 -0.21234048788006712
 6.805965716099905 -0.25553853189316544
 7.4420649977148904 -0.2995349064830172
 8.085673867515478 -0.3434488225028378
 8.73685543128474 -0.38655057789825075
 9.395679806559425 -0.4282703628071177
 10.062217110876276 -0.46819086400791415
 10.736677696845538 -0.506029316062383
 11.418991446930463 -0.541614641921745
 12.109298596204543 -0.574864145040298
 12.807739379741275 -0.6057627231158385
 13.514383915077403 -0.6343460267344772
 14.229372437286422 -0.6606872791796249
 14.952704946368335 -0.6848861098812729
 15.684521677396631 -0.7070590353891485
 16.424962865444804 -0.7273319539861667
 17.17409862804961 -0.7458344251194124
 17.931999082747783 -0.7626960997650755
 18.698804464612827 -0.7780443406717386
 19.47465500871823 -0.7920024833073972
 20.259550715063994 -0.8046876391609564
 21.053701936260363 -0.8162091855120117
 21.857108672307333 -0.8266673467297315
 22.670051393351894 -0.8361527823918891
 23.492459981857294 -0.8447477313986654
 24.324474672897036 -0.8525277052610779
 25.166305819081355 -0.8595627695084405
 26.018023537946994 -0.8659179098047803
 26.879697947030713 -0.8716517505413784
 27.75153939894274 -0.8768149530774446
 28.633547893683083 -0.8814511310311604
 29.52586366632523 -0.8855994588591509
 30.42869706947943 -0.8892958617348394
 31.34211822068242 -0.8925711392018109
 32.26619723747095 -0.8954516516420931
 33.20114447245527 -0.8979610593291383
 34.147030043172115 -0.9001212834834174
 35.10399418469498 -0.9019541995608497
 36.072177132097365 -0.9034820948983232
 37.051719120452766 -0.9045889518323277
 38.04269026729793 -0.9057087234177457
 39.04530092524309 -0.9064516651570538
 40.05962121182499 -0.9069818017289489
 41.08586147965388 -0.9073279648012743
 42.12409184626651 -0.9075151418194934
 43.17445254673637 -0.9075591673186443
 44.237083816136944 -0.9074661737487124
 45.312196007078483 -0.9072420189723707
 46.39992935463449 -0.9069013018817492
 47.500353976341685 -0.9064646622898593
 48.61361010727359 -0.90595118401494
 49.73990810004043 -0.905374184541662
 50.879388189715704 -0.9047409404338137
 52.032190611372904 -0.9040528703925115
 53.19845560008553 -0.9033077319547008
 54.378393508463815 -0.9025027792472539
 55.57207445404452 -0.901633573108614
 56.77970878943786 -0.9006929285040962
 58.00150686725409 -0.899673065459838
 59.23753880502998 -0.8985664785892902
 60.488014955375724 -0.897366394738737
 61.75307555336486 -0.8960670018100578
 63.032930951607603 -0.8946632199379658
 64.32772138517745 -0.8931527151303023
 65.63765720668465 -0.8915385993766124
 66.96280853366595 -0.8898239389018888
 68.30345583626831 -0.8880102439363519
 69.65980946710202 -0.8861062097449067
 71.03186942616705 -0.8841279454499038
 72.42019665375739 -0.8820928873457052
 73.82465091479952 -0.8800084035252043
 75.24523220929346 -0.8778684530675194
 76.68264171260668 -0.8756638372976724
 78.13617824937171 -0.8733902085832106
 79.60724417032348 -0.871039237775646
 81.09513830009453 -0.8685949988108366
 82.60056181405234 -0.8660490710111903
 84.12351471219688 -0.8634025527259582
 85.66469816989564 -0.8606550320741712
 87.22341101178114 -0.8578042208282225
 88.79965323785339 -0.8548512631019157
 90.39482719884734 -0.8518042134564257
 92.00893289476296 -0.848679135249551
 93.6412691502328 -0.8454958902969167
 95.29253714062433 -0.8422702673690083
 96.96343804130501 -0.8390105498497618
 98.65327067690738 -0.8357192090249921
 100.36343739816638 -0.8323924922014245
 102.09323702971454 -0.8290219787014668
 103.84266957155185 -0.8255927709643486
 105.61243619904577 -0.8221237047004263
 107.40323808756382 -0.8185905897467441
 109.21437406173847 -0.8149947315920891
 111.04724647230469 -0.8113225381644783
 112.90115414389501 -0.8075554748202982
 114.77609707650943 -0.8036817343050987
 116.67277644551541 -0.7996946349942687
 118.59189342628042 -0.7955839713926827
 120.53344801880448 -0.7913410482354357
 122.49673904772011 -0.7869664146971532
 124.4838700391297 -0.7824673015770722
 126.49273746693085 -0.7778495667378654
 128.52614603259343 -0.7731181985157154
 130.58199221001507 -0.7682791005378469
 132.66237952529817 -0.7633456818180347
 134.76660680307523 -0.7583413738069704
 136.89537521871375 -0.7532772515262697
 139.04868477221367 -0.7481452604147575
 141.2265354635751 -0.7429197723232399
 143.43032964353287 -0.7375784541502767
 145.6586649613521 -0.7321214431895241
 147.91364494313518 -0.7265520344887358
 150.19386723814716 -0.7208688551113478
 152.50143537249047 -0.7150689303614713
 154.83494699543021 -0.7091453955562869
 157.19510328233374 -0.7030950014125928
 159.58330658393612 -0.6969281364837234
 161.9988557248698 -0.6906424210129676
 164.4417507051348 -0.6842151557824679
 166.91339387546608 -0.6776298197889049
 169.41308406049614 -0.6708906691356268
 171.94222361095992 -0.664022142093472
 174.50011135149 -0.6570472582321628
 177.08744845745377 -0.6499780536289099
 179.70423492885132 -0.6428110501777512
 182.35187311641752 -0.6355357220316964
 185.02896066941747 -0.6281584762280441
 187.73760111395353 -0.6206977101167511
 190.47779445002575 -0.6131645902485378
 193.2488395022667 -0.6055545859327429
 196.0514374460437 -0.5978441284250187
 198.88699063209185 -0.5899945466788137
 201.7547978850436 -0.5819703274016734
 204.65556038026642 -0.5737545377093094
 207.58927811776032 -0.5653524405252167
 210.55735344826024 -0.5567751108710113
 213.55908519639874 -0.5480209927519204
 216.59517453754324 -0.5390984153164322
 219.66562147169378 -0.5300201926391438
 222.77182834958526 -0.520768097470842
 225.91379517121774 -0.5114094883401061
 229.09082076122368 -0.5018900953802667
 232.30500864570555 -0.4922553757490551
 235.55565764929585 -0.4825186011665894
 238.843468947362 -0.4727083744779521
 242.1691437152716 -0.4628626802614127
 245.53268195302453 -0.45300164576699863
 248.93408366062084 -0.4431039126782302
 252.37475118879544 -0.43312331829137173
 255.85538571291584 -0.4230385317486747
 259.3745848822471 -0.4128504454589057
 262.9344522228916 -0.402524374468004
 266.5349877348493 -0.39202296117206436
 270.17619141812036 -0.3813558115505793
 273.85876444807206 -0.3705529608791129
 277.583408000072 -0.3596661047957533
 281.3508232494875 -0.348772535052596
 285.16030902095133 -0.33789796675148375
 289.0132676651982 -0.3270137924708791
 292.91040035759573 -0.3160916015768185
 296.85170709814383 -0.30513720159096746
 300.8371878868425 -0.29418819724581285
 304.86894624979424 -0.2832768388212418
 308.945579836264 -0.2724185672771438
 313.06849099698683 -0.26163759206159636
 317.2376797319626 -0.2509529054637344
 321.4545483919264 -0.24032769905427814
 325.7190969768781 -0.2297356078747445
 330.0320266621853 -0.2192213210102902
 334.39403862321523 -0.20887108633586287
 338.80443168460072 -0.19877497764296844
 343.26530937244393 -0.18899587084978086
 347.7759705113776 -0.1795205857652861
 352.3378174521365 -0.17027197708395555
 356.9508501947208 -0.1612500493822444
 361.6157699144978 -0.15248134152393397
 366.333277786835 -0.14391818515152365
 371.1040749871 -0.13550342033940085
 375.92816151529262 -0.12723419137951247
 380.80693972214794 -0.11917053221134513
 385.74040960766586 -0.11138304380947257
 390.7285711718465 -0.1038920319056757
 395.7735279407922 -0.09668552906957203
 400.8745787391355 -0.08977106356998728
 406.03312591761124 -0.08316808534157745
 411.24916947621954 -0.07689493224038178
 416.52341059032784 -0.07094801632551312
 421.85655043530363 -0.06528845145702507
 427.2492901865144 -0.059879488699555755
 432.7023310193275 -0.054866264574876803
 438.2163741091105 -0.04979695834927885
 443.7921206312309 -0.045090744155562495
 449.42957058568856 -0.04061302504831205
 455.129425147851 -0.036418831070884
 460.89308666845334 -0.032535834217370364
 466.72125632286287 -0.028968818714051
 472.6132329357121 -0.02571020000170111
 478.5711200331035 -0.022741721227538726
 484.5956187904046 -0.020061378361826007
 490.68602803224786 -0.017691750261648233
 496.84445128473566 -0.01563500570913093
 503.07088854786803 -0.01385596457775932
 509.3660409970125 -0.012324532098051497
 515.7306098075364 -0.011013056412318364
 522.1652961548074 -9.879967289630965E-3
 528.6715023895603 -8.902473983027648E-3
 535.2492285117951 -8.070164141607373E-3
 541.8991756968792 -7.358080066865043E-3
 548.6227462955477 -6.74021147559653E-3
 555.4199403078005 -6.193245904945875E-3
 562.2914589090053 -5.693702936150794E-3
 569.2387044498967 -5.2351572260919774E-3
 576.2623781058422 -4.829445318532804E-3
 583.3624798768421 -4.490988676434716E-3
 590.5404121136312 -4.23414299909774E-3
 597.7968759915767 -4.0613793892787875E-3
 605.1325726860464 -3.9579509065216554E-3
 612.5489045477752 -3.903538547325328E-3
 620.0451704013956 -3.876748024271902E-3
 627.6234737730098 -3.854974943656002E-3
 635.2845158379855 -3.818161846392047E-3
 643.0282965963227 -3.752468845447087E-3
 650.8569195741237 -3.6478043079014262E-3
 658.7696835960211 -3.5010921236189704E-3
 666.7686921881173 -3.3247248299069485E-3
 674.8546465257798 -3.1367466116735574E-3
 683.0275466090086 -2.9494253435860193E-3
 691.2887947885384 -2.77224257131956E-3
 699.6390922397371 -2.614200639924033E-3
 708.0819448394417 -2.4835232563593227E-3
 716.6082373078752 -2.3815577290401887E-3
 725.2326943277545 -2.2977374347603594E-3
 733.948304145405 -2.2219175621905622E-3
 742.7620785145011 -2.150297365276247E-3
 751.6599939276937 -2.0759494179966656E-3
 760.6630856460067 -1.9850484322109984E-3
 769.7573301620909 -1.859372885371537E-3
 778.9497392296207 -1.6886507864586335E-3
 788.2403128485965 -1.4939475130540213E-3
 797.6290510190179 -1.3322333403243068E-3
 807.1159537408852 -1.1688283547355794E-3
 816.708032767873 -1.1338884325307445E-3
 826.4052880999812 -1.1666223496156443E-3
 836.1936962298604 -1.1996639607873866E-3
 846.0942924185349 -1.3490629361609504E-3
 856.1000649123298 -1.5185963008322292E-3
 866.2110137112453 -1.6876771456120287E-3
 876.4201270616065 -1.834933790771197E-3
 886.7484402244376 -1.9461999107264278E-3
 897.1749179387145 -2.0273089298797584E-3
 907.7205954654611 -2.10290176450643E-3
 918.3714492973285 -2.1835629317525982E-3
 929.1344911879908 -2.243852054381831E-3
 940.0097211374483 -2.261867819503155E-3
 950.9971391457012 -2.249929724198595E-3
 962.1037569664238 -2.2350836577224746E-3
 973.3225628459415 -2.215776416939991E-3
 984.6605685379293 -2.2361303884159515E-3
 996.1177740423869 -2.2566983472234462E-3
 1007.6871676056397 -2.4289342459917666E-3
 1019.3827727350371 -2.739099287726505E-3
 1031.1905659232295 -3.0997537512488285E-3
 1043.1315824312414 -3.3720876632574387E-3
 1055.1847869980483 -3.4933480749299813E-3
 1067.3712148846743 -3.5284502644124873E-3
 1079.6768425837706 -3.6039690062292573E-3
 1092.1086818490111 -3.772463332508935E-3
 1104.673744434071 -3.974819720437451E-3
 1117.358006831601 -4.161683480297327E-3
 1130.1754925489501 -4.357066769182066E-3
 1143.1262015861186 -4.574169365333951E-3
 1156.2031221894314 -4.810687801550528E-3
 1169.4202778662383 -5.0947387660769E-3
 1182.7636451091898 -5.514083933716148E-3
 1196.2472474256353 -6.017696744132313E-3
 1209.8640730619001 -6.423137725542866E-3
 1223.614122017984 -6.751410976794234E-3
 1237.5114178012368 -7.003354904481472E-3
 1251.5419369043088 -7.164489146664549E-3
 1265.7126910808747 -7.291122865931994E-3
 1280.0236803309346 -7.363241393054472E-3
 1294.4819164081632 -7.4341645500752675E-3
 1309.0803875588858 -7.673923208111883E-3
 1323.826105536777 -8.0008107087247E-3
 1338.719070341837 -8.234215416343331E-3
 1353.7592819740655 -8.393520907023217E-3
 1368.9467404334627 -8.45513006239414E-3
 1384.2814457200286 -8.484115956777883E-3
 1399.7633978337632 -8.396186692184896E-3
 1415.406620282016 -8.10904886962089E-3
 1431.1970895574372 -7.81920827060066E-3
 1447.1418174137018 -7.800475924122056E-3
 1463.2408038508101 -7.815035267902865E-3
 1479.4940488687614 -7.829734117590982E-3
 1495.908564221231 -7.917139835707581E-3
 1512.4843499082185 -8.000687144433943E-3
 1529.2143941760496 -7.928859222217503E-3
 1546.1057087783985 -8.046469249001164E-3
 1563.1653054689402 -8.165250982153777E-3
 1580.3791607403254 -8.386593984412542E-3
 1597.7683098535778 -8.448780230785848E-3
 1615.3117175476738 -8.480543118192949E-3
 1633.0304190836372 -8.405462709256498E-3
 1650.9103909541188 -8.283803139160262E-3
 1668.9586449127932 -8.02623795153467E-3
 1687.182192713335 -7.390700124333575E-3
 1705.5740226020693 -6.690583479973723E-3
 1724.1411463326714 -6.206203222590962E-3
 1742.8765521514662 -5.741204710681557E-3
 1761.7942635658032 -5.173585140008281E-3
 1780.880257068333 -4.527107662736488E-3
 1800.1485561664046 -4.077347785631389E-3
 1819.592149106344 -3.841265760183941E-3
 1839.2110358881507 -3.5627337718219073E-3
 1859.0122282654995 -3.2683638618453995E-3
 1879.0027379920657 -2.7704283729439497E-3
 1899.1685415604988 -2.292316760854E-3
 1919.5166507244741 -2.435790123303519E-3
 1940.047065483992 -2.5805489121567934E-3
 1960.7667975927263 -2.998753398334155E-3
 1981.6758470506774 -3.365449881087133E-3
 2002.7672021041712 -3.4988445349346712E-3
 2024.054886260556 -3.417593554140628E-3
 2045.5248760124834 -3.314339342798014E-3
 2067.1911948673023 -3.143585529050483E-3
 2089.046831071338 -2.6906445579267007E-3
 2111.09178462459 -2.1469273094218105E-3
 2133.3400790344094 -1.7089497450858146E-3
 2155.777690793445 -1.4349780570500623E-3
 2178.4116316553722 -8.046273672457989E-4
 2201.2419016201906 2.1641486934472297E-4
 2224.268500687901 9.892466504109213E-4
 2247.4984406121775 1.6129317331971823E-3
 2270.9247096393455 2.3043866123041464E-3
 2294.5543195230802 2.780467742745111E-3
 2318.387270263381 3.0497740092783353E-3
 2342.416550106573 3.419885534440495E-3
 2366.6561825600065 3.750177048205429E-3
 2391.0991558700056 2.79105692715653E-3
 2415.7454700365715 1.8239578951752095E-3
 2440.6021368133783 3.0413660095405877E-3
 2465.662144446751 3.2717604969222575E-3
 2490.9254929366902 3.1297205158071152E-3
 2516.406205790545 2.986458431052072E-3
 2542.097271254641 2.939548483709478E-3
 2567.9916775753026 2.7748501439709277E-3
 2594.1034482598806 2.7311131445567383E-3
 2620.425571554699 3.4389191032012304E-3
 2646.9580474597587 4.852310661714434E-3
 2673.707887728734 5.869417764643072E-3
 2700.6680806079502 6.124247147342223E-3
 2727.8456378510823 6.704847833227695E-3
 2755.2335477044553 7.784765411020717E-3
 2782.8458336754183 8.720833102679817E-3
 2810.668472256623 8.490513528717162E-3
 2838.7154869554174 8.258336538835459E-3
 2866.9798660181277 7.310024083607964E-3
 2895.4545976910785 6.654748462717929E-3
 2924.1537054816203 6.430076089291574E-3
 2953.0771893897517 5.535205189816034E-3
 2982.2180376617993 3.5100238539648846E-3
 3011.5762502977627 1.179810291252448E-3
 3041.158839051316 -2.0551449441266362E-4
 3070.96580392246 -9.612091348410069E-4
 3100.9901331575197 -1.7195004879924972E-3
 3131.23883851017 -2.5185333217983872E-3
 3161.7119199804096 -3.2230369561255982E-3
 3192.4023658145656 -3.4928061768681882E-3
 3223.3241995199864 -3.6606185197919976E-3
 3254.4633975893234 -3.388827878781744E-3
 3285.833983529925 -2.4774343284627337E-3
 3317.4219338344423 -1.2830573633249298E-3
 3349.23426025655 -1.4910082389288018E-4
 3381.277974549923 9.778769966083916E-4
 3413.5390532072115 1.8564765383962172E-3
 3446.0315197357645 2.7047017350531723E-3
 3478.7483623819084 3.7306085833593762E-3
 3511.6895811456424 4.651807005914424E-3
 3544.855176026967 5.308080751686455E-3
 3578.2451470258824 5.1479139307577014E-3
 3611.8594941423875 4.986670810318299E-3
 3645.705229130158 4.093709757132324E-3
 3679.768328481844 3.077727958776057E-3
 3714.062815704795 2.315784457070789E-3
 3748.5746672916616 1.8552218574349706E-3
 3783.3179067497935 1.417496364252117E-3
 3818.2785105718403 9.468607121047679E-4
 3853.470502265153 5.784832973519881E-4
 3888.879858322381 3.610190285210612E-4
 3924.5206022508746 2.110113708747782E-4
 3960.378710543283 1.7785447690391918E-4
 3996.4611949532823 1.3895485929689332E-4
 4032.761043727197 1.1196252372147634E-4
 4069.2922803723772 9.128739420513712E-5
 4106.033869627798 7.480865902589244E-5
 4143.006846754483 6.147768754201424E-5
 4180.19017649141 5.061671131288519E-5
 4217.597882345928 4.1729991776928933E-5
 4255.229964318036 3.443709461931079E-5
 4293.0723989003845 2.8439224452098546E-5
 4331.1321978466485 2.3498413384180521E-5
 4369.409361156828 1.9423335383041214E-5
 4407.903888830923 1.60591126784195E-5
 4446.615780868935 1.3279732118374833E-5
 4485.538025517187 1.098226556399854E-5
 4524.677634529355 9.082385420950415E-6
 4564.020584398088 7.5108357348438205E-6
 4603.580898630738 6.21062819713659E-6
 4643.351565473629 5.134798309139983E-6
 4683.33258492676 4.244591687053168E-6
 4723.516945236458 3.5079976741837997E-6
 4763.911658156397 2.898554657314623E-6
 4804.509711932903 2.394374046100158E-6
 4845.311106565973 1.9773411324573713E-6
 4886.315842055612 1.632458826888108E-6
 4927.5239184018155 1.3473078198221423E-6
 4968.935335604586 1.1116016128768008E-6
 5010.543081910248 9.168193956197612E-7
 5052.340145565126 7.559027638820733E-7
 5094.340550076571 6.230048384833735E-7
 5136.537283690907 5.132826314588623E-7
 5178.92333465446 4.2272534661261565E-7
 5221.49870296723 3.480116490323968E-7
 5264.263388629218 2.863918854382892E-7
 5307.224403394096 2.3559011600594855E-7
 5350.360712000842 1.937229921214931E-7
 5393.686337956805 1.5923246418404974E-7
 5437.19426950831 1.30829976310884E-7
 5480.877494901682 1.0745019837519485E-7
 5524.743025890597 8.821263412333135E-8
 5568.783850721379 7.238982854042669E-8
 5613.006981147703 5.938095255090758E-8
 5657.391381908546 4.8689973327127455E-8
 5701.951076511255 3.9907518712647644E-8
 5746.679053202159 3.2695870567947795E-8
 5791.575311981253 2.6776536948649004E-8
 5836.632841094867 2.191995599657515E-8
 5881.851640542999 1.7936978241310124E-8
 5927.231710325647 1.4671816113296422E-8
 5972.76603868914 4.225668914273143E-9
 6018.454625633478 6.1147649363316245E-9
 6064.297471158657 6.327856075553799E-9
 6110.29457526468 5.83479757200205E-9
 6156.431914444197 5.340235841305327E-9
 6202.723512204558 4.357757539331944E-9
 6249.148333284737 3.5546523926191545E-9
 6295.720401192086 2.898435898301841E-9
 6342.425692419252 2.362456108390433E-9
 6389.26420696624 1.9248560100804202E-9
 6436.235944833046 1.5677185523894284E-9
 6483.333894265997 1.2763626958163236E-9
 6530.565067018767 1.038764124640331E-9
 6577.915439584007 8.450787006396829E-10
 6625.392023715392 6.872504897026121E-10
 6672.980795905571 5.586898997322073E-10
 6720.68876790822 4.540087359247567E-10
 6768.508927969665 3.688032905220085E-10
 6816.43426433623 2.994757557993868E-10
 6864.47178876159 2.430880063219308E-10
 6912.6074777383964 1.9724161801797036E-10
 6960.848343020323 1.5997949727431861E-10
 7009.187372853696 1.2970530328933365E-10
 7057.610543731164 1.0511748304747556E-10
 7106.131879160079 8.515522338323878E-11
 7154.72333212574 6.895426072961352E-11
 7203.455020164895 5.5810740851267336E-11
 7252.256825740798 4.5151638926274635E-11
 7301.058631316701 3.6510629728359735E-11
 7350.000671966098 2.95083489179168E-11
 7399.01283015224 2.383628437730498E-11
 7448.095105875132 1.924362942795752E-11
 7497.247499134768 1.552655516171651E-11
 7546.3998923944054 1.251946254669289E-11
 7595.692520727538 1.0087847275943585E-11
 7644.985149060668 8.122486296414182E-12
 7694.418012467294 6.5347016354388195E-12
 7743.780758337173 5.2524974148947304E-12
 7793.283739280544 4.217416924820043E-12
 7842.786720223917 3.3819774745022334E-12
 7892.359818704037 2.7075794558557744E-12
 7941.932917184156 2.162798501865684E-12
 7991.506015664275 1.7219860981124336E-12
 8041.149231681143 1.3641184212276262E-12
 8090.862565234755 1.0718406835163777E-12
 8140.575898788368 8.306621802498719E-13
 8190.219114805234 6.282605769438502E-13
 8240.002565895595 4.538499237759488E-13
 8289.71589944921 2.9760715710065737E-13
