 0.0E+0 0.0E+0
 0.24447015851418352 0.10646027281591487
 0.7362845932464062 0.32063415615016505
 1.2338854863159065 0.536795598238028
 1.7373431185931778 0.7535960174976641
 2.246712974975978 0.9689854910381583
 2.762081365305263 1.1804680833265206
 3.2835099394674323 1.3854128412586506
 3.8110665123375206 1.5813384028141888
 4.344825063779207 1.7661238985129348
 4.884859573656168 1.9381336425014608
 5.43125018682072 2.0962642361030043
 5.984052388170622 2.2399310460025896
 6.54333399258091 2.3690132698855284
 7.109218299824381 2.4837751555458682
 7.68176079479879 2.5847773734618302
 8.261023127390537 2.6727895554464224
 8.847066947486018 2.7487113475234505
 9.440077204744426 2.813506875546577
 10.039992249279367 2.868153503183437
 10.646935380863631 2.9136055954982187
 11.261029899270016 2.9507712024081893
 11.882337454384919 2.9805002599805785
 12.510981345981135 3.003579658572527
 13.146961574058663 3.020733945473177
 13.7904014383903 3.0326279338226846
 14.44142423874884 3.0398690303426514
 15.100091625020681 3.0430096465155527
 15.76646524709222 3.042549142462637
 16.440668404736257 3.03893730142402
 17.12282439772558 3.0325788691227764
 17.812933226060192 3.0238369809879994
 18.511179839399286 3.0130367802163955
 19.21756423774286 3.0004681416650593
 19.93233302063651 2.9863870982638087
 20.65542453819383 2.9710157902828693
 21.386962090187623 2.954546848841533
 22.127130626277075 2.937149785058545
 22.87599179634859 2.91897908869299
 23.633607250288562 2.900177362029812
 24.40016193775618 2.8808763777463086
 25.17565585875146 2.8611971839721355
 25.960212313047176 2.8412502284769667
 26.754016250302534 2.821134213316214
 27.557129320403927 2.800934136645296
 28.369613173237752 2.7807209397448695
 29.191652758463202 2.7605501856807732
 30.023309725966683 2.740458801850315
 30.864707375520975 2.7204659448059307
 31.715969006898884 2.7005791550697155
 32.577217919873206 2.68080269611274
 33.44851576433033 2.6611417967825166
 34.330047489929455 2.6416025779047354
 35.22187474655698 2.622191218272485
 36.12418248387209 2.6029114495171592
 37.03703235176119 2.583768082140467
 37.96054764999708 2.5647741157800072
 38.894851678352544 2.5459517075033764
 39.84012938648677 2.5273248758713755
 40.796504074172574 2.5089099511731385
 41.764037391296334 2.490718574723107
 42.742852637630853 2.472766454129092
 43.733134762835334 2.4550719982707627
 44.735007066682555 2.4376507008579992
 45.74859284894531 2.4205106846701323
 46.77401540939641 2.4036514819084682
 47.811459697695035 2.3870713250458064
 48.860987363727595 2.3707776108017903
 49.92278335715328 2.354792485407153
 50.99703262763126 2.339149003946486
 52.08379682504796 2.3238780797157332
 53.18326089906256 2.308991854888653
 54.29554814944787 2.294482327547561
 55.42084352586306 2.280326735137757
 56.55927032808094 2.26648681783239
 57.711013505760703 2.252916149077851
 58.87613470878874 2.2395770145880002
 60.054880536710633 2.226445290930103
 61.24743593918559 2.2135068976619987
 62.45380091621362 2.200753834554443
 63.674468666885886 2.188171170110071
 64.9093158914296 2.1757327601506966
 66.15834258984475 2.163419437930631
 67.42216526099533 2.1512396752047324
 68.70016740601734 2.1392301732621392
 69.99358202263876 2.1274352606735886
 71.30179261199561 2.1158898699328405
 72.62541567295185 2.1046159506204933
 73.96445120550747 2.093623736330605
 75.31951570852648 2.0829283138258962
 76.6899926831449 2.0725639795817132
 78.07588212936268 2.062560032805588
 79.47841704490784 2.0529027317377313
 80.89759742978033 2.043532806219447
 82.33280678511622 2.034376393749527
 83.78466160977945 2.0253742887056307
 85.25377840263398 2.016491593490066
 86.73954066481588 2.007720223326459
 88.24318139405308 1.9990618846300138
 89.7640840914816 1.990510833540095
 91.30224875710145 1.9820420195425862
 92.8582918897766 1.9736126023048021
 94.43282998837103 1.965192428207611
 96.02524655402075 1.95678490439699
 97.63677458445372 1.948428087115235
 99.26679758080598 1.9401677557578334
 100.91531554307751 1.9320357630441795
 102.5829449701323 1.9240596320215193
 104.27030236083431 1.9162578591678738
 105.97738771518354 1.9086442689030236
 107.70358453431605 1.9012415744199273
 109.45074231482373 1.8940601342628267
 111.21701156011464 1.8870859838937945
 113.00485826564471 1.8802906961903811
 114.81243293482203 1.8736187517470277
 116.6415850642385 1.8670086883715837
 118.49169815503015 1.8604283824690135
 120.36338870606096 1.8538328221038276
 122.25665671733091 1.8471669156104786
 124.17150218884004 1.8403896131308681
 126.10915811831626 1.8334749623667827
 128.06839150803165 1.8264782279146676
 130.0510518545781 1.819525991271311
 132.0559061602277 1.8127220669674832
 134.08480392157235 1.8061490397640962
 136.13651214088412 1.799883811153201
 138.21164731702697 1.793957364079937
 140.31144244772883 1.7883295798601797
 142.43528103412577 1.7829267800219454
 144.5831630762178 1.7776718280157037
 146.75632157173282 1.7724612273593418
 148.95414002180686 1.7672127951947065
 151.1778514241679 1.761938032418955
 153.42683927995196 1.7566629194806606
 155.70172008802296 1.751414607090952
 158.002493848381 1.7462474162453456
 160.33039355875396 1.7411360901717547
 162.6841862214139 1.7360231019761886
 165.06572133295276 1.7309244013799305
 167.47499889337055 1.725877688041681
 169.9114024038033 1.7208529180050073
 172.37554836311491 1.7158369708386125
 174.8686697690334 1.7109124044545922
 177.39015012269481 1.706187504051048
 179.94060592296307 1.7016888322736101
 182.52003716983821 1.697415716698811
 185.12967686104812 1.6933865681499544
 187.76890849772894 1.689629500743823
 190.43834857874452 1.6860854347639784
 193.13799710409497 1.682687873404516
 195.86908707150814 1.6793852553513044
 198.63161848098411 1.676012058218207
 201.42497483365886 1.6724210031134645
 204.25100562612436 1.668605706797884
 207.10909435951663 1.6645542922397515
 209.99985753269953 1.6602632043454044
 212.9239116445372 1.655906074251952
 215.88125669502954 1.6516866896664592
 218.8718926841766 1.6476112521627745
 221.8970526097063 1.6435492990777271
 224.95735297048261 1.6394180557779256
 228.05156076877761 1.6352818523602901
 231.1815255011832 1.631197519684782
 234.3472471676994 1.6270616348454662
 237.5487257683262 1.622906076628508
 240.78657780192756 1.6188124565105184
 244.0614197673675 1.614732960924677
 247.37386816350993 1.6105784114731362
 250.72330649149097 1.6062478132803414
 254.1109677490385 1.6017440735052828
 257.5374684350165 1.5971487236709092
 261.00280854942496 1.592531678219704
 264.5069880922639 1.5879129880914177
 268.0518565601253 1.5833918938500242
 271.63618095528113 1.5791750829714212
 275.2611942754594 1.5751417332001615
 278.92689652066 1.5709330680108011
 282.634520688611 1.5664832843546381
 286.38406677931243 1.5619001969683372
 290.1761512916281 1.557332449039882
 294.0113907244221 1.5529167512291035
 297.8891685788305 1.548752145848979
 301.81133435144505 1.5447168046779236
 305.777271543402 1.54089795354043
 309.78821315242913 1.5374985141753547
 313.8441591785265 1.534374416820029
 317.9457261205581 1.5312481471045396
 322.0935304773879 1.5281265354357598
 326.2881887478799 1.5251756918156025
 330.529700932034 1.5222953321977705
 334.8193000275782 1.5190775257312885
 339.1569860345126 1.5152991176963113
 343.54275895283706 1.511036857415544
 347.97846827914366 1.5064601636907191
 352.46349751456824 1.5017150190949406
 356.9990796568389 1.4969499862813437
 361.5852147059555 1.4920932289149371
 366.22251916078215 1.4871734257181266
 370.91160952018276 1.4821925111674452
 375.6531022830214 1.4772688199841952
 380.44761394816185 1.4727765515899433
 385.29576101446826 1.4688160300131807
 390.1981599808046 1.4648630066187502
 395.1548108471707 1.460270741829897
 400.16633011243067 1.455098278333636
 405.2339507743125 1.4498694208119164
 410.35828933168016 1.4447350293133356
 415.5387292856696 1.4392833410688852
 420.7771201328727 1.4333272906798801
 426.07407837215356 1.4268430826727056
 431.42898750464814 1.4199852788489968
 436.8436970269484 1.4130761232264081
 442.3182069390543 1.4061923364164137
 447.85313373982984 1.3995078561015317
 453.449093928139 1.3933808183044382
 459.10670400284573 1.3876243205346137
 464.82719696167805 1.3819575044651075
 470.61057280463586 1.3761483012193167
 476.45744803058323 1.3703118237402274
 482.36905563724803 1.3651295226720896
 488.34539562463027 1.3601535540701623
 494.38708449159406 1.355025835374483
 500.4953552358672 1.3496986301074391
 506.67082435631363 1.3439391099067237
 512.9134918529336 1.3378149508067072
 519.2245907234548 1.331639152450658
 525.6047374667412 1.3255756983824107
 532.054548581657 1.3196333105245952
 538.57525706593 1.3140903289264471
 545.1662464206962 1.3089863407945792
 551.8293661425477 1.3035227146627623
 558.5652327303482 1.2977067671081736
 565.3738461840979 1.2919421432116671
 572.2570560003887 1.28576641264746
 579.2142456803567 1.2786318307011945
 586.2472647205936 1.2707045917547958
 593.3567296199636 1.2626282205664975
 600.5426403784667 1.254609964032549
 607.8062299938306 1.2470837966421135
 615.1481149649195 1.23969760638423
 622.5713777860532 1.2324537029771571
 630.0680039719999 1.224915096295362
 637.6509399989034 1.2166973069263393
 645.3140208781238 1.2079906535578037
 653.0634115983007 1.1993463942719757
 660.8867821821548 1.1909236556867335
 668.8026275956051 1.1821989083325277
 676.7986178613725 1.1728295416917211
 684.8809179680964 1.162399494459262
 693.0495279157769 1.1508225982325483
 701.3044477044141 1.138118267413518
 709.6456773340079 1.1246614388932245
 718.0793817931981 1.1109828855149288
 726.6055610819848 1.0971947446498848
 735.2118852230881 1.082493638275499
 743.9168491824277 1.0667402585188776
 752.7142879713637 1.050402041683268
 761.604201589896 1.0344982458412181
 770.580425049385 1.0187018088236345
 779.6614533157498 1.0021655670089124
 788.8287914230714 0.9842617929730885
 798.1009343372687 0.9650618335586266
 807.4655520810626 0.9447967801974749
 816.9288096430923 0.9250288182648165
 826.4907070233584 0.906305621815075
 836.1512442218607 0.8871686588285882
 845.9165862272388 0.8678072361655816
 855.780568050853 0.8480267333532046
 865.7493546813432 0.8279116251217407
 875.8229461187092 0.807193865156684
 885.9951773743115 0.7845546214188674
 896.2783784254294 0.7605512184704322
 906.6602192947834 0.7373563366035017
 917.1591949482928 0.7153731428523094
 927.7568104200384 0.6938081958411358
 938.4715606759393 0.671701040371812
 949.2911157387161 0.6489999776509662
 960.2216405970087 0.6253429268888122
 971.2693002394566 0.6010935252724141
 982.4217646887805 0.5761379986746313
 993.6913639222597 0.5503658280628199
 1005.0780979398945 0.5240459576532058
 1016.575801753045 0.4971998330691993
 1028.1968053389905 0.4698884945687358
 1039.9287787204516 0.44268568286969722
 1051.784051874708 0.4173392411950781
 1063.7564598131198 0.3934344466546508
 1075.846002535687 0.3683501000790798
 1088.0650100196892 0.3419968485180508
 1100.4011522878467 0.31680373168496556
 1112.8605943287993 0.29379767169283355
 1125.4433361425474 0.27225282292930974
 1138.1555427177302 0.2515071692279143
 1150.9910490657082 0.23265046184324222
 1163.9560201751212 0.21678173459050395
 1177.0504560459692 0.20276805269501413
 1190.274356678252 0.18956814781507752
 1203.6277220719698 0.17554394858645128
 1217.1105522271225 0.16103890368626527
 1230.7228471437101 0.1475844093617945
 1244.4769367990124 0.13594647547930177
 1258.3604912157493 0.12538218441588233
 1272.3796753825611 0.11373303125268285
 1286.5344892994476 0.1021894121300376
 1300.8249329664085 0.09363800195107996
 1315.2571713720842 0.08738017876044461
 1329.8312045164743 0.08012003660172369
 1344.5408674109391 0.07040027036161685
 1359.3923250441182 0.0600296044951767
 1374.3917424046517 0.05160617749221316
 1389.52678951526 0.04564281838725347
 1404.8159613418617 0.039141060345710965
 1420.2407629185386 0.029993229093059122
 1435.8196892112093 0.02212023239990304
 1451.5404102425945 0.018707356532098207
 1467.4090910013342 0.0163290703038925
 1483.4318964760675 0.013011666260742981
 1499.602661678155 0.01075800584192423
 1515.9275515962367 9.839284649265357E-3
 1532.4004012416726 9.208263982913505E-3
 1549.0335405917421 8.546199115284167E-3
 1565.814639669166 7.921439122937293E-3
 1582.7560284512233 7.452749008594922E-3
 1599.8515419492748 7.455174298592242E-3
 1617.1011801633201 8.079493187024642E-3
 1634.511108081999 9.125760364195436E-3
 1652.087490693952 9.927781141809445E-3
 1669.8179980218985 9.699448158265267E-3
 1687.7087950544787 8.336369360099747E-3
 1705.759881791693 6.36560845444286E-3
 1723.9774232221805 4.435851057063893E-3
 1742.3614193459413 3.006605286484192E-3
 1760.9057051743363 2.1744488904332916E-3
 1779.6226106846443 1.7466380134791605E-3
 1798.4998058995861 1.4424589150246148E-3
 1817.5496207964413 1.1034866309603088E-3
 1836.7658903865697 8.332716195361315E-4
 1856.1486146699717 7.056254771673982E-4
 1875.7101236239268 6.149772047327336E-4
 1895.4380872711551 5.29482852648568E-4
 1915.338670600297 4.8239038055483592E-4
 1935.411873611352 4.720854740941841E-4
 1955.6576963043203 4.336460225468476E-4
 1976.0823036678416 3.4248427246498996E-4
 1996.6795307132758 2.474552889621485E-4
 2017.4555424292634 1.8650313235994193E-4
 2038.4103388158041 1.53366320478007E-4
 2059.5377548842575 1.3082862867132665E-4
 2080.8501206119044 1.0795849341444466E-4
 2102.341271010104 8.153376622239664E-5
 2124.0112060788565 5.231608761924023E-5
 2145.866090806802 2.6669114608638743E-5
 2167.8997602053 1.204463202200657E-5
 2190.1122142743515 7.486176601097386E-6
 2212.515782991235 6.523829339943111E-6
 2235.104301367312 6.248592331876601E-6
 2257.8716044139414 5.872535736549161E-6
 2280.8300221084036 4.765654168372928E-6
 2303.973389462059 3.13987786101796E-6
 2327.301706474906 1.773253706941019E-6
 2350.8211381355863 9.415560068277479E-7
 2374.5255194554592 4.99515715578422E-7
 2398.421015423165 2.6565100444580285E-7
 2422.5014610500634 1.3943402209228291E-7
 2446.779186313434 7.769861132956824E-8
 2471.2418612359974 4.431310271386694E-8
 2495.901815795033 2.3081006662140436E-8
 2520.752885001901 1.0627665279318536E-8
 2545.788903867962 4.356640578782744E-9
 2571.0222023704955 1.6231424108574914E-9
 2596.452780509501 5.834760466328242E-10
 2622.0744732963385 2.020292599479979E-10
 2647.887280731009 5.948105018979771E-11
 2673.897367802152 1.3087132204495047E-11
 2700.1047345097672 2.096877863529792E-12
 2726.5032158652147 2.3875234056578495E-13
 2753.098976857135 1.961107410231872E-14
 2779.892017485527 1.2996418604514446E-15
 2806.8761727617516 1.889774737441375E-16
 2834.0637726630884 7.770840463107942E-17
 2861.4424872122576 2.6757077131567967E-17
 2889.024646386539 7.476282513084116E-18
 2916.797920208653 1.951714496270313E-18
 2944.768473667239 5.252550948551478E-19
 2972.9424717509373 1.415985344125521E-19
 3001.307584482468 3.725416690977519E-20
 3029.876141839111 9.07757402406731E-21
 3058.641978832226 1.8290484123019485E-21
 3087.605095461813 2.9475743261232295E-22
 3116.765491727873 3.940683764963434E-23
 3146.123167630405 4.339448480460573E-24
 3175.678123169409 4.115834579943051E-25
 3205.436523333525 8.132455847093597E-26
 3235.3860381454742 2.0806427214089321E-26
 3265.538997582535 5.0354658901652304E-27
 3295.8830716674283 1.1824925495818217E-27
 3326.430590377434 2.815197998821268E-28
 3357.1692237352713 6.744995297767261E-29
 3388.111301718221 1.6538300139982555E-29
 3419.2444943490036 4.319023884980577E-30
 3450.5811316048984 1.1081266867285136E-30
