 0.2496483806672497 1.000232582654175
 0.7518801375651156 1.000675341850934
 1.2600209181347441 1.0010500114489098
 1.7741424918944157 1.001323366496515
 2.294301518990142 1.001428350761485
 2.8205861374268277 1.0013037790805072
 3.3530593029222637 1.0009095514089678
 3.891790266766018 1.0001719446967112
 4.4368545758194395 0.9990202085246874
 4.988327776943876 0.9973803875965068
 5.5462917125724544 0.9951985605148062
 6.110803042851185 0.9924122683208777
 6.681931019069637 0.9888848436617235
 7.25980155266339 0.9845518976986454
 7.844471303778455 0.9793893177089951
 8.436003228132623 0.9733123517491525
 9.034460281443684 0.9661428077227571
 9.640031330865005 0.9579067949717197
 10.252653420678799 0.9485806371027437
 10.872452462320645 0.9379492221760746
 11.499554367226121 0.9260014631929374
 12.134022091113021 0.9126848551211181
 12.775981545416922 0.8979962612543351
 13.425432730137825 0.8818976218992649
 14.082501556711307 0.8642804944435422
 14.74731393657295 0.8451775111340972
 15.419932825440547 0.8246303594830655
 16.100421179031883 0.80261777173047
 16.78890490878254 0.7791409215898867
 17.4855099261281 0.7543233451972109
 18.19023623106856 0.7281996388979746
 18.903272690757287 0.7008564036726418
 19.62461930519429 0.6723731519853894
 20.35452789725072 0.6429032841893096
 21.09293551120879 0.6126363041758541
 21.83996805850408 0.5816222719577594
 22.595814406289964 0.5500620300766922
 23.360537510284224 0.5181807127436095
 24.134200326204652 0.4861250649416947
 24.916991721204624 0.4541130680985978
 25.708911695284136 0.42235983650984215
 26.510086159878763 0.3910181913296102
 27.320703982141886 0.3603081441648227
 28.140828117791283 0.33044798726489854
 28.97052152254475 0.3015926174228535
 29.809973063555656 0.27391227883486624
 30.65924569654179 0.24756814294417711
 31.51846533293873 0.22268045830546923
 32.387757884182065 0.1993575197576051
 33.26724926170736 0.1777009583641875
 34.15700242123243 0.15771546489257948
 35.05720622991061 0.13947161649540101
 35.96792364345971 0.12295516422906003
 36.889343529033105 0.1081404976085818
 37.82152884234858 0.0950596501667147
 38.76460549484171 0.08352521831437057
 39.71869939794808 0.07330927803873033
 40.683999418821045 0.06460840841286546
 41.66063146889621 0.05718889672686909
 42.64865850389135 0.050933254565342214
 43.64820643524204 0.04572312794626446
 44.65946413010166 0.04144379015584842
 45.68255749990579 0.03798785203208986
 46.717612456089995 0.03525904917829663
 47.76475491008988 0.03316756867964831
 48.82417372905879 0.03163459884597245
 49.89593186871454 0.030597931213365892
 50.98021819621048 0.03000245621707765
 52.07722157869998 0.029803432655743866
 53.18700497190084 0.029963382204015832
 54.30975724296642 0.03045177261713061
 55.44560430333231 0.0312430839572131
 56.59473502015188 0.03230950282358144
 57.7572753048607 0.03362244148606703
 58.93341402461214 0.03515459528164186
 60.123214135124 0.036873956908784616
 61.32692745926743 0.03874231397557766
 62.544742864195804 0.040720058790743224
 63.77666034990912 0.04276356563367493
 65.02318356214971 0.04482767000663693
 66.28418658948198 0.04686492356425445
 67.55966943190592 0.04883070420666107
 68.85026164659945 0.050680767191757243
 70.15533367638467 0.05237670304503141
 71.47614463561737 0.05388409753986951
 72.81206496711967 0.05517407935227221
 74.16372422806943 0.05622644481779474
 75.53112241846667 0.05702709590082228
 76.9148890954893 0.05756919477296576
 78.3143947019594 0.05785332674362364
 79.729639237877 0.05788595559000651
 81.16188181759786 0.05767821687103755
 82.61112244112202 0.05724651970207415
 84.07673155127155 0.05661026452766252
 85.55933870522438 0.05579056612803049
 87.05957346015836 0.054810745366924845
 88.57680625889564 0.053693895206038753
 90.11229621579199 0.05246304643630472
 91.66541377366953 0.0511407554601068
 93.23615893252824 0.04973719138805926
 94.82516124954604 0.04830179486802886
 96.43305028190082 0.04682126992962486
 98.05919647241467 0.0453205952349687
 99.70485893544338 0.043812595582762035
 101.3694081138091 0.04230848393780558
 103.0528440075118 0.04081658915547042
 104.75579617372937 0.03934367391893421
 106.47889416963969 0.03789509992536484
 108.22213799524282 0.03647510390320312
 109.98489809336083 0.03508568255401825
 111.76906313552739 0.03372819568867724
 113.57274445020883 0.03240300959998078
 115.39846026611676 0.031109802774282813
 117.24432191171746 0.029847655303884328
 119.11221805854464 0.028615232805382057
 121.0015191494204 0.02741124148122918
 122.91285474152264 0.02623379260142448
 124.84622483485133 0.025081475543905204
 126.8016294294065 0.023952693749349843
 128.78032763954396 0.02284606140870166
 130.7810603509079 0.02176043395697933
 132.80571623503197 0.02069441189785643
 134.85303617756045 0.019646739005716524
 136.92490885002698 0.01861743530894342
 139.0200751380758 0.01760591303513989
 141.1391645988848 0.01661026094818932
 143.28343634680976 0.015630126115504128
 145.4522608246728 0.014666301073631484
 147.6456380324739 0.013718352831253599
 149.8648270845689 0.012785030355610495
 152.10919842377984 0.01186781973634696
 154.38001116446255 0.010965690428005619
 156.67663574943915 0.010079292233579918
 158.9997017358875 9.209439031897849E-3
 161.34920912380763 8.356020066036196E-3
 163.72641702755535 7.520701294341848E-3
 166.13006633277481 6.70370108503973E-3
 168.56204571099974 5.905916787157058E-3
 171.02235516223015 5.128366532688631E-3
 173.51036512928811 4.373062979015141E-3
 176.02670516935157 3.6410554204149687E-3
 178.57263439677626 2.9324554004543103E-3
 181.14752325438433 2.248234593829274E-3
 183.7520012993537 1.5906273661319141E-3
 186.3860685316843 9.594357608197602E-4
 189.05098406573196 3.543526348834885E-4
 191.7461183443188 -2.227847450308137E-4
 194.4721009246227 -7.715438379752969E-4
 197.2289318066437 -4.94154868595482E-4
 200.0178701047375 -2.1232919853139946E-4
 202.83891581890418 -2.24833486530981E-3
 205.69143939196584 -2.682789783051791E-3
 208.57732949545618 -3.086769159910815E-3
 211.4959565721973 -3.4605202562056885E-3
 214.44795017936698 -3.8043855907509017E-3
 217.43393987414333 -4.117217057590764E-3
 220.4539256565262 -4.3997125790412655E-3
 223.50790752651562 -4.6520639332514445E-3
 226.5971445984674 -4.875161549151736E-3
 229.72226642955945 -5.070194786975408E-3
 232.88201390543596 -5.237504510095408E-3
 236.07827569763063 -5.378766508843187E-3
 239.31105180614346 -5.4953722326732184E-3
 242.58034223097445 -5.588034644400295E-3
 245.88677652930147 -5.658930234583438E-3
 249.23098425830247 -5.709486515660165E-3
 252.6135949751553 -5.739747570496744E-3
 256.0339791226821 -5.743829630564553E-3
 259.4933958152387 -5.736637823557185E-3
 262.99247461000294 -5.7283335111971995E-3
 266.53121550697483 -5.694472430576583E-3
 270.10961850615433 -5.64816050578222E-3
 273.7295722790753 -5.590105705825929E-3
 277.3898177113817 -5.520541531575323E-3
 281.09161391742946 -5.440927214121437E-3
 284.8349608972186 -5.351105047359045E-3
 288.62111776510494 -5.251152636192494E-3
 292.4500845210884 -5.141668424160344E-3
 296.32249072234685 -5.023695713104351E-3
 300.2389659260583 -4.898661528982805E-3
 304.1988805750448 -4.767964293434845E-3
 308.20412334084005 -4.635224338418108E-3
 312.2540646662661 -4.5038107025955655E-3
 316.3499636656789 -4.376621560018693E-3
 320.4918203390783 -4.257838991101135E-3
 324.6802642436422 -4.1504893440644655E-3
 328.91592493654866 -4.05737345043677E-3
 333.19943197497536 -3.981123180604428E-3
 337.53078535892245 -3.923428103973926E-3
 341.91124420274564 -3.885414638066216E-3
 346.340808506445 -3.8674037366410456E-3
 350.8194782700205 -3.8705779346912216E-3
 355.3491421650059 -3.8960633243148683E-3
 359.92917063422316 -3.945136812967813E-3
 364.5608227920282 -4.019641430051538E-3
 369.244098638421 -4.1201946527493074E-3
 373.9796277305794 -4.247536028890857E-3
 378.76803962568135 -4.40337940369285E-3
 383.6099638809048 -3.773779550885636E-3
 388.50603005342753 -3.1384194658059553E-3
 393.4568677004275 -5.053086586692883E-3
 398.4631063790826 -5.3328995111400004E-3
 403.52474608939286 -5.645436080572152E-3
 408.6424163885361 -5.99321127947177E-3
 413.8173763908682 -6.378275993741056E-3
 419.0502556535671 -6.80442116291896E-3
 424.34042461945483 -7.272169417398669E-3
 429.689771960065 -7.781474995889221E-3
 435.0989272325757 -8.326439656431355E-3
 440.5672608798088 -8.901330879766379E-3
 446.09666157329826 -9.496499574002544E-3
 451.6871293130439 -0.010101066078128072
 457.33929365622373 -0.010703776528548103
 463.0537841600155 -0.011293078394981905
 468.8312303815972 -0.011861582293395014
 474.6728914353247 -0.012399278317918809
 480.57876732119785 -0.012905988987361608
 486.5494875963947 -0.013375104415588599
 492.58631137527095 -0.013808046497740718
 498.6892386578266 -0.014196256789853418
 504.8588990012396 -0.014536869965361649
 511.0965515198657 -0.014819626697400999
 517.4028257708828 -0.015038309556617922
 523.777721754291 -0.015186488235162336
 530.222498584446 -0.015217807030538894
 536.7377858185256 -0.01518340244425152
 543.3242130137079 -0.01514771681132685
 549.9830392843487 -0.014952404373188335
 556.71363507327 -0.014646612273737425
 563.5178890520054 -0.014232809881880627
 570.396430777733 -0.01371290289063529
 577.3492602504527 -0.013098989880173658
 584.3782661416982 -0.01241384789257665
 591.4828188942917 -0.011675323736966906
 598.6648071797666 -0.010910340056133309
 605.9248605553013 -0.010134713975808046
 613.2629790208954 -9.350287073845033E-3
 620.6804216909046 -8.561322694704752E-3
 628.1778181225072 -7.762682276295598E-3
 635.7583161015925 -6.952570955776578E-3
 643.4137313848478 -6.1628661059226555E-3
 651.157284673009 -5.417784129439712E-3
 658.9826803942972 -4.744384149861571E-3
 666.8962141204911 -4.174530045195307E-3
 674.8852947080331 -3.7119136412298793E-3
 682.9688088722598 -3.3465780345961703E-3
 691.1341654696137 -3.0424141698009187E-3
 699.3876600718733 -2.7843605415184633E-3
 707.7292926790387 -2.5705423952853737E-3
 716.1590632911101 -1.5627714261423225E-3
 724.6769719080875 -1.881114588940283E-3
 733.2893141017497 -2.0088238251075246E-3
 741.9960898720968 -2.0161735935189865E-3
 750.7847080755708 -2.017931325429588E-3
 759.6740554275087 -1.8366124648903465E-3
 768.6578363561315 -1.6097278181903154E-3
 777.7360508614391 -1.380655407335824E-3
 786.9024033716528 -1.1772488692657987E-3
 796.1757806021092 -9.963531597916314E-4
 805.5372958374717 -7.863458366661425E-4
 815.0058357930768 -5.044819130268724E-4
 824.568809325367 -1.2878682277477006E-4
 834.2325120061209 3.4127191220359204E-4
 843.9969438353388 8.86166818144364E-4
 853.8621048130207 1.4612036507608932E-3
 863.8342905109454 2.054055478800706E-3
 873.9072053573339 2.679343370680173E-3
 884.0871449239653 3.3616668546209106E-3
 894.3741092108396 4.0968669154286905E-3
 904.7618026461779 4.837721780876112E-3
 915.2628163735379 5.525404065300303E-3
 925.8645592493618 6.145074477270404E-3
 936.5859179889868 6.723392297576779E-3
 947.4080058770754 7.2850341813747625E-3
 958.349709628965 7.811067441708365E-3
 969.3984381010974 8.219451917664523E-3
 980.5604868652517 8.39551822160682E-3
 991.8421514932069 8.249324972565152E-3
 1003.2308408414049 7.763218841493417E-3
 1014.7391460534038 6.992819530867139E-3
 1026.3670671292036 6.029817733595845E-3
 1038.1083084970252 4.994902528376446E-3
 1049.9754613004267 4.0343252659712485E-3
 1061.9559343958501 3.2665826441843834E-3
 1074.0623189268535 2.7408348579650394E-3
 1086.2883193216575 2.638169524663618E-3
 1098.6339355802624 2.7526620776853615E-3
 1111.1117588462263 2.86271466101773E-3
 1123.7091979759911 3.3842428531277823E-3
 1136.4325485413355 3.932026472559727E-3
 1149.28181054226 4.362050961358368E-3
 1162.2632795505433 4.600646079012015E-3
 1175.3706599944064 4.612507265970479E-3
 1188.6102474456281 4.382168357439001E-3
 1201.9820419042091 3.985805605393757E-3
 1215.4860433701487 3.627635051509815E-3
 1229.1222518434472 3.847921331349379E-3
 1242.8906673241044 4.066729342535734E-3
 1256.7912898121207 4.881459944285916E-3
 1270.836710451054 5.586334626582341E-3
 1285.0143380973456 6.291187833028755E-3
 1299.3304683227754 6.370395726348627E-3
 1313.785101127343 5.97507131251629E-3
 1328.3782365110484 5.299770475337651E-3
 1343.1161700456707 4.616958425939248E-3
 1357.9989017312097 3.929460126169191E-3
 1373.0201359958866 3.208147302716946E-3
 1388.1861684114805 2.4590707855609936E-3
 1403.50329454977 1.535846915972128E-3
 1418.9589232671976 2.3573626703446431E-4
 1434.5719412790997 -1.6858641252478592E-3
 1450.32346187014 -4.453263822537068E-3
 1466.2323717556548 -7.710605556990572E-3
 1482.2860797920864 -0.010890778443789393
 1498.4908815512142 -0.013341530448189384
 1514.8530726048165 -0.014527466512452451
 1531.3663573811147 -0.0144534745587288
 1548.0370314518877 -0.014368235316933414
 1564.8587992453567 -0.013829235968788153
 1581.8442519050795 -0.012777623779209692
 1598.9807982874981 -0.011032128460289508
 1616.2810295361703 -8.944245285151753E-3
 1633.7386500793174 -7.010235153529631E-3
 1651.3536599169392 -5.238459357740498E-3
 1669.132354620815 -3.3403069281361034E-3
 1687.081029762724 -1.1287741753153713E-3
 1705.1870941991073 1.160818284634878E-3
 1723.4568435017442 3.0028208177539585E-3
 1741.8902776706356 3.8839361930439464E-3
 1760.4936922775593 3.86311999048697E-3
 1779.2670873225158 3.197508119323417E-3
 1798.2041672337265 2.103857716312168E-3
 1817.3175231547486 8.711946506470168E-4
 1836.594563942025 -1.2699805772031595E-4
 1856.047880739113 -3.003992704209475E-4
 1875.6711779742336 6.056868919379848E-7
 1895.464455647387 2.7576627060120272E-4
 1915.4403049021314 1.273019191965492E-3
 1935.5861345949083 2.1959497041746825E-3
 1955.9082402974975 2.933290539309223E-3
 1976.406622009898 3.641128655397151E-3
 1997.0812797321104 4.155683348932349E-3
 2017.938509035914 4.022276262241948E-3
 2038.972014349529 3.068868226289457E-3
 2060.1880912447345 1.692170571020936E-3
 2081.5867397215315 4.694050615547068E-4
 2103.16166420814 -4.5303312607687022E-4
 2124.9254558481184 -1.3856985057860737E-3
 2146.8718190696872 -1.4047089793843164E-3
 2169.0007538728473 -1.4827259024597302E-3
 2191.318555829377 -2.6192076867724606E-3
 2213.8189293674972 -3.116208200364101E-3
 2236.5018744872086 -3.5844670020707455E-3
 2259.3799823320682 -3.7928727896926572E-3
 2282.446957330298 -4.583134500984195E-3
 2305.6965039101187 -5.977861400121712E-3
 2329.141213215088 -8.19585954193739E-3
 2352.7747896734276 -0.011050331150376
 2376.597233285136 -0.014345503006709507
 2400.6148396219937 -0.017268812165729514
 2424.821313112221 -0.018988524066273135
 2449.2229493275976 -0.018715644055190595
 2473.8134526963435 -0.01841102396143094
 2498.6054143620176 -0.01674332619035541
 2523.5862431810614 -0.015781376819623632
 2548.7685302970326 -0.015798238639553537
 2574.145980138153 -0.015745151999001377
 2599.7122971326425 -0.01578589428894677
 2625.4800724240603 -0.016498961778222326
 2651.449306012406 -0.018062644058888303
 2677.6137023259002 -0.02150396041861422
 2703.9732613645433 -0.026728587965580492
 2730.534278700114 -0.03339304437100957
 2757.2967543326126 -0.043288651243881995
 2784.25439269026 -0.05880458409598342
 2811.4134893448353 -0.07937313474728189
 2838.774044296338 -0.11322154095826778
 2866.3297619729896 -0.12508659544241207
 2894.093233518348 -0.10643398436191003
 2922.0518677888553 -0.09202120621186298
 2950.218255928069 -0.0544205459647627
 2978.5798067924324 -0.031231734979104204
 3007.1428159537226 -0.01986241194131186
 3035.91357898372 -0.013505889966074356
 3064.879504738866 -9.586264485455569E-3
 3094.0531843627186 -7.0057119319424324E-3
 3123.4283222834997 -5.231459387046525E-3
 3153.0049185012076 -3.972453970885544E-3
 3182.782973015844 -3.057010498270256E-3
 3212.762485827408 -2.3782451358880852E-3
 3242.9434569358995 -1.8668279578733571E-3
 3273.3321819130983 -1.4763197158665166E-3
 3303.916069615446 -1.174770736740212E-3
 3334.7077111864996 -9.396830593855378E-4
 3365.694515482702 -7.549184239511371E-4
 3396.889073647612 -6.086967159007891E-4
 3428.27879453767 -4.92289244202271E-4
 3459.876269296435 -3.9914852120312644E-4
 3491.668906780349 -3.243004075309035E-4
 3523.66929813297 -1.9565269963952634E-4
 3555.864852210739 -1.855822667899069E-4
 3588.2618645854363 -1.7545000410874284E-4
 3620.8540396852822 -1.4322678287508042E-4
 3653.653968653835 -1.1697676327799548E-4
 3686.6427647757577 -9.555669917183477E-5
 3719.839314766387 -7.805488381150835E-5
 3753.2247319103853 -6.374238961444338E-5
 3786.811607351313 -5.20293203924529E-5
 3820.5999410891677 -4.243020746796428E-5
 3854.577141980392 -3.455784569381492E-5
 3888.749505596765 -2.8108053647106945E-5
 3923.117031938287 -2.2820328461810103E-5
 3957.6797210049576 -1.848157003299941E-5
 3992.437572796777 -1.4920272860228843E-5
 4027.384291741966 -1.1996322179752344E-5
 4062.526173412304 -9.601368321330529E-6
 4097.8506266642334 -7.647912801705529E-6
 4133.370242641311 -6.0151119204316245E-6
 4169.078725771758 -4.685865429442372E-6
 4204.9760760555755 -3.6147822533815116E-6
 4241.055997920983 -2.741881182146333E-6
 4277.324786939761 -1.9994628222532324E-6
 4313.77614754013 -1.3908340179168377E-6
 4350.410079722089 -9.252136531009739E-7
 4387.22658348564 -5.17555831789471E-7
 4424.225658830781 -1.5231362759750423E-7
 4461.407305757512 1.1985223004010282E-7
 4498.765228694056 3.0999681950327584E-7
 4536.293132068632 5.22464716362786E-7
 4574.0036070248 6.69414208199564E-7
 4611.890357990778 7.885841317328568E-7
 4649.94708939479 9.165847369358472E-7
 4688.173801236834 9.945155533698901E-7
 4726.570493516912 1.0879709095993001E-6
 4765.1434618068014 1.169024865698218E-6
 4803.873819391165 1.2089553858104756E-6
 4842.774157413562 1.2709101957045395E-6
 4881.838180302212 1.3261404732516935E-6
 4921.059592485338 1.3451671890066836E-6
 4960.444689534717 1.4199012914364884E-6
 4999.987175878571 1.4906629358053867E-6
 5039.693347088679 1.4981590453482293E-6
 5079.544316449704 1.5330943481009007E-6
 5119.552675105203 1.595453702654401E-6
 5159.712127483399 1.65586255152621E-6
 5200.02267358429 1.7146456893043938E-6
 5240.478017836098 1.7720720865720802E-6
 5281.078160238823 1.7989805294057525E-6
 5321.823100792464 1.8541625741392167E-6
 5362.706543925244 1.944184918745508E-6
 5403.728489637161 1.9943208961752736E-6
 5444.888937928216 2.0742967587592833E-6
 5486.187888798409 2.154153338610371E-6
 5527.612751104182 2.2058262869947643E-6
 5569.176115989093 2.2857102727585323E-6
 5610.859096737805 2.3936922779529327E-6
 5652.674284493875 2.5008863304566992E-6
 5694.609088113746 2.607719728349177E-6
 5736.663507597419 2.6856130136388875E-6
 5778.8375429448915 2.8194583912270164E-6
 5821.124898584387 2.9808347736436897E-6
 5863.531870087683 3.0853159633464372E-6
 5906.045866311221 3.2173862156095134E-6
 5948.673182826782 3.404817563620154E-6
 5991.401228490807 3.5916235898582184E-6
 6034.236298875074 3.749687733031E-6
 6077.172098407805 3.962909430225613E-6
 6120.202331517221 4.2029093184042305E-6
 6163.333293775101 4.414508600574768E-6
 6206.552394037887 4.680524098516822E-6
 6249.8659278773575 4.9729705122379E-6
 6293.267599721735 5.265275513880888E-6
 6336.744818427459 5.583901820824773E-6
 6380.31017513809 5.95682754335611E-6
 6423.938487566509 6.380249747808465E-6
 6467.69271143051 6.801664379405232E-6
 6511.509891012301 7.258887144378158E-6
 6555.327070594091 7.791638565868948E-6
 6599.270161611461 8.398088579323594E-6
 6643.27620834662 9.035246543704083E-6
 6687.345210799571 9.751540512300056E-6
 6731.47716897031 1.0527521597743066E-5
 6775.60912714105 1.1402296176957082E-5
 6819.86699674737 1.2409037231902751E-5
 6864.124866353689 1.3493248719195412E-5
 6908.508647395589 1.4718970886073963E-5
 6952.829472719699 1.610437124622663E-5
 6997.276209479388 1.7636058767472688E-5
 7041.722946239078 1.94175757136888E-5
 7086.232638716558 2.143763452908898E-5
 7130.7423311940365 2.3739743276387131E-5
 7175.252023671515 2.6372210785904085E-5
 7219.824671866786 2.940673266003904E-5
 7264.460275779844 3.293399534792898E-5
 7309.0958796929035 3.7123336138920216E-5
 7353.668527888173 4.211643403778859E-5
 7398.367087519023 4.814073244142378E-5
 7443.002691432082 5.571386706890096E-5
