 0.0E+0 0.0E+0
 0.2802481195860197 2.7591834141011203E-4
 0.8440391006884027 3.246958334636028E-3
 1.4144633824682213 9.9735108642235E-3
 1.9916015313304644 0.021122394186084435
 2.575517152331703 0.0373728110011586
 3.1663091866710457 0.059377549621534485
 3.7640483066335712 0.08770989209909305
 4.368812251732865 0.12280079047443647
 4.980685828711021 0.16487222946057364
 5.5997538443101344 0.2138736141241207
 6.226108172500805 0.26942841117582033
 6.859812418339603 0.33079794350367436
 7.500944321340116 0.3968679501972478
 8.149645226072499 0.46616183484211926
 8.805978737593321 0.5368820954151121
 9.470015528187664 0.606978857016087
 10.141826270140603 0.6742419903083271
 10.821622980307373 0.7364112167920699
 11.5093349864029 0.7912962884876816
 12.205103632997332 0.8368996639327257
 12.909070264660832 0.871531739814383
 13.621305553678477 0.893911238449611
 14.34195084462042 0.9032417019751761
 15.071006137486666 0.8992592343508732
 15.808612776847367 0.8822465877022126
 16.55491210727268 0.8530119882293559
 17.309974801047687 0.8128345293406886
 18.073871530457463 0.7633807234455117
 18.846743640072165 0.7065984086135546
 19.628732474461944 0.6445978616257807
 20.41983803362681 0.5795298797868943
 21.220272334421991 0.5134702818307175
 22.03003537684749 0.4483192975548614
 22.849409850043617 0.3857224881627324
 23.678325081725294 0.3270163221629438
 24.51692241646268 0.2731997396794423
 25.365413871111005 0.22493032328430362
 26.22387011795535 0.18254186580676007
 27.092361829280793 0.14607905126551112
 27.97110102194257 0.11534418943097899
 28.860087695940684 0.0899509222356527
 29.759463195845277 0.06938005205124245
 30.669439538511603 0.05303331496457482
 31.590087396224724 0.04028162516398323
 32.521477441269723 0.0305053899629231
 33.46382169050184 0.023125498862341702
 34.41719081620615 0.01762456227844093
 35.3817261629528 0.01355890410208549
 36.357569075311964 0.0105624974051187
 37.34486089785379 8.633587954379511E-3
 38.343672302863353 6.682172258796338E-3
 39.35421530719589 5.411233772977647E-3
 40.376560583136473 4.414881479575032E-3
 41.410920147540345 3.6131178794683144E-3
 42.457364672692584 2.9530482655218746E-3
 43.516035503163344 2.4007185785384324E-3
 44.587073983522785 1.934669211552637E-3
 45.67069213062612 1.5411483279396444E-3
 46.767031289043544 1.2107791486357525E-3
 47.876162131060105 9.364042959370095E-4
 48.99822600124597 7.11818200965555E-4
 50.133434916456366 5.311263088084791E-4
 51.28193022126146 3.885128589178498E-4
 52.4438532602314 2.7825079904303325E-4
 53.61934537793635 1.94830488042735E-4
 54.808618591231535 1.3312338721088427E-4
 56.01174357240205 8.852700250209463E-5
 57.22893233830311 5.7062102584718386E-5
 58.460396905789956 3.541223415247511E-5
 59.706207947147674 2.090936232454761E-5
 60.966577479231474 1.1478010272963408E-5
 62.24164684661155 5.553840607636458E-6
 63.531628066143113 1.9920081598058842E-6
 64.83666248239632 -2.2573131463187647E-8
 66.15696211222641 -1.0552301300173414E-6
 67.49259762791846 -1.4880498591824406E-6
 68.84385171861277 -1.4780901363826938E-6
 70.21093640116459 -1.4680137306380127E-6
 71.59385167557393 -1.2730610212839543E-6
 72.99316292012139 -1.0438773401985367E-6
 74.40872879023684 -8.101640975527629E-7
 75.84054928592025 -5.851172543597614E-7
 77.28933113002242 -3.724507105304857E-7
 78.75436759969257 -1.7106419788541637E-7
 80.23707214063226 2.2037665446405845E-8
 81.7367380299907 2.10110028651273E-7
 83.2540719906187 3.959223821558917E-7
 84.7890740225162 5.815620130275741E-7
 86.34245084853406 7.685106039203004E-7
 87.91349574582144 9.578036347526381E-7
 89.50220871437836 1.150171054453364E-6
 91.11000319990637 1.3461311601946846E-6
 92.73687920240549 1.5460502414634857E-6
 94.38212999902494 1.7501880486358272E-6
 96.04646231261549 1.958740542352375E-6
 97.73058286602792 2.171876045492827E-6
 99.43378493641144 2.389759671390447E-6
 101.15748196946764 2.612564156051281E-6
 102.90096724234571 2.84047547486042E-6
 104.66424075504568 3.0751152026336194E-6
 106.44800923041831 3.312482205799775E-6
 108.25297939131438 3.557095736794063E-6
 110.07844451488312 3.807843290526933E-6
 111.92581804682608 4.065023711433104E-6
 113.7943932642925 4.3289115048868294E-6
 115.68417016728236 4.59975790705071E-6
 117.59585547864646 4.877813396277771E-6
 119.53015592123553 5.163346237157532E-6
 121.48707149504965 5.456630132677638E-6
 123.46589547723799 5.757909810753753E-6
 125.4687480363529 6.067380073023662E-6
 127.49350900384202 6.385207637593845E-6
 129.5430052711085 6.711575716073299E-6
 131.6151166696 7.046690254358262E-6
 133.71196336786886 7.390703705904394E-6
 135.8328386430643 7.743612058778651E-6
 137.97844921803707 8.105236559075422E-6
 140.1487950927872 8.475319105768898E-6
 142.3438762673147 8.853628789823901E-6
 144.5651061873211 9.239949412626408E-6
 146.81107140710486 9.633939959867712E-6
 149.08389209521831 1.0035033857447978E-5
 151.3821548059599 1.0442495138538866E-5
 153.70797970788197 1.0855543259278216E-5
 156.05995335528297 1.127336959227256E-5
 158.43878247101366 1.1695008153199055E-5
 160.84588050077562 1.2119238422871754E-5
 163.28054072171804 1.2544637056600832E-5
 165.74276313384095 1.2969670158652598E-5
 168.23396118284591 1.339267411412495E-5
 170.75342814588213 1.3811809228832205E-5
 173.30257746865117 1.4225124366004125E-5
 175.88070242830227 1.4630631835702755E-5
 178.48850974768618 1.5026224481539492E-5
 181.1259994268029 1.5409572261956647E-5
 183.79458491135403 1.577834201500417E-5
 186.49285275563798 1.613058706161521E-5
 189.2229231282071 1.646460723371993E-5
 191.98479602906138 1.6778484827323467E-5
 194.77776473535007 1.7070209418200605E-5
 197.60253596992393 1.733838619096317E-5
 200.4605231784845 1.7582243517155762E-5
 203.35101963818101 1.78005452756306E-5
 206.27473207186432 1.7991530673551852E-5
 209.2316604795343 1.8154552452388482E-5
 212.2232183068926 1.8290716568349513E-5
 215.24869883108837 1.840044561171556E-5
 218.30880877497247 1.8482515942908293E-5
 221.4035481385449 1.8536430973770983E-5
 224.53433036750715 1.85514301721697E-5
 227.70115546185925 1.8566602047570296E-5
 230.90331669875044 1.854339346068308E-5
 234.1429342467331 1.8493985613709771E-5
 237.41930138295634 1.8420717909385154E-5
 240.73312483027098 1.8325798248194264E-5
 244.0851113115279 1.820893643364694E-5
 247.47526082672698 1.8069815968803066E-5
 250.9035733758683 1.7911075814064697E-5
 254.37146240465332 1.7735351809441515E-5
 257.8796346359329 1.7542955994170245E-5
 261.4266766240055 1.733492433851683E-5
 265.0147085374234 1.7115633415661563E-5
 268.6437303761867 1.68876709224176E-5
 272.3137421402953 1.665056924570019E-5
 276.0254505525999 1.6407416682412265E-5
 279.77956233595153 1.616393826100713E-5
 283.57678421320076 1.5921701755764174E-5
 287.4164094614969 1.5681786376672144E-5
 291.29985152654154 1.5449745084833797E-5
 295.22781713118536 1.5229354000783895E-5
 299.2003062754285 1.5021009860123413E-5
 303.21731895927075 1.482943782843711E-5
 307.2809753512647 1.4660709297731049E-5
 311.3898620057086 1.4515200943940999E-5
 315.5453923683041 1.439608798918584E-5
 319.7475664390512 1.4310130094873803E-5
 323.9977976636514 1.4257398584258993E-5
 328.29608604210483 1.4257672738082134E-5
 332.6431382972621 1.4257950002167326E-5
 337.0396611519741 1.4312827005419818E-5
 341.4849478833901 1.4400001852755097E-5
 345.98111866006223 1.4518154618201806E-5
 350.52746675913994 1.4659096946417838E-5
 355.12540562632466 1.481594569761129E-5
 359.7749352616165 1.4980060951087485E-5
 364.47676238786613 1.5139985963384747E-5
 369.2315937279244 1.5288226443577525E-5
 374.0401360046421 1.5413027873618252E-5
 378.9023892180191 1.551035870656838E-5
 383.8197668137571 1.55747587015555E-5
 388.79226879185603 1.5603871516571962E-5
 393.819895152316 1.5603325893678023E-5
 398.9047660636893 1.5570583616568065E-5
 404.04617480312504 1.551818509639588E-5
 409.24553481632483 1.5447158725331655E-5
 414.5028461032888 1.5363655242501656E-5
 419.8188153868676 1.5273237861726427E-5
 425.19414938991207 1.5170561350880793E-5
 430.6295548352729 1.5061114034368481E-5
 436.12573844580106 1.4925454407224261E-5
 441.68340694434715 1.4788277178490541E-5
 447.303267053762 1.4619234825466401E-5
 452.98531877404565 1.4430274116421179E-5
 458.7302688280488 1.4214534200079887E-5
 464.5395306614732 1.3971042851334942E-5
 470.41381099716943 1.3698999466658971E-5
 476.35240311228676 1.3389775715386077E-5
 482.35742717537755 1.3049125601041544E-5
 488.42958990929264 1.2668007118085645E-5
 494.56818459118113 1.2253401921555019E-5
 500.77533138959546 1.180539470781392E-5
 507.05103030453562 1.1328647788829416E-5
 513.3959880588524 1.0838910230649553E-5
 519.8109113753965 1.0341654309945875E-5
 526.2965069770187 9.863901733078428E-6
 532.8541883094207 9.407732910215517E-6
 539.4839553726024 8.988460498244103E-6
 546.1865148894146 8.596551698482121E-6
 552.9632803055589 8.22522812716714E-6
 559.8142516210352 7.869773534121175E-6
 566.7401355586944 7.515198891722785E-6
 573.742345564238 7.188420258761864E-6
 580.8215883605167 6.8774963394191374E-6
 587.9778639475306 6.6294469889662615E-6
 595.2125857709814 6.451519095791097E-6
 602.5264605537196 6.424483619795007E-6
 609.9201950185961 6.478743211747742E-6
 617.3952026113126 6.533599233931271E-6
 624.9507766090181 6.801591012003488E-6
 632.5890371802651 7.1691063673193615E-6
 640.3106910479042 7.612533736605957E-6
 648.1157382119358 8.105517840158816E-6
 656.0062988409117 8.624701649568107E-6
 663.9816662119814 9.140112458835007E-6
 672.0439604936973 9.659821831473017E-6
 680.1938884089102 1.0174100829851268E-5
 688.43144995762 1.0627182247351916E-5
 696.758058585528 1.1021351548498831E-5
 705.1744210154856 1.1343134879050062E-5
 713.6840708617462 1.153040745582458E-5
 722.2778207272498 1.1622238374342194E-5
 730.9705117918628 1.1645480394004774E-5
 739.7550768270775 1.162138249529288E-5
 748.6385830614015 1.1629436787588156E-5
 757.6068960378194 1.1637567970502006E-5
 766.6812174418544 1.1725433316091134E-5
 775.8474128164911 1.1878600004291188E-5
 785.1125493902372 1.2059455271277208E-5
 794.4766271630928 1.2238806509142196E-5
 803.9396461350576 1.236436774478891E-5
 813.501606306132 1.2491241793952464E-5
 823.1695749048235 1.2544142697295785E-5
 832.9435519311324 1.2544636165060155E-5
 842.8094029280428 1.2495546598108307E-5
 852.7883295810782 1.2402909726819257E-5
 862.8732646617309 1.2288990442274284E-5
 873.0642081700008 1.2188939964490894E-5
 883.3540928773803 1.2187422284052756E-5
 893.7641204693923 1.2260875541079546E-5
 904.2730892605141 1.2335026928179907E-5
 914.9022009362684 1.2568953828548773E-5
 925.6373210396403 1.2862959872016738E-5
 936.4855167991369 1.3208931146888174E-5
 947.4467882147587 1.3586833842624414E-5
 958.5211352865056 1.396887863634306E-5
 969.7156252428854 1.431983496090641E-5
 981.02319085539 1.4604969283103832E-5
 992.4508993525277 1.480250349306335E-5
 1003.9987507342981 1.4922528939700769E-5
 1015.6596777721938 1.501984194183737E-5
 1027.44781492323 1.5147367474414737E-5
 1039.3490277303912 1.5305386372745924E-5
 1051.3845178792012 1.5433530188782352E-5
 1063.5330836841358 1.543578177476052E-5
 1075.815926830719 1.5235095522739703E-5
 1088.2189128619354 1.4817728778964026E-5
 1100.7491090062922 1.4227621125668297E-5
 1113.4135824922973 1.3528329606130118E-5
 1126.1981988629356 1.2780309593614025E-5
 1139.1170925752223 1.2035380998393237E-5
 1152.1702636291577 1.1331783337388202E-5
 1165.3506447962336 1.0699421113736E-5
 1178.6723705334657 1.0176107687913773E-5
 1192.1213063838383 9.792710426989076E-6
 1205.7115868043676 9.541583478121378E-6
 1219.4361445665454 9.365299585953436E-6
 1233.2949796703715 9.167040107653693E-6
 1247.3022265728618 8.852065027477551E-6
 1261.4437508170005 8.412378562868997E-6
 1275.7266196312955 7.98360856807223E-6
 1290.150833015747 7.912679409599479E-6
 1304.7234581988625 8.028530921354544E-6
 1319.4374279521343 8.14550611411596E-6
 1334.2998095040702 8.522026921803827E-6
 1349.3106028546703 8.840900263587392E-6
 1364.4698080039345 9.018441228109012E-6
 1379.777424951863 9.020362052496248E-6
 1395.2334536984551 8.862152810230655E-6
 1410.8378942437118 8.59644337628994E-6
 1426.6048810446484 8.205958460755998E-6
 1442.5202796442486 7.811797981247966E-6
 1458.591157271021 7.1682660902318855E-6
 1474.8175139249653 6.290544294347411E-6
 1491.1993496060817 5.235190151021985E-6
 1507.7437315428778 4.2251071950855905E-6
 1524.4506597353536 3.547520277890632E-6
 1541.3130669550014 3.5475985789612255E-6
 1558.3380204303286 3.547677634820011E-6
 1575.532587389844 3.868020592254501E-6
 1592.882633376531 4.103511032084546E-6
 1610.4093600759131 4.080788646905187E-6
 1628.0915658024675 3.7834187758882517E-6
 1645.9504522417171 3.3618482395153635E-6
 1663.9718849366465 2.894789648483919E-6
 1682.162931115764 2.3246410500411427E-6
 1700.5306580075762 1.5743639685717216E-6
 1719.0679983835761 7.014901925772016E-7
 1737.7820194722717 -1.0215921219898347E-7
 1756.6656540451547 -6.529743766276318E-7
 1775.7330365592408 -6.490985691136606E-7
 1794.9700325575145 -6.451882844387054E-7
 1814.3907764969912 -2.244175447488837E-7
 1833.9882011491638 1.7584695254015773E-7
 1853.7623065140312 2.6920238332584406E-7
 1873.7201598201022 -1.0197105699693934E-7
 1893.8688282958844 -6.12241710782756E-7
 1914.1941774843617 -5.084936586270065E-7
 1934.703274614042 -4.0380768944898754E-7
 1955.396119684926 3.979738439984352E-7
 1976.2797799255206 1.2380677376972665E-6
 1997.3542553358263 1.7614582372109664E-6
 2018.6124786873351 1.933461976322767E-6
 2040.068584437063 1.9814395245889792E-6
 2061.708438127994 2.1545329938695043E-6
 2083.546174217144 2.519995487623973E-6
 2105.574725476005 3.0173871899726607E-6
 2127.7940919045763 3.4433308225172024E-6
 2150.218407959875 3.6618313945628694E-6
 2172.8335391848845 3.564796419386193E-6
 2195.646552808113 2.9398852023597043E-6
 2218.65744882956 1.8051652164833078E-6
 2241.866227249226 5.541302871104693E-7
 2265.279955295619 -4.113728266543861E-7
 2288.8915657402303 -1.0261713869428984E-6
 2312.7081258115686 -1.2850883953555331E-6
 2336.7296355096336 -1.3512435664722165E-6
 2360.949027605917 -1.6359372446903461E-6
 2385.3804365574355 -2.304892131325607E-6
 2410.0167951356802 -1.2518702320733922E-6
 2434.8581033406512 -1.9008825391173458E-7
 2459.9114284008574 4.4003941827372914E-8
 2485.16970308779 2.8001113719311543E-7
 2510.6329274014492 7.15615049821038E-7
 2536.31523579885 1.045350923205472E-6
 2562.209561051486 2.0478486064902923E-6
 2588.308835930849 3.417520363320073E-6
 2614.627194893954 4.3613449968835284E-6
 2641.1575707122933 4.705288685371735E-6
 2667.8999633858666 4.585654179320903E-6
 2694.861440143183 4.650538369641995E-6
 2722.034933755733 4.715932789506895E-6
 2749.4275114520264 4.6330787940596324E-6
 2777.0321060035535 4.359370412593509E-6
 2804.862851867331 4.195086791660584E-6
 2832.905614586343 3.847270473359402E-6
 2861.1745286176046 2.988921455179104E-6
 2889.662526732609 1.641205581432175E-6
 2918.3625417028474 2.56498927213155E-7
 2947.2887079853362 -7.3958474498367E-7
 2976.441025580075 -1.3534511994950392E-6
 3005.812427258556 -1.7847614165639454E-6
 3035.4029130207795 -2.686943789907461E-6
 3065.2195500952534 -4.411624770638327E-6
 3095.2623384819762 -6.343350694379036E-6
 3125.5242109524424 -6.6248659233623954E-6
 3156.0122347351584 -6.500202717944135E-6
 3186.7264098301243 -6.374614797047577E-6
 3217.659669008833 -6.867489686867581E-6
 3248.826146728299 -7.035860911822139E-6
 3280.2117085315076 -6.277380456999122E-6
 3311.830488875474 -5.513263916832913E-6
 3343.6683533031832 -4.324715156654266E-6
 3375.7323690431417 -3.410317561618661E-6
 3408.0296033238582 -2.6850362940533375E-6
 3440.545921688318 -2.1073518143124575E-6
 3473.2954585935344 -1.6490964296505743E-6
 3506.2711468110014 -1.2876666864145561E-6
 3539.4729863407183 -1.0041002276505923E-6
 3572.900977182686 -7.825282979748374E-7
 3606.5551193369033 -6.098789942592788E-7
 3640.4354128033705 -4.7556718778449923E-7
 3674.548924810596 -3.711466673562721E-7
 3708.881520901564 -2.8995489154995417E-7
 3743.4473355332893 -2.267805643961908E-7
 3778.232234248757 -1.7757125461610115E-7
 3813.250351504983 -1.391875131604392E-7
 3848.48755284495 -1.0920227655741095E-7
 3883.957972725676 -8.574081753045275E-8
 3919.6474766901442 -6.735486391243156E-8
 3955.5701991953706 -4.331627628134419E-8
