 0.0E+0 0.0E+0
 0.2924047810359126 0.2924047810359126
 0.8806520050415095 0.8804692761568766
 1.4758202704264247 1.4742923957037978
 2.0779936384219852 2.071925956222623
 2.687238473158188 2.670440176218246
 3.3036580077261357 3.2661699402131296
 3.9273259800480473 3.8550624489011164
 4.55832350183836 4.4330345929275285
 5.196739058603736 4.996280325260381
 5.842661135850836 5.541494223226092
 6.4961855928785414 6.06600879913196
 7.157378793816849 6.567849221092016
 7.826321850380198 7.045722531600363
 8.503162238413022 7.498960485627602
 9.187966322045316 7.927434926592753
 9.880807839199301 8.331458922715068
 10.58176052779719 8.711690547866727
 11.291045601605635 9.069041137734704
 12.008589322702424 9.404595954794448
 12.734539166931986 9.719545838133357
 13.469042610138757 10.015133703163801
 14.212173390244956 10.292612026185939
 14.964078983095018 10.553214568570636
 15.724759388688941 10.798134000213597
 16.49436208287116 11.028509083877248
 17.27303454148611 11.245416538264974
 18.060850502456005 11.449866766135075
 18.857883703703066 11.642802837185062
 19.664281621071733 11.825101301744207
 20.480191730406431 11.99757035996527
 21.305614031707165 12.160949861824484
 22.140769738740583 12.315916596123316
 22.98565885150669 12.463090800029079
 23.840576321694356 12.603046126809026
 24.705448411381357 12.736312900600643
 25.580422596412134 12.863384015682843
 26.465720090553332 12.984716563861125
 27.361414631727175 13.100733461852727
 28.26757995785588 13.211824875248633
 29.184437282706095 13.318349845898734
 30.111986606277827 13.420640360374716
 31.0503754044155 13.51900318077835
 31.999824890885776 13.613719437895222
 32.96040880361087 13.705046055156725
 33.93220088051299 13.793223275296409
 34.9154223353588 13.878483204122054
 35.91014690607051 13.96105042078509
 36.916522068492554 14.04113831616401
 37.93469529846937 14.118944414132038
 38.9648140718454 14.194651185249713
 40.006952126542856 14.268427470726902
 41.06133067632838 14.340430516654232
 42.12802345912419 14.410809635619707
 43.207251688696963 14.479704375900393
 44.29908910296889 14.547239842730104
 45.403683177784415 14.613524460644815
 46.521181388987976 14.678649973482655
 47.65180495034621 14.74269225807649
 48.795701337703576 14.805716409832534
 49.952944288982266 14.867780404346941
 51.12368128002673 14.928938148752987
 52.30813352460362 14.989243346760794
 53.50644849855737 15.048749498657344
 54.7187736777324 15.107508273921315
 55.94525653797316 15.165567273568502
 57.1861182930463 15.222973081498976
 58.44143268087404 15.279767806303632
 59.71142091522303 15.335989691533616
 60.99630420985991 15.39167962524096
 62.29615630270691 15.446889073481197
 63.61119840753068 15.501679266620796
 64.94157800017565 15.556111028179938
 66.28751629440849 15.610236434483593
 67.6491607660736 15.664097390699508
 69.02673262893767 15.71772766506966
 70.42030562092289 15.771152482063954
 71.83017469371813 15.824394218228274
 73.25656106109005 15.877479725417684
 74.69946472303867 15.93044155133529
 76.1594755829417 15.983312040261056
 77.63644616495472 16.036117840626896
 79.13037646907772 16.088875429707513
 80.64200387453288 16.141590910197233
 82.17059100209802 16.1942648923655
 83.71761261021749 16.24690530971493
 85.28233131966913 16.2995316908674
 86.86548450967508 16.352168650023376
 88.46707218023538 16.404835715804725
 90.08783171057217 16.457536142981762
 91.7270257214633 16.51024816527803
 93.38465421290876 16.562935776796965
 95.0621919433529 16.615573346222376
 96.75963891279572 16.668159856438542
 98.47625774201504 16.72072093876165
 100.21278581023304 16.77329524358915
 101.96996049667189 16.825913080969552
 103.74704442210941 16.878586249445234
 105.54551234498996 16.931323292788267
 107.36462688609137 16.984144756736228
 109.20438804541362 17.03707627260532
 111.0655332021789 17.09012597732131
 112.94879973560937 17.143281868918688
 114.85345026648287 17.19652909750791
 116.78095955324373 17.249852609776283
 118.73059021666981 17.30323104629365
 120.70234225676107 17.356635724396646
 122.69695305273972 17.410035723767322
 124.71515998382787 17.463407650744066
 126.7569630500256 17.516733400667032
 128.8216248721107 17.569992224375482
 130.9113575877497 17.623159100822658
 133.02394905927604 17.67621470480984
 135.16234880357845 17.729147237794652
 137.32434468299041 17.781952631314204
 139.51214883517843 17.83462824086762
 141.72502388092036 17.88717549041691
 143.96370719943834 17.939607195620176
 146.22819879073236 17.991939020059533
 148.5184986548025 18.044169743196118
 150.836081550093 18.096276785060897
 153.1794727181596 18.148225563719321
 155.55088429666872 18.199973767157356
 157.94884152717614 18.25148783055617
 160.3755565473483 18.302759616989984
 162.82955459874088 18.353805603733501
 165.31157306057602 18.40464572625487
 167.8230866912981 18.45528547697899
 170.36335811168495 18.5057089889006
 172.93238732173654 18.555866830195604
 175.53164907989724 18.60569004041805
 178.16040600694486 18.65512776378183
 180.82013286132377 18.70414887654585
 183.51009226381177 18.7527446315149
 186.23102159363105 18.800922555345323
 188.98292085078162 18.848684275422275
 191.76726479370782 18.896016772664516
 194.58257866396525 18.9428942123327
 197.43107459922052 18.989284860416304
 200.31275259947355 19.035161051367687
 203.22687528550224 19.08050712160472
 206.17418003652872 19.125299677465807
 209.1561416109973 19.169497627475774
 212.1720226296859 19.21307391635641
 215.22256047181664 19.25603912211123
 218.3077551373895 19.29842660613591
 221.42908138484884 19.34024003004705
 224.58580183497252 19.381428131212267
 227.7786538669827 19.421916456760698
 231.00763748087933 19.461643979749023
 234.27422743510683 19.500574490857534
 237.57842372966516 19.538679307422867
 240.91948898533212 19.575899029886855
 244.2996353397743 19.61215289926117
 247.7181254137695 19.64737053113783
 251.17569658653982 19.681511647734257
 254.67308623730755 19.714575028511582
 258.2102943660726 19.746581015784244
 261.78732097283506 19.777553613483277
 265.4056408160392 19.807487125760644
 269.06599127490716 19.8363323242154
 272.7668975909947 19.864024520287618
 276.51057190196826 19.89050350072655
 280.29701420782794 19.91573468359765
 284.1262245085736 19.939721527094363
 287.99894018342746 19.962495968650372
 291.9158986116118 19.984101337395433
 295.8778371723486 20.00457831795843
 299.88401848641586 20.02395152453984
 303.9359173122579 20.042235603606052
 308.0342710290968 20.059446015316051
 312.1790796369326 20.0755986266751
 316.3703431357653 20.090712152612475
 320.6102736632615 20.104807342288918
 324.8973964609768 20.117900266132835
 329.23318628735546 20.130009232227223
 333.6176431423976 20.141173297815804
 338.0522417845475 20.15144799741701
 342.53698221380523 20.16089252716586
 347.0726018093929 20.169549605922682
 351.6598379505326 20.17743815203991
 356.2979532580024 20.18459661249184
 360.98915986946855 20.19109516826329
 365.7327204057091 20.196994032605005
 370.5301096251682 20.20232921141355
 375.381327527846 20.207123691504243
 380.28711149296464 20.21137645576136
 385.2481988997463 20.215076112488816
 390.265327127413 20.21823690130672
 395.33849617596496 20.220912119078906
 400.4691808038464 20.223168081750458
 405.65738101105733 20.225058696454642
 410.90309679759786 20.226625868359207
 416.2085403011344 20.227909264977316
 421.57297414244476 20.228944485359235
 426.9978730799734 20.22976265324607
 432.4832371137201 20.2303971300335
 438.0298036229073 20.230887379811537
 443.638309986757 20.23127876594139
 449.30949358449146 20.23161583809168
 455.0440917953328 20.231933381620113
 460.8428419985032 20.23224848407081
 466.70648157322494 20.23255992490491
 472.6350105194978 20.232860380889206
 478.6291662165441 20.233149852023707
 484.69042342280823 20.233437288926765
 490.8195195175123 20.233728590869564
 497.0157171214341 20.23401460381061
 503.28122837224015 20.234276612820615
 509.61679064915273 20.23450566728123
 516.0216665729496 20.23470725961734
 522.4980682812972 20.234892984948192
 529.0459957741956 20.23508277874193
 535.666186430867 20.23531427428027
 542.3593776305336 20.23563853077247
 549.1263067524175 20.236100301310287
 555.9684485549631 20.23671423236013
 562.8858030381703 20.237469339072195
 569.8791075812613 20.238341414092296
 576.9498369426807 20.239283670097222
 584.0979911224281 20.240231418527045
 591.3243074997259 20.241149263754643
 598.6302608330185 20.24204880089924
 606.0165885015278 20.24295525443075
 613.4832905052542 20.243876151005512
 621.0318416026417 20.24479826811914
 628.6629791729126 20.245697398417448
 636.3774405952892 20.24656296389693
 644.1767006282156 20.247411034985994
 652.0600218924699 20.248266632731397
 660.0296165257182 20.249143183060677
 668.0862219071831 20.25003499012579
 676.2298380368645 20.250929238268632
 684.4626770524288 20.251831013067818
 692.7840015746539 20.252767573224701
 701.1960237412063 20.25374603854933
 709.6994809313082 20.254716773794473
 718.2943731449596 20.255623837595415
 726.9821751406048 20.25646967102989
 735.763624297466 20.257286414954712
 744.6424075116541 20.258051489400852
 753.6089388532807 20.258681490879101
 762.6787032860117 20.259115799292427
 771.8443270176252 20.259349735908504
 781.1131838403429 20.259369467953511
 790.4705261697214 20.259138175838312
 799.9384753824258 20.25865504587033
 809.502283894013 20.257968696181077
 819.1693254967042 20.257138119482434
 828.9396001904997 20.256231462527782
 838.8131079753995 20.255377492167532
 848.7898488514036 20.254681174744202
 858.8771966107336 20.25412562613681
 869.0751512533897 20.25364453040027
 879.3689651949281 20.25323910807345
 889.7807598120144 20.252936414434564
 900.3031613124266 20.252681932080903
 910.9361696961648 20.252409141644243
 921.6724111710074 20.252047048447185
 932.5340071136193 20.251498009380412
 943.4988361473355 20.250755108057013
 954.589019648821 20.24988120222861
 965.7898100336329 20.2489165696778
 977.108581093992 20.247990587524427
 988.545332829899 20.247338209500291
 1000.100065241354 20.24703978774744
 1011.7801521205782 20.246927091325432
 1023.57821967535 20.246775134236557
 1035.5016416978915 20.2464822049086
 1047.5504181882024 20.246062136115384
 1059.717175354061 20.2455771753391
 1072.0166607799108 20.2450747201724
 1084.4341268813082 20.244659330111506
 1096.9916950349188 20.244559652770742
 1109.667243864077 20.244876789452884
 1122.4828947454477 20.24548949996386
 1135.4239000945883 20.246219789052304
 1148.49763370372 20.246794866281565
 1161.7114693650646 20.247103255768497
 1175.0506594941787 20.247304644681463
 1188.5299516755055 20.247413069217436
 1202.1493459090456 20.247358144968444
 1215.9014684025767 20.247098983882462
 1229.8010667405424 20.246826193445802
 1243.8333933384992 20.24665470773506
 1258.0131957808907 20.246314787660747
 1272.3331002754953 20.245968561468952
 1286.7931068223126 20.246018400139334
 1301.4079630057865 20.246563167320076
 1316.1629212414732 20.24770966016199
 1331.0653553215945 20.249600274866175
 1346.1152652461503 20.252240910703815
 1361.3200248073628 20.255490188589536
 1376.6722602130098 20.258954077892617
 1392.1793452553131 20.26233639451479
 1407.841279934273 20.265803335165035
 1423.658064249889 20.26964884628704
 1439.6296982021615 20.273342603743305
 1455.7561817910905 20.276102852389858
 1472.0375150166757 20.277772956405495
 1488.4884454633611 20.27816942811396
 1505.0942255467025 20.277214356450937
 1521.8622290589221 20.275863830195174
 1538.7924560000201 20.274650817985033
 1555.8849063699958 20.273194308271026
 1573.1469539610716 20.271888128260744
 1590.5785987732472 20.271431646724682
 1608.172467014301 20.272090737712584
 1625.9359324764543 20.274141649854566
 1643.8763689519294 20.277245073345742
 1661.9790288562828 20.281017352135755
 1680.2660335661792 20.28514277350447
 1698.715261704954 20.289239715632966
 1717.3488346492717 20.293382834815247
 1736.1520048146896 20.29689473198041
 1755.1321459934292 20.29989440966794
 1774.2966319777117 20.30346163792838
 1793.638088975316 20.30691291499651
 1813.1638907784636 20.30902831227527
 1832.866663594933 20.31022240613298
 1852.7611550091671 20.311891899879185
 1872.832617436723 20.314135250315782
 1893.0957984620436 20.31579131813446
 1913.543324292908 20.316486211595773
 1934.1751949293152 20.315837902034527
 1954.9987841634876 20.314046557824816
 1976.0214657876472 20.31172997505623
 1997.2284922173498 20.30936518100242
 2018.6272372448172 20.307873682507576
 2040.21770087005 20.307648899932996
 2062.0072568852697 20.30850714217928
 2083.9959052904755 20.30995083623519
 2106.1762722934472 20.312354484109583
 2128.5631054786267 20.314691409192612
 2151.1416572615717 20.315348059102777
 2173.9266752267253 20.314556946494153
 2196.910785581865 20.31388809119532
 2220.093988326992 20.31323612001747
 2243.4910310465493 20.313661070966151
 2267.087166156093 20.314886491988104
 2290.8897674478457 20.3144660163486
 2314.8988349218066 20.313575429822357
 2339.114368577976 20.31416047478569
 2363.5437422085756 20.313847406566434
 2388.179582021384 20.310993786696595
 2413.0292618086223 20.307096606095914
 2438.092781570291 20.305028606409802
 2463.362767514168 20.303834512552093
 2488.8539672246974 20.300548618500375
 2514.559006909657 20.296027945962062
 2540.4778865690464 20.292932455973517
 2566.6179799950882 20.292253632940607
 2592.97191339556 20.29269912962687
 2619.539686770462 20.29172432591884
 2646.336047704238 20.290197228373724
 2673.3536224046656 20.29024767731354
 2700.5850370795237 20.290934230425936
 2728.0450393132555 20.291507883693185
 2755.7262553136392 20.292818132166356
 2783.6286850806745 20.293582189496774
 2811.759702406584 20.291960703612652
 2840.1119334991453 20.28780639615743
 2868.692752150581 20.282556451646392
 2897.4947845686674 20.277129528999715
 2926.5327783378502 20.26926539365982
 2955.7919858736845 20.26255161620158
 2985.2871547606146 20.258418464753376
 3015.0109112064183 20.255569523615857
 3044.955881418874 20.251649763046145
 3075.136812982425 20.24917735814894
 3105.5537058970712 20.24900973747794
 3136.1991863705916 20.25102362660764
 3167.073254402985 20.254607535565924
 3198.183283786475 20.26311957362078
 3229.529274521059 20.270257691758267
 3261.1038528145177 20.281119877400541
 3292.9143924590716 20.2896937560913
 3324.960893454721 20.30425010603613
 3357.2359820092442 20.321047772186112
 3389.754405707084 20.339480553570894
 3422.5014169637984 20.3569548050992
 3455.4917633638292 20.37401183575831
 3488.710697322734 20.386965821594586
 3522.1655926327343 20.396972206068312
 3555.8638230860515 20.40266601988046
 3589.790641098243 20.401402762153647
 3623.960794253751 20.396473819364494
 3658.366908760355 20.38713262857301
 3693.008984618054 20.375846712520925
 3727.8870218268484 20.364772356539024
 3763.001020386739 20.355420994590318
 3798.350980297724 20.348073350614086
 3833.944275352027 20.34270094537011
 3869.7661579652035 20.33919555774557
 3905.831375721697 20.337168446111483
 3942.125181037064 20.336161908392927
 3978.662321495749 20.335825446512064
 4015.4280495133066 20.335895017227453
 4052.4371126741816 20.33619262528773
 4089.674763393931 20.336623068661314
 4127.155749256997 20.33714017029441
