 0.0E+0 0.0E+0
 0.25054838022535685 0.25054838022535685
 0.7545907171000179 0.7544892293495172
 1.2645633800826088 1.2635994782146251
 1.7805383974254527 1.7765609793614447
 2.302572633538279 2.291372598827728
 2.8307545441695527 2.805543403085943
 3.3651473119967523 3.316373486884465
 3.9058204379651 3.8212336231196082
 4.452849741287569 4.3177815379683615
 5.00631104117713 4.804094785806531
 5.566286475114502 5.2787218730690774
 6.132832907509415 5.740669064995849
 6.706019839307092 6.1893480838020904
 7.285973635862486 6.624506137311969
 7.872751161585324 7.046151235715586
 8.466415599153086 7.454488581235819
 9.067030131243245 7.849862140859351
 9.67478430588823 8.232712710635553
 10.289614940410567 8.603542105414858
 10.911648400165209 8.962888421496984
 11.541011050507105 9.311304361998884
 12.177766074113736 9.649344043600474
 12.82203983634005 9.977551452447129
 13.473832337186051 10.296455496679334
 14.13326994200669 10.60656812168206
 14.800479016156919 10.908379833802067
 15.475522742314215 11.202358993566433
 16.158464303156055 11.488946397024522
 16.849430064037392 11.768553155403572
 17.548546390313177 12.04155786798276
 18.25581328198341 12.308306622093204
 18.97142028708052 12.569114406680928
 19.69536740560451 12.824268410620434
 20.427907368265284 13.074032263403565
 21.168976992385363 13.318647448702475
 21.9187026433197 13.558336838277034
 22.67727386910073 13.793307990288387
 23.44475385240592 14.023753620486598
 24.221205775912757 14.24985372255511
 25.006819187653658 14.471781222362578
 25.801594087628636 14.689702684744327
 26.605656841192633 14.903773601625847
 27.419196996378083 15.114135800490685
 28.242277735862465 15.320918151161935
 29.074962242323245 15.52423609461458
 29.917440063792863 15.724190229412532
 30.769774382948792 15.920866311708634
 31.63209156514598 16.11433572643232
 32.50451797573938 16.30465690085255
 33.38717998008396 16.491880016454377
 34.28014076085718 16.676049600471007
 35.183589866091473 16.85720758860355
 36.09759047846431 17.035392382645731
 37.02233214600813 17.210637436920912
 37.957878051400413 17.382976441346276
 38.9043545599961 17.55245062484147
 39.861888037150144 17.719104985827343
 40.83066803089498 17.88297533456553
 41.81082090658556 18.044081225343624
 42.80240984689935 18.202436322603567
 43.805561217191325 18.358057589100862
 44.82046456549389 18.510961045215715
 45.84724625716202 18.661153523169094
 46.88603265755064 18.80863808568074
 47.93695013201473 18.9534133191877
 49.0001882285867 19.095472155875174
 50.075810129944045 19.23481247539872
 51.164005384119185 19.371441816760796
 52.26496353914453 19.505367012182365
 53.37874777769759 19.636586648100465
 54.505547647810764 19.765101195702754
 55.64548951483903 19.89090712108183
 56.7987629268148 20.01398958182663
 57.965494249093033 20.134330672806331
 59.14587302970616 20.251910839733344
 60.33996245133165 20.36670086897318
 61.548015244679405 20.478677907924666
 62.77022095778187 20.58785090915321
 64.00657959063903 20.694258510046363
 65.25759660467072 20.79795913787309
 66.52314563452197 20.899014282622108
 67.80322668019275 20.99746163930565
 69.09847156845788 21.09331298761505
 70.40824847254257 21.186575395365096
 71.73382104599634 21.277284319426684
 73.07455746204444 21.365505678952455
 74.43108954746161 21.451292788825355
 75.80341730224788 21.534680257778493
 77.192172553178 21.615696050799073
 78.5967234734772 21.694360523193704
 80.01707006314548 21.770704160803536
 81.4544759757324 21.84477191493066
 82.90894121123792 21.916605226529163
 84.37983394288729 21.986243133496092
 85.86778599745527 22.053717723710612
 87.37342920171662 22.11905156706131
 88.89613172889659 22.182265278007992
 90.4371572325447 22.243371979126806
 91.99587388588621 22.30236764176331
 93.57228168892108 22.359239119781992
 95.16701246842409 22.413975128238558
 96.78069805117 22.466575879167454
 98.41270661038406 22.517050466490385
 100.06430179961578 22.56543281571836
 101.73485179209041 22.61180006027018
 103.42435658780795 22.656241395968553
 105.13344801354314 22.698844581513846
 106.86275789607076 22.739689012025596
 108.61228623539083 22.778857946362073
 110.38140120472858 22.816446234597837
 112.17199828440826 22.852551106305075
 113.9821819941056 22.887264560873035
 115.81447964091967 22.920673508864307
 117.66699574452618 22.952843421803283
 119.54162578524941 22.983774393927486
 121.4377379363146 23.013416502905084
 123.35596402449652 23.04177288213397
 125.29630404979514 23.06891206585827
 127.25875801221049 23.094896886951513
 129.2445895652921 23.11976892772407
 131.25253505549042 23.143583835437762
 133.28448996312974 23.16641841368003
 135.33919063466058 23.18834355263326
 137.41853255040714 23.209422980427522
 139.52125205682 23.2296981380169
 141.64798098067385 23.249173006937052
 143.79998297551824 23.267866364015961
 145.97662621457843 23.285843704337384
 148.17791069785437 23.30316001550043
 150.40510007889562 23.319802693235377
 152.6575625309274 23.335721122564542
 154.93656170749926 23.35087120267955
 157.24146578183643 23.365240635582647
 159.57290658071363 23.37887363516726
 161.93088410413093 23.391854965736222
 164.31666200563782 23.40422272987909
 166.72897663168475 23.415942881931997
 169.16972346259606 23.426981809723717
 171.63890249837172 23.437352369609364
 174.13588191223698 23.44710959395087
 176.6612935309666 23.456324959559246
 179.21640100811006 23.46503129172235
 181.8005725168927 23.473207542487717
 184.4144398840892 23.480823197742935
 187.05800310969956 23.48787373879842
 189.73252584727333 23.49438778794815
 192.43737627003577 23.500417642309727
 195.17318620476163 23.50601159626165
 197.9399556514509 23.511213484391273
 200.73894826365307 23.516074588406805
 203.5701640413682 23.520608777716823
 206.4329711578215 23.524768573097464
 209.32926509333728 23.52851120013359
 212.25841402114076 23.531844136573262
 215.22104976800667 23.53480720484096
 218.21780416070984 23.537460989302743
 221.24867719925023 23.539863239659727
 224.31366888362785 23.542038357542494
 227.41404286739222 23.543996068264203
 230.55043097731811 23.545751418495772
 233.721569559856 23.54731716163781
 236.92935409533015 23.54870604355192
 240.1737845837406 23.549938546529787
 243.45486102508732 23.551033477084207
 246.77321524614507 23.552004010328733
 250.12947907368865 23.552865652577846
 253.5242843344928 23.553624528093056
 256.95699920178276 23.554283028151704
 260.4288873291081 23.554855260347725
 263.9405805432434 23.55535473151077
 267.49207884418893 23.555788709945993
 271.08338223194454 23.556162950032597
 274.71638618683454 23.55649287374247
 278.38982705530935 23.556803285100446
 282.10496849091856 23.557105702029545
 285.8618104936622 23.557391513127786
 289.66161671708977 23.557653573282035
 293.50438716120123 23.557893278856905
 297.39075365277136 23.558104819236937
 301.3213480185749 23.55827886316321
 305.2955384318372 23.558421936514033
 309.3152203728824 23.558550096822756
 313.3797620149358 23.558668516551843
 317.49042701154695 23.558771699415117
 321.6472153627159 23.558856603024583
 325.8507588952173 23.558926659369742
 330.10168943582596 23.558987045554264
 334.40063881131663 23.55904028189022
 338.74760702168936 23.559086131723606
 343.1438577204936 23.55912420403936
 347.58939090772935 23.55915545868442
 352.08420658339673 23.559181682628533
 356.63020022781995 23.559204549318213
 361.2267400142242 23.559225261669624
 365.8750895961591 23.559244511025777
 370.5752489736246 23.559262425391867
 375.3278499733955 23.55927875915898
 380.13352442224646 23.559293301430582
 384.99290414695235 23.55930606353167
 389.9066209742879 23.559317195900685
 394.8753067310279 23.55932687683739
 399.89959324394703 23.559335266997926
 404.97948051304535 23.559342496031934
 410.1156003650976 23.559348669157966
 415.3092164536534 23.559353903949133
 420.5609606054874 23.559358359233357
 425.8702009938249 23.55936220775723
 431.2388330989901 23.55936557791749
 436.6674887477579 23.559368524758525
 442.15553611335343 23.559371049240613
 447.704870676101 23.559373145672282
 453.3154924360007 23.55937484329896
 458.9880332198272 23.55937621266617
 464.7231248543552 23.55937733655568
 470.5213991663596 23.559378278729553
 476.3841198093899 23.559379076819425
 482.31128678344606 23.559379752481316
 488.30353191530286 23.55938031934798
 494.3621188585098 23.55938078333094
 500.4870476130669 23.559381147678251
 506.678950005749 23.559381426458994
 512.9390896901056 23.559381648657002
 519.2680984929112 23.55938184407763
 525.6659764141662 23.55938202636409
 532.1339871074199 23.55938218976926
 538.672762399447 23.559382321489977
 545.2829341170225 23.559382416809235
 551.9657659136958 23.559382481813134
 558.7206259626921 23.55938252594951
 565.5494097443358 23.559382556548445
 572.4527490854015 23.559382578219928
 579.4306439858893 23.559382593874882
 586.4849899261235 23.559382605469476
 593.6151550793293 23.559382614282345
 600.8230349258309 23.55938262107958
 608.1092612924034 23.559382626371561
 615.4738341790465 23.559382630580227
 622.9180172393097 23.559382634039565
 630.442442299968 23.55938263696169
 638.050268494895 23.559382639452387
 645.7332820760188 23.559382641558464
 653.5047514056095 23.559382643305706
 661.3583582159196 23.55938264472208
 669.3004207746964 23.5593826458481
 677.3183025464449 23.55938264673156
 685.4309583344079 23.559382647418644
 693.6257516030902 23.559382647949373
 701.9090006202393 23.55938264835534
 710.2807053858554 23.559382648660907
 718.7408658999383 23.559382648886717
 727.2894821624881 23.559382649050963
 735.9328724412525 23.559382649168924
 744.6710367362314 23.559382649252953
 753.4913385119294 23.559382649312642
 762.4127325715897 23.559382649355132
 771.4289006474644 23.559382649385632
 780.5398427395537 23.559382649407751
 789.7392405801099 23.559382649423874
 799.046048972376 23.55938264943582
 808.4413131131089 23.559382649444938
 817.9439878055514 23.55938264945197
 827.5414365142087 23.5593826494575
 837.2399775068279 23.5593826494621
 847.0396107834094 23.55938264946596
 856.9403363439532 23.559382649469164
 866.9484724562066 23.559382649471832
 877.0577008524222 23.55938264947396
 887.2743398003475 23.559382649475512
 897.5983892999827 23.55938264947652
 908.0235310835801 23.559382649477086
 918.5624016866349 23.559382649477356
 929.2023645736517 23.559382649477473
 939.9623745478738 23.559382649477516
 950.8234768060579 23.559382649477527
 961.804626151447 23.55938264947753
 972.893186048546 23.55938264947753
 984.0954747651024 23.55938264947753
 995.4178105688638 23.55938264947753
 1006.8475569243351 23.55938264947753
 1018.3973503670114 23.55938264947753
 1030.067190896893 23.55938264947753
 1041.8507602462316 23.55938264947753
 1053.7606949505232 23.55938264947753
 1065.784358474272 23.55938264947753
 1077.9343873529737 23.55938264947753
 1090.2044633188804 23.55938264947753
 1102.5945863719921 23.55938264947753
 1115.1173930478041 23.55938264947753
 1127.7602468108213 23.55938264947753
 1140.529465928791 23.55938264947753
 1153.4250504017136 23.55938264947753
 1166.4533184973365 23.55938264947753
 1179.607951947912 23.55938264947753
 1192.895269021188 23.55938264947753
 1206.3152697171642 23.55938264947753
 1219.8679540358405 23.55938264947753
 1233.5533219772173 23.55938264947753
 1247.3713735412945 23.55938264947753
 1261.3221087280721 23.55938264947753
 1275.4181640730453 23.55938264947753
 1289.6469030407188 23.55938264947753
 1304.0146438988401 23.55938264947753
 1318.5213866474095 23.55938264947753
 1333.1671312864268 23.55938264947753
 1347.95819608364 23.55938264947753
 1362.8945810390484 23.55938264947753
 1377.969967884905 23.55938264947753
 1393.1906748889571 23.55938264947753
 1408.5630203189523 23.55938264947753
 1424.0743676393956 23.55938264947753
 1439.7436716535298 23.55938264947753
 1455.551977558112 23.55938264947753
 1471.518240156385 23.55938264947753
 1487.6298229128535 23.55938264947753
 1503.8930440952653 23.55938264947753
 1520.3142219713681 23.55938264947753
 1536.887038273414 23.55938264947753
 1553.617811269151 23.55938264947753
 1570.500222690831 23.55938264947753
 1587.5469090739495 23.55938264947753
 1604.7452338830114 23.55938264947753
 1622.1078336535115 23.55938264947753
 1639.6283901177027 23.55938264947753
 1657.3069032755845 23.55938264947753
 1675.1496913949051 23.55938264947753
 1693.1630727434121 23.55938264947753
 1711.3344107856094 23.55938264947753
 1729.6700237892453 23.55938264947753
 1748.16991175432 23.55938264947753
 1766.8403929485807 23.55938264947753
 1785.6814673720273 23.55938264947753
 1804.6868167569127 23.55938264947753
 1823.8690776387318 23.55938264947753
 1843.2156134819895 23.55938264947753
 1862.739060822181 23.55938264947753
 1882.4331013915584 23.55938264947753
 1902.297735190122 23.55938264947753
 1922.3455987533673 23.55938264947753
 1942.5640555457982 23.55938264947753
 1962.9594238351633 23.55938264947753
 1983.531703621462 23.55938264947753
 2004.2808949046946 23.55938264947753
 2025.2133159526085 23.55938264947753
 2046.3226484974561 23.55938264947753
 2067.615210806985 23.55938264947753
 2089.091002881196 23.55938264947753
 2110.7437064523396 23.55938264947753
 2132.5859580559135 23.55938264947753
 2154.611439424168 23.55938264947753
 2176.820150557104 23.55938264947753
 2199.2184097224694 23.55938264947753
 2221.799898652516 23.55938264947753
 2244.564617347244 23.55938264947753
 2267.5252023421485 23.55938264947753
 2290.675335369482 23.55938264947753
 2314.0086981614972 23.55938264947753
 2337.5379272536893 23.55938264947753
 2361.25670437831 23.55938264947753
 2385.1650295353597 23.55938264947753
 2409.2692209925862 23.55938264947753
 2433.562960482242 23.55938264947753
 2458.0525662720747 23.55938264947753
 2482.7317200943357 23.55938264947753
 2507.6130584845213 23.55938264947753
 2532.6839449071362 23.55938264947753
 2557.9570158976753 23.55938264947753
 2583.425953188391 23.55938264947753
 2609.0844385115356 23.55938264947753
 2634.9451084026045 23.55938264947753
 2661.0079628615976 23.55938264947753
 2687.2666836207677 23.55938264947753
 2713.7212706801142 23.55938264947753
 2740.3780423073853 23.55938264947753
 2767.2369985025807 23.55938264947753
 2794.2918209979525 23.55938264947753
 2821.548828061249 23.55938264947753
 2849.0080196924695 23.55938264947753
 2876.663077623867 23.55938264947753
 2904.526638390936 23.55938264947753
 2932.586065458182 23.55938264947753
 2960.8539953611 23.55938264947753
 2989.3177915641945 23.55938264947753
 3017.983772335213 23.55938264947753
 3046.858255941904 23.55938264947753
 3075.928605848772 23.55938264947753
 3105.207458591311 23.55938264947753
 3134.688495901775 23.55938264947753
 3164.3717177801627 23.55938264947753
 3194.257124226475 23.55938264947753
 3224.344715240712 23.55938264947753
 3254.6344908228725 23.55938264947753
 3285.132769240706 23.55938264947753
 3315.8269139587155 23.55938264947753
 3346.729561512397 23.55938264947753
 3377.8280753662552 23.55938264947753
 3409.1350920557856 23.55938264947753
 3440.637975045492 23.55938264947753
 3472.349360870871 23.55938264947753
 3504.256612996426 23.55938264947753
 3536.372367957654 23.55938264947753
