 0.28174886022159872 0.9999563369617338
 0.8485589660787283 1.0001994687003235
 1.4220378942213933 1.0009176735084732
 2.002266642491118 1.0021401965712213
 2.5893091565522654 1.0038013878634428
 3.1832649074382852 1.005790344997448
 3.784204945887358 1.0079914802390741
 4.39220742771148 1.0102579323562357
 5.00735761379647 1.0124642784221817
 5.62974076502814 1.0145091492954836
 6.259449247366125 1.016336104548639
 6.896547006474786 1.0179055057527497
 7.541112198166122 1.0191474567101903
 8.19328692391649 1.0200713123091795
 8.853135129390251 1.020723341829783
 9.52072786532559 1.02111252246997
 10.19613618246068 1.0212034270094327
 10.879573233010063 1.0210828160989713
 11.57096796623556 1.0207926841907832
 12.27046248361353 1.0202786050669456
 12.97819888662033 1.0195890808682681
 13.69424822599414 1.0187439445142598
 14.418752603211322 1.0177777620227652
 15.151712018271873 1.0167044053932063
 15.893268572652152 1.015510794174513
 16.64356436782852 1.0142334477716157
 17.40267045453916 1.0129010960725053
 18.170657883522242 1.0115123962393233
 18.947668756254135 1.0100681558899158
 19.73384517421119 1.0085981352447086
 20.529187137393414 1.0070964711143437
 21.33390779801534 1.0055667035740696
 22.14800715607697 1.004002610170414
 22.97176941453103 1.002411722279755
 23.805123522639323 1.0008068523774356
 24.648211581878225 0.9991614023512685
 25.501246744462267 0.9974852011099594
 26.36430006112963 0.9957889597327401
 27.237442582618491 0.9940589735987554
 28.120887461143393 0.9922985649879126
 29.014634696704337 0.9905118481149731
 29.918826390777677 0.9886887572833848
 30.833675695577955 0.9868399639783278
 31.75925366184335 0.984977640042687
 32.69563134031203 0.9830975172398495
 33.643021883198564 0.9812022772590328
 34.6014963412411 0.9792955269947077
 35.57119681591601 0.9773726876593501
 36.552265408699653 0.9754310576734657
 37.544844221068395 0.9733475217915435
 38.549004303760405 0.9714952067211726
 39.56495880899023 0.9695049788148197
 40.59277878749603 0.9675035710755927
 41.63267739149237 0.9654900226432293
 42.684725671717416 0.9634634375870476
 43.74906572964753 0.9614188363836716
 44.82583966675908 0.959352645729237
 45.91526063526658 0.9572610408090984
 47.017470736646416 0.9551392645346111
 48.13254102163674 0.9529739703504847
 49.26061359171394 0.9507457053797138
 50.40190159909254 0.9484366867212002
 51.556547145248906 0.9460280552008755
 52.72469233165938 0.9434986463140039
 53.90647925980034 0.940831365538538
 55.10212108188632 0.9380221381893825
 56.3116888486555 0.9350727013227668
 57.53539571232241 0.931987538395415
 58.773454825101595 0.9287835076681186
 60.02593723773124 0.9254820359890721
 61.29305610242587 0.9221067499047406
 62.574953520661864 0.9186825519566573
 63.871842644653746 0.9152319202476241
 65.18386557587787 0.9117736704231899
 66.5112354665488 0.908325422071535
 67.8540233674047 0.9049004469368142
 69.21251348139826 0.9015080491640224
 70.58691896074406 0.8981575490335335
 71.9772398054421 0.8948405561838302
 73.38404442139779 0.8915497602361947
 74.80719070713478 0.8882791499010901
 76.24667866265307 0.8850058332978857
 77.70321879533448 0.8817276100754848
 79.17610059779717 0.8784261364599325
 80.66674508480477 0.8750845979686419
 82.17444174897547 0.8716869578125265
 83.69990109769107 0.8682084041580378
 85.24312313095155 0.8646445361345735
 86.80481835613872 0.8610043211639768
 88.3842762658708 0.8572990081133534
 89.98149686014776 0.8535090933053084
 91.5979011537332 0.8496329259752543
 93.23348914662715 0.8456876289232838
 94.88755033144778 0.8416697741124511
 96.5607952155769 0.8375777050044483
 98.2539343063963 0.8334299541813092
 99.96625709652419 0.8292168047252418
 101.69918460072415 0.8249250733438673
 103.4520063116144 0.8205481531015851
 105.22472222919492 0.8160234210075296
 107.01804286084754 0.811452877149724
 108.83267871395402 0.8067229791597612
 110.66791928113258 0.8018574661715707
 112.5251855771468 0.7968522891959443
 114.40376709461492 0.791726269594194
 116.3036638335369 0.7864889805784399
 118.22558630129456 0.7811550223367932
 120.17024500526965 0.7757465474503915
 122.13763994546224 0.7702904813243633
 124.1270606144905 0.7647823035476721
 126.14063853449981 0.7592317690126593
 128.17624218334478 0.753637369669324
 130.2367135905526 0.7479993105889269
 132.3199212339779 0.7423063478230608
 134.42799663576604 0.7365214586145697
 136.56022928853525 0.7306329313664196
 138.71732969966731 0.724621467446717
 140.89929786916223 0.7184717295841764
 143.10613379702 0.7121623608814962
 145.3392584980042 0.7056969687138989
 147.59725095735126 0.6990801106487325
 149.88224269720657 0.692322396590418
 152.19281270280652 0.6854247158829054
 154.5310924962965 0.6783892827069046
 156.89566106291295 0.6712387971807281
 159.28722891003764 0.6639739576332573
 161.70721705243414 0.6566052977164122
 164.1549149827207 0.6491347123496876
 166.63032270089726 0.6415483802896986
 169.13486122172747 0.6338444589125188
 171.6678200378295 0.6260014066251919
 174.23062016396696 0.6179981049690804
 176.82255109275806 0.6098257789816313
 179.44432333158457 0.6014729874722996
 182.09593688044651 0.5929322780289532
 184.7788127541075 0.5842178738065075
 187.49152993780384 0.5753648205503885
 190.23621995368102 0.5664326807909706
 193.01288280173903 0.5574958335673786
 195.82080797459607 0.5485894550138619
 198.6607059796339 0.5396963871946939
 201.53399783161611 0.5307824741939979
 204.43997302316094 0.5218174737403908
 207.37934206165022 0.5127725284759551
 210.35210494708383 0.5036114721027222
 213.35968269422545 0.49431357648119195
 216.4013647956933 0.4848810337771329
 219.47786175886912 0.4753104063413795
 222.58917358375296 0.4655904055016342
 225.73672128510835 0.45571000688120266
 228.92050486293535 0.44572789596214246
 232.13981380985214 0.435579971502506
 235.39677964800412 0.4252612939652062
 238.6906918700095 0.4147807023579188
 242.02226098324996 0.40416809093754785
 245.3921974951075 0.39346042506681033
 248.80050140558196 0.38268352288674983
 252.2471727146734 0.3718483977333568
 255.73363243714541 0.3609603082549348
 259.2605910803798 0.3500475171447119
 262.8266276296129 0.3391362411261836
 266.43387360699023 0.32822538940320783
 270.08232901251165 0.31730799268609832
 273.7719938461773 0.30638088198166085
 277.50357861536883 0.29545943364186905
 281.27779382746814 0.28456372375891225
 285.09534998985697 0.2737055164720032
 288.9555365951536 0.26288162690368066
 292.8597746581216 0.25209184584490973
 296.8087746861426 0.24135866623740748
 300.8025366792168 0.23073142866818438
 304.8410606373441 0.22024716096094634
 308.9264780826701 0.20993507905867814
 313.05736800043086 0.1998510619073821
 317.2351514053901 0.19001700577928154
 321.45982829754802 0.180387022756229
 325.732819691668 0.17093628713527145
 330.0541255877501 0.1616656189050438
 334.4244564931761 0.1525726807496991
 338.84452291532772 0.1436592464989802
 343.3136143468234 0.13491491905545163
 347.83386230980823 0.12633348513635886
 352.40455629690063 0.11792770469766026
 357.02711732286417 0.10972716301911523
 361.7015453876988 0.10178303064279491
 366.42855099878624 0.0941491939653271
 371.20884466350844 0.08685202284676546
 376.0431368892471 0.07991525324210626
 380.9314276760022 0.0733584880333494
 385.8751380385374 0.06716271566433724
 390.87426797685265 0.06131201891397783
 395.928817490948 0.05580702371189888
 401.0409181029688 0.05061495422434861
 406.2098593055333 0.04569309890962694
 411.43706211340503 0.04104509368309546
 416.722526526584 0.036711721572172464
 422.066963052452 0.032736813677391125
 427.47108219839094 0.029135691267543221
 432.93559447178245 0.025874324382745304
 438.4612103800084 0.023068593227110786
 444.04864043045063 0.020242469776519552
 449.69859513049084 0.017884058435555013
 455.4110744801291 0.01578238410239984
 461.18678898674716 0.013882310826254846
 467.0271596651087 0.012169835126687956
 472.9328970225954 0.010635417514731882
 478.9032905518256 9.269776828922167E-3
 484.9404717749445 8.078513384440404E-3
 491.04515119933404 7.069088571646001E-3
 497.2166183176124 6.235082669355475E-3
 503.45700465192493 5.562076599706029E-3
 509.76631020227165 5.034632295188813E-3
 516.1452454760345 4.632627000495655E-3
 522.5945209805949 4.325361398585933E-3
 529.114847223335 4.081189604775558E-3
 535.7076452190183 3.8740647492995377E-3
 542.3729149676446 3.686499032459509E-3
 549.1113669765961 3.5259211369773166E-3
 555.9244222606361 3.403869743924166E-3
 562.8120808197646 3.321450284395338E-3
 569.7750531613635 3.271307119559917E-3
 576.8147603001963 3.2281668082394226E-3
 583.9319127436448 3.1720154421171907E-3
 591.1265104917092 3.1029210302144045E-3
 598.3999745591528 3.022993571451048E-3
 605.7530154533575 2.9340232634048023E-3
 613.1863436817052 2.8467632002687134E-3
 620.7013802589595 2.774726340835347E-3
 628.2974146777384 2.7292560739708452E-3
 635.9765784601874 2.732177004756687E-3
 643.7395821136884 2.7320346669338245E-3
 651.5864256382413 2.7643825729777825E-3
 659.5192405559914 2.8012293228598583E-3
 667.537316359557 2.8342881470885326E-3
 675.6427845710836 2.8556039248906974E-3
 683.8363556979529 2.853756661585139E-3
 692.1180297401647 2.809787654555909E-3
 700.4892277124828 2.707694435369686E-3
 708.9506601222892 2.5491707693098947E-3
 717.5058795064924 2.3435659813345046E-3
 726.1456492691293 2.1006030603568622E-3
 734.8848900652176 1.8300907881549774E-3
 743.7164968209396 1.5454125227455331E-3
 752.6475746101128 1.2767463630362272E-3
 761.6639132851016 1.0672179238517022E-3
 770.7868280673596 9.350576769442328E-4
 780.0021088092512 9.073364450644876E-4
 789.3168605845942 9.138513753974911E-4
 798.7310833933886 9.16481349259661E-4
 808.2447772356344 9.763915145624846E-4
 817.8579421113317 1.0274500729656776E-3
 827.5776830942982 1.045434410030714E-3
 837.4040001845342 1.0579481198236858E-3
 847.3226832344036 1.104336804739609E-3
 857.3550474653604 1.2079474808397736E-3
 867.4939878035865 1.3542187159450694E-3
 877.739504249082 1.5162358652799456E-3
 888.084491728029 1.671142039749805E-3
 898.550265461881 1.8117156031990271E-3
 909.1155102291848 1.9582973491667973E-3
 919.8015412513935 2.126364551086053E-3
 930.5941483808718 2.281935467934252E-3
 941.5004366914374 2.373590549959909E-3
 952.5204061830902 2.411438710795392E-3
 963.6540568558305 2.4493952298253662E-3
 974.908493783476 2.5065985070274144E-3
 986.2766118922088 2.546911960004344E-3
 997.765516255847 2.533696879216822E-3
 1009.3752068743905 2.539485842548018E-3
 1021.0985786740214 2.6503544250251085E-3
 1032.9498418023754 2.759248938565373E-3
 1044.9147861118167 3.121766248157061E-3
 1057.0147268237992 3.556449342799369E-3
 1069.228348716869 3.956621637290265E-3
 1081.57696701248 4.220493213304377E-3
 1094.0463715629964 4.325003407859149E-3
 1106.6436674422361 4.326980744496161E-3
 1119.3759597240168 4.290535571688798E-3
 1132.229038260703 4.366556972761808E-3
 1145.2171131999302 4.466558415588286E-3
 1158.3401845416988 4.8459489844461054E-3
 1171.5911472121906 5.268793960583539E-3
 1184.9842113590414 5.663692500202647E-3
 1198.5051668346154 5.993411516356176E-3
 1212.1682237865488 6.295272438097069E-3
 1225.9662771410232 6.580157044406869E-3
 1239.899326898039 6.763033018537693E-3
 1253.981583205232 6.8826374233546E-3
 1268.198835914966 7.040914054574363E-3
 1282.5581901010591 7.194566909871495E-3
 1297.0596457635112 7.334368503312292E-3
 1311.710307976141 7.576691392743211E-3
 1326.5030716651294 7.992175021412999E-3
 1341.4450419042952 8.534037259249293E-3
 1356.5362186936381 9.084484678848837E-3
 1371.776602033158 9.534654959722414E-3
 1387.1661919228552 9.868038138544626E-3
 1402.7049883627294 0.010054396665484576
 1418.3929913527808 0.010067766423747227
 1434.2444110406452 0.010092197808659553
 1450.2450372786865 0.010115058756404808
 1466.4019751407231 9.727846866541436E-3
 1482.715224626755 8.872796663866318E-3
 1499.1847857367815 7.828837791541999E-3
 1515.8177635446213 6.974511568244715E-3
 1532.6141580502742 6.416960373011057E-3
 1549.566864179922 6.512582355804691E-3
 1566.682987007383 6.629434298002809E-3
 1583.9696316064748 7.056511108426691E-3
 1601.412587829562 7.518856356479276E-3
 1619.0331708980977 7.877180556330297E-3
 1636.8100655906287 8.186243485893663E-3
 1654.7645871286088 8.441723101215201E-3
 1672.8825253644017 8.392378690035769E-3
 1691.170985371826 8.16448697424104E-3
 1709.6370722246986 7.926567560586477E-3
 1728.2736808492024 7.562880716104984E-3
 1747.0879163191555 6.902524371504097E-3
 1766.0726735607395 6.2052177992683935E-3
 1785.2421627215903 5.726793737319634E-3
 1804.582173654072 5.307302510946601E-3
 1824.1069165058206 4.833316480520683E-3
 1843.8092862030184 4.303593379094147E-3
 1863.6892827456647 3.9172211295119734E-3
 1883.754011207578 3.6897991038120883E-3
 1904.0105766625767 3.573464875813813E-3
 1924.4447689630242 3.409890624734695E-3
 1945.063693182738 3.016263698242123E-3
 1965.8673493217195 2.899767371607456E-3
 1986.8628424537853 3.0526667602826266E-3
 2008.050172578936 3.20619864040578E-3
 2029.422234623354 3.5038921330678815E-3
 2050.9932387346743 3.457608919683106E-3
 2072.748974765262 3.190553142641237E-3
 2094.7036528627527 2.6350360387994123E-3
 2116.850167953328 1.912110349018245E-3
 2139.1885200369874 1.2128686919167437E-3
 2161.732919261369 4.661991260706361E-4
 2184.469155478834 -1.8281662413771832E-4
 2207.404333763203 -3.665575709702606E-4
 2230.538454114474 -4.5682238768439815E-4
 2253.8715165326484 -5.777109545121118E-4
 2277.4106260915432 -5.938306302676594E-4
 2301.1486777173413 -6.093390166150958E-4
 2325.09277648386 -1.0303362995899196E-3
 2349.2429223910994 -1.4249677288233834E-3
 2373.592010365241 -1.813536673639249E-3
 2398.1542505539223 -2.5377459470841494E-3
 2422.922537883324 -1.8022944091118618E-3
 2447.8968723534462 -1.075544526494212E-3
 2473.084359038108 -1.9450124689917613E-3
 2498.4778928634896 -2.740170964265684E-3
 2524.0774738295926 -2.7267868565422513E-3
 2549.897312084052 -2.71574859836737E-3
 2575.9303025530502 -2.7480798559066923E-3
 2602.169340162769 -2.970443567556797E-3
 2628.6286350608447 -3.3245994009067796E-3
 2655.3010821734596 -3.7358753795742E-3
 2682.1866815006123 -4.92471234412406E-3
 2709.2925381161226 -6.679542102591885E-3
 2736.611546946171 -7.209486672257572E-3
 2764.1508130645765 -7.635731956873525E-3
 2791.903231397521 -8.694003087485162E-3
 2819.8830120926395 -9.121228545350253E-3
 2848.075945002297 -9.003779274937725E-3
 2876.4962402741293 -8.859677154393588E-3
 2905.136792834318 -8.811267141424092E-3
 2933.9904976090456 -8.479698408873287E-3
 2963.071564745948 -7.857796377191825E-3
 2992.3799942450245 -6.4873617704621364E-3
 3021.9086810324583 -4.4752241910386474E-3
 3051.6576251082483 -2.6730429778155737E-3
 3081.6339315462137 -1.2446913322489948E-3
 3111.837600346353 4.086967982808946E-4
 3142.261526434849 1.869504025367404E-3
 3172.9128148855206 2.548558028255393E-3
 3203.7914656983657 3.1066604159497466E-3
 3234.8903737995683 3.59031734744013E-3
 3266.223749336763 3.640510811350487E-3
 3297.777382162315 2.791675963094029E-3
 3329.565482423859 1.463100787821985E-3
 3361.57383997376 2.733269856165575E-4
 3393.809559885836 -5.229928949459942E-4
 3426.279747233904 -1.5431203274568481E-3
 3458.970191870329 -2.9547793690852695E-3
 3491.8951039427465 -4.5175247147703654E-3
 3525.0473783773386 -5.870820562835945E-3
 3558.4270151741052 -6.581317545117108E-3
 3592.034014333047 -6.338559197477577E-3
 3625.8683758541633 -6.069177069817212E-3
 3659.930099737454 -4.99692169880389E-3
 3694.2262910567374 -3.825439784750854E-3
 3728.742739664378 -2.994356928987348E-3
 3763.4936557080104 -2.3677820009409887E-3
 3798.46482904 -1.676896708063924E-3
 3833.670469807982 -1.0607865731391845E-3
 3869.0963678643206 -6.520085476656522E-4
 3904.756733356652 -4.1190073945836155E-4
 3940.63735613734 -2.762920958467463E-4
 3976.7524463540212 -1.4782114265118073E-4
 4013.0877938590583 -1.3247715875353244E-4
 4049.65050372627 -1.1845567382102135E-4
 4086.4334708818387 -9.232664151355884E-5
 4123.450905473401 -7.15713815253487E-5
 4160.681492279501 -5.4829910735590986E-5
 4198.146546521593 -4.128768214631322E-5
 4235.824752978225 -3.025184695314056E-5
 4273.730321797031 -2.123258937067306E-5
 4311.863252978012 -1.382855206913074E-5
 4350.209336373531 -7.777171598529806E-6
 4388.775677057408 -2.821250683000754E-6
 4427.562275029641 1.2845307481711102E-6
 4466.56913029023 4.665247729355455E-6
 4505.796242839177 7.44732459825469E-6
 4545.236507602661 9.730490242467317E-6
 4584.897029654503 1.165297911321619E-5
 4624.763598847066 1.3228071807994073E-5
 4664.850425327985 1.448363326933011E-5
 4705.150404023443 1.5548630273490317E-5
 4745.66353493344 1.646068132804427E-5
 4786.382712984157 1.722295986347357E-5
 4827.315043249413 1.783562840327406E-5
 4868.453420655391 1.8322088553479882E-5
 4909.797845202088 1.8774918752554585E-5
 4951.348316889507 1.913235567302163E-5
 4993.104835717647 1.9431399645727953E-5
 5035.067401686507 1.9709546508625304E-5
 5077.228909722269 1.9926009151989077E-5
 5119.582254751117 2.0132704142813792E-5
 5162.141646920686 2.0285432673523304E-5
 5204.8999811571575 2.0443504851237404E-5
 5247.8501523867134 2.0609052486913333E-5
 5290.992160609355 2.070980996912427E-5
 5334.326005825081 2.082012601508896E-5
 5377.85879310771 2.0971496354207074E-5
 5421.569207235787 2.1067046669533492E-5
 5465.47145835695 2.1153097088568693E-5
 5509.55844139738 2.128416902191986E-5
 5553.823051283259 2.1385823664689065E-5
 5598.272393088404 2.1482749995554737E-5
 5642.899361738999 2.159941128119867E-5
 5687.711062308859 2.1715979754693402E-5
 5732.686179576534 2.183126397815102E-5
 5777.838923689657 2.1965478899356616E-5
 5823.162189574412 2.2099035989380993E-5
 5868.655977230796 2.2208931319465887E-5
 5914.313181584996 2.234182171885607E-5
 5960.133802637007 2.2496000446721841E-5
 6006.117840386831 2.265016750736861E-5
 6052.258189760651 2.281567748102429E-5
 6098.554850758465 2.296272651469554E-5
 6145.007823380275 2.313394668422443E-5
 6191.61710762608 2.333134392951717E-5
 6238.368493348244 2.3504989047888924E-5
 6285.276190694402 2.3702610642396952E-5
 6332.318884443102 2.392316969758493E-5
 6379.51078474198 2.41421837897186E-5
 6426.837681443398 2.4363502789182928E-5
 6474.299574547358 2.4605588385554761E-5
 6521.896464053859 2.4870327011456617E-5
 6569.621244889083 2.5133490192817206E-5
 6617.481022126849 2.5419084803292296E-5
 6665.46158561952 2.5705021844077655E-5
 6713.570040440913 2.599135923625232E-5
 6761.792176443394 2.6321852944303315E-5
 6810.135098700781 2.6672607038742492E-5
 6858.591702139254 2.702555411222142E-5
 6907.154881684997 2.739863587982395E-5
 6955.831742411828 2.779367346973214E-5
 7004.60807417211 2.8210678021679683E-5
 7053.490982039661 2.8669003352294566E-5
 7102.473360940664 2.913182659489978E-5
 7151.541000727482 2.959285944760114E-5
 7200.708111547752 3.014236407495986E-5
 7249.9462731062 3.067668817877179E-5
 7299.326536141009 3.122974240982776E-5
 7348.777849913998 3.189027301648149E-5
 7398.229163686986 3.254822626991928E-5
 7447.822578936333 3.322286058173919E-5
 7497.487044923858 3.396109973482487E-5
 7547.222561649565 3.4760810288415743E-5
 7597.029129113451 3.564740389178364E-5
 7646.835696577336 3.654927370725059E-5
 7696.784365517582 3.751177598653519E-5
 7746.733034457826 3.8534569914857515E-5
 7796.823804874431 3.968787176134651E-5
 7846.843524552856 4.0966430059740403E-5
 7897.005345707638 4.229718845593775E-5
 7947.167166862423 4.3759928278369034E-5
 7997.400038755387 4.538868111452407E-5
 8047.63291064835 4.7238226809017724E-5
 8097.865782541313 4.9221775824522716E-5
 8148.169705172457 5.1417161042096E-5
 8198.544678541777 5.3936110440562334E-5
 8248.919651911101 5.690958410837694E-5
 8299.223574542244 6.028616599700435E-5
 8349.669598649747 6.428483441782648E-5
 8400.04457201907 6.914200480779322E-5
