 0.26523570782524735 -9.125939093254624E-5
 0.7988253717240696 -1.146410898984487E-3
 1.3386930017444713 -4.423929410169285E-3
 1.884914848487119 -0.01116224364971315
 2.437551109794645 -0.02237831818144377
 2.996695426755587 -0.0387211924049955
 3.562414685861759 -0.06041759222856715
 4.1347824622541544 -0.08729397586076716
 4.71387901972295 -0.11884579301016883
 5.299784622058321 -0.1543310239324962
 5.892586221699624 -0.19287026408372823
 6.492344016489492 -0.23353846318852325
 7.099131581568918 -0.2754377139873988
 7.71308268992153 -0.3177475751970217
 8.334257539389956 -0.3597553880007769
 8.962723016466015 -0.40087073019506686
 9.598546007641515 -0.44062798112132756
 10.241927172391899 -0.47868059331785983
 10.892799624225352 -0.5147905058886674
 11.551297136125498 -0.5488141781971678
 12.217553481075969 -0.5806861240085078
 12.891635545568572 -0.6104003081885334
 13.573677102586938 -0.6379934947628012
 14.263678152131066 -0.6635313661080243
 14.961772467184579 -0.6871004761065328
 15.668093820731107 -0.7088032711605966
 16.38270909926246 -0.7287537147201636
 17.105685189270452 -0.747072056833259
 17.837155863738715 -0.7638795031108155
 18.577254895650867 -0.7792955492090893
 19.32598228500691 -0.793436522338905
 20.083538691282285 -0.8064134689687028
 20.849924114476994 -0.8183285840368293
 21.625406100558286 -0.8292719922133226
 22.409917763034346 -0.8393200882380196
 23.20359287488881 -0.848537196582449
 24.0066320955971 -0.8569802486787997
 24.819102311651047 -0.8647021525364916
 25.641070409542457 -0.8717520442060978
 26.472737048746765 -0.8781744328020067
 27.314102229263983 -0.8840087981601445
 28.165299724077723 -0.8892905464008833
 29.026530192663432 -0.894053926910549
 29.89786052151292 -0.8983370113270986
 30.779357597118004 -0.9021817438329047
 31.67122207895412 -0.9056304206598325
 32.57352085351309 -0.9087228234005157
 33.48638769377852 -0.9114937043691265
 34.40995637273405 -0.9139711772322672
 35.34436066336332 -0.9160387969669719
 36.28966745215811 -0.9181305413986528
 37.24607739859389 -0.9198503534615009
 38.21365738916246 -0.9213573264598393
 39.19260808333925 -0.9226727845343468
 40.18299636761609 -0.9238141792812861
 41.184956014976606 -0.9247926254060582
 42.19862079840441 -0.9256162703397716
 43.22419137737494 -0.9262945188331501
 44.26180152487185 -0.9268379323709637
 45.311518127386925 -0.9272529484296437
 46.3734749579038 -0.9275364991493282
 47.44787267589792 -0.9276772686534782
 48.5348450543529 -0.9276652486779542
 49.634525866252374 -0.9275010930289562
 50.74704888457997 -0.9271938544077157
 51.87261476881112 -0.9267538931278644
 53.01129040543764 -0.9261906642329107
 54.163276453934983 -0.9255139245230709
 55.328773573778555 -0.9247386612481615
 56.50784865146021 -0.9238845891797532
 57.70070234645535 -0.9229703166481555
 58.90746843174763 -0.9220082156783848
 60.12834756681248 -0.9210040699406721
 61.36347352463351 -0.9199638642763871
 62.61304696468619 -0.9188938852836075
 63.877134773462316 -0.9177964967232102
 65.15600449692913 -0.9166684798569796
 66.44985679456208 -0.9155002287630536
 67.75869166636117 -0.9142814334205849
 69.08304420426091 -0.9130046504974498
 70.42278063527768 -0.9116624869543095
 71.77790095941144 -0.9102444315991783
 73.14907404158036 -0.9087410796813326
 74.5356310168663 -0.9071554990606339
 75.93890961510552 -0.9055009167394373
 77.3582409713799 -0.9037914146974362
 78.79429395060754 -0.9020375544194007
 80.24706855278846 -0.9002464271879622
 81.7172336428408 -0.8984185862237515
 83.20412035584641 -0.8965520198153837
 84.7077286918053 -0.8946502484577824
 86.22939638055374 -0.8927238336357174
 87.76912342209172 -0.8907885672835595
 89.3262409515011 -0.8888571231830324
 90.90141783370005 -0.886933826513614
 92.49532293360664 -0.8850138491679803
 94.1072873863028 -0.883086428490223
 95.73864892162474 -0.8811399468470948
 97.38873867465438 -0.8791652006590106
 99.05755664539167 -0.877147687266523
 100.74577169875477 -0.8751067238185717
 102.45405269966182 -0.873025105463171
 104.18173078319465 -0.8709202518412761
 105.93014367918956 -0.8687935208580716
 107.6986225227284 -0.8666440072434347
 109.48716731381118 -0.8644749800283653
 111.29644691735604 -0.8622834719385711
 113.12713019828107 -0.8600597261738356
 114.9792171565863 -0.8577945391545738
 116.85203892735363 -0.8554745832928614
 118.74760210533739 -0.8530869836358357
 120.66390009578322 -0.8506302816927429
 122.60360835836363 -0.8481061371254753
 124.56472029832426 -0.8455083136287401
 126.54924251041948 -0.8428184040433667
 128.55650612973116 -0.8400149836431071
 130.58718002117743 -0.8370844733761141
 132.64126418475828 -0.8340292370032647
 134.71875862047372 -0.8308692910528376
 136.82100105816002 -0.8276249538098189
 138.94665376798093 -0.8243068370517633
 141.0977233446908 -0.8209144881436096
 143.2728720584534 -0.817439759654249
 145.4741065040231 -0.8138848141734204
 147.70008895156368 -0.8102593582085552
 149.95148826599324 -0.806572846803162
 152.22964217714803 -0.8028467046834885
 154.53388182010996 -0.7991024571613522
 156.864207194879 -0.7953576061258003
 159.22195603129142 -0.7916320172267578
 161.6064594644291 -0.787935145507733
 164.01905522412823 -0.7842618611046946
 166.4590744454708 -0.7805852573778714
 168.92718599337484 -0.7768646474645062
 171.42338986784042 -0.7730692521804118
 173.94902379870376 -0.7691700525888626
 176.5027500561286 -0.7651387841449029
 179.08657523486937 -0.7609680538091932
 181.700499334926 -0.7566558498703488
 184.34385349138045 -0.752197143049908
 187.01730656915077 -0.7475821765476544
 189.72219629807327 -0.7428035573242489
 192.4578538132298 -0.7378832130337858
 195.2249479795385 -0.7328848143415931
 198.02347879699937 -0.7278796261234769
 200.85478399544865 -0.7229121072010406
 203.71819470996823 -0.7179947301848699
 206.61437980547626 -0.7131071767899787
 209.54333928197272 -0.7082096151309482
 212.50641086929383 -0.7032467742784225
 215.50359456743964 -0.6982267991406872
 218.53422151149203 -0.6930945210558375
 221.60029829620538 -0.6878441555127012
 224.70115605666154 -0.682444822741522
 227.8374636577786 -0.6768738406964365
 231.00988996447483 -0.6710946465230263
 234.2184349767501 -0.6650643404760109
 237.4630986946045 -0.6587677341344355
 240.74521884787418 -0.6522140310778851
 244.06546430147736 -0.6454581510271644
 247.42249732557775 -0.6385789027757721
 250.81832451492977 -0.631624818860866
 254.2529458695334 -0.6245980115794001
 257.7263613893886 -0.6174565367490018
 261.23923993941355 -0.6101408980054661
 264.7922503845264 -0.6025992937806351
 268.38606158964523 -0.5947836944651972
 272.02000468985193 -0.5866915854199212
 275.6954174149828 -0.5783748687985347
 279.41296862995585 -0.5698732256081022
 283.17265833477125 -0.5611853985290085
 286.9744865294289 -0.5523191326500847
 290.8204598086832 -0.5433192891352115
 294.7092404426979 -0.5342643247283955
 298.6421661613092 -0.5252141884289029
 302.6192369645172 -0.5161673714531952
 306.64179058215813 -0.5071003870708551
 310.709827014232 -0.4979955020460258
 314.8240151256569 -0.48883333856879324
 318.98502378135094 -0.4795927636110605
 323.1921841163961 -0.47025950408055244
 327.44750272554665 -0.46087437257198793
 331.75031074388454 -0.45151655507475024
 336.101945901246 -0.4421836475937346
 340.5024081976311 -0.43276538822794113
 344.9523664979578 -0.4231501672297424
 349.4524896671444 -0.41327710518335653
 354.00344657010896 -0.40314823391728205
 358.6052372068515 -0.39288614209402894
 363.25919930720823 -0.3826494028635026
 367.9653328711792 -0.37251308323602594
 372.7236378987644 -0.36245878611098525
 377.5361209847183 -0.3523902812742895
 382.40211326412264 -0.34225836729474556
 387.3229524668138 -0.3321401933039596
 392.2986385927916 -0.3220495495834744
 397.32984050697433 -0.311813343456465
 402.4172270742801 -0.30130573231725654
 407.56146715962705 -0.2906238365622277
 412.76322962793324 -0.2799294180028643
 418.02318334411683 -0.26911536276937653
 423.341997173096 -0.25823592701491926
 428.7196711148707 -0.2472760781271339
 434.156874034359 -0.23631626947357617
 439.65494366139733 -0.22548438051769814
 445.21454886090373 -0.21488711746062696
 450.8350207679601 -0.20457420980779436
 456.5183659773207 -0.19451330421085466
 462.26525335390385 -0.18463026407600022
 468.0750140327913 -0.17488017794656587
 473.94965460873743 -0.16523905113500966
 479.8891750817423 -0.155740398753002
 485.8942443167241 -0.14646553920399413
 491.96553117860077 -0.13747248521504465
 498.1037045322906 -0.1287621370269983
 504.31010210762985 -0.12038088470438799
 510.5847239046185 -0.11243205980249299
 516.9282387881747 -0.10488462161464614
 523.3419844881345 -0.09765091987581258
 529.8259610044981 -0.09071019875377988
 536.3808372021838 -0.08404703345150522
 543.0079508110275 -0.07767052696300471
 549.7079706959476 -0.07161397814097493
 556.4808968569439 -0.06590183933729789
 563.3280670238528 -0.06058291467016834
 570.2501500615923 -0.055610507289067065
 577.2478148350807 -0.05092184174023203
 584.3223990741543 -0.04650302413898425
 591.4732339138948 -0.04231807754184618
 598.7023259490566 -0.03836464724064194
 606.0103440445578 -0.034696047610490936
 613.3972882003986 -0.03138179535000563
 620.8651650113331 -0.028389123201222884
 628.4133056124437 -0.025636348640930797
 636.0437165984841 -0.02309889257943013
 643.757066834373 -0.020737439638200294
 651.55335632011 -0.018532609492688166
 659.4339227855315 -0.016498807002264456
 667.3994350955558 -0.014652932554272705
 675.4532375747733 -0.013017143137904872
 683.5866349792485 -0.011556678895071195
 691.8136734722619 -0.010238511548256363
 700.1276644046326 -9.072536202834264E-3
 708.5352964255416 -8.071209375699452E-3
 717.0231922366263 -7.2225126001114045E-3
 725.6114177854306 -6.497467676500221E-3
 734.286595773592 -5.874886254705708E-3
 743.0554148502918 -5.327462370246562E-3
 751.91787501553 -4.813659614647822E-3
 760.8739762693065 -4.35364069552936E-3
 769.9237186116213 -3.8888120192281743E-3
 779.0737906916559 -3.5333756096043297E-3
 788.3241925094102 -3.2421370342771414E-3
 797.6615467665214 -2.972729701775935E-3
 807.1059194105337 -2.696084533468999E-3
 816.6506217922656 -2.407888872782428E-3
 826.2956539117173 -2.113493318779105E-3
 836.0343271197073 -1.825013051224372E-3
 845.8867073637796 -1.5765330996239661E-3
 855.8327286963903 -1.4038862180419347E-3
 865.8924570650831 -1.31694211399593E-3
 876.0525151714959 -1.334789366065671E-3
 886.3195916648094 -1.3528246076239666E-3
 896.693686545024 -1.4605088525336336E-3
 907.1747998121398 -1.612050266464527E-3
 917.7696201153376 -1.7760418101063284E-3
 928.4714588054364 -1.9229956671025856E-3
 939.2870045316178 -2.0390570805607515E-3
 950.2162572938812 -2.119038651504034E-3
 961.2525284430458 -2.170175550220578E-3
 972.4091952774739 -2.2151649104091577E-3
 983.6728804988029 -2.2620015245768117E-3
 995.063650054577 -2.2927607928212305E-3
 1006.561437997252 -2.2937117287928155E-3
 1018.1863102743719 -2.264438109406057E-3
 1029.9248895875741 -2.196962392579041E-3
 1041.78386458604 -2.103154077824245E-3
 1053.7699239189505 -2.1223723565672466E-3
 1065.8696902879437 -2.141772951570644E-3
 1078.0965409913817 -2.311445517870279E-3
 1090.4504760292647 -2.5438959519856222E-3
 1102.9248067524113 -2.8259318529975673E-3
 1115.532910459184 -3.13905623882205E-3
 1128.2614098512203 -3.4708702783884737E-3
 1141.123682226883 -3.7828553314701867E-3
 1154.1130389369905 -3.9801270691854585E-3
 1167.229479981543 -4.003078784959978E-3
 1180.486382658903 -3.9253040614058E-3
 1193.870369670708 -3.8615623323728577E-3
 1207.388129666139 -3.808709846187374E-3
 1221.0396626451963 -3.803375874987946E-3
 1234.8316572570615 -3.8481620284543005E-3
 1248.7574248525527 -3.893382577201609E-3
 1262.8236540808513 -3.987196524748281E-3
 1277.0303449419577 -4.0740133377564144E-3
 1291.3774974358714 -4.185975185169108E-3
 1305.8651115625928 -4.32546468765771E-3
 1320.4931873221216 -4.533134358007492E-3
 1335.2617247144582 -4.862857324175006E-3
 1350.184101037965 -5.247141053705675E-3
 1365.2469389942791 -5.635041976566746E-3
 1380.456927232582 -5.857753011769387E-3
 1395.8140657528742 -5.923511330587217E-3
 1411.3183545551548 -5.856879929028393E-3
 1426.976482288606 -5.70143549325432E-3
 1442.788448953227 -5.4693181985442955E-3
 1458.7475658998371 -5.226336153572923E-3
 1474.8605217776171 -5.046540957341785E-3
 1491.1340052357486 -4.881471236983311E-3
 1507.5546389758692 -4.784561517079385E-3
 1524.1424889455224 -4.740094749215786E-3
 1540.8774891971647 -4.7570148105286324E-3
 1557.7797056783397 -4.774103937202316E-3
 1574.8357610906846 -4.811458651514519E-3
 1592.0523440833815 -4.897046107695413E-3
 1609.4361433056108 -4.930222648339782E-3
 1626.9804701081916 -4.795800948586148E-3
 1644.6920131403053 -4.603320000948159E-3
 1662.5640837527705 -4.346788526579666E-3
 1680.6100592439497 -3.7902339870728505E-3
 1698.8165623154807 -2.9997244042132306E-3
 1717.1969702657252 -2.4563800692712785E-3
 1735.7445944455032 -2.237276233752686E-3
 1754.4594348548134 -2.0425637952611302E-3
 1773.348180142838 -1.7985018636184082E-3
 1792.4175189587581 -1.5370609584937134E-3
 1811.6540740042107 -1.195030895294748E-3
 1831.0645339283773 -1.1809202167095587E-3
 1850.6488987312586 -1.1666831157800493E-3
 1870.413857062035 -1.1620071441300523E-3
 1890.3594089207067 -1.1019148323077551E-3
 1910.4788656580926 -1.158655895384481E-3
 1930.7856045725552 -1.2159251332504842E-3
 1951.266248365732 -1.062150820268055E-3
 1971.934174335986 -3.9159363261714343E-4
 1992.7826938341347 7.000532319069285E-4
 2013.8118068601788 1.5780995689865092E-3
 2035.0348907124814 1.8704267316367868E-3
 2056.4385680926793 1.956978250206052E-3
 2078.0295276499537 2.269963626773846E-3
 2099.8077693843047 2.5869651336574302E-3
 2121.773293295733 2.5306721243122192E-3
 2143.932788033419 2.473882008611646E-3
 2166.279564948182 2.5151003655166717E-3
 2188.8203126892026 3.113571778414093E-3
 2211.5550312564814 4.187022884458302E-3
 2234.477032000837 4.971384274983758E-3
 2257.5996922206322 4.894467111077683E-3
 2280.916323266685 4.816904706282609E-3
 2304.426925138996 2.981903608618376E-3
 2328.1381864867462 4.868417795028107E-3
 2352.0434186607544 5.144294539878841E-3
 2376.142621661021 5.2924319369755494E-3
 2400.449172785908 5.2964981086120344E-3
 2424.956383386235 5.391533869068254E-3
 2449.657564812819 5.345214743128382E-3
 2474.5660943640245 5.298506802429738E-3
 2499.6752833906693 5.138711537858232E-3
 2524.9851318927526 5.212680656693038E-3
 2550.5023285194574 5.089942877947842E-3
 2576.220184621601 4.966239926630599E-3
 2602.145388848366 4.777446798010404E-3
 2628.27125255057 4.346248633536776E-3
 2654.6111530265757 3.533969567390686E-3
 2681.1517129780213 3.004671956900173E-3
 2707.9063097032685 2.6856643211309026E-3
 2734.8682545531364 2.2035627170469336E-3
 2762.0308588784437 1.7565122165684576E-3
 2789.407499977553 9.777828635286144E-4
 2816.998177850464 2.2557396202566236E-5
 2844.796203847996 -8.498925368351596E-4
 2872.8015779701486 -1.764048590343688E-3
 2901.020988866103 -2.518866590985687E-3
 2929.4544365358592 -2.9469263348207053E-3
 2958.0952323302367 -3.2875457357038786E-3
 2986.950064898416 -3.5237995113632865E-3
 3016.018934240397 -3.4501397937394587E-3
 3045.2951517069986 -3.4992860153029306E-3
 3074.792094596584 -3.5488027704080045E-3
 3104.4963856107897 -3.902846975168012E-3
 3134.4214020479785 -4.066184008510776E-3
 3164.5537666097884 -3.7694133777537975E-3
 3194.9001679454 -3.2336925236900364E-3
 3225.467294703995 -2.6504369916081037E-3
 3256.241769587211 -1.850644014513926E-3
 3287.2369698934094 -6.950644894293829E-4
 3318.4462069734104 3.964781231814514E-4
 3349.869480827213 1.263927383287264E-3
 3381.506791454818 1.9265847110913863E-3
 3413.358138856225 2.397351981184014E-3
 3445.423523031434 2.6804929152596185E-3
 3477.709632629626 2.710184154240745E-3
 3510.203090352439 2.685971512168883E-3
 3542.917273498235 2.661594395583153E-3
 3575.8388047686516 2.471952375051365E-3
 3608.981061462052 2.118953958454735E-3
 3642.3306662800723 1.6710770972321758E-3
 3675.900996521076 1.2694461614219147E-3
 3709.6786748867007 9.897924284462563E-4
 3743.677078675309 2.3611231211483028E-4
 3777.8828305885376 3.043862003889779E-4
 3812.302619275568 2.8033548696148723E-4
 3846.929756087219 2.561398897181682E-4
 3881.777618321854 1.7471183793788753E-4
 3916.826140031928 1.1530681548845687E-4
 3952.095387164985 7.869264231266197E-5
 3987.5652937734812 5.8654231643517055E-5
 4023.2492371557805 4.663213778737079E-5
 4059.147217311881 3.8012439326033954E-5
 4095.2458569434206 3.1226156784082924E-5
 4131.551844699581 2.572576921198425E-5
 4168.065180580362 2.1226242252906963E-5
 4204.785864585764 1.753010682024895E-5
 4241.713896715786 1.4486390512644496E-5
 4278.8425883212485 1.1975772189800327E-5
 4316.178628051331 9.902483828316166E-6
 4353.708638607672 8.188951825483524E-6
 4391.4459972886324 6.7719526188293964E-6
 4429.384015445034 5.599731915413249E-6
 4467.522693076873 4.629785271241767E-6
 4505.855341534971 3.827122487271631E-6
 4544.388649468508 3.162883350805657E-6
 4583.115928228304 2.6132310433528047E-6
 4622.037177814357 2.1584566273052516E-6
 4661.152398226669 1.7822508567098814E-6
 4700.461589465239 1.471110068603576E-6
 4739.964751530066 1.213848745344684E-6
 4779.65519577197 1.001199334925803E-6
 4819.52623354177 8.254818273788286E-7
 4859.591242137828 6.803319222740879E-7
 4899.8435329109624 5.60475415288535E-7
 4940.276417211992 4.6154214507833015E-7
 4980.8898950409175 3.7991153910799446E-7
 5021.683966397738 3.1258462354283255E-7
 5062.665319931636 2.570779507368909E-7
 5103.813889695066 2.1133556674276011E-7
 5145.143052986392 1.736559459540798E-7
 5186.646121156432 1.4263136315367964E-7
 5228.316405556004 1.1709759569968153E-7
 5270.16059483429 9.609215536787304E-8
 5312.172000342111 7.881966176949696E-8
 5354.357310728644 6.462307990772736E-8
 5396.696460046348 5.295989648559531E-8
 5439.202825593584 4.3382348806499366E-8
 5481.869718721172 3.552103385277013E-8
 5524.697139429111 2.907133577188503E-8
 5567.678399068222 2.3782173368837598E-8
 5610.813497638502 1.944668789413724E-8
 5654.102435139951 1.58945306452879E-8
 5697.53852292339 1.083587817955405E-8
 5741.121760988818 1.0604191391080367E-8
 5784.852149336234 8.655781522589938E-9
 5828.72968796564 7.062277776602326E-9
 5872.740999578672 5.759615695285684E-9
 5916.899461473692 4.695186360410443E-9
 5961.185007703158 3.825806727440416E-9
 6005.611015565431 3.116049150691665E-9
 6050.164107762149 2.536861399615325E-9
 6094.844284293312 2.064430645378623E-9
 6139.651545158919 1.679247562435889E-9
 6184.579201709791 1.3653361951176803E-9
 6229.633942595107 1.1096199164950837E-9
 6274.802390516506 9.014002945454872E-10
 6320.091234123169 7.319284970420535E-10
 6365.487096116732 5.940534432325222E-10
 6410.996665146377 4.819324392736223E-10
 6456.613252562924 3.9079413827860435E-10
 6502.33016971719 3.1674375133313053E-10
 6548.154105258357 2.5660345843111985E-10
 6594.071681888063 2.0778157682483926E-10
 6640.089588255488 1.681653720130439E-10
 6686.201135711452 1.360333018610949E-10
 6732.392946957591 1.0998320856307923E-10
 6778.678399292269 8.88735464937038E-11
 6825.0307381187594 7.17753375111481E-11
 6871.516849928877 5.79329375557828E-11
 6918.069848230807 4.673192068376724E-11
 6964.622846532738 3.7672922795624703E-11
 7011.309617818294 3.0350251612015735E-11
 7058.063275595662 2.4434452177022074E-11
 7104.883819864846 1.9658088585006803E-11
 7151.771250625841 1.5804151996687444E-11
 7198.658681386837 1.269661816882363E-11
 7245.67988513146 1.0192754669881706E-11
 7292.701088876081 8.176859428349615E-12
 7339.856065604329 6.555159032665084E-12
 7386.944155840765 5.251662594051606E-12
 7434.166019060825 4.204779908802259E-12
 7481.387882280887 3.3645702920826737E-12
 7528.676631992763 2.6904993185658663E-12
 7575.9653817046364 2.149604694869945E-12
 7623.254131416511 1.7149917509062221E-12
 7670.6097676202 1.3645913589774656E-12
 7718.032290315699 1.0801201807486755E-12
 7765.4548130112 8.461931001841192E-13
 7812.810449214888 6.495355379546203E-13
 7860.2998584022025 4.782410494681209E-13
 7907.722381097703 3.2100647220118774E-13
