 1.1541635133578473 1.1380912658373847
 1.6250924902687475 1.61323654436341
 2.101551699458958 2.0915683966293245
 2.5836218742464236 2.5739402008812435
 3.071360681286822 3.0604500394745226
 3.5648315539013943 3.5507559059239115
 4.064103692076953 4.044265212564465
 4.569246295800309 4.540162863377615
 5.080334331723841 5.037547302277743
 5.597419699837657 5.535354385951365
 6.120565833462999 6.0319656768614775
 6.64988806591122 6.526010767332561
 7.185438297172428 7.016377644693161
 7.7272741939023 7.501574335223708
 8.27545342275651 7.979331402462568
 8.830148983702085 8.448991866173186
 9.391303210083352 8.909699234057749
 9.95903143521166 9.35883999535513
 10.53344899239836 9.79564236939489
 11.11461354829913 10.218956464651729
 11.702640436225323 10.628162041981692
 12.297529656176936 11.022139117094637
 12.899396541465322 11.398555668354172
 13.50835642540183 11.756495888374
 14.12446697464214 12.094854102475852
 14.747785855841924 12.411141882321488
 15.378428402312537 12.702524641232845
 16.016509947365324 12.967583844753934
 16.662030491000297 13.202928409244983
 17.315163033184472 13.405489624085702
 17.975907573917854 13.571539626969496
 18.644494779823148 13.698471641118726
 19.320866984244673 13.78442759738782
 20.005139520493784 13.824248901177778
 20.697485388537511 13.81614280513972
 21.397962255031522 13.759372029154724
 22.1066277866315 13.651503054067888
 22.82365498330447 13.492466941635096
 23.54904384505043 13.282874271504028
 24.282909705180735 13.02198773156111
 25.025425563662412 12.71197846921179
 25.776649087151135 12.356116438703454
 26.536637942302576 11.956382898065954
 27.30556512908377 11.51641743438436
 28.083488314150393 11.040836706712241
 28.870522830813786 10.53387170962431
 29.66678401238531 10.000657573600808
 30.47238719217632 9.446963701073468
 31.287390036842484 8.878056751572915
 32.11196554635083 8.299708267038204
 32.94617138735704 7.717699332258705
 33.79018055982813 7.137680970064477
 34.644050730419785 6.56529082893077
 35.50789723244336 6.005338110736279
 36.381835399210196 5.462305142004398
 37.26603823068732 4.940384463124426
 38.1606210601861 4.443420403438274
 39.065641554362194 3.974198489095859
 39.98121504652696 3.5346342913118147
 40.90751453664743 3.126291723467261
 41.844655358034955 2.7501385592159106
 42.79275284400087 2.406374801316695
 43.751922327856554 2.0945704339567856
 44.72233680956901 1.8139359837636588
 45.70405395579393 1.563179423556797
 46.69724676649834 1.3406191517618641
 47.70208824164925 1.1445210173366264
 48.71863604790236 0.9728802455475033
 49.747063185224675 0.8235751120578552
 50.787484986927566 0.6944846440263659
 51.84007445297805 0.5835052201609611
 52.90494691668748 0.48860355387169196
 53.982275378022883 0.40786398567783055
 55.07211750363994 0.33948074224078716
 56.17470396016134 0.28180077312585416
 57.29020774755412 0.23337121455203838
 58.41862886581829 0.1928323621361971
 59.56042864819925 0.15902579449292944
 60.71549176138564 0.13094484260418792
 61.88381820537746 0.10764751717692879
 63.06598464673148 0.08839127543886408
 64.26141441889094 0.07249146878074277
 65.47126085496934 0.059391719468850856
 66.69494728840995 0.04863039700290676
 67.93305038576949 0.039792220195366163
 69.18557014704798 0.03254428727317949
 70.45308323880221 0.026613015620064045
 71.73501299447537 0.021766275870494893
 73.03135941406748 0.017795021768337308
 74.34327583069206 0.01454486241798148
 75.6707622443491 0.011894138188286952
 77.01324198848187 9.729052827390125E-3
 78.3712917296471 7.957079109577294E-3
 79.74548813440154 6.5098692029436095E-3
 81.13525453618847 5.326235260693787E-3
 82.54174426812136 4.357904939522059E-3
 83.9643806636435 3.566778059709693E-3
 85.40316372275485 2.9186695176332084E-3
 86.85867011201219 2.3872204528185133E-3
 88.33147649797228 1.95224862171482E-3
 89.82100621407834 1.595835913603156E-3
 91.32841259344389 1.3038417109249146E-3
 92.85311896951221 1.0650681302261915E-3
 94.39512534228325 8.694741105125552E-4
 95.9550083783138 7.092463379391809E-4
 97.5333447441606 5.78230498979659E-4
 99.13013443982366 4.713244253943381E-4
 100.74480079874624 3.838989391801133E-4
 102.37907382059856 3.125594562579273E-4
 104.0312235057104 2.543038931218683E-4
 105.70355652030875 2.0673399963243451E-4
 107.39434286472338 1.6791763619141691E-4
 109.10531253862455 1.3619250515422645E-4
 110.83588887545548 1.1031270893516454E-4
 112.58664854177296 8.919296329266772E-5
 114.35759153757694 7.198590776158522E-5
 116.14871786286747 5.796614075478892E-5
 117.96118085075804 4.658148172187975E-5
 119.79382716813515 3.7349128666310513E-5
 121.64838681466905 2.988054548069145E-5
 123.52370645724626 2.3854944359348755E-5
 125.42151609553703 1.9005999794003847E-5
 127.34066239642786 1.5117155543729971E-5
 129.28172202647547 1.1995850750580675E-5
 131.2458483187934 9.497451286215444E-6
 133.23246460682491 7.500314236163844E-6
 135.24157089057 5.9005656819734765E-6
 137.27432050314217 4.620067446481374E-6
 139.33013677798464 3.5957711389120995E-6
 141.41017304821093 2.777894199973658E-6
 143.51385264726434 2.1272391169040324E-6
 145.64175224170156 1.6116834161584982E-6
 147.79387183152263 1.2054463227291713E-6
 149.9713647498411 8.879277255389973E-7
 152.17307766354335 6.418910518416544E-7
 154.40074057229972 4.535394611991802E-7
 156.6543534761102 3.120637793910184E-7
 158.93333970841806 2.081867462253692E-7
 161.23827593578002 1.3410851409029411E-7
 163.5703154913096 8.31908749485637E-8
 165.92888170845003 4.959844765575979E-8
 168.31455125375813 2.8392048685755894E-8
 170.72732412723385 1.5610962333517923E-8
 173.1683536619907 8.260632470225563E-9
 175.63706319147195 4.2235156143309055E-9
 178.13402938223433 2.09470299084482E-9
 180.6592522342779 1.0165613060870112E-9
 183.21388508071606 4.867019595415878E-10
 185.79792792154893 2.331934927870754E-10
 188.41080409021967 1.125693401490281E-10
 191.05424358639865 5.617343481873069E-11
 193.72766974352902 2.8413734665119305E-11
 196.43165922816751 1.4883916222504563E-11
 199.16678870687101 8.746596696869857E-12
 201.9330581796394 4.899729037370125E-12
 204.73046764647276 2.5850222691051392E-12
 207.56017044048454 1.554709102850745E-12
 210.42274322823152 7.791852946445271E-13
 213.31703267660023 7.809991636288014E-13
 216.24476878526087 2.60932136428342E-13
 219.2059515542135 0.0E+0
 222.2005809834581 0.0E+0
 225.2292337395514 0.0E+0
 228.29248648905021 0.0E+0
 231.39091589851125 2.6384730343143223E-13
 234.5239453013778 0.0E+0
 237.69272803076333 0.0E+0
 240.89784075322458 0.0E+0
 244.13928346876164 0.0E+0
 247.41705617737443 0.0E+0
 250.7328888787333 2.671794990025515E-13
 254.08562823972462 -2.677183433886106E-13
 257.476427593462 0.0E+0
 260.9052869399454 2.6878254747654962E-13
 264.37335961228836 -2.693080543851605E-13
 267.8806456104909 -2.6982926166002075E-13
 271.42772160110973 0.0E+0
 275.01516425070155 2.7085906510850404E-13
 278.64239689270976 0.0E+0
 282.3111495268045 0.0E+0
 286.0208454864291 0.0E+0
 289.772638104697 0.0E+0
 293.5665273816083 0.0E+0
 297.40308998371966 0.0E+0
 301.2829025775879 -2.7433835105263844E-13
 305.2065418297697 0.0E+0
 309.17400774026515 5.505979597235638E-13
 313.1864536421877 0.0E+0
 317.2438795355374 -2.7624572444428974E-13
 321.34628542031424 0.0E+0
 325.49540129618844 0.0E+0
 329.6906504966033 0.0E+0
 333.9331863546724 -2.780996489462886E-13
 338.2230088703956 2.7855526206783616E-13
 342.56069471032964 0.0E+0
 346.94682054103145 -2.7945748938263486E-13
 351.3819630290577 0.0E+0
 355.8666988409651 2.803481334547234E-13
 360.40160464331046 0.0E+0
 364.9872571026506 -2.812276870942561E-13
 369.62365621898533 0.0E+0
 374.31137865887154 2.820966369746655E-13
 379.0515777554228 -2.8252728597892916E-13
 383.8448301751958 5.659109278036426E-13
 388.6905592516338 -2.8338122997103483E-13
 393.590494984407 0.0E+0
 398.5452140400722 -2.84225761798678E-13
 403.5541397520727 0.0E+0
 408.61900212007873 5.701226975126962E-13
 413.7398011440903 -2.8547593257821E-13
 418.9171134906641 -2.8588845318932073E-13
 424.151515826357 0.0E+0
 429.44358481772565 2.867075327489964E-13
 434.7944737978837 2.871142049963831E-13
 440.2041827668311 -5.750380812927806E-13
 445.6732883911245 2.8792209569776582E-13
 451.2029440038775 -2.8832342590290003E-13
 456.7931496050901 2.887230867756151E-13
 462.4444818613191 0.0E+0
 468.15809410567794 0.0E+0
 473.9345630047234 0.0E+0
 479.7738885584555 0.0E+0
 485.6772240999877 0.0E+0
 491.6451462958768 0.0E+0
 497.6782318126796 0.0E+0
 503.77763398350964 0.0E+0
 509.94277614181004 0.0E+0
 516.175388287251 -2.926399399377553E-13
 522.4760470863896 2.930248414515497E-13
 528.8447525392256 0.0E+0
 535.2832346454294 0.0E+0
 541.790916738444 -2.941736441881269E-13
 548.3695288179399 2.9455478772823917E-13
 555.0196475504739 0.0E+0
 561.7412729360459 0.0E+0
 568.5355583077692 0.0E+0
 575.403080332201 0.0E+0
 582.3467223421247 0.0E+0
 589.3589876723028 -2.968265317552393E-13
 596.4519863204268 0.0E+0
 603.6199516209296 5.951585544406621E-13
 610.8686502393782 -5.959100808046047E-13
 618.1865488446381 0.0E+0
 625.5909474334114 5.974112151156698E-13
 633.0703126745635 -2.990805153529023E-13
 640.6304112336617 2.994552417819526E-13
 648.2712431107059 -2.99829838678634E-13
 655.9928083056963 0.0E+0
 663.7951068186328 -3.0057885112730905E-13
 671.683905315083 3.009533702855951E-13
 679.659203795047 -3.013279671387828E-13
 687.7094689273895 6.034053870049074E-13
 695.8520007088133 -6.04155202420611E-13
 704.0810324737507 3.024527421210372E-13
 712.396564222202 0.0E+0
 720.7928292885994 0.0E+0
 729.2871276696454 -3.035800831847261E-13
 737.8621593686379 6.079133524939722E-13
 746.5352243822789 -6.086675248663444E-13
 755.294789379434 3.0471139390335785E-13
 764.14662102567 0.0E+0
 773.0907193209874 -6.109370034398657E-13
 782.1270842653863 6.11696165584919E-13
 791.261482524434 0.0E+0
 800.4881474325629 3.0660956179879256E-13
 809.8128456553407 -6.139831301265414E-13
 819.2355771927673 0.0E+0
 828.7505753792753 6.15516726645936E-13
 838.3693735459998 -3.0814326438461965E-13
 848.0804383618054 0.0E+0
 857.9010698233952 0.0E+0
 867.8139679340662 0.0E+0
 877.8364326905212 0.0E+0
 887.9569307616251 3.1008492329089924E-13
 898.1812288129455 -3.104770617899426E-13
 908.5150935100498 6.217411906748741E-13
 918.946991521803 -6.225311567366791E-13
 929.4884561793403 0.0E+0
 940.1394874826618 0.0E+0
 950.8943187661996 0.0E+0
 961.764483361089 0.0E+0
 972.7384479361948 0.0E+0
 983.8277458226522 0.0E+0
 995.0266103548937 0.0E+0
 1006.3350415329191 0.0E+0
 1017.764572687864 -3.148947394371972E-13
 1029.3036704885926 0.0E+0
 1040.958101600673 6.314436838913737E-13
 1052.727866024105 -3.1613854531499034E-13
 1064.618730424456 0.0E+0
 1076.6249281361588 0.0E+0
 1088.752225824781 0.0E+0
 1101.0006234903221 0.0E+0
 1113.3701211327822 3.1825589815471157E-13
 1125.8607187521618 -3.1868654594172666E-13
 1138.4724163484604 3.191197243425951E-13
 1151.2052139216784 -3.1955549327618613E-13
 1164.070644802951 0.0E+0
 1177.057175661142 0.0E+0
 1190.1705731618203 0.0E+0
 1203.4108373049855 0.0E+0
 1216.7779680906371 0.0E+0
 1230.2777321843434 3.2222790971902785E-13
 1243.910129586104 -3.226835212633248E-13
 1257.6693936303511 0.0E+0
 1271.5612909826527 0.0E+0
 1285.5915883085763 3.240691110614032E-13
 1299.7487522769865 0.0E+0
 1314.0500828845863 -6.500182137495885E-13
 1328.478280134673 6.509683598375417E-13
 1343.0506440239491 -3.2596272384893573E-13
 1357.7556412212795 0.0E+0
 1372.5990383922321 0.0E+0
 1387.586602202374 3.2741984534993314E-13
 1402.7125659861378 -3.279129397016157E-13
 1417.9826964090912 3.284098408936777E-13
 1433.3912268056665 -6.57821235318374E-13
 1448.949690506999 6.588306785345235E-13
 1464.6465541819534 3.2992407553259985E-13
 1480.4933511616645 -6.608737936507796E-13
 1496.4843147805656 3.309538740807344E-13
 1512.619445038656 0.0E+0
 1528.9045086015034 -6.640011662076994E-13
 1545.345272134676 3.3253045965586877E-13
 1561.9302023070376 0.0E+0
 1578.6650657841562 3.3360362332232114E-13
 1595.5498625660325 0.0E+0
 1612.590359318233 -6.693903272050879E-13
 1629.7865560407581 3.3524801330484034E-13
 1647.1326860680405 0.0E+0
 1664.6402827312151 0.0E+0
 1682.297812699147 -6.738716007131793E-13
 1700.1168093029712 3.3750840142120814E-13
 1718.0915058771197 3.3808613660191264E-13
 1736.2219024215928 3.386690858129364E-13
 1754.5195322675263 -3.392573296897392E-13
 1772.972862083784 0.0E+0
 1791.5876585359342 -3.4045002765528944E-13
 1810.3639216239764 6.821092934437027E-13
 1829.3016513479112 -3.416648904325343E-13
 1848.4066143733057 0.0E+0
 1867.6730440345922 0.0E+0
 1887.1067069973387 3.4353021749821832E-13
 1906.7076032615455 -3.441638118498598E-13
 1926.4699661616436 3.4480346091529313E-13
 1946.4053290287702 -3.454492531725757E-13
 1966.507925197356 -3.461012779499467E-13
 1986.7777546674017 0.0E+0
 2007.220584104475 0.0E+0
 2027.8306468430075 3.4809565368822953E-13
 2048.6079428830007 3.487735192552901E-13
 2069.564005555588 -6.989161543304887E-13
 2090.6930681952035 0.0E+0
 2111.9893641362787 3.5084764971303393E-13
 2133.464426709949 -3.5155285656085273E-13
 2155.1124892506463 3.5226514019803666E-13
 2176.933551758371 -3.5298459914981706E-13
 2198.933380898691 0.0E+0
 2221.1062100060385 3.5444544207457203E-13
 2243.4578057459807 0.0E+0
 2265.9824014529503 -3.5593619363620654E-13
 2288.6915304580825 3.5669304226250995E-13
 2311.5736594302425 0.0E+0
 2334.640321700565 0.0E+0
 2357.8857506034823 0.0E+0
 2381.3041794734267 0.0E+0
 2404.9071416415345 3.605962341309105E-13
 2428.6946371078042 -3.6140141809290185E-13
 2452.660899206669 0.0E+0
 2476.8059279381286 0.0E+0
 2501.1354899677512 3.638680557671728E-13
 2525.6495852955363 -3.647076760226358E-13
 2550.3424472559163 3.655561926819865E-13
 2575.2198425144592 -3.664137231146052E-13
 2600.2817710711642 0.0E+0
 2625.5224662604646 0.0E+0
 2650.9534614134945 0.0E+0
 2676.5632231991203 -3.6993637394915484E-13
 2702.3632849484756 0.0E+0
 2728.3421133304264 7.435098536267571E-13
 2754.505475010539 -3.7267894682263223E-13
 2780.8591366543823 0.0E+0
 2807.391564930821 0.0E+0
 2834.114293170989 3.755115191191807E-13
 2861.02155470932 -7.529526319664821E-13
 2888.1133495458134 3.774516371244567E-13
 2915.3896776804695 0.0E+0
 2942.8505391132885 0.0E+0
 2970.4959338442695 3.8044210269495064E-13
 2998.3316285389814 -3.8146088487640602E-13
 3026.346089866288 3.8249088081517615E-13
 3054.5508511573243 -7.67064465967096E-13
 3082.9343790809557 3.845850854240769E-13
 3111.508206968318 0.0E+0
 3140.2608014882744 3.867258752679141E-13
 3169.203695971961 -7.756282175829027E-13
 3198.325357088243 3.8891443486880985E-13
 3227.6373181682556 0.0E+0
 3257.1280458808623 0.0E+0
