 0.2802481195860197 -7.800960062325003E-7
 0.8440391006884027 -1.1028894386480458E-5
 1.4144633824682213 -4.588766276481481E-5
 1.9916015313304644 -1.2404912325083213E-4
 2.575517152331703 -2.6639915291159013E-4
 3.1663091866710457 -4.946643797037985E-4
 3.7640483066335712 -8.299494683657418E-4
 4.368812251732865 -1.2911428711614414E-3
 4.980685828711021 -1.8932472253194334E-3
 5.5997538443101344 -2.645753569542595E-3
 6.226108172500805 -3.551216266909727E-3
 6.859812418339603 -4.604198229786009E-3
 7.500944321340116 -5.790742270908864E-3
 8.149645226072499 -7.088485032071706E-3
 8.805978737593321 -8.467463134300223E-3
 9.470015528187664 -9.891583393954793E-3
 10.141826270140603 -0.011320654077910608
 10.821622980307373 -0.012712786911235738
 11.5093349864029 -0.014026939186967438
 12.205103632997332 -0.015225333342863634
 12.909070264660832 -0.01627550263223302
 13.621305553678477 -0.01715177007952529
 14.34195084462042 -0.017836030078853516
 15.071006137486666 -0.018317802903170664
 15.808612776847367 -0.018593638707240692
 16.55491210727268 -0.018666010676013432
 17.309974801047687 -0.018541921661956173
 18.073871530457463 -0.01823144820440553
 18.846743640072165 -0.017746444923025482
 19.628732474461944 -0.017099577317791402
 20.41983803362681 -0.016303777127714264
 21.220272334421991 -0.015372140970801699
 22.03003537684749 -0.014318202889940434
 22.849409850043617 -0.013156477642704969
 23.678325081725294 -0.011903111207562947
 24.51692241646268 -0.010576496151933715
 25.365413871111005 -9.197724824184612E-3
 26.22387011795535 -7.790777658058824E-3
 27.092361829280793 -6.382419109702094E-3
 27.97110102194257 -5.0017985243538815E-3
 28.860087695940684 -3.6797987742127483E-3
 29.759463195845277 -2.448220693038697E-3
 30.669439538511603 -1.3388789896548354E-3
 31.590087396224724 -3.8271433851125996E-4
 32.521477441269723 3.909989810210355E-4
 33.46382169050184 9.552798951308898E-4
 34.41719081620615 1.2858598057368872E-3
 35.3817261629528 1.2249816971379025E-3
 36.357569075311964 1.163389894417007E-3
 37.34486089785379 2.148553071567005E-4
 38.343672302863353 -1.1334136314555224E-4
 39.35421530719589 -1.215933497032305E-3
 40.376560583136473 -2.6397911215637862E-3
 41.410920147540345 -4.390185472321785E-3
 42.457364672692584 -6.46855442029408E-3
 43.516035503163344 -8.871117551371E-3
 44.587073983522785 -0.011587091328682166
 45.67069213062612 -0.014596740727403749
 46.767031289043544 -0.017869658186346403
 47.876162131060105 -0.021363747304631603
 48.99822600124597 -0.025025403938294513
 50.133434916456366 -0.0287912285092083
 51.28193022126146 -0.03259132088208287
 52.4438532602314 -0.03635382399714326
 53.61934537793635 -0.0400099806098494
 54.808618591231535 -0.043498744496933854
 56.01174357240205 -0.04676996811700375
 57.22893233830311 -0.04978552387781594
 58.460396905789956 -0.05251823107133147
 59.706207947147674 -0.054949115098263
 60.966577479231474 -0.05706395852381691
 62.24164684661155 -0.058850291810759736
 63.531628066143113 -0.06029588868595145
 64.83666248239632 -0.06138913103648557
 66.15696211222641 -0.062121175762076964
 67.49259762791846 -0.06248922082076061
 68.84385171861277 -0.06249976676969975
 70.21093640116459 -0.06217091876429223
 71.59385167557393 -0.06153297669884162
 72.99316292012139 -0.060627097254043325
 74.40872879023684 -0.0595022170566918
 75.84054928592025 -0.05821097575367033
 77.28933113002242 -0.0568053687925037
 78.75436759969257 -0.05533294529367571
 80.23707214063226 -0.05383406006735157
 81.7367380299907 -0.05234042303859859
 83.2540719906187 -0.050874883012636464
 84.7890740225162 -0.04945216647689878
 86.34245084853406 -0.04808025159267183
 87.91349574582144 -0.046761953916592505
 89.50220871437836 -0.04549651662703681
 91.11000319990637 -0.04428097325353211
 92.73687920240549 -0.04311122389512604
 94.38212999902494 -0.04198277672538237
 96.04646231261549 -0.04089123181763349
 97.73058286602792 -0.03983253927521291
 99.43378493641144 -0.038803107799319135
 101.15748196946764 -0.03779983171835941
 102.90096724234571 -0.036820075671321624
 104.66424075504568 -0.03587687610554095
 106.44800923041831 -0.03492271349871515
 108.25297939131438 -0.034001803936855534
 110.07844451488312 -0.03309766247885806
 111.92581804682608 -0.032209207049996024
 113.7943932642925 -0.03133547450465508
 115.68417016728236 -0.030475603958237937
 117.59585547864646 -0.02962884174254403
 119.53015592123553 -0.02879454365821484
 121.48707149504965 -0.027972139836587056
 123.46589547723799 -0.027161081581983284
 125.4687480363529 -0.026360802179163651
 127.49350900384202 -0.025570725452617987
 129.5430052711085 -0.024790310364982942
 131.6151166696 -0.02401908615518883
 133.71196336786886 -0.023256623957648714
 135.8328386430643 -0.02250246247156322
 137.97844921803707 -0.021756053451743997
 140.1487950927872 -0.021016804505074655
 142.3438762673147 -0.02028418315348402
 144.5651061873211 -0.019557792065619496
 146.81107140710486 -0.01883732490891899
 149.08389209521831 -0.018122428499957966
 151.3821548059599 -0.01741262441935269
 153.70797970788197 -0.016707396406638215
 156.05995335528297 -0.016006367402469735
 158.43878247101366 -0.01530937252785059
 160.84588050077562 -0.014616285195354387
 163.28054072171804 -0.013926777899433121
 165.74276313384095 -0.013240330775709358
 168.23396118284591 -0.012556521715932094
 170.75342814588213 -0.011875278641851431
 173.30257746865117 -0.01119672949236094
 175.88070242830227 -0.010520799486276352
 178.48850974768618 -9.84714444995437E-3
 181.1259994268029 -9.175524272725001E-3
 183.79458491135403 -8.506173208900434E-3
 186.49285275563798 -7.839524178469158E-3
 189.2229231282071 -7.175684397827906E-3
 191.98479602906138 -6.514559714762739E-3
 194.77776473535007 -5.856460065748248E-3
 197.60253596992393 -5.202398150195587E-3
 200.4605231784845 -4.5534857751095324E-3
 203.35101963818101 -3.910487780819382E-3
 206.27473207186432 -3.2741835134022273E-3
 209.2316604795343 -2.6460282777725436E-3
 212.2232183068926 -2.0277013620063843E-3
 215.24869883108837 -1.4202673168059317E-3
 218.30880877497247 -8.245435996229129E-4
 221.4035481385449 -5.738494406707094E-4
 224.53433036750715 -3.202355735416261E-4
 227.70115546185925 8.749681917888343E-4
 230.90331669875044 1.4068404452670243E-3
 234.1429342467331 1.9191859350147113E-3
 237.41930138295634 2.409766045736584E-3
 240.73312483027098 2.8770504660893606E-3
 244.0851113115279 3.3203476953630193E-3
 247.47526082672698 3.738345368822427E-3
 250.9035733758683 4.129025836057135E-3
 254.37146240465332 4.491775440867019E-3
 257.8796346359329 4.826121304883802E-3
 261.4266766240055 5.1304699131488164E-3
 265.0147085374234 5.403223921546367E-3
 268.6437303761867 5.644857695058638E-3
 272.3137421402953 5.854803617467632E-3
 276.0254505525999 6.032776979686228E-3
 279.77956233595153 6.180669835774415E-3
 283.57678421320076 6.29900745597837E-3
 287.4164094614969 6.388231770067821E-3
 291.29985152654154 6.44990642557663E-3
 295.22781713118536 6.485006280834756E-3
 299.2003062754285 6.482707030688005E-3
 303.21731895927075 6.480382010614329E-3
 307.2809753512647 6.445555602216778E-3
 311.3898620057086 6.3894841296599095E-3
 315.5453923683041 6.317019360140413E-3
 319.7475664390512 6.230294359366397E-3
 323.9977976636514 6.1275040176668165E-3
 328.29608604210483 6.015360622064019E-3
 332.6431382972621 5.895895878227184E-3
 337.0396611519741 5.7665131672035045E-3
 341.4849478833901 5.635744301336352E-3
 345.98111866006223 5.5037109126724395E-3
 350.52746675913994 5.369272813396092E-3
 355.12540562632466 5.2423204908613775E-3
 359.7749352616165 5.117977400973201E-3
 364.47676238786613 4.999908722739201E-3
 369.2315937279244 4.899345148472604E-3
 374.0401360046421 4.806855239173423E-3
 378.9023892180191 4.7302040748016674E-3
 383.8197668137571 4.6730185427947155E-3
 388.79226879185603 4.629134150829492E-3
 393.819895152316 4.606346612122222E-3
 398.9047660636893 4.592463890701576E-3
 404.04617480312504 4.588605902375443E-3
 409.24553481632483 4.5995595439156E-3
 414.5028461032888 4.616293861098088E-3
 419.8188153868676 4.644465645073217E-3
 425.19414938991207 4.679585772339128E-3
 430.6295548352729 3.8336027070793496E-3
 436.12573844580106 2.97815994300117E-3
 441.68340694434715 4.817196215589392E-3
 447.303267053762 4.892346800895951E-3
 452.98531877404565 4.977422561214343E-3
 458.7302688280488 5.090019599302476E-3
 464.5395306614732 5.22441670407419E-3
 470.41381099716943 5.385522854837036E-3
 476.35240311228676 5.575618877711425E-3
 482.35742717537755 5.783991692316256E-3
 488.42958990929264 6.017354036162937E-3
 494.56818459118113 6.252216959074816E-3
 500.77533138959546 6.500898633960549E-3
 507.05103030453562 6.7328644617153324E-3
 513.3959880588524 6.967929203726944E-3
 519.8109113753965 7.1729481272659115E-3
 526.2965069770187 7.372852648485102E-3
 532.8541883094207 7.535735077619028E-3
 539.4839553726024 7.686145266585124E-3
 546.1865148894146 7.799500928253502E-3
 552.9632803055589 7.894676202850684E-3
 559.8142516210352 7.959943959117227E-3
 566.7401355586944 8.003213884002014E-3
 573.742345564238 8.00847324542693E-3
 580.8215883605167 7.997392985047164E-3
 587.9778639475306 7.986192154798032E-3
 595.2125857709814 7.906798863506478E-3
 602.5264605537196 7.816664561511984E-3
 609.9201950185961 7.668160391766795E-3
 617.3952026113126 7.485307332029673E-3
 624.9507766090181 7.236696383926658E-3
 632.5890371802651 6.920371523950969E-3
 640.3106910479042 6.549433875000852E-3
 648.1157382119358 6.1137285126429035E-3
 656.0062988409117 5.647674603162714E-3
 663.9816662119814 5.152809665728556E-3
 672.0439604936973 4.704223019134571E-3
 680.1938884089102 4.301151940350049E-3
 688.43144995762 3.946420680450777E-3
 696.758058585528 3.6941759974766447E-3
 705.1744210154856 3.5093131708876577E-3
 713.6840708617462 3.3649230925002935E-3
 722.2778207272498 3.2721860899506583E-3
 730.9705117918628 3.205897750714375E-3
 739.7550768270775 3.126338769545852E-3
 748.6385830614015 3.0306924185366387E-3
 757.6068960378194 2.9235846797655987E-3
 766.6812174418544 2.782911586627991E-3
 775.8474128164911 2.608219271393949E-3
 785.1125493902372 2.3784014205352225E-3
 794.4766271630928 2.127129929081518E-3
 803.9396461350576 8.177357638705378E-4
 813.501606306132 1.0539227799282588E-3
 823.1695749048235 1.0854972299716224E-3
 832.9435519311324 1.0631195964835853E-3
 842.8094029280428 1.040531616476861E-3
 852.7883295810782 1.0642279267687076E-3
 862.8732646617309 1.149543212121313E-3
 873.0642081700008 1.2958819710437484E-3
 883.3540928773803 1.456095342583716E-3
 893.7641204693923 1.5939265705232185E-3
 904.2730892605141 1.6040188500169574E-3
 914.9022009362684 1.4918638691124002E-3
 925.6373210396403 1.378590321244031E-3
 936.4855167991369 9.824125359869282E-4
 947.4467882147587 4.46471163473964E-4
 958.5211352865056 -1.6647675071701812E-4
 969.7156252428854 -7.87211075525093E-4
 981.02319085539 -1.3639273077192637E-3
 992.4508993525277 -1.8849768317786858E-3
 1003.9987507342981 -2.3737520580740466E-3
 1015.6596777721938 -2.8752762149190577E-3
 1027.44781492323 -3.414251689827512E-3
 1039.3490277303912 -3.976266616926654E-3
 1051.3845178792012 -4.540402221284701E-3
 1063.5330836841358 -5.072372140791511E-3
 1075.815926830719 -5.522094920799615E-3
 1088.2189128619354 -5.827811213856565E-3
 1100.7491090062922 -5.946373628102409E-3
 1113.4135824922973 -5.869645880590131E-3
 1126.1981988629356 -5.608880737596989E-3
 1139.1170925752223 -5.174124555692469E-3
 1152.1702636291577 -4.57492995543421E-3
 1165.3506447962336 -3.84106696589116E-3
 1178.6723705334657 -3.047758746157749E-3
 1192.1213063838383 -2.319466279109654E-3
 1205.7115868043676 -1.7892957931117058E-3
 1219.4361445665454 -1.5059663287414655E-3
 1233.2949796703715 -1.545309442579172E-3
 1247.3022265728618 -1.5850738748210558E-3
 1261.4437508170005 -1.847233957194379E-3
 1275.7266196312955 -2.1674394200471075E-3
 1290.150833015747 -2.473153640854372E-3
 1304.7234581988625 -2.716290561219493E-3
 1319.4374279521343 -2.9609517563744663E-3
 1334.2998095040702 -3.2788890518494224E-3
 1349.3106028546703 -3.6228824094202824E-3
 1364.4698080039345 -3.9256160143983755E-3
 1379.777424951863 -4.119573854755924E-3
 1395.2334536984551 -4.2320295293764324E-3
 1410.8378942437118 -4.326751071390465E-3
 1426.6048810446484 -4.3412780515381214E-3
 1442.5202796442486 -4.355941771525805E-3
 1458.591157271021 -4.274632460156167E-3
 1474.8175139249653 -4.1310586679489695E-3
 1491.1993496060817 -3.875603890017533E-3
 1507.7437315428778 -3.453445274337863E-3
 1524.4506597353536 -2.9148910968001E-3
 1541.3130669550014 -2.154884154745169E-3
 1558.3380204303286 -1.169587182343786E-3
 1575.532587389844 -1.1047346868945042E-4
 1592.882633376531 1.3180616198108885E-3
 1610.4093600759131 3.200446742967544E-3
 1628.0915658024675 5.397005370535866E-3
 1645.9504522417171 7.688977491317305E-3
 1663.9718849366465 9.448897703582667E-3
 1682.162931115764 0.010592055143153702
 1700.5306580075762 0.01073637218071802
 1719.0679983835761 0.010525571361698554
 1737.7820194722717 0.010312761385044514
 1756.6656540451547 9.416644488706704E-3
 1775.7330365592408 8.266005326795594E-3
 1794.9700325575145 6.9851311285556855E-3
 1814.3907764969912 5.503448277549351E-3
 1833.9882011491638 3.845899587302718E-3
 1853.7623065140312 1.9234499040834301E-3
 1873.7201598201022 8.281347632776804E-5
 1893.8688282958844 -1.7250043817890236E-3
 1914.1941774843617 -3.3442056411302763E-3
 1934.703274614042 -4.608566622219277E-3
 1955.396119684926 -5.488852882432775E-3
 1976.2797799255206 -5.568536739169258E-3
 1997.3542553358263 -4.9117601765295724E-3
 2018.6124786873351 -4.018169262459662E-3
 2040.068584437063 -3.0210983529853035E-3
 2061.708438127994 -2.006944042354389E-3
 2083.546174217144 -1.2669755745553757E-3
 2105.574725476005 -1.1718141300803214E-3
 2127.7940919045763 -1.2944491468998451E-3
 2150.218407959875 -1.4182153391289662E-3
 2172.8335391848845 -2.0529406874330593E-3
 2195.646552808113 -2.9348051910260265E-3
 2218.65744882956 -3.865705969593944E-3
 2241.866227249226 -4.557470801351121E-3
 2265.279955295619 -4.8833721578047314E-3
 2288.8915657402303 -4.860375141683675E-3
 2312.7081258115686 -4.45685843911912E-3
 2336.7296355096336 -3.7455077394665196E-3
 2360.949027605917 -2.777977334884068E-3
 2385.3804365574355 -1.7041414675009181E-3
 2410.0167951356802 -8.287673400184037E-4
 2434.8581033406512 -6.637678237234948E-4
 2459.9114284008574 -8.464717641906769E-4
 2485.16970308779 -1.030670320814005E-3
 2510.6329274014492 -1.0207484794212294E-3
 2536.31523579885 -1.552449411909178E-5
 2562.209561051486 1.6708037903062362E-3
 2588.308835930849 3.7155054832861624E-3
 2614.627194893954 6.040645672130477E-3
 2641.1575707122933 8.535911793832859E-3
 2667.8999633858666 0.011254192976119086
 2694.861440143183 0.01375339502075531
 2722.034933755733 0.015407643112792102
 2749.4275114520264 0.015479638929102793
 2777.0321060035535 0.014904585097686798
 2804.862851867331 0.01432482012377072
 2832.905614586343 0.013198484846749244
 2861.1745286176046 0.012731703397434081
 2889.662526732609 0.012397014801339003
 2918.3625417028474 0.012135654562295088
 2947.2887079853362 0.012670440939416912
 2976.441025580075 0.014379516253221597
 3005.812427258556 0.01742660759983414
 3035.4029130207795 0.02155385008484192
 3065.2195500952534 0.026939787389615905
 3095.2623384819762 0.03494281972652598
 3125.5242109524424 0.04679720468568637
 3156.0122347351584 0.06291551411514823
 3186.7264098301243 0.0846840285448335
 3217.659669008833 0.11032329816066526
 3248.826146728299 0.08821598999694005
 3280.2117085315076 0.06595327898671222
 3311.830488875474 0.03486619739345418
 3343.6683533031832 0.020605486818571855
 3375.7323690431417 0.013078342116874244
 3408.0296033238582 8.655668454581808E-3
 3440.545921688318 5.893198349724512E-3
 3473.2954585935344 4.09793154934182E-3
 3506.2711468110014 2.897845041186775E-3
 3539.4729863407183 2.07817627380052E-3
 3572.900977182686 1.5085431261755472E-3
 3606.5551193369033 1.1068481563284192E-3
 3640.4354128033705 8.199547828916566E-4
 3674.548924810596 6.127191828746918E-4
 3708.881520901564 4.614827068712534E-4
 3743.4473355332893 3.5007665825030577E-4
 3778.232234248757 2.673043701374675E-4
 3813.250351504983 2.0531942677260041E-4
 3848.48755284495 1.585631490181879E-4
 3883.957972725676 1.23057749991866E-4
 3919.6474766901442 9.592985729054026E-5
 3955.5701991953706 5.605468282953078E-5
 3991.712005784339 5.128882349299943E-5
 4028.0799636855572 4.649314258846473E-5
 4064.667005670518 3.675605576975655E-5
 4101.487266196237 2.9137055897847974E-5
 4138.51954357719 2.3153888125125623E-5
 4175.785039498901 1.8439903908997751E-5
 4213.262552275846 1.471479318803152E-5
 4250.966216365042 1.1763142904562684E-5
 4288.896031766488 9.41861627933065E-6
 4327.037864023168 7.552196398430004E-6
 4365.39878036359 6.0634030280706E-6
 4403.978780787755 4.873679885637902E-6
 4442.777865295662 3.921397679871628E-6
 4481.796033887311 3.1580488297598805E-6
 4521.026219334195 2.5453417199920477E-6
 4560.47548886482 2.0529668608475557E-6
 4600.129708022174 1.6568733170450285E-6
 4640.0030112632684 1.3379332779671837E-6
 4680.088331359598 1.0809028694928372E-6
 4720.385668311162 8.736106880496977E-7
 4760.887954889452 7.063219803523973E-7
 4801.602258322977 5.712389158861241E-7
 4842.521511383229 4.6210627383073876E-7
 4883.645714070207 3.739000920505307E-7
 4924.974866383912 3.0258069547581195E-7
 4966.508968324344 2.4489653064091154E-7
 5008.248019891502 1.9822802617532007E-7
 5050.184953856879 1.6046304158785506E-7
 5092.312702991967 1.2989731368887104E-7
 5134.645401753782 1.0515484616324027E-7
 5177.1759829138154 8.512402121159358E-8
 5219.89737924356 6.890635641952915E-8
 5262.809590743015 5.5775343572026344E-8
 5305.912617412182 4.5143297163380374E-8
 5349.213526479568 3.653467418251116E-8
 5392.691116259648 2.956458623519958E-8
 5436.35952120944 2.392143048781681E-8
 5480.211674100436 1.9352899729506922E-8
 5524.240507704126 1.565466518597379E-8
 5568.453089249019 1.2661237898371308E-8
 5612.842351506608 1.0238573044374178E-8
 5657.4153617054 8.278091948326435E-9
 5702.150918159872 6.691842477249438E-9
 5747.06315532704 5.408580236492386E-9
 5792.145005978395 4.37059654110074E-9
 5837.396470113937 3.5311505831144705E-9
 5882.81048050516 2.8523859196567667E-9
 5928.387037152062 2.3036453735490786E-9
 5974.126140054643 1.860104294546212E-9
 6020.020721984397 6.588768327440859E-10
 6066.070782941323 8.182188392695887E-10
 6112.276322925421 8.037068212419271E-10
 6158.63734193669 7.8914597109487E-10
 6205.139705518116 6.36568569349773E-10
 6251.797548126714 5.133892729041151E-10
 6298.58966807696 4.1396407098227415E-10
 6345.53019982587 3.3372873454599224E-10
 6392.605008916429 2.689927445778996E-10
 6439.814095348636 2.1677271023620384E-10
 6487.157459122493 1.7465736178772855E-10
 6534.628033009489 1.406982619614961E-10
 6582.232884238134 1.1332128484806326E-10
 6629.957878351413 9.125497912889801E-11
 6677.810082577831 7.34726126585655E-11
 6725.775362460375 5.914522249469662E-11
 6773.860785227551 4.7603683718975904E-11
 6822.059283650852 3.830801131050716E-11
 6870.363790501771 3.082251297111525E-11
 6918.781373008815 2.4795736956222615E-11
 6967.297896714968 1.9944238251014666E-11
 7015.920428848738 1.6039468437760197E-11
 7064.641902181619 1.2897182896009876E-11
 7113.448182256592 1.0368881960909129E-11
 7162.353403530676 8.334900420988576E-12
 7211.3292970898364 6.698827310154236E-12
 7260.446535219154 5.383003720002877E-12
 7309.63444563355 4.324883974424505E-12
 7358.822356047946 3.474106639819674E-12
 7408.151611032498 2.790126168954358E-12
 7457.5515383021274 2.2403054401740402E-12
 7507.022137856837 1.7983774273551271E-12
 7556.563409696622 1.4432044629306602E-12
 7606.104681536409 1.1577790081021066E-12
 7655.787297946353 9.28417502663087E-13
 7705.469914356294 7.441117958969543E-13
 7755.293875336393 5.960056782868633E-13
 7805.047164031415 4.769739895852346E-13
 7854.941797296592 3.812830671882368E-13
 7904.83643056177 3.0431735783878943E-13
 7954.8017361120255 2.423591104557307E-13
 8004.7670416622804 1.9241076181138076E-13
 8054.732347212535 1.520515999218258E-13
 8104.76832504787 1.1932206944604034E-13
 8154.874975168281 9.263013302948003E-14
 8204.981625288692 7.067536840204183E-14
 8255.017603124026 5.2387345979286345E-14
 8305.194925529517 3.6875545290491784E-14
 8355.30157564993 2.3388977193546578E-14
