 0.0E+0 0.0E+0
 0.257209777409705 3.303437016760999E-3
 0.7746532234858269 0.011937849280699792
 1.2981846668454102 0.024891852783476123
 1.8278780507752985 0.04128831340037022
 2.3637917515545794 0.060379631837522304
 2.9060165767284984 0.0815411903446776
 3.4546173888293756 0.10426260854719632
 4.009665536642761 0.1281341748322145
 4.571238855207438 0.15283040838167505
 5.1394151795621905 0.17809373638126918
 5.714278830999031 0.20372017339521886
 6.295888185797048 0.22954765920869221
 6.8843145927417914 0.2554469456571898
 7.4796877768979 0.28131434944152605
 8.08206611454446 0.30706577263111184
 8.691514468213793 0.3326317315813223
 9.308097700438214 0.3579535638305665
 9.932010398814683 0.3829807174085145
 10.56318770081088 0.4076689983410359
 11.201759331491443 0.43197941084589486
 11.847855015921011 0.4558777476278562
 12.5015396166319 0.47933487500676213
 13.162942858688753 0.5023272549861487
 13.832064742091566 0.5248372302638954
 14.509034991904977 0.5468525650712188
 15.193983333193625 0.5683649564813857
 15.88697462848983 0.5893679821795584
 16.58807374032591 0.6098553913995117
 17.297410393766504 0.6298203843669538
 18.015114313876246 0.6492557598542287
 18.741185500655141 0.6681547068581651
 19.475818541700146 0.6865118611309097
 20.219013437011255 0.7043241179290164
 20.971029636717755 0.7215908363731797
 21.731802278287315 0.7383136063294351
 22.50146108678458 0.7544956643751967
 23.280200649806502 0.7701418592979845
 24.068085829885404 0.785258886936676
 24.865181489553606 0.7998556889299899
 25.671682216408061 0.8139424146602322
 26.487588010448774 0.82752953769868
 27.313028596740377 0.8406276370432392
 28.148198562879834 0.8532482334882299
 28.993162771399457 0.8654037517260066
 29.847986084831568 0.8771076439605345
 30.712863090773126 0.8883740578372181
 31.58785865175645 0.8992173852777421
 32.47310249284617 0.9096519920530571
 33.36872433910693 0.9196918190892216
 34.27485391560337 0.9293497760628197
 35.19155608486781 0.938636909918091
 36.11902543449721 0.9475623180198703
 37.05732682702387 0.9561336693181893
 38.00665485004477 0.9643575762531836
 38.96707436609221 0.9722400227661063
 39.938715100230844 0.9797874488228862
 40.92170677752531 0.9870076483018818
 41.91624398557254 0.9939096358842221
 42.922456449437206 1.0005024293220594
 43.940409031651604 1.0067939884817251
 44.97023145728038 1.0127914322196835
 46.01211831392049 1.0185014790107194
 47.06619932663657 1.0239305299951506
 48.13260422049326 1.029085059252568
 49.211462720555203 1.033972043062349
 50.30296941441935 1.0385985536873572
 51.40718916461802 1.0429715699163073
 52.524316558748175 1.0470983793211536
 53.65454618440676 1.0509875559789092
 54.79794290412611 1.0546495634269204
 55.954701305503164 1.0580966417388475
 57.124951113602584 1.061341567726022
 58.30888691602131 1.064396364882203
 59.50663843782397 1.0672711343473773
 60.71840026660755 1.0699742998442722
 61.94423726490435 1.0725120955232576
 63.18440888284364 1.0748890013647216
 64.43910970802239 1.0771095829572547
 65.70833974044059 1.0791791662769154
 66.99261788035682 1.0811029469989155
 68.29181440270641 1.0828853815293937
 69.60592930748936 1.0845312103734663
 70.93561122002887 1.0860474562136961
 72.28021151500177 1.0874414479617691
 73.6410274430544 1.08871866571138
 75.0174103788636 1.0898835192002866
 76.41000894775254 1.0909393097062467
 77.81882314972124 1.0918873821779222
 79.24450161009288 1.0927259369488306
 80.68639570354428 1.093450188285763
 82.14450543007541 1.0940561348454906
 83.62012804033267 1.0945440708326854
 85.11326353431608 1.0949190628672635
 86.62326328670241 1.0951908225049697
 88.15077592281489 1.095372413829835
 89.69645006797667 1.095477770848668
 91.2596370968646 1.095519803420931
 92.84163426012502 1.0955095517227406
 94.44179293243478 1.0954552405307531
 96.06011311379385 1.0953601589496517
 97.69724342952543 1.0952211223704424
 99.35383250495272 1.095030006770171
 101.0292317147525 1.094776965967048
 102.72473830957118 1.0944536744342401
 104.43970366408557 1.0940558171079486
 106.17412777829566 1.0935834837680522
 107.92865927752463 1.0930411526500884
 109.70394678709567 1.0924359648958021
 111.4999903070088 1.091776927176926
 113.31614121194085 1.0910719561213644
 115.15434537786132 1.0903245678116852
 117.01265692880068 1.0895365156635454
 118.8936703660517 1.088711248212732
 120.7954398136448 1.087851286325048
 122.71991114754957 1.0869540383498181
 124.66643574244279 1.0860143150612988
 126.63566222364766 1.0850328933046353
 128.62759059116416 1.084018318209314
 130.64222084499232 1.082980076870124
 132.68085023577853 1.0819214871800253
 134.74218151287638 1.0808413018229756
 136.82816055225544 1.0797388863803407
 138.93749010326934 1.0786137512387417
 141.07211604188765 1.0774644850679153
 143.23074111746402 1.076289345965361
 145.41401395532156 1.0750873536760752
 147.62323180610673 1.073859264663489
 149.85774604449633 1.0726023965497115
 152.1175566704903 1.071307936922572
 154.4039609347351 1.0699675771243195
 156.71631021190748 1.0685769654114254
 159.05590175265382 1.0671360055619645
 161.422086931651 1.0656469022584778
 163.8155143742221 1.0641136499524783
 166.23618408036722 1.0625445385633407
 168.6853933007327 1.0609502719713355
 171.16184478467215 1.0593368452810034
 173.66748440815513 1.0577014404207885
 176.2023121711817 1.0560340040407405
 178.7656794484286 1.0543220834441382
 181.3582348652191 1.052553673691541
 183.98127567219947 1.050718411630426
 186.6341532440466 1.0488150029798795
 189.3175162060837 1.0468520673500125
 192.03136455831068 1.0448382778980578
 194.77699555137397 1.0427759043315638
 197.5537605599504 1.0406607778012335
 200.36230820936313 1.0384850829742844
 203.2026384996122 1.03623914856855
 206.0760486813439 1.033913568259138
 208.98253875455833 1.0315042777600702
 211.92146009393223 1.0290137034920536
 214.89475857543527 1.0264476102857866
 217.90178557374417 1.0238071018724155
 220.94318971418206 1.0210919675764431
 224.01961962207232 1.0183067310763096
 227.13107529741478 1.0154624284645976
 230.27755674020951 1.012577892861597
 233.46036120110287 1.0096726426561846
 236.68013730541807 1.0067488890030531
 239.93558780250873 1.0037913925424708
 243.2286585683444 1.0007769291095938
 246.5593496029251 0.9976817985922873
 249.92766090625082 0.9944888729324024
 253.3342411036447 0.991196316789261
 256.77973882043005 0.9878134476553687
 260.26480268192995 0.9843423769444789
 263.78878406282126 0.9807701173647634
 267.3529802137504 0.9770789745164093
 270.95803976004043 0.9732596555850946
 274.6039627016915 0.9693147282791711
 278.2907490387035 0.9652667816132383
 282.02034464704604 0.9611615042651073
 285.79145227607273 0.9570323585254515
 289.60536917643 0.9528713449384734
 293.46209534811777 0.9486520837719722
 297.3629280417825 0.944364959905548
 301.30786725742416 0.9400107800803649
 305.2975616203659 0.9355835777751933
 309.3326597559309 0.9310627531724452
 313.4125130387961 0.9264056027190424
 317.53906734493085 0.9215595148134078
 321.7116740490122 0.9164856639275826
 325.9316304016864 0.9111802452172717
 330.1989364029535 0.9056972358879116
 334.5142406781366 0.9001115842399773
 338.878191852559 0.8944433111484624
 343.2914385515438 0.8886668239866339
 347.75398077509106 0.8827753639342573
 352.26711577384713 0.8767710965939852
 356.830843547812 0.8706368843884058
 361.4451640969857 0.8643462634158549
 366.1120232973379 0.8578885304965794
 370.8307725235452 0.8512679868483828
 375.60270902625404 0.8444996118825051
 380.4278328054645 0.8376075007916164
 385.3067924864998 0.830584130521718
 390.24023669468294 0.823407631804039
 395.22881405533735 0.8160639708831422
 400.273173193786 0.8085285842866048
 405.3739627353523 0.800783437405799
 410.5318313053592 0.7928346596152217
 415.7467789038069 0.7847185226493742
 421.0194541560184 0.7765116376851947
 426.3511543126403 0.7682767421656524
 431.7425279989957 0.76001144786656
 437.1929265897613 0.751668826850971
 442.7042959609068 0.743208965555896
 448.2772847377554 0.7346182768557981
 453.91124429498376 0.7258649696534869
 459.60812050856156 0.7169301117172351
 465.3679133784889 0.7078447643851994
 471.1912715300888 0.6986385532183912
 477.0788435886845 0.689297080792351
 483.03127817959915 0.6798075217776837
 489.0498725534793 0.6702202584566159
 495.1346267103247 0.6605529413895934
 501.2861892754588 0.6507959097284415
 507.5058574995278 0.6410332687905932
 513.7936313825317 0.6313425387095991
 520.1501595497938 0.6216796020136389
 526.5767392519605 0.611958301720549
 533.0740191143547 0.6021240405251614
 539.6419991369768 0.5921376295431631
 546.2819765704729 0.5819475126810677
 552.9946000401662 0.5715490308808933
 559.7805181713801 0.5609997056801577
 566.6410282147608 0.5503226844791861
 573.5754815449852 0.5395558390205931
 580.5858240380228 0.5288020588043238
 587.6727043191968 0.5180638349557786
 594.8361223885073 0.5072843224434644
 602.0780241219237 0.4964984850661269
 609.3977608941229 0.4857336260246327
 616.7972785810746 0.47497985596128383
 624.2772258081018 0.46427147335668333
 631.8376025752045 0.4537066916380798
 639.4797061330291 0.4433961353172585
 647.204185106899 0.4333812187511733
 655.01428262343 0.42364116177578753
 662.9015665534204 0.4141387263963918
 670.8796580286574 0.4048437103861856
 678.9420707959093 0.3957341266903871
 687.0952911084077 0.3868273966399243
 695.3263464596889 0.3781463545716651
 703.6546956094486 0.36972865454034
 712.0673660512231 0.3616354888405144
 720.570844038244 0.35389944518436045
 729.1651295705117 0.3465279817787657
 737.8502226480258 0.3395221154866816
 746.6261232707867 0.3329182300567939
 755.4993176920259 0.3267486875908592
 764.4698059117438 0.32100280368221095
 773.5246154234763 0.3156596470630825
 782.6832049869192 0.3107239867193561
 791.9390883488406 0.3062370786711856
 801.2922655092405 0.3022264580637015
 810.7362502148871 0.2986869152028445
 820.2905012254758 0.2955918158799921
 829.9355597813114 0.2928965864406533
 839.6908846420889 0.2905505775507332
 849.5435033013454 0.2885099915495546
 859.4999020123118 0.286774000597955
 869.5600807749888 0.28536249202489466
 879.7240395893764 0.28427065762954434
 889.9982647087061 0.2834407057780497
 900.3762698797461 0.2827825043518401
 910.8645413557286 0.28222480082221657
 921.4630791366534 0.28173887535911673
 932.1653969692886 0.28131987205573916
 942.9844673600979 0.28096998422213453
 953.9073178026176 0.2806886319785862
 964.9534070565435 0.28046395144185753
 976.1032763621797 0.2802864147216046
 987.376384479222 0.2801557201087754
 998.7597589012067 0.28006215624580554
 1010.2598858813656 0.27999126326654116
 1021.8832516729304 0.2799482450909315
 1033.6168837694376 0.279958962048644
 1045.473754677351 0.2800412454470477
 1057.4538643966704 0.28018378985565894
 1069.5507266741642 0.28034428029378355
 1081.7773140162958 0.2804737811071167
 1094.1206539166016 0.28054866974847214
 1106.5937188815455 0.28057870156951436
 1119.1900226578954 0.2806038987514398
 1131.9095652456514 0.2806698162276841
 1144.7653191512777 0.2808035378821409
 1157.7443118683097 0.2810068605784873
 1170.8530296499798 0.281260828647685
 1184.0914724962876 0.281522793347866
 1197.4661266604657 0.2817532730362282
 1210.9705058892816 0.28196058635176163
 1224.6110964359675 0.2821865864109963
 1238.3878983005233 0.2824552946395521
 1252.300911482949 0.2827502572025612
 1266.3501359832446 0.28301810902193214
 1280.53557180141 0.28320456512786806
 1294.8572189374453 0.28329725161846563
 1309.3280498978147 0.283312938671199
 1323.9350921760535 0.2832828380191077
 1338.6848320253941 0.2832355237877025
 1353.577269445837 0.2831794104951377
 1368.6124044373812 0.2830768709177653
 1383.7967232532594 0.28291961297214707
 1399.1302258934713 0.28274584066441343
 1414.6064261047847 0.2825579746128728
 1430.2318101404321 0.28236139422477396
 1446.012864253645 0.2822426697085864
 1461.9366159379596 0.2822731086369401
 1478.0225239530718 0.2824319479115603
 1494.2511295392857 0.2826525854791331
 1510.6418914562973 0.28289952777876814
 1527.1818371976426 0.2832343058988817
 1543.8774530165535 0.2836692972508135
 1560.7352251662616 0.2841020789941813
 1577.7486673935356 0.28449580950848285
 1594.9242659516071 0.2847958039810123
 1612.2555345872442 0.2849681385622914
 1629.7554458069105 0.2850609082701975
 1647.4110271041427 0.2849945708725034
 1665.2352509854038 0.28481803686912693
 1683.221631197463 0.2846996699519569
 1701.3701677403191 0.2846403881826869
 1719.687346867205 0.28462704784814124
 1738.1796548313525 0.2847609301526128
 1756.834119126297 0.2851408941495633
 1775.6572260052707 0.28581331201802084
 1794.6489754682745 0.28667092784446196
 1813.8158537685392 0.2874575194473395
 1833.157860906065 0.28797902719545376
 1852.6685106276206 0.28798537838647025
 1872.3607754396691 0.2874761513807542
 1892.2216828357472 0.2868726553498883
 1912.2642053223187 0.28648295688884634
 1932.4818566461513 0.2864372541755913
 1952.874636807245 0.28669110325159635
 1973.4555183120642 0.2872334882126235
 1994.2115286541443 0.2879381496580609
 2015.1491540867177 0.28870770178184895
 2036.2683946097843 0.28937677529532884
 2057.569250223344 0.28981587976530343
 2079.0582071806293 0.28979539594927
 2100.7287792284073 0.2892924238746265
 2122.5874526199104 0.28870635878385175
 2144.634227355139 0.2882101519209027
 2166.8626171808605 0.28755573511661736
 2189.2855946035392 0.2866425884669378
 2211.896673369943 0.2858034414481172
 2234.695853480072 0.28529800557556783
 2257.6896211871576 0.2847547324179243
 2280.8714902379683 0.28394218691598965
 2304.2414606325046 0.28309891765246214
 2327.8125048772294 0.2825791344680734
 2351.578136718911 0.28208906077635537
 2375.5318699043182 0.2816818943404899
 2399.686676939914 0.2813066784360493
 2424.0360715724673 0.2808819848190634
 2448.5800538019766 0.28054846005768424
 2473.325109881676 0.28045107034054694
 2498.2647535583314 0.2801724611259311
 2523.4054710851764 0.2795259550162644
 2548.740776208978 0.2784331206005932
 2574.2836414362004 0.2772793092367181
 2600.0210942603803 0.27637188780877885
 2625.9661071879804 0.2755619015577429
 2652.11219396577 0.274679940412536
 2678.452868340516 0.2735692338090619
 2705.001102818683 0.27219542933039303
 2731.756897400271 0.27064986808767765
 2758.7137658320475 0.2686819089699393
 2785.871708114013 0.26607629542329214
 2813.2372104993996 0.2630998938885197
 2840.8102729882066 0.26014022759289123
 2868.584409327203 0.2574290563384066
 2896.56610576962 0.25495526122738665
 2924.7553623154576 0.25209302394810595
 2953.1456927114845 0.24864339865989976
 2981.7500694641635 0.24474975626997155
 3010.555520067032 0.24046003507852073
 3039.575017026553 0.2358770660174668
 3068.795587836263 0.2305239629643572
 3098.2237187493933 0.22405813992741302
 3127.865896019177 0.21693072287101067
 3157.7091471391495 0.20947426012051384
 3187.766444615774 0.20162984351665272
 3218.03130219582 0.19361357106421692
 3248.5037198792865 0.1854714157351512
 3279.183697666174 0.17722133376397306
 3310.0712355564824 0.16884546899760982
 3341.166333550211 0.16054509783540382
 3372.475477900593 0.1521503120208024
 3403.9856961011637 0.14310035505719131
 3435.709960658387 0.13345947674978292
 3467.6352990657992 0.12353346935020473
 3499.7746838298644 0.11372227331976238
 3532.1151424441177 0.10418942486869663
 3564.669647415024 0.09508271370663059
 3597.4252262361196 0.08691015199400424
 3630.394851413868 0.07973347080237028
 3663.5655504418045 0.07296655264364563
 3696.9438095731625 0.06610982213548315
 3730.523142554709 0.05924976973500483
 3764.316521892909 0.052733440876236194
 3798.3044888280655 0.046318048570217804
 3832.5065021198743 0.03986194837951426
 3866.9031030086403 0.03375436906632604
 3901.507264000828 0.02846687108342415
 3936.3189850964354 0.024125818084482306
 3971.325293789 0.02070913726922874
 4006.532676331754 0.018066776617610746
 4041.941132724696 0.015972388951065941
 4077.5506629678275 0.014245975905135775
 4113.361267061148 0.012779202511218321
 4149.366458751425 0.011508510791542366
 4185.572724291891 0.010393510037286264
 4221.967091176083 9.406352053174716E-3
 4258.562531910464 8.526654054620147E-3
 4295.3525602418 7.738838323171772E-3
 4332.337176170095 7.030606989914501E-3
 4369.509893442114 6.392004119790398E-3
 4406.87719831109 5.814805012233683E-3
 4444.432604523792 5.292103754099095E-3
 4482.176112080218 4.818022514590585E-3
 4520.107720980371 4.38750222740015E-3
 4558.227431224247 3.996146913575243E-3
 4596.5352428118494 3.640106316053475E-3
 4635.024669489944 3.3159849233272012E-3
 4673.689225005301 3.020771244434185E-3
 4712.541881864382 2.751780980066787E-3
 4751.576153813957 2.506611437483498E-3
 4790.785554600792 2.2831044804100162E-3
 4830.170084224889 2.07931547327061E-3
 4869.729742686249 1.8934879032333274E-3
 4909.471016238101 1.7240315218010925E-3
 4949.37444612075 1.5695040546630267E-3
 4989.4530048406604 1.428595360287944E-3
 5029.7002061446 1.300113747210553E-3
 5070.109563779338 1.1829741299381024E-3
 5110.687563998104 1.0761876016590744E-3
 5151.427720547669 9.788522295989022E-4
 5192.336519681263 8.901449215660885E-4
 5233.39450263919 8.093142078345521E-4
 5274.614641927916 7.35673705001674E-4
 5315.990451294207 6.685963124700209E-4
 5357.521930738062 6.07509046744101E-4
 5399.202594006252 5.518882009941812E-4
 5441.032441098776 5.012551287581071E-4
 5483.011472015633 4.5517234401313725E-4
 5525.133200503592 4.1323997514015306E-4
 5567.397626562653 3.750925694534474E-4
 5609.804750192816 3.4039615333694424E-4
 5652.35457139408 3.0884552872848994E-4
 5695.034117659983 2.80161885958943E-4
 5737.856361496988 2.540905113991836E-4
 5780.801844145398 2.303987734641199E-4
 5823.883538111679 2.0887422527555543E-4
 5867.0884708893645 1.8932291810774097E-4
 5910.416642478457 1.7156781408166223E-4
 5953.8680528789554 1.554473469379627E-4
 5997.436215837629 1.408141077592541E-4
 6041.127617607708 1.2753363156606936E-4
 6084.92928568273 1.1548328771900524E-4
 6128.847706315924 1.0455127342583939E-4
 6172.869907000831 9.463567265888644E-5
 6217.002373990679 8.564360667361927E-5
 6261.238621032237 7.749045188435673E-5
 6305.572161872275 7.009912284604682E-5
 6350.009482764021 6.339942116585284E-5
 6394.537611201015 5.732742621786342E-5
 6439.163033436488 5.1824947869099376E-5
 6483.879263217208 4.683902416924687E-5
 6528.67332803671 4.232145591701056E-5
 6573.558200401459 3.822838815003927E-5
 6618.507935298525 3.451991884673377E-5
 6663.587395260231 3.1159748424766745E-5
 6708.731717754255 2.811485254609171E-5
 6753.876040248281 2.535518750655149E-5
 6799.150087806944 2.2853417285704643E-5
 6844.488997897924 2.058466670606545E-5
 6889.892770521225 1.8526291482973457E-5
 6935.361405676845 1.6657671350333242E-5
 6980.830040832464 1.4960018244213222E-5
 7026.428401052722 1.3416201420266942E-5
 7072.026761272979 1.2010586494021272E-5
 7117.754846557874 1.0728887815148038E-5
 7163.418069310452 9.558032098998646E-6
 7209.211017127665 8.48603296748809E-6
 7255.003964944881 7.501875413630293E-6
 7300.861775294415 6.595407506424246E-6
 7346.7195856439475 5.757240130111445E-6
 7392.577395993481 4.978652594430888E-6
 7438.500068875334 4.2515030989645535E-6
 7484.487604289505 3.5681432308045945E-6
 7530.475139703677 2.9213338239922176E-6
 7576.397812585529 2.304161099342449E-6
 7622.450210532021 1.7099478058829943E-6
 7668.437745946193 1.1321547224640321E-6
 7714.490143892683 5.642767123788373E-7
 7760.477679306854 8.418612387704418E-17
