 0.24447015851418352 -7.120684420027259E-5
 0.7362845932464062 -8.966898030786134E-4
 1.2338854863159065 -3.469630892465891E-3
 1.7373431185931778 -8.788608706235901E-3
 2.246712974975978 -0.017716479474005255
 2.762081365305263 -0.030873623883860043
 3.2835099394674323 -0.04858495241034146
 3.8110665123375206 -0.07087324324076989
 4.344825063779207 -0.09748780015579676
 4.884859573656168 -0.12795781850061282
 5.43125018682072 -0.161658637108892
 5.984052388170622 -0.19787968451610588
 6.54333399258091 -0.2358853478739473
 7.109218299824381 -0.2749638776480599
 7.68176079479879 -0.3144627593126191
 8.261023127390537 -0.35381035076350264
 8.847066947486018 -0.3925256679937955
 9.440077204744426 -0.43021982364136884
 10.039992249279367 -0.46659233294077595
 10.646935380863631 -0.5014240038646437
 11.261029899270016 -0.5345667488916424
 11.882337454384919 -0.5659315734302012
 12.510981345981135 -0.5954766471215068
 13.146961574058663 -0.6231970445680879
 13.7904014383903 -0.6491165343647131
 14.44142423874884 -0.6732798713249443
 15.100091625020681 -0.6957471429299527
 15.76646524709222 -0.7165893293668553
 16.440668404736257 -0.7358855803522296
 17.12282439772558 -0.7537214391474469
 17.812933226060192 -0.7701875401699193
 18.511179839399286 -0.7853768266171229
 19.21756423774286 -0.7993807616993134
 19.93233302063651 -0.8122854806727505
 20.65542453819383 -0.8241703108524783
 21.386962090187623 -0.8351080084102787
 22.127130626277075 -0.845166415960361
 22.87599179634859 -0.8544107713394252
 23.633607250288562 -0.8629033524097294
 24.40016193775618 -0.870701819473402
 25.17565585875146 -0.8778592744719316
 25.960212313047176 -0.8844256817738976
 26.754016250302534 -0.8904491113642369
 27.557129320403927 -0.8959747324529332
 28.369613173237752 -0.9010430966898411
 29.191652758463202 -0.9056887173769531
 30.023309725966683 -0.9099400102689121
 30.864707375520975 -0.9138222535474518
 31.715969006898884 -0.9173604293968622
 32.577217919873206 -0.9204080584741636
 33.44851576433033 -0.9234912468599544
 34.330047489929455 -0.9261171585863637
 35.22187474655698 -0.9284685622830287
 36.12418248387209 -0.9305552850650969
 37.03703235176119 -0.9323838980758291
 37.96054764999708 -0.9339625116451965
 38.894851678352544 -0.9353051560520536
 39.84012938648677 -0.936432136721072
 40.796504074172574 -0.9373661862559658
 41.764037391296334 -0.9381260708946967
 42.742852637630853 -0.9387235713355436
 43.733134762835334 -0.9391673899033659
 44.735007066682555 -0.9394689520995092
 45.74859284894531 -0.9396438865890269
 46.77401540939641 -0.9397085916303275
 47.811459697695035 -0.9396791694843747
 48.860987363727595 -0.9395737351947534
 49.92278335715328 -0.9394111733984029
 50.99703262763126 -0.9392077047552649
 52.08379682504796 -0.9389762939533952
 53.18326089906256 -0.9387286624915838
 54.29554814944787 -0.9384762950706653
 55.42084352586306 -0.9382241052482133
 56.55927032808094 -0.9379672978656319
 57.711013505760703 -0.9376941514241311
 58.87613470878874 -0.9373941876141865
 60.054880536710633 -0.9370652160547109
 61.24743593918559 -0.9367122095027669
 62.45380091621362 -0.936344166280658
 63.674468666885886 -0.9359720382938193
 64.9093158914296 -0.9356027518824448
 66.15834258984475 -0.9352324590797599
 67.42216526099533 -0.9348510367731734
 68.70016740601734 -0.9344551105918216
 69.99358202263876 -0.9340574676252935
 71.30179261199561 -0.9336784132982606
 72.62541567295185 -0.9333238083601181
 73.96445120550747 -0.9329848912865176
 75.31951570852648 -0.9326506509725355
 76.6899926831449 -0.9323151674692877
 78.07588212936268 -0.9319804535593948
 79.47841704490784 -0.9316466276418346
 80.89759742978033 -0.9313007250285512
 82.33280678511622 -0.930919953916342
 83.78466160977945 -0.9304891592360643
 85.25377840263398 -0.9300121297550037
 86.73954066481588 -0.9295015933632604
 88.24318139405308 -0.928972823528955
 89.7640840914816 -0.9284390809375872
 91.30224875710145 -0.9278982694271407
 92.8582918897766 -0.9273511719312022
 94.43282998837103 -0.9267740361145157
 96.02524655402075 -0.9261572366403072
 97.63677458445372 -0.9254916567872961
 99.26679758080598 -0.9247804933278791
 100.91531554307751 -0.9240418613056414
 102.5829449701323 -0.92329677653912
 104.27030236083431 -0.9225572565245495
 105.97738771518354 -0.9218186245023117
 107.70358453431605 -0.9210672053904846
 109.45074231482373 -0.9202948888590975
 111.21701156011464 -0.9194974717444431
 113.00485826564471 -0.9186707508828135
 114.81243293482203 -0.917812831890566
 116.6415850642385 -0.9169234779697452
 118.49169815503015 -0.9159995515474428
 120.36338870606096 -0.9150304559151566
 122.25665671733091 -0.913995530451282
 124.17150218884004 -0.912875712920413
 126.10915811831626 -0.9116721873123265
 128.06839150803165 -0.910402654274185
 130.0510518545781 -0.9090814400822873
 132.0559061602277 -0.9077187862482028
 134.08480392157235 -0.9063244014881009
 136.13651214088412 -0.9049045017483096
 138.21164731702697 -0.9034625797986704
 140.31144244772883 -0.902001654813114
 142.43528103412577 -0.9005214899936851
 144.5831630762178 -0.8990072262686851
 146.75632157173282 -0.8974322238681369
 148.95414002180686 -0.8957709678123511
 151.1778514241679 -0.894017064556533
 153.42683927995196 -0.8921888067427337
 155.70172008802296 -0.890330297990138
 158.002493848381 -0.888502632171227
 160.33039355875396 -0.8867507416980295
 162.6841862214139 -0.8850665162405742
 165.06572133295276 -0.8834082201592303
 167.47499889337055 -0.8817261850828622
 169.9114024038033 -0.8799906928680727
 172.37554836311491 -0.8781918572002262
 174.8686697690334 -0.8763502795014384
 177.39015012269481 -0.8745360519664938
 179.94060592296307 -0.8728361386444964
 182.52003716983821 -0.8713110414130391
 185.12967686104812 -0.8699641346429855
 187.76890849772894 -0.8687336140679885
 190.43834857874452 -0.8675289636696141
 193.13799710409497 -0.866284886411673
 195.86908707150814 -0.8649147276289912
 198.63161848098411 -0.863528795009308
 201.42497483365886 -0.8619724996472329
 204.25100562612436 -0.8603103555991144
 207.10909435951663 -0.8585799545403652
 209.99985753269953 -0.8567998259109916
 212.9239116445372 -0.8549763040562994
 215.88125669502954 -0.8531386335237747
 218.8718926841766 -0.8513253531806516
 221.8970526097063 -0.8495584852367779
 224.95735297048261 -0.8478162442802609
 228.05156076877761 -0.8460167574180372
 231.1815255011832 -0.8440669630536525
 234.3472471676994 -0.8419000249642081
 237.5487257683262 -0.8394832650318653
 240.78657780192756 -0.8368147296734925
 244.0614197673675 -0.8339368057230978
 247.37386816350993 -0.8309028319201249
 250.72330649149097 -0.8277403952263725
 254.1109677490385 -0.8244959672405788
 257.5374684350165 -0.8211959509347656
 261.00280854942496 -0.8177944667050834
 264.5069880922639 -0.8142689595462843
 268.0518565601253 -0.8106965071928365
 271.63618095528113 -0.8072010141748787
 275.2611942754594 -0.8038860795978783
 278.92689652066 -0.8007959846794864
 282.634520688611 -0.797942569317471
 286.38406677931243 -0.7952653316342388
 290.1761512916281 -0.7926337959563899
 294.0113907244221 -0.7899574462654905
 297.8891685788305 -0.787186495791427
 301.81133435144505 -0.7842288893290558
 305.777271543402 -0.7809966564379627
 309.78821315242913 -0.7774356887853494
 313.8441591785265 -0.77354527597735
 317.9457261205581 -0.7693833151140483
 322.0935304773879 -0.7650447029760528
 326.2881887478799 -0.7606152788221787
 330.529700932034 -0.7560476830613557
 334.8193000275782 -0.7512547740460134
 339.1569860345126 -0.7462401037454821
 343.54275895283706 -0.741095608965928
 347.97846827914366 -0.7359782867517507
 352.46349751456824 -0.7309980705537233
 356.9990796568389 -0.7261287349982906
 361.5852147059555 -0.7212569130643265
 366.22251916078215 -0.7162771112627211
 370.91160952018276 -0.7111345700662987
 375.6531022830214 -0.7058122992217625
 380.44761394816185 -0.7001982305919319
 385.29576101446826 -0.6945213583140627
 390.1981599808046 -0.6886961286123547
 395.1548108471707 -0.6828141266008506
 400.16633011243067 -0.6768635123817827
 405.2339507743125 -0.6708947239196412
 410.35828933168016 -0.6648855614061121
 415.5387292856696 -0.6589620605529322
 420.7771201328727 -0.6531979839231943
 426.07407837215356 -0.647438110457164
 431.42898750464814 -0.6415889049624764
 436.8436970269484 -0.6355039079037451
 442.3182069390543 -0.6290154071290905
 447.85313373982984 -0.6221947380225633
 453.449093928139 -0.6152739033809212
 459.10670400284573 -0.6084254697141287
 464.82719696167805 -0.6016455890554111
 470.61057280463586 -0.5947876242709156
 476.45744803058323 -0.5876364680979985
 482.36905563724803 -0.5800017705002486
 488.34539562463027 -0.5717659553728835
 494.38708449159406 -0.563115708303956
 500.4953552358672 -0.5544584934551919
 506.67082435631363 -0.545993475666891
 512.9134918529336 -0.5375553877260627
 519.2245907234548 -0.5286860611087905
 525.6047374667412 -0.5193385447004764
 532.054548581657 -0.5099594039252247
 538.57525706593 -0.5007844066672837
 545.1662464206962 -0.4918597758875385
 551.8293661425477 -0.48310693018450473
 558.5652327303482 -0.4743713352125186
 565.3738461840979 -0.4655418853709279
 572.2570560003887 -0.4564558412649157
 579.2142456803567 -0.44719901847350213
 586.2472647205936 -0.4376589557277408
 593.3567296199636 -0.42777093614643335
 600.5426403784667 -0.4177195614956251
 607.8062299938306 -0.40777845181272737
 615.1481149649195 -0.39834919867017393
 622.5713777860532 -0.38903768147102246
 630.0680039719999 -0.3793729860414094
 637.6509399989034 -0.3693957528304224
 645.3140208781238 -0.35910528920404205
 653.0634115983007 -0.34875822494638325
 660.8867821821548 -0.33844276137586642
 668.8026275956051 -0.327931560615454
 676.7986178613725 -0.31720678585915884
 684.8809179680964 -0.30663526673956886
 693.0495279157769 -0.29620190738703017
 701.3044477044141 -0.2854917808735259
 709.6456773340079 -0.2746696739483792
 718.0793817931981 -0.26373390037396593
 726.6055610819848 -0.25321004276283987
 735.2118852230881 -0.24304226415712837
 743.9168491824277 -0.23280500311136717
 752.7142879713637 -0.2225558370484006
 761.604201589896 -0.21239462958595023
 770.580425049385 -0.2022582918287609
 779.6614533157498 -0.19206751422163567
 788.8287914230714 -0.18191618715387244
 798.1009343372687 -0.17186052646007221
 807.4655520810626 -0.16207923763719175
 816.9288096430923 -0.15273870676856057
 826.4907070233584 -0.1437588606255757
 836.1512442218607 -0.1349152147465615
 845.9165862272388 -0.1263374100921255
 855.780568050853 -0.1181656310518372
 865.7493546813432 -0.11024458552657547
 875.8229461187092 -0.1023520623150361
 885.9951773743115 -0.09464378567260881
 896.2783784254294 -0.08733235872355925
 906.6602192947834 -0.08047252915516527
 917.1591949482928 -0.07394538887414588
 927.7568104200384 -0.0677199883877363
 938.4715606759393 -0.06159564142877403
 949.2911157387161 -0.05548796978182779
 960.2216405970087 -0.049527510095771123
 971.2693002394566 -0.043990715103556475
 982.4217646887805 -0.03908932835287162
 993.6913639222597 -0.03461167496743585
 1005.0780979398945 -0.030300772334180787
 1016.575801753045 -0.026202846965960882
 1028.1968053389905 -0.022558058165106358
 1039.9287787204516 -0.019498211225536576
 1051.784051874708 -0.016891423302001797
 1063.7564598131198 -0.014565804534695236
 1075.846002535687 -0.012488048699201459
 1088.0650100196892 -0.01068254539292704
 1100.4011522878467 -9.133287666084941E-3
 1112.8605943287993 -7.865667955422656E-3
 1125.4433361425474 -6.89781373641742E-3
 1138.1555427177302 -6.129516850322535E-3
 1150.9910490657082 -5.431602591704672E-3
 1163.9560201751212 -4.761984386362856E-3
 1177.0504560459692 -4.1846917502304254E-3
 1190.274356678252 -3.774543898076426E-3
 1203.6277220719698 -3.5133005793973846E-3
 1217.1105522271225 -3.3091480637644117E-3
 1230.7228471437101 -3.111734403544391E-3
 1244.4769367990124 -2.9225946869620563E-3
 1258.3604912157493 -2.731674632393069E-3
 1272.3796753825611 -2.598528766048963E-3
 1286.5344892994476 -2.5118752774636594E-3
 1300.8249329664085 -2.4308838647888247E-3
 1315.2571713720842 -2.348686321728395E-3
 1329.8312045164743 -2.2708289891921586E-3
 1344.5408674109391 -2.209075338407726E-3
 1359.3923250441182 -2.226603572561005E-3
 1374.3917424046517 -2.2443064342027355E-3
 1389.52678951526 -2.3186789296290046E-3
 1404.8159613418617 -2.3732478344505535E-3
 1420.2407629185386 -2.3909345105338976E-3
 1435.8196892112093 -2.3742770767634993E-3
 1451.5404102425945 -2.3246450541141482E-3
 1467.4090910013342 -2.265906314897282E-3
 1483.4318964760675 -2.255412992872238E-3
 1499.602661678155 -2.2683943044621845E-3
 1515.9275515962367 -2.2814993418583647E-3
 1532.4004012416726 -2.3260444708308016E-3
 1549.0335405917421 -2.354670502057634E-3
 1565.814639669166 -2.3553190916573486E-3
 1582.7560284512233 -2.329331640847537E-3
 1599.8515419492748 -2.2838199618208333E-3
 1617.1011801633201 -2.229894200246026E-3
 1634.511108081999 -2.180337893742899E-3
 1652.087490693952 -2.12346322803058E-3
 1669.8179980218985 -2.0320601052562746E-3
 1687.7087950544787 -1.915745304783331E-3
 1705.759881791693 -1.7844491264679843E-3
 1723.9774232221805 -1.6228352915322451E-3
 1742.3614193459413 -1.445846579751794E-3
 1760.9057051743363 -1.2686455194048788E-3
 1779.6226106846443 -1.0849386128330795E-3
 1798.4998058995861 -8.794610942409235E-4
 1817.5496207964413 -6.760322331595124E-4
 1836.7658903865697 -5.013945402790488E-4
 1856.1486146699717 -3.2909612111998705E-4
 1875.7101236239268 -1.3790237359376095E-4
 1895.4380872711551 6.230566825800519E-5
 1915.338670600297 2.7690097964203763E-4
 1935.411873611352 5.062813811233312E-4
 1955.6576963043203 7.223550635822806E-4
 1976.0823036678416 9.484693463850699E-4
 1996.6795307132758 1.242443292849561E-3
 2017.4555424292634 1.5630558253015985E-3
 2038.4103388158041 1.8653726373291212E-3
 2059.5377548842575 2.1229175863419556E-3
 2080.8501206119044 2.3451059958429312E-3
 2102.341271010104 2.5071031474688996E-3
 2124.0112060788565 2.5045109415919647E-3
 2145.866090806802 2.5018966116250422E-3
 2167.8997602053 2.36870676006073E-3
 2190.1122142743515 2.221374446610345E-3
 2212.515782991235 2.1021776374222766E-3
 2235.104301367312 1.996025021203349E-3
 2257.8716044139414 1.95133881984901E-3
 2280.8300221084036 2.0310273109739986E-3
 2303.973389462059 2.128381995159193E-3
 2327.301706474906 2.083586130510664E-3
 2350.8211381355863 2.038423280713058E-3
 2374.5255194554592 1.831710091190376E-3
 2398.421015423165 1.5892501783249008E-3
 2422.5014610500634 1.3223521836714948E-3
 2446.779186313434 1.0617315252160566E-3
 2471.2418612359974 9.13751806155734E-4
 2495.901815795033 8.642937116045903E-4
 2520.752885001901 8.56837772783337E-4
 2545.788903867962 8.323452274656749E-4
 2571.0222023704955 7.185689602736146E-4
 2596.452780509501 4.338637948972825E-4
 2622.0744732963385 2.5149429949752703E-5
 2647.887280731009 -3.8519746982955806E-4
 2673.897367802152 -7.734585487262016E-4
 2700.1047345097672 -1.2051805889965916E-3
 2726.5032158652147 -1.6463405077750588E-3
 2753.098976857135 -1.9868448972696745E-3
 2779.892017485527 -2.148945766400088E-3
 2806.8761727617516 -2.2003676855944713E-3
 2834.0637726630884 -2.172753373631889E-3
 2861.4424872122576 -2.041873308523588E-3
 2889.024646386539 -1.9063604098177643E-3
 2916.797920208653 -1.811092803611571E-3
 2944.768473667239 -1.760873462833453E-3
 2972.9424717509373 -1.6802770291481485E-3
 3001.307584482468 -1.5803221258147007E-3
 3029.876141839111 -1.523354516904905E-3
 3058.641978832226 -1.4257802026161198E-3
 3087.605095461813 -1.169420782566765E-3
 3116.765491727873 -7.931262765040374E-4
 3146.123167630405 -3.4852593207212984E-4
 3175.678123169409 2.7280220831312223E-5
 3205.436523333525 2.555286913823306E-4
 3235.3860381454742 4.562279528326319E-4
 3265.538997582535 6.84446611705061E-4
 3295.8830716674283 8.399422978683191E-4
 3326.430590377434 8.060063510536319E-4
 3357.1692237352713 7.718580905454528E-4
 3388.111301718221 6.904835979783442E-4
 3419.2444943490036 6.737247554835656E-4
 3450.5811316048984 5.202411593067969E-4
 3482.1088835086252 5.756515809605575E-4
 3513.8339150488245 5.807394138898895E-4
 3545.7500612368562 5.490220914949413E-4
 3577.8696520500006 5.17102591846944E-4
 3610.1741925223373 4.343325897294456E-4
 3642.6821776197857 3.9170049223882465E-4
 3675.375112376427 3.866627341376463E-4
 3708.2653267695413 3.742067117699116E-4
 3741.3528207991275 3.473951922355702E-4
 3774.625264487906 3.099988218567523E-4
 3808.0888228245175 2.5298050266481746E-4
 3841.743495808961 1.854034514428817E-4
 3875.5892834412375 1.355944756014433E-4
 3909.6261857213467 1.0409871955342039E-4
 3943.848037660648 7.75330377363786E-5
 3978.2610042477822 5.6376441038269934E-5
 4012.8527555054697 4.312679861109477E-5
 4047.6356214109896 3.059270632545939E-5
 4082.603436975702 1.713424539733999E-5
 4117.756202199607 8.28137919793923E-6
 4153.087752094065 4.639352230837489E-6
 4188.604251647716 3.3336563561461047E-6
 4224.299535871921 2.6762462693925624E-6
 4260.173604766677 2.198369406848728E-6
 4296.2264583319874 1.809397448650214E-6
 4332.4580965678514 1.4880895590022794E-6
 4368.868519474267 1.2228941416478688E-6
 4405.451562062596 1.0043631949663131E-6
 4442.201059344199 8.244729978389095E-7
 4479.129341296355 6.764879508245913E-7
 4516.2302429304245 5.548055859782009E-7
 4553.4975992577665 4.547891625359522E-7
 4590.931410278383 3.7261103690786102E-7
 4628.5316759922725 3.0511536722323156E-7
 4666.304561388075 2.497016738560596E-7
 4704.231571499871 2.0422761018456451E-7
 4742.325036304942 1.6692842760657285E-7
 4780.578790814647 1.3635054779309304E-7
 4818.986670040344 1.1129677948134423E-7
 4857.554838970676 9.07812972634945E-8
 4896.277132617001 7.399246430767025E-8
 4935.15971596796 6.02622499020224E-8
 4974.184094057635 4.904101520844013E-8
 5013.362596863303 3.9876696354295825E-8
 5052.689059396325 3.2397660852472276E-8
 5092.163481656701 2.6298541163683646E-8
 5131.779698655791 2.132855286134296E-8
 5171.537710393597 1.7281855770789445E-8
 5211.437516870116 1.398959933397328E-8
 5251.472953096711 1.1478388393173364E-8
 5291.64401907338 9.139745146327444E-9
 5331.950714800124 7.375905848302672E-9
 5372.393040276942 5.945889507863735E-9
 5412.958665526556 4.787599353988896E-9
 5453.659920526245 3.850307403891933E-9
 5494.478310310088 3.0926024903400324E-9
 5535.426164855367 2.4807063321937692E-9
 5576.4911541848005 1.987088147969312E-9
 5617.67327829839 1.5893274336578351E-9
 5658.972537196135 1.2691800907890905E-9
 5700.382765889395 1.0118135098361265E-9
 5741.910129366812 8.051787004366669E-10
 5783.542297651104 6.394967358274351E-10
 5825.285435730911 5.068382470350393E-10
 5867.127213628954 4.007794738458185E-10
 5909.073796333874 3.161214875502316E-10
 5951.11901885703 2.4866071596427243E-10
 5993.256716209782 1.9500182568514898E-10
 6035.49305338077 1.5240518868834223E-10
 6077.815700392715 1.1866265812022744E-10
 6120.230822234256 9.199642005144458E-11
 6162.732253916754 7.097684234623726E-11
 6205.307665462929 5.4455640215538764E-11
 6247.969386850061 4.1511709276679596E-11
 6290.69275812359 3.140714743711922E-11
 6333.539429169914 2.3551652913853462E-11
 6376.447750102637 1.747369585833481E-11
 6419.3560710353594 1.2797210925721843E-11
 6462.387691740876 9.222770653438769E-12
 6505.48096233279 6.512386584411066E-12
 6548.635882811103 4.4772585840447145E-12
 6591.852453175813 2.967909363810243E-12
 6635.069023540523 1.8662427514160692E-12
 6678.408893678028 1.0791611571188642E-12
 6721.748763815533 5.334380573573965E-13
 6765.211933725833 1.716008183025377E-13
 6808.613453749736 -5.137509417469661E-14
 6852.138273546433 -1.707225702058231E-13
 6895.663093343132 -2.1402260368911106E-13
 6939.249563026227 -2.0293642197340583E-13
 6982.836032709322 -1.5462091307653834E-13
 7026.422502392417 -8.290514271061899E-14
 7070.0706219619114 7.028675390484692E-16
 7113.780391417801 8.61133050895503E-14
 7157.490160873692 1.637909020577236E-13
 7201.138280443185 2.2388409597946992E-13
 7244.909699785474 2.343113572297935E-13
 7288.619469241365 2.0238203686843912E-13
