 0.2054342707703902 1.0001252115037526
 0.6187180039165117 1.000337503365786
 1.0368642399385941 1.0004349001730297
 1.4599320375760218 1.0003582944262252
 1.8879680221493617 1.0000292842149605
 2.3210447219350496 0.9993925288840441
 2.7592139428448265 0.9984260249232955
 3.202532671381606 0.9970819097889954
 3.6510630746394783 0.9953222045609408
 4.104867319712531 0.9931124932789867
 4.5640127542860264 0.9904428974243173
 5.028546003680532 0.9873031877698091
 5.4985240543989615 0.9836162697157849
 5.9740505182647964 0.9793805657086709
 6.455172020598601 0.9746426098985321
 6.94194036731212 0.9693939297617529
 7.43440736431709 0.9635361026734022
 7.9327284293487334 0.9571795893684657
 8.436851756495312 0.9503894330071143
 8.946880957580303 0.9430374023250297
 9.46291964442719 0.9351978177716243
 9.985019622947712 0.926899363275096
 10.513284504965354 0.9182138636334524
 11.04771429048011 0.9091670151453725
 11.588412591315464 0.8996961600985411
 12.135483019294895 0.8898697829386514
 12.688977380330147 0.8797486801594656
 13.248947480332959 0.8693060926986466
 13.81549693112681 0.8585143061138105
 14.388729344535184 0.8474558856715144
 14.968644720558078 0.8360875946864215
 15.555398476930716 0.8243965310787723
 16.148990613653097 0.8123332882251065
 16.74962835437218 0.7999124709697155
 17.35725989317623 0.7871764856948524
 17.971988841888727 0.7739611106850081
 18.59397061824489 0.7602740827876315
 19.223257028156456 0.7461501082197526
 19.859899877535173 0.731499342880488
 20.504054584116257 0.7163283738852139
 21.155721147899715 0.7006429984882476
 21.815003180709016 0.6843402489575715
 22.482056100279397 0.6674370775128533
 23.156931712522585 0.6499786861108603
 23.839681823350325 0.6319183652238688
 24.53046185049784 0.61327228741731
 25.229323599876867 0.5940863219154654
 25.93637068331089 0.5743687841056436
 26.65170671262339 0.5541585483876171
 27.37543529963785 0.5335173883973894
 28.107608250266004 0.5124719163303363
 28.84838098224308 0.49107517207936784
 29.59780530148081 0.46939230603531906
 30.356036625714427 0.44750011600883743
 31.123126760855662 0.4254975150161387
 31.899179318728005 0.40345262140139104
 32.68429791115493 0.3814375226070457
 33.478637955871654 0.35954195224652035
 34.282303064701665 0.3378777076395128
 35.095345043556704 0.31652663278424175
 35.91786750426025 0.2955495660761424
 36.750025864547524 0.27502891898840453
 37.591923736242016 0.25505224129694403
 38.44366473116718 0.23569208484109313
 39.30535246114653 0.21700807749644615
 40.17714234391527 0.19906722917266622
 41.05908618538515 0.1819194871899823
 41.95133940329138 0.1655939822612188
 42.85405741536918 0.15013060938926395
 43.7672920275303 0.1355532502182944
 44.69119865750996 0.12187907752205353
 45.62588091713164 0.1091199789278703
 46.57149422413056 0.09727562772591733
 47.52814219033019 0.08633656936358106
 48.49598023346578 0.07628565572223821
 49.47506015944905 0.0670883653675752
 50.46558919192696 0.05870434347839778
 51.467722748634734 0.05110393449972465
 52.48146082957238 0.04424328567231976
 53.507217882033813 0.038084784965448044
 54.54489029419557 0.03258397455860862
 55.59447806605761 0.027674148580895306
 56.65649925673738 0.023314011134268064
 57.730435807117466 0.019454662774426527
 58.81732383543267 0.016054202338353855
 59.91664528256558 0.013071952177161238
 61.028918207633616 0.010462112803349239
 62.15414261063676 8.189727939484508E-3
 63.29283655069244 6.225810794604094E-3
 64.44448196868323 4.538682130190364E-3
 65.60907886460915 3.0926937315076986E-3
 66.78766335670498 1.8610625429649602E-3
 67.98023544497076 8.198627829003831E-4
 69.18627707028905 -5.4630919359365306E-5
 70.40630629177728 -7.819836365573471E-4
 71.64084116855282 -1.3794587179587417E-3
 72.8893636414983 -1.8623123607433248E-3
 74.15290982884854 -2.245191808581205E-3
 75.4309616714861 -2.5428721069748745E-3
 76.72351916941099 -2.766323434105081E-3
 78.03110038174061 -2.92510168552325E-3
 79.3542233675924 -3.0284071177777874E-3
 80.6923700678489 -3.08251145566071E-3
 82.04657660074494 -3.0934161906275847E-3
 83.41632490716316 -3.0680749986273566E-3
 84.8016149871035 -3.0115428097276793E-3
 86.2029648996834 -2.9288819056854193E-3
 87.62089270402024 -2.8256659211657797E-3
 89.05539840011403 -2.7071359982891794E-3
 90.50596392884738 -2.57486317346853E-3
 91.97414346757249 -2.4319579379092313E-3
 93.45838283893713 -2.2798644390964132E-3
 94.96075427941095 -2.1203849352669605E-3
 96.47970361164172 -1.955719492212552E-3
 98.01678501298166 -1.7869301992460432E-3
 99.57148042431336 -1.61617504096825E-3
 101.14430790475424 -1.4444618025058616E-3
 102.73526745430426 -1.2727420331080051E-3
 104.34435907296347 -1.101383526793453E-3
 105.97261887896666 -9.320683630854956E-4
 107.619010754079 -7.65657575066666E-4
 109.28508887565272 -6.035928078630989E-4
 110.96981712545302 -4.4735148314231404E-4
 112.6747496808321 -2.9781824012073274E-4
 114.39885042355516 -1.5603023531308494E-4
 116.1426374127396 -2.25678099202565E-5
 117.90714676662023 1.0195368833874395E-4
 119.69186042607966 2.1721856896885912E-4
 121.49677839111786 3.228958958788976E-4
 123.32293677996967 4.189507541274045E-4
 125.16981753351764 5.055160887426919E-4
 127.03845676999663 5.827963837110249E-4
 128.92833643028922 6.510966735602398E-4
 130.8399745735128 7.105464168766374E-4
 132.7733711996674 7.612416186775138E-4
 134.7295624269878 8.03718085910631E-4
 136.70751213723917 8.381535419395837E-4
 138.7087745077738 8.644270214152247E-4
 140.73334953859162 8.834545541825737E-4
 142.78071917057525 8.956597459113448E-4
 144.8514014628421 9.01278061527409E-4
 146.94643253362696 9.013617692249372E-4
 149.06529432381245 8.96959738460017E-4
 151.208504892516 8.889845296588216E-4
 153.37606423973753 8.781895903981094E-4
 155.56900848371188 8.652356625000611E-4
 157.7868195653217 8.507566078222298E-4
 160.03001554368432 8.34706137132172E-4
 162.2985964187998 8.167977330821456E-4
 164.5935983089029 7.969796274635069E-4
 166.91502121399366 7.752790916932153E-4
 169.26234707495464 7.511965087087452E-4
 171.63713006913812 7.246449319272785E-4
 174.03885213742663 6.956957289338048E-4
 176.46803133893752 6.642867513743654E-4
 178.92518573278834 6.306456931449861E-4
 181.41031531897903 5.949759088514484E-4
 183.92342009750953 5.575149709932796E-4
 186.4655361866147 5.188068998117637E-4
 189.03718164541197 4.799016025240331E-4
 191.6373203556665 4.4159111807284335E-4
 194.2675064947305 4.046086489711586E-4
 196.92774006260395 3.695402876627119E-4
 199.61802105928691 3.365537179023471E-4
 202.33886754389672 3.0582694382572366E-4
 205.09079757555085 2.775637462371296E-4
 207.87432921336665 2.5246532337121912E-4
 210.68894439822673 2.314268209302035E-4
 213.53567924836593 2.1519322485148527E-4
 216.4150518229016 2.0440311255074601E-4
 219.32706212183381 1.9938993399606526E-4
 222.27171014516247 1.9971738431611498E-4
 225.2505500702399 2.0403619633954246E-4
 228.2625457788312 2.0922731449952362E-4
 231.3087333891712 2.111600275998907E-4
 234.38911290125994 2.0703754954401682E-4
 237.50472043333223 1.9663923714187015E-4
 240.65555598538801 1.818819362832812E-4
 243.84213761654473 1.6507053386106566E-4
 247.06498338591975 1.47736616355264E-4
 250.32357523439574 1.3067216504525672E-4
 253.61946733932487 1.1435818669781932E-4
 256.9521416415897 9.938814951193242E-5
 260.3226342594251 8.673895815855142E-5
 263.7309451928311 7.761171039418112E-5
 267.177592500925 7.318267963094335E-5
 270.6630942428243 7.39624217770145E-5
 274.1879684776463 7.962221315602597E-5
 277.75221520539105 8.979004736779628E-5
 281.35687054429342 1.0407428543172842E-4
 285.00193449435334 1.213263697070168E-4
 288.6874070555709 1.3915890784858887E-4
 292.41484240529814 1.5438469001383575E-4
 296.18372248441784 1.6384874461041647E-4
 299.99508341116467 1.6496735358505467E-4
 303.84892518553874 1.5741773401343914E-4
 307.7457658666574 1.437222344299445E-4
 311.68612351363805 1.2719473935720668E-4
 315.6705161855981 1.0924412194972948E-4
 319.69946194165493 8.889246777696151E-5
 323.77347884092603 6.361601505949057E-5
 327.89308494252873 3.082368926149701E-5
 332.058280246463 -9.72816779657535E-6
 336.26958281184636 -5.50811377179082E-5
 340.52802875691355 -1.0149692578877414E-4
 344.834136140782 -1.4693216518173575E-4
 349.18738690433423 -1.9020846691309188E-4
 353.5893352249225 -2.29554783904396E-4
 358.0404991616643 -2.619365915069901E-4
 362.54036065544204 -2.833272372295394E-4
 367.09047388360806 -2.9139042337458553E-4
 371.6908388461624 -2.8770427388022E-4
 376.3419736022224 -2.7674639088038775E-4
 381.04439621090546 -2.6274178529250483E-4
 385.79862473132897 -2.46880957164808E-4
 390.60569528172783 -2.2894254656075663E-4
 395.46560786210193 -2.1086738582574935E-4
 400.3788805315687 -1.9659633227176077E-4
 405.34654940836304 -1.8927462387134636E-4
 410.3686144924848 -1.8978506673529652E-4
 415.44559384305154 -1.9729228415231821E-4
 420.57852357829796 -2.096638521480711E-4
 425.76792175734146 -2.2401291293538735E-4
 431.0137883801821 -2.381181742663788E-4
 436.31715956505473 -2.5031550873900326E-4
 441.67855337107664 -2.565765764848693E-4
 447.0984878573653 -2.5194433640524696E-4
 452.57799914215553 -2.3865416945350944E-4
 458.1165691663299 -2.27513171863752E-4
 463.7157521072406 -2.296346803264829E-4
 469.376066024005 -2.494048597212445E-4
 475.09751091662326 -2.8185566501845416E-4
 480.8816409624475 -3.1400317096270914E-4
 486.72793810236026 -3.3221807289706133E-4
 492.6379565137138 -3.3018285209204947E-4
 498.6122142556256 -3.0869594323373265E-4
 504.65071132809555 -2.7148430288017276E-4
 510.75448384935845 -2.263406895965945E-4
 516.9240498785318 -1.8496847808840055E-4
 523.1619997112026 -1.5555359206998931E-4
 529.4615985788446 -1.375427610115257E-4
 535.8337257229232 -1.250516110856407E-4
 542.2732005522645 -1.132869939216169E-4
 548.7852036580423 -1.0218243580297427E-4
 555.3593738579088 -9.04699808708469E-5
 562.011252925386 -6.848751333426534E-5
 568.7304796781258 -2.643897524591327E-5
 575.5222347073022 2.9991512610683106E-5
 582.3865180129154 8.112037221151009E-5
 589.3233295949652 1.1162980844994697E-4
 596.3326694534518 1.2224786166033793E-4
 603.4197181795489 1.263735212203768E-4
 610.5844757732568 1.3793663712318671E-4
 617.8165810522273 1.5655389414126054E-4
 625.1315757899827 1.6854348531171426E-4
 632.5242793953486 1.6619515480318321E-4
 639.9946918683254 1.5280929899553276E-4
 647.5376326177388 1.3341616856702218E-4
 655.168643417111 1.1649418332830386E-4
 662.8721824929199 1.0571080611709915E-4
 670.6637916186875 8.654469856979366E-5
 678.5331096120659 4.985609572816155E-5
 686.485317064229 1.322283029094844E-5
 694.5204139751769 -5.447106397930208E-6
 702.6384003449097 -5.64119730078454E-6
 710.8444567646011 9.581837057514562E-6
 719.1334026430774 3.120389042781227E-5
 727.5104185715124 4.3826422619131134E-5
 735.9755045499063 3.918054822875637E-5
 744.523479987085 1.9723189521685892E-5
 753.1647060653964 -1.4062836246488802E-5
 761.8888216024927 -7.475109869026739E-5
 770.7113683718959 -1.6481555410689067E-4
 779.6168046000838 -2.5913334586566752E-4
 788.6206720605786 -3.298547581692242E-4
 797.7126095710323 -3.7225202922053923E-4
 806.8977977226187 -3.921449717132492E-4
 816.1814171065121 -3.821486854298339E-4
 825.5531065403643 -3.258356100019757E-4
 835.0232272065234 -2.3125480764319211E-4
 844.5917791049895 -1.3592666161736725E-4
 854.2535816445884 -6.168007330028466E-5
 864.0189960076683 9.776159323265573E-6
 873.8776610118808 1.0922926721941751E-4
 883.8399378395745 2.3282377676457117E-4
 893.9006458995751 3.3011740998293193E-4
 904.0597851918825 3.6136006390828856E-4
 914.327716898845 3.4215836151866592E-4
 924.6940798381144 3.1200445736210484E-4
 935.1640546008647 3.037650239750753E-4
 945.7376411870958 3.3061999007872965E-4
 956.4200201879822 3.8208231741709023E-4
 967.2060110123494 4.4695583093219156E-4
 978.1007942513717 5.156899109901652E-4
 989.1043699050489 5.793435592219542E-4
 1000.2167379733811 6.27039644737342E-4
 1011.4378984563683 6.358007178770538E-4
 1022.7678513540104 5.949338772508404E-4
 1034.2065966663078 5.217171662366745E-4
 1045.7644955756081 4.190286786136906E-4
 1057.4311868995632 2.740737126194283E-4
 1069.2118512293477 1.377907354650809E-4
 1081.1064885649611 8.069343563476702E-5
 1093.1150989064035 8.852361984436844E-5
 1105.2428628448492 9.886314190577217E-5
 1117.489780380298 7.614645429725997E-5
 1129.8506709215755 3.4562546578810436E-5
 1142.3307150598564 3.2014492988037375E-6
 1154.9350933863142 5.244907138066783E-6
 1167.6534447186013 4.1002368020361125E-5
 1180.5013108302393 6.801916254186196E-5
 1193.4631499477068 6.286962111901018E-5
 1206.5545038445252 5.397228269387836E-5
 1219.7650113383467 8.418617354051653E-5
 1233.0998530203455 1.561366294616112E-4
 1246.5642094816953 2.4052739983948867E-4
 1260.1529001312221 3.341000330350277E-4
 1273.8711055601004 4.3251340957430804E-4
 1287.7136451771557 4.8104144241718402E-4
 1301.6908801647364 4.372209622030301E-4
 1315.7924493404941 3.396683952024817E-4
 1330.028713886777 2.4054335605627711E-4
 1344.3944932124113 1.2791796049647571E-4
 1358.8897873173964 -1.3482549770133876E-5
 1373.519776792907 -1.5756677787376948E-4
 1388.2896422301171 -2.66911682652397E-4
 1403.189022446678 -3.244449807546001E-4
 1418.2230980337642 -3.650431476652798E-4
 1433.391868991376 -3.752237148347635E-4
 1448.7005159106868 -2.755347172516304E-4
 1464.1490387916967 -1.1703927372508345E-4
 1479.7322570432322 -3.64590576872644E-5
 1495.4605318476408 -3.4499216379389255E-5
 1511.3235020225747 -2.329658006869731E-5
 1527.3315287503821 8.516321064148281E-6
 1543.4794314398886 -6.726026954155761E-7
 1559.7672100910942 -5.169450555674727E-5
 1576.2052258863477 -5.742285129810564E-5
 1592.7831176433 -5.3298896412767633E-5
 1609.5060659531261 -1.4827348210711611E-4
 1626.3740708158252 -2.799484626848087E-4
 1643.3871322313975 -3.2777437072779662E-4
 1660.5504307910175 -2.53757177218287E-4
 1677.8587859035108 -9.979154340980493E-5
 1695.3173781600512 5.3549326848684956E-5
 1712.9262075606395 1.4215566122342598E-4
 1730.6800935141006 1.4713196231363898E-4
 1748.5893972027836 1.1967414682540057E-4
 1766.6489380355135 1.0446078993663424E-4
 1784.858716012291 7.336510351945767E-5
 1803.2239117242902 1.1480032577221386E-5
 1821.7393445803363 -6.410515398150018E-5
 1840.4050145804301 -1.7191651160842767E-4
 1859.2312829069192 -2.708034063547727E-4
 1878.2129689686298 -3.113793263341145E-4
 1897.3448921743877 -3.1737885606667565E-4
 1916.6374137065413 -2.61925344150865E-4
 1936.0853529739163 -1.105328228805603E-4
 1955.6887099765124 1.1169314943556747E-4
 1975.4526653055042 2.5480796485912354E-4
 1995.3720383697175 1.7290752137937427E-4
 2015.4520097603265 -1.6527697830148442E-5
 2035.6873988861564 -1.4650184068285942E-4
 2056.0885669295562 -1.9666523277930874E-4
 2076.645152708177 -1.7627873021921645E-4
 2097.367517404368 -1.4652541810410111E-4
 2118.2504804269542 -1.894246369202648E-4
 2139.2888611847615 -2.2453934234216684E-4
 2160.4930208601385 -2.2557575844183314E-4
 2181.8629594530852 -2.7499415339205847E-4
 2203.3934963724273 -3.8715792129812265E-4
 2225.0846316181646 -4.3001726425305204E-4
 2246.941545781472 -5.650886956935255E-4
 2268.9642388623483 -3.3445751305130795E-4
 2291.1475302696203 -6.295872170532029E-4
 2313.496600594462 2.9840397846343607E-4
 2336.011449836873 9.203841993247861E-4
 2358.6868974056797 2.6227230504053443E-3
 2381.5333044832295 5.186234279030387E-3
 2404.5403098871756 2.3152753738345352E-3
 2427.7182747998645 -8.188103935971373E-4
 2451.0568380389495 -1.6605395740117744E-3
 2474.561180195604 -1.7443895304128931E-3
 2498.2364818610012 -1.074678765786775E-3
 2522.072381852795 -5.720074847948331E-4
 2546.0792413533313 -2.8854782740850054E-4
 2570.251879771438 -1.5152864879822543E-4
 2594.5902971071136 -8.383246868119042E-5
 2619.094493360359 -4.7268456656376086E-5
 2643.7644685311743 -2.5779147643486962E-5
 2668.6002226195587 -1.2402537314182214E-5
 2693.606936216687 -3.756833168971118E-6
 2718.7742481402106 1.9815272540860246E-6
 2744.1125195724775 5.861081587467217E-6
 2769.61138933114 8.51827130724321E-6
 2795.2812185985462 1.0347967347717318E-5
 2821.1116461923475 1.161762676581256E-5
 2847.113033294893 1.2499008891954869E-5
 2873.2750187238334 1.310436227589327E-5
 2899.607963661518 1.3521095952499233E-5
 2926.1015069255972 1.3797807584326054E-5
 2952.7608291072465 1.397358448990488E-5
 2979.580749615291 1.408666798594201E-5
 3006.5716296320797 1.4151549431825085E-5
 3033.7179273840897 1.4173146477633579E-5
 3061.035184644843 1.417326021090894E-5
 3088.507859640817 1.4164247081618646E-5
 3116.1463135543617 1.414221039738879E-5
 3143.9505463854757 1.411269895227406E-5
 3171.910196951811 1.4084775410749565E-5
 3200.0304458445416 1.4055928366618281E-5
 3228.3112930636675 1.402735083516777E-5
 3256.7527386091892 1.400421424322536E-5
 3285.354782481106 1.3977534795600208E-5
 3314.1122440882445 1.3991204244143178E-5
 3343.0303040217786 1.398129028087401E-5
 3372.09860109936 1.3956280669087904E-5
 3401.3274965033374 1.3979830058924375E-5
 3430.7118096425356 1.4004360018271666E-5
 3460.251540516955 1.4029856598526004E-5
 3489.941508535422 1.4055098369929505E-5
 3519.7868942891104 1.4080075881834967E-5
 3549.782517186847 1.4106017872314162E-5
 3579.92837722863 1.4179491071516478E-5
 3610.224474414461 1.4252467625799054E-5
 3640.670808744339 1.432449735223816E-5
 3671.2673802182644 1.4444345888044876E-5
 3702.0090082450633 1.4518629674360773E-5
 3732.8905122335613 1.459079738156984E-5
 3763.922253366107 1.4707713202369363E-5
 3795.0990510515257 1.4825976139413459E-5
 3826.4157246986433 1.4990427312404047E-5
 3857.872274307461 1.5107808979423167E-5
 3889.4686998779775 1.5222509449867853E-5
 3921.2101820013676 1.542989108015836E-5
 3953.0811789041085 1.5591553033554745E-5
 3985.092051768549 1.5750383228615677E-5
 4017.237620003515 1.600031241073896E-5
 4049.512703017832 1.6203725973635492E-5
 4081.9224814026742 1.6360627802779142E-5
 4114.4617745668674 1.6605054901045892E-5
 4147.135763101585 1.6894471679813172E-5
 4179.928905233308 1.7139059934085428E-5
 4212.85156214438 1.7380266526999133E-5
 4245.898553243631 1.76648025972712E-5
 4279.069878531058 1.799208828583079E-5
 4312.360357415488 1.8318576298378708E-5
 4345.769989896921 1.8642584894150052E-5
 4379.298775975358 1.8965908381580227E-5
 4412.941535059623 1.9331226290819384E-5
 4446.698267149718 1.973711763391944E-5
 4480.568972245641 2.0140130557788423E-5
 4514.553650347394 2.0586159390545611E-5
 4548.641940272628 2.102935817924995E-5
 4582.84420320369 2.147134852374174E-5
 4617.1448973670594 2.195435002668454E-5
 4651.554383945085 2.247651152205693E-5
 4686.062301755415 2.3040829974570956E-5
 4720.668650798054 2.36020879200666E-5
 4755.373431072999 2.416184946919903E-5
 4790.171461989077 2.480162819603718E-5
 4825.067924137463 2.5439864647191334E-5
 4860.052456335807 2.61177993583122E-5
 4895.130239175282 2.687675318723155E-5
 4930.290911473544 2.7633962036885295E-5
 4965.539653821765 2.838749154534858E-5
 5000.871285628769 2.9223412186942693E-5
 5036.280626303385 3.0096550565995135E-5
 5071.772856436785 3.1008594627292654E-5
 5107.337614846622 3.200040726685621E-5
 5142.980082124071 3.298801592806899E-5
 5178.695077677956 3.4059797872320086E-5
 5214.472240325928 3.5208570076124665E-5
 5250.321931250338 3.639869013314011E-5
 5286.223428086488 3.7648852379583734E-5
 5322.228536746119 3.897339354422823E-5
 5358.285451317492 4.043069688225641E-5
 5394.342365888863 4.1896887221122504E-5
 5430.502892283716 4.344739017529145E-5
 5466.715224590308 4.5142819515628504E-5
 5502.979362808643 4.6913091122561505E-5
 5539.295306938717 4.887296159525024E-5
 5575.61125106879 5.091378506486302E-5
 5612.0308070223454 5.3067611127583934E-5
 5648.4503629759 5.5413135413175375E-5
 5684.973530752936 5.795155598850716E-5
 5721.444892618232 6.0685382148319566E-5
 5758.019866307008 6.360748406096276E-5
 5794.594839995785 6.684458765110294E-5
 5831.221619596303 7.043295562432585E-5
 5867.848399196819 7.434679456020795E-5
 5904.4751787973355 7.864123391384494E-5
 5941.1537643095934 8.34214264383248E-5
 5977.884155733591 8.88779243894631E-5
 6014.614547157589 9.52114853761295E-5
 6051.293132669846 1.0243836157072171E-4
 6088.075330005585 1.1110956032016036E-4
 6124.805721429583 1.2154520506728533E-4
