 0.25054838022535685 1.0000621583552133
 0.7545907171000179 1.000604728403168
 1.2645633800826088 1.0017498671272395
 1.7805383974254527 1.0035014563606428
 2.302572633538279 1.005730599356081
 2.8307545441695527 1.0082755381950183
 3.3651473119967523 1.011017524061921
 3.9058204379651 1.0138506472587511
 4.452849741287569 1.0167180312262316
 5.00631104117713 1.0195969897683454
 5.566286475114502 1.022507678677023
 6.132832907509415 1.0254783338387343
 6.706019839307092 1.028487336652528
 7.285973635862486 1.0315729304435061
 7.872751161585324 1.0347958002622144
 8.466415599153086 1.0381644750832081
 9.067030131243245 1.0416248721671006
 9.67478430588823 1.0452588318871822
 10.289614940410567 1.0490981835182018
 10.911648400165209 1.0530483911707704
 11.541011050507105 1.057136157256106
 12.177766074113736 1.0613509376061536
 12.82203983634005 1.0656977516539543
 13.473832337186051 1.0701464544671908
 14.13326994200669 1.0746178813506261
 14.800479016156919 1.0791029636747755
 15.475522742314215 1.083590636436069
 16.158464303156055 1.0880331988169491
 16.849430064037392 1.0923914213448895
 17.548546390313177 1.096683043860877
 18.25581328198341 1.1008703373276045
 18.97142028708052 1.1049330508795687
 19.69536740560451 1.1088384038706702
 20.427907368265284 1.1125852172612458
 21.168976992385363 1.1161822304148936
 21.9187026433197 1.1195502803154546
 22.67727386910073 1.1226833787710082
 23.44475385240592 1.1255870956996747
 24.221205775912757 1.128219996753897
 25.006819187653658 1.130579538548085
 25.801594087628636 1.132659116911892
 26.605656841192633 1.1344102422548814
 27.419196996378083 1.135832816621638
 28.242277735862465 1.1369353075251247
 29.074962242323245 1.1376804070105348
 29.917440063792863 1.138045081182113
 30.769774382948792 1.1380137952031916
 31.63209156514598 1.1375521543526918
 32.50451797573938 1.1366401745938912
 33.38717998008396 1.1349526260087494
 34.28014076085718 1.1334741908922916
 35.183589866091473 1.1312259053601896
 36.09759047846431 1.1285322337169705
 37.02233214600813 1.1253794108718941
 37.957878051400413 1.1217602120034282
 38.9043545599961 1.1176583613258248
 39.861888037150144 1.1130594155604982
 40.83066803089498 1.107946055071301
 41.81082090658556 1.1023027876103608
 42.80240984689935 1.0961027456177838
 43.805561217191325 1.0893205607513527
 44.82046456549389 1.081951554948727
 45.84724625716202 1.0739964722236932
 46.88603265755064 1.0654538909773327
 47.93695013201473 1.0563130399709603
 49.0001882285867 1.046572596249487
 50.075810129944045 1.0362353294864763
 51.164005384119185 1.0253023890745902
 52.26496353914453 1.0137920495996335
 53.37874777769759 1.0017184468694333
 54.505547647810764 0.989090637048939
 55.64548951483903 0.9759238056049585
 56.7987629268148 0.9622393758089888
 57.965494249093033 0.9480633007585171
 59.14587302970616 0.9334165684454219
 60.33996245133165 0.9183186643718271
 61.548015244679405 0.9028024908139451
 62.77022095778187 0.88692865413326
 64.00657959063903 0.8707334231529232
 65.25759660467072 0.8542599869603061
 66.52314563452197 0.8375331412138154
 67.80322668019275 0.8205208193763205
 69.09847156845788 0.8032483694156222
 70.40824847254257 0.7857181462538235
 71.73382104599634 0.7679614580104053
 73.07455746204444 0.7500318287921819
 74.43108954746161 0.7319473526104374
 75.80341730224788 0.7137395830522991
 77.192172553178 0.6954350565874622
 78.5967234734772 0.6770425109642595
 80.01707006314548 0.6585304042371942
 81.4544759757324 0.639928673822413
 82.90894121123792 0.6212854240563322
 84.37983394288729 0.6026034907104489
 85.86778599745527 0.5838923718309444
 87.37342920171662 0.565178772666082
 88.89613172889659 0.5464797800405503
 90.4371572325447 0.5278766188536316
 91.99587388588621 0.5094683802761482
 93.57228168892108 0.4915070597620898
 95.16701246842409 0.4733900040576538
 96.78069805117 0.4557911261800927
 98.41270661038406 0.43847548343222136
 100.06430179961578 0.4214361303230625
 101.73485179209041 0.4046832932621874
 103.42435658780795 0.3882299125696951
 105.13344801354314 0.3720914056592609
 106.86275789607076 0.35624227199740204
 108.61228623539083 0.34065495281336544
 110.38140120472858 0.3253208411236266
 112.17199828440826 0.3103130586624755
 113.9821819941056 0.2956738583948666
 115.81447964091967 0.28138817058603143
 117.66699574452618 0.26745204138874895
 119.54162578524941 0.2538793853178034
 121.4377379363146 0.24068155522870585
 123.35596402449652 0.22786117008523104
 125.29630404979514 0.21544356292302835
 127.25875801221049 0.20346241540650827
 129.2445895652921 0.1919273069152153
 131.25253505549042 0.18078562662824021
 133.28448996312974 0.16998134942740605
 135.33919063466058 0.1595003608290677
 137.41853255040714 0.149359296386793
 139.52125205682 0.1395474269492954
 141.64798098067385 0.13005326911221562
 143.79998297551824 0.12087346901519874
 145.97662621457843 0.11199251779155259
 148.17791069785437 0.10341268521009685
 150.40510007889562 0.09518694654782575
 152.6575625309274 0.0873875018644564
 154.93656170749926 0.08008662181024626
 157.24146578183643 0.07331317223065506
 159.57290658071363 0.06703207130720502
 161.93088410413093 0.061197925685911043
 164.31666200563782 0.05577363132751963
 166.72897663168475 0.0507325996389039
 169.16972346259606 0.04606956850627414
 171.63890249837172 0.041771290034792026
 174.13588191223698 0.03780538545617728
 176.6612935309666 0.03414962355946611
 179.21640100811006 0.030825913628483025
 181.8005725168927 0.027885092749957558
 184.4144398840892 0.025347707282442587
 187.05800310969956 0.02319353519885367
 189.73252584727333 0.021382480876962803
 192.43737627003577 0.019861517238087197
 195.17318620476163 0.018586376756018912
 197.9399556514509 0.017532554295606524
 200.73894826365307 0.016743725318869914
 203.5701640413682 0.01595691571464545
 206.4329711578215 0.015380914710067846
 209.32926509333728 0.014948840804191395
 212.25841402114076 0.014641075118547222
 215.22104976800667 0.014419326344445904
 218.21780416070984 0.014256080848487935
 221.24867719925023 0.014140721809957773
 224.31366888362785 0.014066865992233378
 227.41404286739222 0.014020095754207073
 230.55043097731811 0.013983617880867575
 233.721569559856 0.01394351869007746
 236.92935409533015 0.0138866917291484
 240.1737845837406 0.013803328237151137
 243.45486102508732 0.013695563275190531
 246.77321524614507 0.013568117012207465
 250.12947907368865 0.013415992765634186
 253.5242843344928 0.013231546141683235
 256.95699920178276 0.013010145245517421
 260.4288873291081 0.012753857452573009
 263.9405805432434 0.012469398948633848
 267.49207884418893 0.012161062182405981
 271.08338223194454 0.011833295911192114
 274.71638618683454 0.011490333709240911
 278.38982705530935 0.011132048998046307
 282.10496849091856 0.010762824259996221
 285.8618104936622 0.010388755220084674
 289.66161671708977 0.010003873358357283
 293.50438716120123 9.599602700437136E-3
 297.39075365277136 9.183992653606487E-3
 301.3213480185749 8.769347369666185E-3
 305.2955384318372 8.356549832346963E-3
 309.3152203728824 7.942150856088688E-3
 313.3797620149358 7.5265461438839935E-3
 317.49042701154695 7.113366939911623E-3
 321.6472153627159 6.704922172713404E-3
 325.8507588952173 6.298739052984296E-3
 330.10168943582596 5.888937190750096E-3
 334.40063881131663 5.469284223429014E-3
 338.74760702168936 5.033973069709643E-3
 343.1438577204936 4.5773763887128685E-3
 347.58939090772935 4.095170696705871E-3
 352.08420658339673 3.5844036483327974E-3
 356.63020022781995 3.0422531980084312E-3
 361.2267400142242 2.4661079384761725E-3
 365.8750895961591 1.8549253330514387E-3
 370.5752489736246 1.2107548797290674E-3
 375.3278499733955 5.400664752699584E-4
 380.13352442224646 -1.4560600903339894E-4
 384.99290414695235 -8.329398868767036E-4
 389.9066209742879 -9.768517571825323E-4
 394.8753067310279 -2.187451892477996E-3
 399.89959324394703 -2.857250446705741E-3
 404.97948051304535 -3.5200926269391037E-3
 410.1156003650976 -4.164654221778179E-3
 415.3092164536534 -4.776029935634548E-3
 420.5609606054874 -5.3394286777775825E-3
 425.8702009938249 -5.840959937111059E-3
 431.2388330989901 -6.2711410055036635E-3
 436.6674887477579 -6.628147830753107E-3
 442.15553611335343 -6.917669391069369E-3
 447.704870676101 -7.151679611983045E-3
 453.3154924360007 -7.348850627195536E-3
 458.9880332198272 -7.532060955843531E-3
 464.7231248543552 -7.722538820364523E-3
 470.5213991663596 -7.935891780627606E-3
 476.3841198093899 -8.18303681699331E-3
 482.31128678344606 -8.470369425274153E-3
 488.30353191530286 -8.798449293385056E-3
 494.3621188585098 -9.15936511149012E-3
 500.4870476130669 -9.536530865457893E-3
 506.678950005749 -9.912597110660308E-3
 512.9390896901056 -0.01027326302883958
 519.2680984929112 -0.010606926499442339
 525.6659764141662 -0.010916934293898799
 532.1339871074199 -0.011234174621029104
 538.672762399447 -0.011594958242354673
 545.2829341170225 -0.012000490620118457
 551.9657659136958 -0.01242158010852499
 558.7206259626921 -0.012834614855489335
 565.5494097443358 -0.013220943949287967
 572.4527490854015 -0.013547871552067246
 579.4306439858893 -0.013788619858263356
 586.4849899261235 -0.013930558130555937
 593.6151550793293 -0.013890144370416892
 600.8230349258309 -0.01385139590458499
 608.1092612924034 -0.013625419170877994
 615.4738341790465 -0.01325489267098992
 622.9180172393097 -0.01269260790018357
 630.442442299968 -0.011936913513625552
 638.050268494895 -0.011053696125163303
 645.7332820760188 -0.010144105867357308
 653.5047514056095 -9.28569953624442E-3
 661.3583582159196 -8.509700115361549E-3
 669.3004207746964 -7.782861937096769E-3
 677.3183025464449 -7.007312873117755E-3
 685.4309583344079 -6.113461048799714E-3
 693.6257516030902 -5.147275393194288E-3
 701.9090006202393 -4.233108129220825E-3
 710.2807053858554 -3.462118703316468E-3
 718.7408658999383 -2.3197924324169037E-3
 727.2894821624881 -2.092791350738346E-3
 735.9328724412525 -1.8770587602625072E-3
 744.6710367362314 -1.4339128720404264E-3
 753.4913385119294 -9.83603109820212E-4
 762.4127325715897 -5.089126029660272E-4
 771.4289006474644 -9.827304176243264E-6
 780.5398427395537 4.52005563167117E-4
 789.7392405801099 8.046940935065111E-4
 799.046048972376 1.0367918354806475E-3
 808.4413131131089 1.2225099933263494E-3
 817.9439878055514 1.4168950454304012E-3
 827.5414365142087 1.5841012492477765E-3
 837.2399775068279 1.6711630291199358E-3
 847.0396107834094 1.6614869132499162E-3
 856.9403363439532 1.5605298620197437E-3
 866.9484724562066 1.3968793612380212E-3
 877.0577008524222 1.205177289683987E-3
 887.2743398003475 9.32215323525449E-4
 897.5983892999827 4.766626477593463E-4
 908.0235310835801 -3.154676851817046E-5
 918.5624016866349 -4.4353768842922565E-4
 929.2023645736517 -7.937344461357061E-4
 939.9623745478738 -1.0829673744902398E-3
 950.8234768060579 -9.748545541991822E-4
 961.804626151447 -8.429767139548556E-4
 972.893186048546 -3.7047841716869925E-4
 984.0954747651024 1.3545676163612233E-4
 995.4178105688638 5.312745192020858E-4
 1006.8475569243351 9.522713684691735E-4
 1018.3973503670114 1.6179315140405887E-3
 1030.067190896893 2.514661474620422E-3
 1041.8507602462316 3.5966558736789306E-3
 1053.7606949505232 4.7773575701166295E-3
 1065.784358474272 5.7421025195613555E-3
 1077.9343873529737 6.44604130366401E-3
 1090.2044633188804 7.110751693981361E-3
 1102.5945863719921 7.727542022073619E-3
 1115.1173930478041 8.188221020908508E-3
 1127.7602468108213 8.683482814916176E-3
 1140.529465928791 9.427052280957724E-3
 1153.4250504017136 0.010375291508014072
 1166.4533184973365 0.011444557660867823
 1179.607951947912 0.01261803202637816
 1192.895269021188 0.013821616437539345
 1206.3152697171642 0.014666361238222132
 1219.8679540358405 0.014800615347294856
 1233.5533219772173 0.014411829191079816
 1247.3713735412945 0.013652790461728629
 1261.3221087280721 0.012556481836763273
 1275.4181640730453 0.01143662237971129
 1289.6469030407188 0.010304320196642904
 1304.0146438988401 9.042257657960967E-3
 1318.5213866474095 7.6482029820384165E-3
 1333.1671312864268 5.977105017835067E-3
 1347.95819608364 4.21094084019881E-3
 1362.8945810390484 2.884977197081157E-3
 1377.969967884905 2.1499342182691306E-3
 1393.1906748889571 2.124899992634939E-3
 1408.5630203189523 2.1720986891158146E-3
 1424.0743676393956 2.2253491734684762E-3
 1439.7436716535298 2.696592210887579E-3
 1455.551977558112 3.5347630856301095E-3
 1471.518240156385 4.1211711429741185E-3
 1487.6298229128535 4.460670411360774E-3
 1503.8930440952653 5.041782655053284E-3
 1520.3142219713681 5.748075111870725E-3
 1536.887038273414 6.254664429081736E-3
 1553.617811269151 6.445318179878755E-3
 1570.500222690831 6.252210298693821E-3
 1587.5469090739495 6.007473026806586E-3
 1604.7452338830114 5.64386371507177E-3
 1622.1078336535115 5.073202157441457E-3
 1639.6283901177027 4.270523058232174E-3
 1657.3069032755845 4.068600647449432E-3
 1675.1496913949051 4.187107501786838E-3
 1693.1630727434121 4.3219073402004995E-3
 1711.3344107856094 3.962498464474188E-3
 1729.6700237892453 2.8261074720909644E-3
 1748.16991175432 2.5198262632775262E-3
 1766.8403929485807 2.800996117733375E-3
 1785.6814673720273 3.02952432848002E-3
 1804.6868167569127 3.7566010271995755E-3
 1823.8690776387318 3.7704173913960222E-3
 1843.2156134819895 2.5347704166545372E-3
 1862.739060822181 1.9570405826004457E-4
 1882.4331013915584 -2.3545661963581586E-3
 1902.297735190122 -4.195755555192036E-3
 1922.3455987533673 -5.084774028370672E-3
 1942.5640555457982 -4.856737170224471E-3
 1962.9594238351633 -4.538036391752154E-3
 1983.531703621462 -2.4370768368409006E-3
 2004.2808949046946 -7.706507237722408E-4
 2025.2133159526085 1.840627387451382E-4
 2046.3226484974561 1.1837296172141106E-3
 2067.615210806985 2.7738536345109656E-3
 2089.091002881196 4.355764714886562E-3
 2110.7437064523396 5.31002921225958E-3
 2132.5859580559135 5.586320778974243E-3
 2154.611439424168 5.012622270748983E-3
 2176.820150557104 4.3469839665112725E-3
 2199.2184097224694 3.7072889723640234E-3
 2221.799898652516 2.0318743048581486E-3
 2244.564617347244 -1.4805259566841696E-4
 2267.5252023421485 -1.3501986539902774E-3
 2290.675335369482 -1.203409617722166E-3
 2314.0086981614972 -9.78918480822712E-4
 2337.5379272536893 -1.4847281622221204E-4
 2361.25670437831 -3.7590766394554885E-5
 2385.1650295353597 -1.9631411701518533E-4
 2409.2692209925862 -7.134272277693215E-4
 2433.562960482242 -1.9638245746133845E-3
 2458.0525662720747 -3.3743910288988347E-3
 2482.7317200943357 -5.1337318027009064E-3
 2507.6130584845213 -6.891234370868144E-3
 2532.6839449071362 -0.010823738674943358
 2557.9570158976753 -0.015479273900018504
 2583.425953188391 -0.019602653135682768
 2609.0844385115356 -0.023090571755149946
 2634.9451084026045 -0.027613121061901627
 2661.0079628615976 -0.031322370363610754
 2687.2666836207677 -0.035385719163264064
 2713.7212706801142 -0.03562300418218375
 2740.3780423073853 -0.034072056043900955
 2767.2369985025807 -0.03231461427811761
 2794.2918209979525 -0.028713302752733343
 2821.548828061249 -0.022877361614745964
 2849.0080196924695 -0.016424232172748434
 2876.663077623867 -0.0137292460124043
 2904.526638390936 -0.012491428114615464
 2932.586065458182 -0.015008358303899707
 2960.8539953611 -0.018789502248611703
 2989.3177915641945 -0.022769281297405442
 3017.983772335213 -0.02431169667913754
 3046.858255941904 -0.023521970297846084
 3075.928605848772 -0.022591359622977463
 3105.207458591311 -0.017269774229724903
 3134.688495901775 -0.01181520784031946
 3164.3717177801627 -7.527164776068319E-3
 3194.257124226475 -4.722010733905854E-3
 3224.344715240712 -3.082596882597938E-3
 3254.6344908228725 -2.1522460929047303E-3
 3285.132769240706 -1.5905611770227713E-3
 3315.8269139587155 -1.2163371594863842E-3
 3346.729561512397 -9.473044185067036E-4
 3377.8280753662552 -7.453276488062978E-4
 3409.1350920557856 -5.900738152873786E-4
 3440.637975045492 -4.689999775219801E-4
 3472.349360870871 -3.736251748629967E-4
 3504.256612996426 -2.9792672721641334E-4
 3536.372367957654 -2.7836110983613747E-5
 3568.683989219058 -8.854469738842724E-5
 3601.197795048386 -1.0326071725080059E-4
 3633.9074671778912 -9.78827819337615E-5
 3666.8256421430683 -9.259144205907752E-5
 3699.9333651406745 -7.172830748419555E-5
 3733.2495909739523 -5.4727458749616425E-5
 3766.7553648396592 -4.084525728308886E-5
 3800.4633232732912 -2.9492187348367503E-5
 3834.373466274847 -2.0191975522751872E-5
 3868.4731573088315 -1.2569128635409112E-5
 3902.768714642993 -6.315058412673644E-6
 3937.260138277331 -1.1753680933927666E-6
 3971.947428211846 3.0493453748657687E-6
 4006.830584446537 6.523793435941123E-6
 4041.9032887136572 9.382054759973075E-6
 4077.1718592809543 1.1738225942479968E-5
 4112.623659612933 1.3679256492719171E-5
 4148.271326245089 1.5279499988792193E-5
 4184.108540909673 1.6612905578697966E-5
 4220.135303606687 1.7695907400540423E-5
 4256.345296068381 1.8586799728351464E-5
 4292.744836562504 1.935186378334967E-5
 4329.32760682131 1.9955491843338027E-5
 4366.093606844796 2.0483066034993957E-5
 4403.042836632964 2.0921432777995042E-5
 4440.175296185814 2.12855188808862E-5
 4477.490985503345 2.1622363496900616E-5
 4514.98358631781 2.1880567345316062E-5
 4552.64678036146 2.209505301277574E-5
 4590.493204169792 2.230428045361106E-5
 4628.516539475058 2.2519715557218715E-5
 4666.71046800951 2.268194551047717E-5
 4705.0749897731475 2.2824219658035816E-5
 4743.610104765973 2.2948289667811056E-5
 4782.322131255731 2.3092918023844712E-5
 4821.192114439179 2.322814214005845E-5
 4860.232690851814 2.335150699953196E-5
 4899.437542225888 2.3500984802249363E-5
 4938.800350293653 2.3643307813787185E-5
 4978.3274333228555 2.3779784592941835E-5
 5018.012473045749 2.3911087057685007E-5
 5057.861787730081 2.4041984612200686E-5
 5097.8564225726095 2.4200567233241546E-5
 5138.0090141088285 2.438348991407892E-5
 5178.313244070991 2.4535658291145655E-5
 5218.769112459096 2.4716344227194103E-5
 5259.370301005397 2.4896525953957957E-5
 5300.1168097098934 2.5074303804796096E-5
 5341.008638572585 2.5280962378867422E-5
 5382.039469325726 2.548975091397444E-5
 5423.209301969314 2.569202882258673E-5
 5464.5181365033495 2.592338203875523E-5
 5505.965972927834 2.6185417318964542E-5
 5547.54017470727 2.6445483965151457E-5
 5589.253378377155 2.6705644063106798E-5
 5631.0866291342445 2.699432378238888E-5
 5673.052563514035 2.728116829086302E-5
 5715.13854498103 2.759832840602547E-5
 5757.34457353523 2.794179622936428E-5
 5799.6706491766344 2.8257281874508178E-5
 5842.110453637497 2.8598851931063597E-5
 5884.670305185565 2.8996325706360453E-5
 5927.337567285343 2.9393877931370574E-5
 5970.118558204577 2.9791454662675692E-5
 6013.000641407774 3.0244537743498042E-5
 6055.990135162681 3.069545678524141E-5
 6099.08072120155 3.117615414181738E-5
 6142.266081256634 3.170964630069093E-5
 6185.552533595679 3.221568551385655E-5
 6228.927441683191 3.277644878143991E-5
 6272.397123786918 3.338949897426891E-5
 6315.955261639113 3.398011026845067E-5
 6359.589218704278 3.465000621823413E-5
 6403.311631517911 3.5376883878766064E-5
 6447.097227009019 3.608552884662322E-5
 6491.00918785508 3.684478794480983E-5
 6534.984331378619 3.768197604494126E-5
 6578.959474902157 3.857167071705667E-5
 6623.060983780648 3.951106349170586E-5
 6667.225675336614 4.0475056140086416E-5
 6711.4535495700574 4.15434602690991E-5
 6755.7446064809764 4.2719988987765524E-5
 6800.035663391896 4.3890581935813124E-5
 6844.453085657769 4.519122213139484E-5
 6888.870507923641 4.6594524943150595E-5
 6933.414295544466 4.810781756725771E-5
 6977.894900487815 4.977938311803552E-5
 7022.501870786115 5.154492725029968E-5
 7067.108841084417 5.350233377249046E-5
 7111.778994060196 5.5669634821410843E-5
 7156.449147035973 5.80882154938562E-5
 7201.11930001175 6.073054165711583E-5
 7245.852635665005 6.364147051965696E-5
 7290.649153995734 6.701320523333821E-5
 7335.445672326465 7.098467889418155E-5
 7380.179007979718 7.549381740144424E-5
 7425.038708987926 8.084218002020954E-5
 7469.8352273186565 8.727561083829055E-5
