 0.2496483806672497 1.0002324319454067
 0.7518801375651156 1.0006725173677692
 1.2600209181347441 1.0010367254153627
 1.7741424918944157 1.0012844062954386
 2.294301518990142 1.0013395045802697
 2.8205861374268277 1.0011306690986954
 3.3530593029222637 1.000606830153025
 3.891790266766018 0.9996829057202438
 4.4368545758194395 0.9982769180673841
 4.988327776943876 0.9963044612651702
 5.5462917125724544 0.9937026912071738
 6.110803042851185 0.9904025636600557
 6.681931019069637 0.9862639592541994
 7.25980155266339 0.9812228632026351
 7.844471303778455 0.9752598605408913
 8.436003228132623 0.968299434185094
 9.034460281443684 0.9601770255403147
 9.640031330865005 0.950936246492467
 10.252653420678799 0.9405738745052414
 10.872452462320645 0.9288969438400925
 11.499554367226121 0.9159167044436954
 12.134022091113021 0.9016015627566958
 12.775981545416922 0.8859663143022803
 13.425432730137825 0.8689865200019675
 14.082501556711307 0.8505621044439153
 14.74731393657295 0.8307283867574802
 15.419932825440547 0.8095242057803808
 16.100421179031883 0.7869206395722578
 16.78890490878254 0.7629076295087026
 17.4855099261281 0.7375955015515024
 18.19023623106856 0.711005446018619
 18.903272690757287 0.6832122286644827
 19.62461930519429 0.654286648461118
 20.35452789725072 0.6243776772026047
 21.09293551120879 0.5936753365147645
 21.83996805850408 0.5622352452425153
 22.595814406289964 0.5302683860276496
 23.360537510284224 0.4980136544833825
 24.134200326204652 0.46563384251990674
 24.916991721204624 0.4333636722105225
 25.708911695284136 0.4014340163906356
 26.510086159878763 0.37001084564557845
 27.320703982141886 0.3393232779167313
 28.140828117791283 0.3095935253612144
 28.97052152254475 0.28097444903141827
 29.809973063555656 0.25362794919833736
 30.65924569654179 0.2277006229691622
 31.51846533293873 0.20329240463685344
 32.387757884182065 0.1804864079619363
 33.26724926170736 0.15934114027966167
 34.15700242123243 0.13987290622248343
 35.05720622991061 0.12207766954756376
 35.96792364345971 0.10592446357541332
 36.889343529033105 0.09135912692778643
 37.82152884234858 0.07830949245501478
 38.76460549484171 0.06668113088070689
 39.71869939794808 0.05637016357326686
 40.683999418821045 0.04726806059689689
 41.66063146889621 0.0392647188229007
 42.64865850389135 0.03224652319290288
 43.64820643524204 0.02610405234583662
 44.65946413010166 0.020735589347030743
 45.68255749990579 0.016049673881721973
 46.717612456089995 0.011967652469469955
 47.76475491008988 8.417809055369044E-3
 48.82417372905879 5.338862821040074E-3
 49.89593186871454 2.684747034018997E-3
 50.98021819621048 4.1457222629880552E-4
 52.07722157869998 -1.5043092779569245E-3
 53.18700497190084 -3.0993021238413204E-3
 54.30975724296642 -4.392489608061895E-3
 55.44560430333231 -5.401957752295009E-3
 56.59473502015188 -6.1483562620325855E-3
 57.7572753048607 -6.652596547104241E-3
 58.93341402461214 -6.933063706481872E-3
 60.123214135124 -7.01101240276196E-3
 61.32692745926743 -6.911688960967975E-3
 62.544742864195804 -6.659398388524842E-3
 63.77666034990912 -6.280271866482079E-3
 65.02318356214971 -5.800200208813517E-3
 66.28418658948198 -5.246223830124287E-3
 67.55966943190592 -4.642232747838809E-3
 68.85026164659945 -4.012332858913398E-3
 70.15533367638467 -3.376316205119049E-3
 71.47614463561737 -2.752378643319396E-3
 72.81206496711967 -2.15631643391012E-3
 74.16372422806943 -1.5989833673541063E-3
 75.53112241846667 -1.089188868093367E-3
 76.9148890954893 -6.326921512464537E-4
 78.3143947019594 -2.3193937839629196E-4
 79.729639237877 1.126584872960523E-4
 81.16188181759786 4.019561172120095E-4
 82.61112244112202 6.392523662512443E-4
 84.07673155127155 8.286109336354154E-4
 85.55933870522438 9.742339435104019E-4
 87.05957346015836 1.0815929130692817E-3
 88.57680625889564 1.1555874365873051E-3
 90.11229621579199 1.2012417079822848E-3
 91.66541377366953 1.22374532060029E-3
 93.23615893252824 1.2271659987826732E-3
 94.82516124954604 1.215107959545996E-3
 96.43305028190082 1.1914534764429017E-3
 98.05919647241467 1.1589343703533798E-3
 99.70485893544338 1.1200269971851266E-3
 101.3694081138091 1.0772302618953604E-3
 103.0528440075118 1.0317377092249986E-3
 104.75579617372937 9.84673713402773E-4
 106.47889416963969 9.371445583987502E-4
 108.22213799524282 8.903884277616606E-4
 109.98489809336083 8.445138821460629E-4
 111.76906313552739 7.999468804031891E-4
 113.57274445020883 7.569123602261362E-4
 115.39846026611676 7.155696424110618E-4
 117.24432191171746 6.75938348186689E-4
 119.11221805854464 6.379324470875876E-4
 121.0015191494204 6.016768018632947E-4
 122.91285474152264 5.667677626787468E-4
 124.84622483485133 5.332604861367402E-4
 126.8016294294065 5.009509594171254E-4
 128.78032763954396 4.6973635556391354E-4
 130.7810603509079 4.396296319424081E-4
 132.80571623503197 4.102576779067897E-4
 134.85303617756045 3.8126178761992894E-4
 136.92490885002698 3.5343802332923424E-4
 139.0200751380758 3.268622436444451E-4
 141.1391645988848 3.00185226732023E-4
 143.28343634680976 2.7352238524026265E-4
 145.4522608246728 2.480460411258067E-4
 147.6456380324739 2.236149963451021E-4
 149.8648270845689 1.991763423652357E-4
 152.10919842377984 1.7630983787816982E-4
 154.38001116446255 1.5395768824916797E-4
 156.67663574943915 1.3260563371632027E-4
 158.9997017358875 1.1275248449437892E-4
 161.34920912380763 9.380835229153979E-5
 163.72641702755535 7.679713671312548E-5
 166.13006633277481 6.113846447267107E-5
 168.56204571099974 4.679356181681207E-5
 171.02235516223015 3.373986924164103E-5
 173.51036512928811 2.2881627069582298E-5
 176.02670516935157 1.4141716709861724E-5
 178.57263439677626 6.53541326198032E-6
 181.14752325438433 1.5953418185804186E-8
 183.7520012993537 -4.085720997215938E-6
 186.3860685316843 -6.737071941541766E-6
 189.05098406573196 -8.885427784735231E-6
 191.7461183443188 -9.23258440876123E-6
 194.4721009246227 -7.82745409135185E-6
 197.2289318066437 -6.019911024827871E-6
 200.0178701047375 -2.9852248766786583E-6
 202.83891581890418 1.2478235046641514E-6
 205.69143939196584 5.3861273500637124E-6
 208.57732949545618 1.0654311134422896E-5
 211.4959565721973 1.622107383750141E-5
 214.44795017936698 2.1251254225774184E-5
 217.43393987414333 2.6564605667732884E-5
 220.4539256565262 3.136913941637413E-5
 223.50790752651562 3.5670122936450213E-5
 226.5971445984674 3.910019796461408E-5
 229.72226642955945 4.131728337615903E-5
 232.88201390543596 4.310414698043471E-5
 236.07827569763063 4.4101190481637295E-5
 239.31105180614346 4.433874702321314E-5
 242.58034223097445 4.456679399992514E-5
 245.88677652930147 4.406882906809693E-5
 249.23098425830247 4.28613758829753E-5
 252.6135949751553 4.2377427298607295E-5
 256.0339791226821 4.190826002239818E-5
 259.4933958152387 4.14304757143089E-5
 262.99247461000294 4.197726513865985E-5
 266.53121550697483 4.384724384650072E-5
 270.10961850615433 4.666266927868484E-5
 273.7295722790753 5.071243816184367E-5
 277.3898177113817 5.629605489136343E-5
 281.09161391742946 6.206862138288685E-5
 284.8349608972186 6.801725253753777E-5
 288.62111776510494 7.38250616122688E-5
 292.4500845210884 7.887827740625393E-5
 296.32249072234685 8.258565057633214E-5
 300.2389659260583 8.469646808940234E-5
 304.1988805750448 8.58483327772585E-5
 308.20412334084005 8.519300555664595E-5
 312.2540646662661 8.27840579793492E-5
 316.3499636656789 7.954966818654633E-5
 320.4918203390783 7.523674652530103E-5
 324.6802642436422 7.072028897355292E-5
 328.91592493654866 6.65748423105483E-5
 333.19943197497536 6.279138300912324E-5
 337.53078535892245 5.9357585298465585E-5
 341.91124420274564 5.599141554109416E-5
 346.340808506445 5.2965384352531476E-5
 350.8194782700205 4.9734757797570864E-5
 355.3491421650059 4.604269253589787E-5
 359.92917063422316 4.165745737083104E-5
 364.5608227920282 3.582848783657761E-5
 369.244098638421 2.8607444361439462E-5
 373.9796277305794 2.0288544781806383E-5
 378.76803962568135 9.9297200606422E-6
 383.6099638809048 -2.4117087561100843E-6
 388.50603005342753 -1.6171029109995814E-5
 393.4568677004275 -3.2018055687225756E-5
 398.4631063790826 -4.9175591862384293E-5
 403.52474608939286 -6.712527868527712E-5
 408.6424163885361 -8.51394485324043E-5
 413.8173763908682 -1.0251171117176766E-4
 419.0502556535671 -1.1837737065198748E-4
 424.34042461945483 -1.327583537322452E-4
 429.689771960065 -1.4569178203605078E-4
 435.0989272325757 -1.5702274542412895E-4
 440.5672608798088 -1.678718927440238E-4
 446.09666157329826 -1.7866892158032216E-4
 451.6871293130439 -1.894338418655616E-4
 457.33929365622373 -1.9973582263787054E-4
 463.0537841600155 -2.1020271589679946E-4
 468.8312303815972 -2.210266535173351E-4
 474.6728914353247 -2.3199437658325618E-4
 480.57876732119785 -2.4371408851678636E-4
 486.5494875963947 -2.56727109166734E-4
 492.58631137527095 -2.70730120132383E-4
 498.6892386578266 -2.855596948410955E-4
 504.8588990012396 -3.002074246267156E-4
 511.0965515198657 -3.1329551137087056E-4
 517.4028257708828 -3.2436007598150786E-4
 523.777721754291 -3.3321995528329023E-4
 530.222498584446 -3.4077180338842893E-4
 536.7377858185256 -3.4703964802113934E-4
 543.3242130137079 -3.524705454168768E-4
 549.9830392843487 -3.5679579906510285E-4
 556.71363507327 -3.6051120990207157E-4
 563.5178890520054 -3.650222935348357E-4
 570.396430777733 -3.698175138723602E-4
 577.3492602504527 -3.7466463063992605E-4
 584.3782661416982 -3.767264591993056E-4
 591.4828188942917 -3.716979305523905E-4
 598.6648071797666 -3.5728035091577595E-4
 605.9248605553013 -3.303401785495964E-4
 613.2629790208954 -2.8955240982197214E-4
 620.6804216909046 -2.380007268901354E-4
 628.1778181225072 -1.7909826782421344E-4
 635.7583161015925 -1.1793739936115628E-4
 643.4137313848478 -5.94818224113811E-5
 651.157284673009 -5.81939366813889E-6
 658.9826803942972 4.076236601313743E-5
 666.8962141204911 7.858275438937936E-5
 674.8852947080331 1.0719044055102232E-4
 682.9688088722598 1.2713222184946763E-4
 691.1341654696137 1.3830725474943338E-4
 699.3876600718733 1.386924348316739E-4
 707.7292926790387 1.2918705277922238E-4
 716.1590632911101 1.1326092683169075E-4
 724.6769719080875 9.457085267895397E-5
 733.2893141017497 7.641030536956424E-5
 741.9960898720968 6.188762172721437E-5
 750.7847080755708 5.2889550219852794E-5
 759.6740554275087 4.9498840174751533E-5
 768.6578363561315 5.106662449617945E-5
 777.7360508614391 5.7696507030675506E-5
 786.9024033716528 6.654851704325949E-5
 796.1757806021092 7.275349721921686E-5
 805.5372958374717 7.434083223281803E-5
 815.0058357930768 6.878241998953876E-5
 824.568809325367 5.2552251646519344E-5
 834.2325120061209 2.4979095614921585E-5
 843.9969438353388 -1.1082626629961275E-5
 853.8621048130207 -4.903698654975279E-5
 863.8342905109454 -8.05134848254615E-5
 873.9072053573339 -1.0086805548577579E-4
 884.0871449239653 -1.1067242758876164E-4
 894.3741092108396 -1.1279201840256268E-4
 904.7618026461779 -1.0993468463269206E-4
 915.2628163735379 -1.0452167419044465E-4
 925.8645592493618 -9.871289566598394E-5
 936.5859179889868 -9.567857241845527E-5
 947.4080058770754 -9.810998765132342E-5
 958.349709628965 -1.0502238274341774E-4
 969.3984381010974 -1.1082653805382805E-4
 980.5604868652517 -1.0980440794775812E-4
 991.8421514932069 -1.016696702417488E-4
 1003.2308408414049 -8.966878683476683E-5
 1014.7391460534038 -7.514418975926361E-5
 1026.3670671292036 -5.5236936610730126E-5
 1038.1083084970252 -2.6182692750345275E-5
 1049.9754613004267 1.3365749981153746E-5
 1061.9559343958501 5.965642376470254E-5
 1074.0623189268535 1.0509590201744223E-4
 1086.2883193216575 1.460519828685123E-4
 1098.6339355802624 1.8251557334184484E-4
 1111.1117588462263 2.1370359585271827E-4
 1123.7091979759911 2.383997511389417E-4
 1136.4325485413355 2.5640844077671624E-4
 1149.28181054226 2.7169346754226373E-4
 1162.2632795505433 2.8802573113913683E-4
 1175.3706599944064 2.988420824531742E-4
 1188.6102474456281 2.982965084494838E-4
 1201.9820419042091 2.924109482991129E-4
 1215.4860433701487 2.886035703243401E-4
 1229.1222518434472 2.8848038129228553E-4
 1242.8906673241044 2.847419896982946E-4
 1256.7912898121207 2.6992673659039575E-4
 1270.836710451054 2.454836104730785E-4
 1285.0143380973456 2.1415407171657016E-4
 1299.3304683227754 1.7567333570633734E-4
 1313.785101127343 1.260456104618052E-4
 1328.3782365110484 7.095801966425055E-5
 1343.1161700456707 2.822812462691855E-5
 1357.9989017312097 8.780591630178839E-6
 1373.0201359958866 2.6499803520162673E-5
 1388.1861684114805 6.261644999978781E-5
 1403.50329454977 8.097240614378706E-5
 1418.9589232671976 9.16853870051797E-5
 1434.5719412790997 1.0745084431358362E-4
 1450.32346187014 1.3349380864169715E-4
 1466.2323717556548 1.6341607914569268E-4
 1482.2860797920864 1.6887696234594386E-4
 1498.4908815512142 1.4260405057859145E-4
 1514.8530726048165 1.0069461017542853E-4
 1531.3663573811147 6.253715216356724E-5
 1548.0370314518877 3.455807818478875E-5
 1564.8587992453567 1.195699014469099E-5
 1581.8442519050795 6.332692330157455E-7
 1598.9807982874981 4.750039719367305E-6
 1616.2810295361703 1.6830621894933793E-5
 1633.7386500793174 1.0794129857571924E-5
 1651.3536599169392 -2.9163330584099152E-5
 1669.132354620815 -7.866015866108988E-5
 1687.081029762724 -1.2149817250096128E-4
 1705.1870941991073 -1.5093474648101188E-4
 1723.4568435017442 -1.7223124513912054E-4
 1741.8902776706356 -1.9654375782446591E-4
 1760.4936922775593 -2.004529812114546E-4
 1779.2670873225158 -1.8257509909289735E-4
 1798.2041672337265 -1.7425877826831022E-4
 1817.3175231547486 -1.6797651426821112E-4
 1836.594563942025 -1.3110130912747535E-4
 1856.047880739113 -6.412821283863671E-5
 1875.6711779742336 -2.2210083462669877E-6
 1895.464455647387 3.177071592517245E-5
 1915.4403049021314 4.440771543048868E-5
 1935.5861345949083 3.8778910386598776E-5
 1955.9082402974975 1.3035145168128091E-5
 1976.406622009898 -2.047285370441926E-5
 1997.0812797321104 -4.551289871655219E-5
 2017.938509035914 -6.592854656265471E-5
 2038.972014349529 -9.402394797548344E-5
 2060.1880912447345 -1.1488973513808778E-4
 2081.5867397215315 -9.685565951187147E-5
 2103.16166420814 -2.6850122226981772E-5
 2124.9254558481184 6.313111465949052E-5
 2146.8718190696872 1.202170280489402E-4
 2169.0007538728473 1.189295370623783E-4
 2191.318555829377 4.893011254956497E-5
 2213.8189293674972 -6.558072913447116E-5
 2236.5018744872086 -1.4824627737633708E-4
 2259.3799823320682 -1.5957023250971278E-4
 2282.446957330298 -1.3194794208592035E-4
 2305.6965039101187 -9.46720419511224E-5
 2329.141213215088 -5.3883120223686555E-5
 2352.7747896734276 -1.4594277360302702E-5
 2376.597233285136 1.2878770840150988E-5
 2400.6148396219937 7.144141061888646E-6
 2424.821313112221 -2.8137720967196078E-5
 2449.2229493275976 -4.4391614805033064E-5
 2473.8134526963435 -3.114330448680467E-5
 2498.6054143620176 -4.203743567626179E-5
 2523.5862431810614 -7.992509910850975E-5
 2548.7685302970326 -1.0348567513961596E-4
 2574.145980138153 -1.0533337614682918E-4
 2599.7122971326425 -8.721233377213344E-5
 2625.4800724240603 -5.269637138932865E-5
 2651.449306012406 -1.4976856959127492E-5
 2677.6137023259002 2.803865555759069E-5
 2703.9732613645433 7.413603488543994E-5
 2730.534278700114 9.193805683497351E-5
 2757.2967543326126 5.890241176931713E-5
 2784.25439269026 -4.647901580580473E-5
 2811.4134893448353 -6.681104933665113E-5
 2838.774044296338 -7.424831558554014E-4
 2866.3297619729896 9.21911673028084E-4
 2894.093233518348 2.7261085211183E-3
 2922.0518677888553 1.7203687385430405E-4
 2950.218255928069 -1.2822692143283043E-3
 2978.5798067924324 -5.501513242860771E-4
 3007.1428159537226 -2.3299981960515396E-4
 3035.91357898372 -1.031765769516505E-4
 3064.879504738866 -5.034333895258719E-5
 3094.0531843627186 -2.558025762662258E-5
 3123.4283222834997 -1.2771022606813784E-5
 3153.0049185012076 -5.709077557782869E-6
 3182.782973015844 -1.6677615159448826E-6
 3212.762485827408 6.822449490552722E-7
 3242.9434569358995 2.0556224965695552E-6
 3273.3321819130983 2.8438591244498832E-6
 3303.916069615446 3.268196763206868E-6
 3334.7077111864996 3.470860492868747E-6
 3365.694515482702 3.5328511755060963E-6
 3396.889073647612 3.5064077186095272E-6
 3428.27879453767 3.4272964540862587E-6
 3459.876269296435 3.315345382461376E-6
 3491.668906780349 3.1861043027224513E-6
 3523.66929813297 3.0547620012358784E-6
 3555.864852210739 2.9179902576937894E-6
 3588.2618645854363 2.779178469477811E-6
 3620.8540396852822 2.6490881002960513E-6
 3653.653968653835 2.524464299414881E-6
 3686.6427647757577 2.408515754655004E-6
 3719.839314766387 2.3011236136705772E-6
 3753.2247319103853 2.198757571576059E-6
 3786.811607351313 2.1007350156322653E-6
 3820.5999410891677 2.0147710413480183E-6
 3854.577141980392 1.94048530940024E-6
 3888.749505596765 1.8668566543305045E-6
 3923.117031938287 1.7975105148799894E-6
 3957.6797210049576 1.7358225670338772E-6
 3992.437572796777 1.6818135611947268E-6
 4027.384291741966 1.635195739374669E-6
 4062.526173412304 1.5892443604360355E-6
 4097.8506266642334 1.5370554034349867E-6
 4133.370242641311 1.5219725022559434E-6
 4169.078725771758 1.4974361497385718E-6
 4204.9760760555755 1.4565193413211103E-6
 4241.055997920983 1.4161939235585328E-6
 4277.324786939761 1.4087916743319495E-6
 4313.77614754013 1.4019178770543884E-6
 4350.410079722089 1.3624281320406896E-6
 4387.22658348564 1.3556883549567373E-6
 4424.225658830781 1.38105838222177E-6
 4461.407305757512 1.3745642743410297E-6
 4498.765228694056 1.3363128443838287E-6
 4536.293132068632 1.3616469589489167E-6
 4574.0036070248 1.3553249373519427E-6
 4611.890357990778 1.3490039689244995E-6
 4649.94708939479 1.374297162157252E-6
 4688.173801236834 1.368199366779811E-6
 4726.570493516912 1.3929342278553433E-6
 4765.1434618068014 1.417808776389063E-6
 4803.873819391165 1.4118302344523837E-6
 4842.774157413562 1.4362835172802674E-6
 4881.838180302212 1.460892196830416E-6
 4921.059592485338 1.4549249793273997E-6
 4960.444689534717 1.5092666489571735E-6
 4999.987175878571 1.5633968203699382E-6
 5039.693347088679 1.5573341593495302E-6
 5079.544316449704 1.581220081339005E-6
 5119.552675105203 1.6345785716449822E-6
 5159.712127483399 1.6876581644344521E-6
 5200.02267358429 1.7404755393316942E-6
 5240.478017836098 1.793047894739464E-6
 5281.078160238823 1.816008367760394E-6
 5321.823100792464 1.8679806104066136E-6
 5362.706543925244 1.9489864681875406E-6
 5403.728489637161 2.000403970941811E-6
 5444.888937928216 2.0803242333414156E-6
 5486.187888798409 2.160125025916624E-6
 5527.612751104182 2.2106640807946812E-6
 5569.176115989093 2.2896282122179804E-6
 5610.859096737805 2.396864260509534E-6
 5652.674284493875 2.5034535870639494E-6
 5694.609088113746 2.60979691707373E-6
 5736.663507597419 2.687293185141903E-6
 5778.8375429448915 2.8208170335071525E-6
 5821.124898584387 2.9819331048731126E-6
 5863.531870087683 3.0862036120544906E-6
 5906.045866311221 3.218103400843983E-6
 5948.673182826782 3.4053968680171783E-6
 5991.401228490807 3.5920914007093545E-6
 6034.236298875074 3.750065413435838E-6
 6077.172098407805 3.963214270150511E-6
 6120.202331517221 4.203155306924E-6
 6163.333293775101 4.414707052632141E-6
 6206.552394037887 4.6806841633864174E-6
 6249.8659278773575 4.9730995859141454E-6
 6293.267599721735 5.265379573362977E-6
 6336.744818427459 5.583985695069995E-6
 6380.31017513809 5.956895132743589E-6
 6423.938487566509 6.380304201894059E-6
 6467.69271143051 6.801708240831254E-6
 6511.509891012301 7.2589224653221644E-6
 6555.327070594091 7.791667002268556E-6
 6599.270161611461 8.39811146707767E-6
 6643.27620834662 9.035264960287112E-6
 6687.345210799571 9.751555326561706E-6
 6731.47716897031 1.0527533510148988E-5
 6775.60912714105 1.1402305752092632E-5
 6819.86699674737 1.2409044924722467E-5
 6864.124866353689 1.349325489621265E-5
 6908.508647395589 1.4718975842458965E-5
 6952.829472719699 1.610437521960011E-5
 6997.276209479388 1.7636061949025951E-5
 7041.722946239078 1.9417578257143703E-5
 7086.232638716558 2.1437636557912116E-5
 7130.7423311940365 2.3739744889591E-5
 7175.252023671515 2.637221206270477E-5
 7219.824671866786 2.9406733663586615E-5
 7264.460275779844 3.2933996128284504E-5
 7309.0958796929035 3.7123336735417426E-5
 7353.668527888173 4.21164344808907E-5
 7398.367087519023 4.8140732754161895E-5
 7443.002691432082 5.571386726796016E-5
