 0.0E+0 0.0E+0
 0.2496483806672497 2.970024168477107E-4
 0.7518801375651156 3.2348445694279736E-3
 1.2600209181347441 9.480350475512602E-3
 1.7741424918944157 0.019272575245102323
 2.294301518990142 0.032872939390609236
 2.8205861374268277 0.05055963739088869
 3.3530593029222637 0.07261555013783035
 3.891790266766018 0.09931045481540215
 4.4368545758194395 0.1308788875876259
 4.988327776943876 0.1674954022261805
 5.5462917125724544 0.2092494391365397
 6.110803042851185 0.25612183731557813
 6.681931019069637 0.3079649232536699
 7.25980155266339 0.36448757621183225
 7.844471303778455 0.42524612072768874
 8.436003228132623 0.48964124786825485
 9.034460281443684 0.5569208476773754
 9.640031330865005 0.6261881314706519
 10.252653420678799 0.696414859253025
 10.872452462320645 0.7664587094507928
 11.499554367226121 0.835085328339396
 12.134022091113021 0.9009945889583064
 12.775981545416922 0.962851154674294
 13.425432730137825 1.0193195209224623
 14.082501556711307 1.0691037030567185
 14.74731393657295 1.1109898909930147
 15.419932825440547 1.143892126622583
 16.100421179031883 1.1668978132935032
 16.78890490878254 1.1793113220667208
 17.4855099261281 1.1806923920904077
 18.19023623106856 1.1708862463454536
 18.903272690757287 1.1500422880376472
 19.62461930519429 1.11861925050211
 20.35452789725072 1.0773751213033171
 21.09293551120879 1.027341560644599
 21.83996805850408 0.9697837097226701
 22.595814406289964 0.9061477400705218
 23.360537510284224 0.837999222635887
 24.134200326204652 0.7669569067274957
 24.916991721204624 0.6946255473485522
 25.708911695284136 0.6225329867990935
 26.510086159878763 0.5520748995600528
 27.320703982141886 0.48447029599941127
 28.140828117791283 0.4207290723765455
 28.97052152254475 0.36163286103454683
 29.809973063555656 0.3077285146515689
 30.65924569654179 0.2593334352723713
 31.51846533293873 0.21655135988495233
 32.387757884182065 0.17929668252355232
 33.26724926170736 0.14995425448248383
 34.15700242123243 0.12026946310779375
 35.05720622991061 0.09767424621109899
 35.96792364345971 0.07903308115653994
 36.889343529033105 0.06382025226502862
 37.82152884234858 0.051518592139064164
 38.76460549484171 0.04164123497101367
 39.71869939794808 0.03374700692055675
 40.683999418821045 0.027449548162799215
 41.66063146889621 0.02242087024073759
 42.64865850389135 0.018390364708655713
 43.64820643524204 0.01514048225035074
 44.65946413010166 0.01250030313540254
 45.68255749990579 0.01033810568316753
 46.717612456089995 8.553828929822703E-3
 47.76475491008988 7.072068198564078E-3
 48.82417372905879 5.8360010112364765E-3
 49.89593186871454 4.802412616514244E-3
 50.98021819621048 3.937839047344025E-3
 52.07722157869998 3.2157116108909203E-3
 53.18700497190084 2.6143459068344904E-3
 54.30975724296642 2.1155844357100242E-3
 55.44560430333231 1.7039176445670933E-3
 56.59473502015188 1.3659311519013065E-3
 57.7572753048607 1.0899605361256081E-3
 58.93341402461214 8.658675946135382E-4
 60.123214135124 6.848813124112423E-4
 61.32692745926743 5.39467810357364E-4
 62.544742864195804 4.232113039225234E-4
 63.77666034990912 3.306981687846225E-4
 65.02318356214971 2.5740187405109423E-4
 66.28418658948198 1.9957061358325531E-4
 67.55966943190592 1.541198633162052E-4
 68.85026164659945 1.1853233876748608E-4
 70.15533367638467 9.076726155777874E-5
 71.47614463561737 6.917978579740975E-5
 72.81206496711967 5.2451108285468905E-5
 74.16372422806943 3.952877048175469E-5
 75.53112241846667 2.957653930096574E-5
 76.9148890954893 2.193278133080176E-5
 78.3143947019594 1.6076217646798536E-5
 79.729639237877 1.1597938559910523E-5
 81.16188181759786 8.178624245748882E-6
 82.61112244112202 5.5700767954429914E-6
 84.07673155127155 3.5802839813987912E-6
 85.55933870522438 2.0613891924969517E-6
 87.05957346015836 9.000436479092471E-7
 88.57680625889564 9.714989077850806E-9
 90.11229621579199 -6.75402801347248E-7
 91.66541377366953 -1.2051791241036882E-6
 93.23615893252824 -1.5705308787247165E-6
 94.82516124954604 -1.9401292068463503E-6
 96.43305028190082 -2.195063358647436E-6
 98.05919647241467 -2.3981673048692342E-6
 99.70485893544338 -2.5615511577411745E-6
 101.3694081138091 -2.6943602519013026E-6
 103.0528440075118 -2.8035164507485735E-6
 104.75579617372937 -2.8942561435244673E-6
 106.47889416963969 -2.9705150887149367E-6
 108.22213799524282 -3.0352044937098126E-6
 109.98489809336083 -3.090414827868473E-6
 111.76906313552739 -3.1375757494433885E-6
 113.57274445020883 -3.1775901150498344E-6
 115.39846026611676 -3.2109508041284136E-6
 117.24432191171746 -3.237843213238726E-6
 119.11221805854464 -3.258234483751398E-6
 121.0015191494204 -3.2719494629384744E-6
 122.91285474152264 -3.2751098564935093E-6
 124.84622483485133 -3.2727685566739562E-6
 126.8016294294065 -3.270400573202927E-6
 128.78032763954396 -3.2547941796582647E-6
 130.7810603509079 -3.2313342938072135E-6
 132.80571623503197 -3.1999495446915937E-6
 134.85303617756045 -3.160656389614703E-6
 136.92490885002698 -3.11355760275632E-6
 139.0200751380758 -3.058834998133829E-6
 141.1391645988848 -2.9967377863400275E-6
 143.28343634680976 -2.9275681324198184E-6
 145.4522608246728 -2.8516660979974675E-6
 147.6456380324739 -2.769395758925523E-6
 149.8648270845689 -2.681132498455397E-6
 152.10919842377984 -2.5872534351323882E-6
 154.38001116446255 -2.488131265301246E-6
 156.67663574943915 -2.384131072404518E-6
 158.9997017358875 -2.2756118383675392E-6
 161.34920912380763 -2.1629310337306505E-6
 163.72641702755535 -2.0464521185969565E-6
 166.13006633277481 -1.9265534430106405E-6
 168.56204571099974 -1.803638434811388E-6
 171.02235516223015 -1.678148698304357E-6
 173.51036512928811 -1.5505799677684783E-6
 176.02670516935157 -1.4214982848736414E-6
 178.57263439677626 -1.2915519218290036E-6
 181.14752325438433 -1.1614761954240894E-6
 183.7520012993537 -1.0320907801221303E-6
 186.3860685316843 -9.042895202056421E-7
 189.05098406573196 -7.790262115620115E-7
 191.7461183443188 -6.572940580429846E-7
 194.4721009246227 -5.40098343384837E-7
 197.2289318066437 -4.2841803643173416E-7
 200.0178701047375 -3.4496005662707435E-7
 202.83891581890418 -2.2506482923763985E-7
 205.69143939196584 -1.3468300444036287E-7
 208.57732949545618 -5.223543364643423E-8
 211.4959565721973 2.2426629737119606E-8
 214.44795017936698 8.986167885178811E-8
 217.43393987414333 1.5103163915692366E-7
 220.4539256565262 2.0725354889162365E-7
 223.50790752651562 2.6011240869741285E-7
 226.5971445984674 3.1135424889063523E-7
 229.72226642955945 3.627822189450671E-7
 232.88201390543596 4.161555821923573E-7
 236.07827569763063 4.730817469560379E-7
 239.31105180614346 5.349070661866483E-7
 242.58034223097445 6.026150596765113E-7
 245.88677652930147 6.767452470876849E-7
 249.23098425830247 7.573690721487373E-7
 252.6135949751553 8.44138748378752E-7
 256.0339791226821 9.363781269119656E-7
 259.4933958152387 1.0331744991420142E-6
 262.99247461000294 1.1334436422540147E-6
 266.53121550697483 1.2359889871483263E-6
 270.10961850615433 1.3396163717458591E-6
 273.7295722790753 1.4432826605127524E-6
 277.3898177113817 1.5462304256567512E-6
 281.09161391742946 1.6481890732862177E-6
 284.8349608972186 1.7495707636874844E-6
 288.62111776510494 1.8514829502226067E-6
 292.4500845210884 1.955713713297171E-6
 296.32249072234685 2.0646644197621074E-6
 300.2389659260583 2.1810130758999717E-6
 304.1988805750448 2.3072282772054373E-6
 308.20412334084005 2.445017384929821E-6
 312.2540646662661 2.5949470564924555E-6
 316.3499636656789 2.756453937130112E-6
 320.4918203390783 2.928270030807748E-6
 324.6802642436422 3.1090203130416643E-6
 328.91592493654866 3.297537938637156E-6
 333.19943197497536 3.4930489665214476E-6
 337.53078535892245 3.695099589354963E-6
 341.91124420274564 3.903325955194044E-6
 346.340808506445 4.116968788998104E-6
 350.8194782700205 4.334326215283595E-6
 355.3491421650059 4.552581516211594E-6
 359.92917063422316 4.7678344788321804E-6
 364.5608227920282 4.97600408376805E-6
 369.244098638421 5.173486573437533E-6
 373.9796277305794 5.357751441538311E-6
 378.76803962568135 5.527160234779474E-6
 383.6099638809048 5.680972654398731E-6
 388.50603005342753 5.811085756681392E-6
 393.4568677004275 5.942654412506369E-6
 398.4631063790826 6.0531573673401785E-6
 403.52474608939286 6.152824811291811E-6
 408.6424163885361 6.2435901976126484E-6
 413.8173763908682 6.326751638083227E-6
 419.0502556535671 6.40279837362471E-6
 424.34042461945483 6.4714410019988334E-6
 429.689771960065 6.531974769979342E-6
 435.0989272325757 6.5834743740848974E-6
 440.5672608798088 6.624585725312866E-6
 446.09666157329826 6.6536435013057274E-6
 451.6871293130439 6.669343992560743E-6
 457.33929365622373 6.671272967634359E-6
 463.0537841600155 6.6598245061701705E-6
 468.8312303815972 6.635774452466503E-6
 474.6728914353247 6.600377256070651E-6
 480.57876732119785 6.556718941237067E-6
 486.5494875963947 6.511711575350838E-6
 492.58631137527095 6.476074796444392E-6
 498.6892386578266 6.483404126094738E-6
 504.8588990012396 6.490813599023704E-6
 511.0965515198657 6.566937583131687E-6
 517.4028257708828 6.698796967741642E-6
 523.777721754291 6.884290927708101E-6
 530.222498584446 7.110497121308945E-6
 536.7377858185256 7.357332040798616E-6
 543.3242130137079 7.597236420419906E-6
 549.9830392843487 7.804535747483764E-6
 556.71363507327 7.9529604714302E-6
 563.5178890520054 8.02520411450211E-6
 570.396430777733 8.013025150289499E-6
 577.3492602504527 7.915140580861798E-6
 584.3782661416982 7.733261629898651E-6
 591.4828188942917 7.465454844148671E-6
 598.6648071797666 7.119867148516506E-6
 605.9248605553013 6.708823607764453E-6
 613.2629790208954 6.254092644023323E-6
 620.6804216909046 5.7870606857254E-6
 628.1778181225072 5.331617803673584E-6
 635.7583161015925 4.897009923574037E-6
 643.4137313848478 4.4815905314158695E-6
 651.157284673009 4.089460014695233E-6
 658.9826803942972 3.7357454340039352E-6
 666.8962141204911 3.4386594263704606E-6
 674.8852947080331 3.2139140143575762E-6
 682.9688088722598 3.064542659608181E-6
 691.1341654696137 2.980388519080857E-6
 699.3876600718733 2.9335008783042402E-6
 707.7292926790387 2.8938856302913777E-6
 716.1590632911101 2.8479980226083974E-6
 724.6769719080875 2.8016306341131974E-6
 733.2893141017497 2.772863659789152E-6
 741.9960898720968 2.757130645768096E-6
 750.7847080755708 2.741986624077992E-6
 759.6740554275087 2.7023459064290732E-6
 768.6578363561315 2.6126533235698094E-6
 777.7360508614391 2.453766904630388E-6
 786.9024033716528 2.2211652574272312E-6
 796.1757806021092 1.915788519405533E-6
 805.5372958374717 1.5433547638029557E-6
 815.0058357930768 1.104709638513787E-6
 824.568809325367 5.977948610813554E-7
 834.2325120061209 2.644621467294171E-8
 843.9969438353388 -5.84675703446327E-7
 853.8621048130207 -1.1974776099553044E-6
 863.8342905109454 -1.7831174650751066E-6
 873.9072053573339 -2.329554176491158E-6
 884.0871449239653 -2.8176640219080497E-6
 894.3741092108396 -3.2036865280618645E-6
 904.7618026461779 -3.444238060347869E-6
 915.2628163735379 -3.40404037842365E-6
 925.8645592493618 -3.3634571072243777E-6
 936.5859179889868 -2.9962580615466177E-6
 947.4080058770754 -2.4500847229605547E-6
 958.349709628965 -1.8106320610090768E-6
 969.3984381010974 -1.1748441718113586E-6
 980.5604868652517 -6.200037679728837E-7
 991.8421514932069 -1.9984669884038187E-7
 1003.2308408414049 4.321156846080342E-8
 1014.7391460534038 9.160589550613602E-8
 1026.3670671292036 -2.3862541205071595E-8
 1038.1083084970252 -2.47263184422802E-7
 1049.9754613004267 -5.509548345298583E-7
 1061.9559343958501 -9.253161321891655E-7
 1074.0623189268535 -1.311892029160675E-6
 1086.2883193216575 -1.5918070798917521E-6
 1098.6339355802624 -1.5041568284226766E-6
 1111.1117588462263 -1.41556794600977E-6
 1123.7091979759911 -1.0109839527793352E-6
 1136.4325485413355 -6.192598306911555E-7
 1149.28181054226 -4.326865067326915E-7
 1162.2632795505433 -4.771163780093887E-7
 1175.3706599944064 -6.174419144261888E-7
 1188.6102474456281 -7.132097611773452E-7
 1201.9820419042091 -7.001782553752337E-7
 1215.4860433701487 -6.870179070016325E-7
 1229.1222518434472 -6.779353788067839E-7
 1242.8906673241044 -7.191991000333121E-7
 1256.7912898121207 -3.4458681710016496E-9
 1270.836710451054 7.197631265232063E-7
 1285.0143380973456 4.33840790841592E-7
 1299.3304683227754 5.436783805233397E-7
 1313.785101127343 6.545786029988433E-7
 1328.3782365110484 1.0656656380524695E-6
 1343.1161700456707 1.3461461147039931E-6
 1357.9989017312097 1.540082447353349E-6
 1373.0201359958866 1.6582578641572721E-6
 1388.1861684114805 1.6384905717393647E-6
 1403.50329454977 1.4969768516107948E-6
 1418.9589232671976 1.341382005285383E-6
 1434.5719412790997 1.4342834399299343E-6
 1450.32346187014 1.5280090002043977E-6
 1466.2323717556548 1.9473800483795955E-6
 1482.2860797920864 2.377556827554813E-6
 1498.4908815512142 2.593138208537469E-6
 1514.8530726048165 2.443953034028784E-6
 1531.3663573811147 1.935007291024068E-6
 1548.0370314518877 1.1165154025866488E-6
 1564.8587992453567 6.400779834995731E-8
 1581.8442519050795 -9.995423765134651E-7
 1598.9807982874981 -1.7873355166921175E-6
 1616.2810295361703 -2.1760146458296447E-6
 1633.7386500793174 -2.0612747924681014E-6
 1651.3536599169392 -1.9455005011930954E-6
 1669.132354620815 -1.2775515707636541E-6
 1687.081029762724 -1.4489940724609854E-7
 1705.1870941991073 1.4217734688974921E-6
 1723.4568435017442 3.0355996369206267E-6
 1741.8902776706356 4.301511192166061E-6
 1760.4936922775593 5.137623086781576E-6
 1779.2670873225158 5.476525646687052E-6
 1798.2041672337265 5.2632988915748714E-6
 1817.3175231547486 4.550494797326096E-6
 1836.594563942025 3.692032317469914E-6
 1856.047880739113 3.0060792651643175E-6
 1875.6711779742336 2.880930237975831E-6
 1895.464455647387 3.138810581351426E-6
 1915.4403049021314 3.399069592016432E-6
 1935.5861345949083 4.316878506995128E-6
 1955.9082402974975 5.222283429328364E-6
 1976.406622009898 5.927637403133213E-6
 1997.0812797321104 6.26593182649778E-6
 2017.938509035914 6.364795437540035E-6
 2038.972014349529 6.181666515207362E-6
 2060.1880912447345 5.669360179673786E-6
 2081.5867397215315 5.027881590100012E-6
 2103.16166420814 4.377119793990156E-6
 2124.9254558481184 3.6228579614630482E-6
 2146.8718190696872 2.7198425388096573E-6
 2169.0007538728473 1.6350113074996491E-6
 2191.318555829377 8.598704749236992E-7
 2213.8189293674972 -7.657180748251685E-8
 2236.5018744872086 -1.1632524086585904E-6
 2259.3799823320682 -2.544074005433882E-6
 2282.446957330298 -3.8052520148239733E-6
 2305.6965039101187 -4.645127649921923E-6
 2329.141213215088 -4.7414600969781565E-6
 2352.7747896734276 -4.838568584155681E-6
 2376.597233285136 -5.049192062576813E-6
 2400.6148396219937 -4.701262510640463E-6
 2424.821313112221 -4.350596946500158E-6
 2449.2229493275976 -3.0970551258402576E-6
 2473.8134526963435 -2.2288775192022585E-6
 2498.6054143620176 -2.1084821017470144E-6
 2523.5862431810614 -2.354530877129492E-6
 2548.7685302970326 -2.849362971171325E-6
 2574.145980138153 -3.592650077464889E-6
 2599.7122971326425 -3.543505073232049E-6
 2625.4800724240603 -3.49397281459501E-6
 2651.449306012406 -3.4857556942538495E-6
 2677.6137023259002 -4.328539905812191E-6
 2703.9732613645433 -5.623810394505394E-6
 2730.534278700114 -7.06687687098639E-6
 2757.2967543326126 -8.04668313439466E-6
 2784.25439269026 -7.685067672601946E-6
 2811.4134893448353 -7.320749806610876E-6
 2838.774044296338 -5.9930143203699394E-6
 2866.3297619729896 -4.947026243248348E-6
 2894.093233518348 -4.83484357991094E-6
 2922.0518677888553 -3.3351742239170652E-6
 2950.218255928069 -2.485488524668615E-6
 2978.5798067924324 -1.7854676687450361E-6
 3007.1428159537226 -1.340301085126604E-6
 3035.91357898372 -1.0400877420487653E-6
 3064.879504738866 -8.222705748381552E-7
 3094.0531843627186 -6.573912345005529E-7
 3123.4283222834997 -5.294902119788354E-7
 3153.0049185012076 -4.2866734218580735E-7
 3182.782973015844 -3.4826741481771647E-7
 3212.762485827408 -2.835883040339853E-7
 3242.9434569358995 -2.311958968222453E-7
 3273.3321819130983 -1.8852235567075884E-7
 3303.916069615446 -1.5361309032907634E-7
 3334.7077111864996 -1.2495889331439841E-7
 3365.694515482702 -1.0138031895932527E-7
 3396.889073647612 -8.194579993136679E-8
 3428.27879453767 -6.591257447045883E-8
 3459.876269296435 -5.268325814051248E-8
 3491.668906780349 -4.177365468761686E-8
 3523.66929813297 -3.768739304346084E-8
