 0.0E+0 0.0E+0
 0.28174886022159872 0.2817488602215988
 0.8485589660787283 0.8483852109691905
 1.4220378942213933 1.4206945006661457
 2.002266642491118 1.9970461269715413
 2.5893091565522654 2.5749560059121194
 3.1832649074382852 3.151261207647067
 3.784204945887358 3.7223834934907085
 4.39220742771148 4.284619875877523
 5.00735761379647 4.834410715506358
 5.62974076502814 5.3685537937116585
 6.259449247366125 5.884350405245421
 6.896547006474786 6.379685371520473
 7.541112198166122 6.853046674467018
 8.19328692391649 7.303501178107884
 8.853135129390251 7.7306378381562934
 9.52072786532559 8.134490644406892
 10.19613618246068 8.515455651858131
 10.879573233010063 8.874208856301625
 11.57096796623556 9.211628292246203
 12.27046248361353 9.528730275663388
 12.97819888662033 9.826614724752513
 13.69424822599414 10.106422092126405
 14.418752603211322 10.369301063950624
 15.151712018271873 10.61638259258484
 15.893268572652152 10.848762162776906
 16.64356436782852 11.06748522460804
 17.40267045453916 11.273539382173535
 18.170657883522242 11.467850171248035
 18.947668756254135 11.651280637052057
 19.73384517421119 11.824635556586726
 20.529187137393414 11.988663972034624
 21.33390779801534 12.144062990861048
 22.14800715607697 12.291481163681809
 22.97176941453103 12.431518062029749
 23.805123522639323 12.564727022872328
 24.648211581878225 12.691616626428775
 25.501246744462267 12.812655340738315
 26.36430006112963 12.928275532878146
 27.237442582618491 13.038874735663889
 28.120887461143393 13.144816492116508
 29.014634696704337 13.24643056657907
 29.918826390777677 13.344017167051474
 30.833675695577955 13.437854334276235
 31.75925366184335 13.528203430773656
 32.69563134031203 13.615309351958565
 33.643021883198564 13.699401370607248
 34.6014963412411 13.780692714623994
 35.57119681591601 13.859383100441926
 36.552265408699653 13.935660844190371
 37.544844221068395 14.009703917278554
 38.549004303760405 14.081679735278849
 39.56495880899023 14.151745157926781
 40.59277878749603 14.22004585577083
 41.63267739149237 14.28671462123851
 42.684725671717416 14.351875168737656
 43.74906572964753 14.415642768006625
 44.82583966675908 14.478125088581248
 45.91526063526658 14.539421988678082
 47.017470736646416 14.59962488184421
 48.13254102163674 14.658815681373563
 49.26061359171394 14.717065955839951
 50.40190159909254 14.774436929097082
 51.556547145248906 14.830984335963498
 52.72469233165938 14.886763911257747
 53.90647925980034 14.9418326564988
 55.10212108188632 14.996246517621936
 56.3116888486555 15.050060596095491
 57.53539571232241 15.1033259821698
 58.773454825101595 15.156082788024877
 60.02593723773124 15.2083571921361
 61.29305610242587 15.260169250593473
 62.574953520661864 15.311540497304165
 63.871842644653746 15.362494999576183
 65.18386557587787 15.413057669184486
 66.5112354665488 15.463250462269707
 67.8540233674047 15.513089001470382
 69.21251348139826 15.562587642724624
 70.58691896074406 15.61176939775675
 71.9772398054421 15.66066910082836
 73.38404442139779 15.709334464321989
 74.80719070713478 15.757822911990083
 76.24667866265307 15.806192923168766
 77.70321879533448 15.854492632474054
 79.17610059779717 15.902751174015647
 80.66674508480477 15.950987970533337
 82.17444174897547 15.99922856715229
 83.69990109769107 16.04750547584999
 85.24312313095155 16.09584571956877
 86.80481835613872 16.14426449871368
 88.3842762658708 16.192763713335356
 89.98149686014776 16.241335340997796
 91.5979011537332 16.28996692581352
 93.23348914662715 16.33864453407789
 94.88755033144778 16.38735317650259
 96.5607952155769 16.43608567511856
 98.2539343063963 16.484849841245065
 99.96625709652419 16.53366087528717
 101.69918460072415 16.58252996643192
 103.4520063116144 16.6314712595007
 105.22472222919492 16.680503332766352
 107.01804286084754 16.72964349780131
 108.83267871395402 16.778905688310203
 110.66791928113258 16.828295604444932
 112.5251855771468 16.877806490469914
 114.40376709461492 16.92742589049767
 116.3036638335369 16.977143882041566
 118.22558630129456 17.026956453883602
 120.17024500526965 17.07685853922209
 122.13763994546224 17.126843804554923
 124.1270606144905 17.176911405415154
 126.14063853449981 17.227056486117835
 128.17624218334478 17.277266379658748
 130.2367135905526 17.327526518983045
 132.3199212339779 17.377833948456416
 134.42799663576604 17.42820809081865
 136.56022928853525 17.478677024595757
 138.71732969966731 17.529261861461435
 140.89929786916223 17.57998054633832
 143.10613379702 17.630848912981676
 145.3392584980042 17.681874983827505
 147.59725095735126 17.733062770093816
 149.88224269720657 17.78441543853166
 152.19281270280652 17.835923277771136
 154.5310924962965 17.887551664667395
 156.89566106291295 17.939247397802727
 159.28722891003764 17.990971842814282
 161.70721705243414 18.042724788585317
 164.1549149827207 18.094532202474482
 166.63032270089726 18.146420896307354
 169.13486122172747 18.198395725768893
 171.6678200378295 18.25044803507288
 174.23062016396696 18.30257191295068
 176.82255109275806 18.35476482600145
 179.44432333158457 18.407022129656983
 182.09593688044651 18.459334957014323
 184.7788127541075 18.51168261863325
 187.49152993780384 18.564022046699445
 190.23621995368102 18.61630109537888
 193.01288280173903 18.668497386297442
 195.82080797459607 18.720620419708296
 198.6607059796339 18.7727071410404
 201.53399783161611 18.824801251458293
 204.43997302316094 18.87691858471725
 207.37934206165022 18.929049429447367
 210.35210494708383 18.981183018695066
 213.35968269422545 19.033307107689601
 216.4013647956933 19.08538538435223
 219.47786175886912 19.137368869599978
 222.58917358375296 19.189209006583364
 225.73672128510835 19.240876027842475
 228.92050486293535 19.292370988961
 232.13981380985214 19.34370529024273
 235.39677964800412 19.394871120368403
 238.6906918700095 19.445837234060952
 242.02226098324996 19.496577452845
 245.3921974951075 19.54710739935908
 248.80050140558196 19.597455785479407
 252.2471727146734 19.64760339958293
 255.73363243714541 19.69747867309583
 259.2605910803798 19.746979214400703
 262.8266276296129 19.796000520712777
 266.43387360699023 19.844475034676232
 270.08232901251165 19.892367710912747
 273.7719938461773 19.939639703942724
 277.50357861536883 19.986244145850573
 281.27779382746814 20.032151480293123
 285.09534998985697 20.07736424067122
 288.9555365951536 20.121895093989067
 292.8597746581216 20.165707517051192
 296.8087746861426 20.20869257362134
 300.8025366792168 20.25072296030715
 304.8410606373441 20.291727108534807
 308.9264780826701 20.331678839828935
 313.05736800043086 20.37052896398983
 317.2351514053901 20.408230190868426
 321.45982829754802 20.444792020717883
 325.732819691668 20.480241265363787
 330.0541255877501 20.51458404719151
 334.4244564931761 20.547800310111043
 338.84452291532772 20.579843608440267
 343.3136143468234 20.610687341470335
 347.83386230980823 20.64034987635735
 352.40455629690063 20.66885211365827
 357.02711732286417 20.696179275201512
 361.7015453876988 20.722276048402004
 366.42855099878624 20.747065164534031
 371.20884466350844 20.770494055530107
 376.0431368892471 20.792565043674333
 380.9314276760022 20.813317607796513
 385.8751380385374 20.83281043834951
 390.87426797685265 20.851101170202504
 395.928817490948 20.868228226601615
 401.0409181029688 20.884226864041902
 406.2098593055333 20.899133816835597
 411.43706211340503 20.912971463356804
 416.722526526584 20.925740225839003
 422.066963052452 20.937420259308925
 427.47108219839094 20.948000163462772
 432.93559447178245 20.9575185726634
 438.4612103800084 20.96603987751557
 444.04864043045063 20.97359300101224
 449.69859513049084 20.980201799344683
 455.4110744801291 20.985946074639453
 461.18678898674716 20.99092948521437
 467.0271596651087 20.995243233499792
 472.9328970225954 20.998981477560377
 478.9032905518256 21.00223161972521
 484.9404717749445 21.005060795116634
 491.04515119933404 21.00753803890761
 497.2166183176124 21.009742942107973
 503.45700465192493 21.011745384357627
 509.76631020227165 21.01359603367344
 516.1452454760345 21.015339224570162
 522.5945209805949 21.017023302780547
 529.114847223335 21.01868626931724
 535.7076452190183 21.020346069102878
 542.3729149676446 21.02200037985336
 549.1113669765961 21.02361288948993
 555.9244222606361 21.025134830046361
 562.8120808197646 21.026536434062752
 569.7750531613635 21.027803767834463
 576.8147603001963 21.028941898163182
 583.9319127436448 21.02996708103765
 591.1265104917092 21.030891772345345
 598.3999745591528 21.031733072541957
 605.7530154533575 21.0325230713715
 613.1863436817052 21.033305892231986
 620.7013802589595 21.034120591719752
 628.2974146777384 21.034982581356583
 635.9765784601874 21.03587771632111
 643.7395821136884 21.036780451488162
 651.5864256382413 21.03766883071711
 659.5192405559914 21.03852132010078
 667.537316359557 21.039307941062531
 675.6427845710836 21.040001248426566
 683.8363556979529 21.040582030569826
 692.1180297401647 21.041031709219456
 700.4892277124828 21.041332972803036
 708.9506601222892 21.041487088020986
 717.5058795064924 21.04154852299143
 726.1456492691293 21.041617980397877
 734.8848900652176 21.041780751402036
 743.7164968209396 21.042102704425836
 752.6475746101128 21.04265857479414
 761.6639132851016 21.043472218698216
 770.7868280673596 21.044437655536135
 780.0021088092512 21.045370369279833
 789.3168605845942 21.046130389532734
 798.7310833933886 21.046667259394713
 808.2447772356344 21.0469434000866
 817.8579421113317 21.046884920750475
 827.5776830942982 21.046454242607165
 837.4040001845342 21.045761779710076
 847.3226832344036 21.045053060824248
 857.3550474653604 21.04454532507196
 867.4939878035865 21.044354264425052
 877.739504249082 21.04448389010152
 888.084491728029 21.0448125988609
 898.550265461881 21.045208020509143
 909.1155102291848 21.045624131597605
 919.8015412513935 21.04603749816849
 930.5941483808718 21.046377607231661
 941.5004366914374 21.046556845341306
 952.5204061830902 21.04648253224991
 963.6540568558305 21.0461164558281
 974.908493783476 21.045455871558285
 986.2766118922088 21.044540469387015
 997.765516255847 21.043576088132777
 1009.3752068743905 21.042871802698424
 1021.0985786740214 21.04266617499667
 1032.9498418023754 21.043031195834796
 1044.9147861118167 21.043852017707926
 1057.0147268237992 21.044817032312376
 1069.228348716869 21.045620331496344
 1081.57696701248 21.046114978010937
 1094.0463715629964 21.046254526174042
 1106.6436674422361 21.046063043293656
 1119.3759597240168 21.04551435089441
 1132.229038260703 21.044484945685205
 1145.2171131999302 21.043083975019026
 1158.3401845416988 21.04178201810246
 1171.5911472121906 21.040938606738475
 1184.9842113590414 21.040598286558566
 1198.5051668346154 21.040700044825761
 1212.1682237865488 21.041101588859376
 1225.9662771410232 21.041712560696012
 1239.899326898039 21.04268792002057
 1253.981583205232 21.044248072706384
 1268.198835914966 21.046263815310464
 1282.5581901010591 21.048463018358926
 1297.0596457635112 21.050850748653456
 1311.710307976141 21.053502163752394
 1326.5030716651294 21.056360684370247
 1341.4450419042952 21.059136024993755
 1356.5362186936381 21.061340717077374
 1371.776602033158 21.062642462877203
 1387.1661919228552 21.063058785082404
 1402.7049883627294 21.062926626005094
 1418.3929913527808 21.062819589819476
 1434.2444110406452 21.062804178297682
 1450.2450372786865 21.062691019726695
 1466.4019751407231 21.062613117650773
 1482.715224626755 21.062559705116331
 1499.1847857367815 21.062246830112222
 1515.8177635446213 21.06170193781424
 1532.6141580502742 21.06135211738117
 1549.566864179922 21.061360562050644
 1566.682987007383 21.061806229482275
 1583.9696316064748 21.063334714657553
 1601.412587829562 21.066013786049026
 1619.0331708980977 21.068839161339184
 1636.8100655906287 21.07203926883737
 1654.7645871286088 21.076138944751555
 1672.8825253644017 21.081018274775175
 1691.170985371826 21.08597339570735
 1709.6370722246986 21.090152029281142
 1728.2736808492024 21.093556286663925
 1747.0879163191555 21.096037963906383
 1766.0726735607395 21.09805243981004
 1785.2421627215903 21.09995249044229
 1804.582173654072 21.101534810385484
 1824.1069165058206 21.102377799515991
 1843.8092862030184 21.10237737728252
 1863.6892827456647 21.101813695594952
 1883.754011207578 21.10050920527754
 1904.0105766625767 21.098573264800016
 1924.4447689630242 21.09645576392874
 1945.063693182738 21.09461334816567
 1965.8673493217195 21.093359525865118
 1986.8628424537853 21.09293560345739
 2008.050172578936 21.09319654374422
 2029.422234623354 21.094297939760714
 2050.9932387346743 21.096198623743173
 2072.748974765262 21.09863047743572
 2094.7036528627527 21.10136443917879
 2116.850167953328 21.103697068004983
 2139.1885200369874 21.105634275182932
 2161.732919261369 21.106296126153164
 2184.469155478834 21.105856158873432
 2207.404333763203 21.104781574682526
 2230.538454114474 21.10388432855063
 2253.8715165326484 21.103834716117454
 2277.4106260915432 21.103016005411692
 2301.1486777173413 21.10005129307517
 2325.09277648386 21.096290248406997
 2349.2429223910994 21.093470151035266
 2373.592010365241 21.090542173010966
 2398.1542505539223 21.086858608185242
 2422.922537883324 21.083376026493063
 2447.8968723534462 21.079926801245317
 2473.084359038108 21.075939861668643
 2498.4778928634896 21.073093796938266
 2524.0774738295926 21.073882317950651
 2549.897312084052 21.0764302858485
 2575.9303025530502 21.07753822648384
 2602.169340162769 21.07815722075648
 2628.6286350608447 21.078946375119077
 2655.3010821734596 21.077844134635633
 2682.1866815006123 21.0741422026538
 2709.2925381161226 21.07038284691952
 2736.611546946171 21.067910881046962
 2764.1508130645765 21.065163618949465
 2791.903231397521 21.06129722702957
 2819.8830120926395 21.055349224083677
 2848.075945002297 21.049609382240387
 2876.4962402741293 21.046669792795555
 2905.136792834318 21.045463893994288
 2933.9904976090456 21.044874456064817
 2963.071564745948 21.04464074983705
 2992.3799942450245 21.044577837049445
 3021.9086810324583 21.046671903962923
 3051.6576251082483 21.05160781327204
 3081.6339315462137 21.059447633297445
 3111.837600346353 21.067584072338213
 3142.261526434849 21.077102270422106
 3172.9128148855206 21.087120392939016
 3203.7914656983657 21.099384586419986
 3234.8903737995683 21.110125361527362
 3266.223749336763 21.122056412797476
 3297.777382162315 21.135798001203387
 3329.565482423859 21.15124330167622
 3361.57383997376 21.16381108102487
 3393.809559885836 21.172635760627994
 3426.279747233904 21.177580114606584
 3458.970191870329 21.18016207229908
 3491.8951039427465 21.18100653924674
 3525.0473783773386 21.17875814599858
 3558.4270151741052 21.17406713210429
 3592.034014333047 21.167279729012413
 3625.8683758541633 21.159267848846425
 3659.930099737454 21.15078940069185
 3694.2262910567374 21.143083639794387
 3728.742739664378 21.13722092801021
 3763.4936557080104 21.133072484129794
 3798.46482904 21.12996484576238
 3833.670469807982 21.127771342865813
 3869.0963678643206 21.126523642950633
 3904.756733356652 21.126014851614666
 3940.63735613734 21.125989517606235
 3976.7524463540212 21.126253413527383
