 0.0E+0 0.0E+0
 0.2054342707703902 0.04351081659324984
 0.6187180039165117 0.1310287452430147
 1.0368642399385941 0.21935069293138706
 1.4599320375760218 0.30803373658783883
 1.8879680221493617 0.3965173217600149
 2.3210447219350496 0.4842761871500799
 2.7592139428448265 0.570908768816981
 3.202532671381606 0.6561365569040305
 3.6510630746394783 0.7397655887939387
 4.104867319712531 0.821656630782361
 4.5640127542860264 0.9017099235703513
 5.028546003680532 0.9798542933398622
 5.4985240543989615 1.05603627806943
 5.9740505182647964 1.1302108826093424
 6.455172020598601 1.2023350110832431
 6.94194036731212 1.272364468916227
 7.43440736431709 1.3402553166455786
 7.9327284293487334 1.4059677474033553
 8.436851756495312 1.4694677253677881
 8.946880957580303 1.530727801285998
 9.46291964442719 1.589728942636286
 9.985019622947712 1.6464615937402735
 10.513284504965354 1.7009241219103565
 11.04771429048011 1.753119248329182
 11.588412591315464 1.803049404254078
 12.135483019294895 1.8507111144177053
 12.688977380330147 1.8960897499765225
 13.248947480332959 1.9391559962030615
 13.81549693112681 1.979865663441187
 14.388729344535184 2.0181622631311553
 14.968644720558078 2.053980121307985
 15.555398476930716 2.087244666070062
 16.148990613653097 2.117867864136337
 16.74962835437218 2.1457418782135566
 17.35725989317623 2.170738667227895
 17.971988841888727 2.19271576686571
 18.59397061824489 2.2115221082812763
 19.223257028156456 2.2270002020598447
 19.859899877535173 2.238989040423392
 20.504054584116257 2.2473309416081832
 21.155721147899715 2.251876620815479
 21.815003180709016 2.2524854074340936
 22.482056100279397 2.2490258744036797
 23.156931712522585 2.2413773368356575
 23.839681823350325 2.2294326816498135
 24.53046185049784 2.2131068597204794
 25.229323599876867 2.192343373914812
 25.93637068331089 2.1671150780742984
 26.65170671262339 2.1374297910883632
 27.37543529963785 2.103332851078714
 28.107608250266004 2.0649142328893383
 28.84838098224308 2.022321392711766
 29.59780530148081 1.975754262391951
 30.356036625714427 1.9254454782397785
 31.123126760855662 1.8716496402021782
 31.899179318728005 1.8146381639071813
 32.68429791115493 1.754694845550102
 33.478637955871654 1.6921277151787383
 34.282303064701665 1.6272863864559341
 35.095345043556704 1.560552449279745
 35.91786750426025 1.4923237377724745
 36.750025864547524 1.423017699882205
 37.591923736242016 1.353077434741081
 38.44366473116718 1.2829684761825232
 39.30535246114653 1.2131616068142252
 40.17714234391527 1.1441133117826718
 41.05908618538515 1.0762553840878645
 41.95133940329138 1.0099862231180145
 42.85405741536918 0.9456486522081259
 43.7672920275303 0.8835230976952665
 44.69119865750996 0.8238538754644158
 45.62588091713164 0.7668277771123027
 46.57149422413056 0.7125374215062343
 47.52814219033019 0.660990084966834
 48.49598023346578 0.612157656885786
 49.47506015944905 0.5659911129913578
 50.46558919192696 0.5224580729654238
 51.467722748634734 0.4815907087409258
 52.48146082957238 0.44344048316194484
 53.507217882033813 0.40799328655155925
 54.54489029419557 0.3752011166486062
 55.59447806605761 0.34502447326022106
 56.65649925673738 0.31726834346758003
 57.730435807117466 0.2916495395684519
 58.81732383543267 0.26798092106409804
 59.91664528256558 0.2462508852076183
 61.028918207633616 0.22648895824427855
 62.15414261063676 0.2086054136113176
 63.29283655069244 0.19238547450498952
 64.44448196868323 0.1775721749057829
 65.60907886460915 0.16389031656908797
 66.78766335670498 0.15106301001387281
 67.98023544497076 0.13896898178178593
 69.18627707028905 0.12761540133187362
 70.40630629177728 0.11702537934079929
 71.64084116855282 0.10731253540679193
 72.8893636414983 0.09866217176825255
 74.15290982884854 0.09105663029037742
 75.4309616714861 0.0842430848467681
 76.72351916941099 0.07793668771376498
 78.03110038174061 0.07203161119524618
 79.3542233675924 0.06664889705846966
 80.6923700678489 0.06187396938968912
 82.04657660074494 0.05757530494711675
 83.41632490716316 0.053547456768000656
 84.8016149871035 0.049669535335996765
 86.2029648996834 0.0458675335774428
 87.62089270402024 0.04204735744077978
 89.05539840011403 0.03824630729699348
 90.50596392884738 0.03465761144132252
 91.97414346757249 0.03145306555360046
 93.45838283893713 0.028683309360672464
 94.96075427941095 0.02622550814288389
 96.47970361164172 0.02385757700459108
 98.01678501298166 0.021402590255551724
 99.57148042431336 0.018781484965878343
 101.14430790475424 0.01614191706888796
 102.73526745430426 0.013872232267674419
 104.34435907296347 0.012147270505232245
 105.97261887896666 0.0107945540863044
 107.619010754079 9.657045418873179E-3
 109.28508887565272 8.68773028421956E-3
 110.96981712545302 7.864980982205474E-3
 112.6747496808321 7.1630857090422715E-3
 114.39885042355516 6.5558898516716295E-3
 116.1426374127396 6.020911544544184E-3
 117.90714676662023 5.54103123051391E-3
 119.69186042607966 5.104669439145553E-3
 121.49677839111786 4.704427552443448E-3
 123.32293677996967 4.335257053582512E-3
 125.16981753351764 3.993226983021938E-3
 127.03845676999663 3.6750536998724735E-3
 128.92833643028922 3.378074127359741E-3
 130.8399745735128 3.1003378781959403E-3
 132.7733711996674 2.8406078023562E-3
 134.7295624269878 2.5981978981800216E-3
 136.70751213723917 2.3726939440216004E-3
 138.7087745077738 2.1636696973605542E-3
 140.73334953859162 1.9704916519597305E-3
 142.78071917057525 1.7922561070114677E-3
 144.8514014628421 1.627859330757128E-3
 146.94643253362696 1.4761618065068785E-3
 149.06529432381245 1.3361631623675673E-3
 151.208504892516 1.2070906844037351E-3
 153.37606423973753 1.088363226362169E-3
 155.56900848371188 9.79488875711453E-4
 157.7868195653217 8.799908495461126E-4
 160.03001554368432 7.893993485383245E-4
 162.2985964187998 7.072776582457527E-4
 164.5935983089029 6.332336626490492E-4
 166.91502121399366 5.668972841961479E-4
 169.26234707495464 5.078792309271272E-4
 171.63713006913812 4.557320775056385E-4
 174.03885213742663 4.0991307280913684E-4
 176.46803133893752 3.697509890692255E-4
 178.92518573278834 3.344584818529368E-4
 181.41031531897903 3.0322546596947395E-4
 183.92342009750953 2.753516420829814E-4
 186.4655361866147 2.503337486026935E-4
 189.03718164541197 2.2786716837572173E-4
 191.6373203556665 2.077847581761106E-4
 194.2675064947305 1.89976185595531E-4
 196.92774006260395 1.7431814889226618E-4
 199.61802105928691 1.6062881015562152E-4
 202.33886754389672 1.48649201322583E-4
 205.09079757555085 1.3804616556550134E-4
 207.87432921336665 1.2842604834511253E-4
 210.68894439822673 1.1935322354701264E-4
 213.53567924836593 1.1037487353062562E-4
 216.4150518229016 1.010488434638143E-4
 219.32706212183381 9.097154218871727E-5
 222.27171014516247 7.98295867024805E-5
 225.2505500702399 6.751545148916839E-5
 228.2625457788312 5.429834396366628E-5
 231.3087333891712 4.0929648250170916E-5
 234.38911290125994 2.851048551024749E-5
 237.50472043333223 1.811026545002414E-5
 240.65555598538801 1.036263947896408E-5
 243.84213761654473 5.2841060649338164E-6
 247.06498338591975 2.3824670962252164E-6
 250.32357523439574 9.472629633017323E-7
 253.61946733932487 3.345947556596378E-7
 256.9521416415897 1.0927884820684347E-7
 260.3226342594251 3.910376981006756E-8
 263.7309451928311 2.0523312665453476E-8
 267.177592500925 1.4161253140702585E-8
 270.6630942428243 1.0365445948676724E-8
 274.1879684776463 7.599711049012526E-9
 277.75221520539105 5.51404233256207E-9
 281.35687054429342 3.941419852840741E-9
 285.00193449435334 2.7684630124612814E-9
 288.6874070555709 1.907788385340944E-9
 292.41484240529814 1.2885204400191181E-9
 296.18372248441784 8.524501180274924E-10
 299.99508341116467 5.522526031519422E-10
 303.84892518553874 3.5031312553476985E-10
 307.7457658666574 2.1758690520513705E-10
 311.68612351363805 1.323433221681834E-10
 315.6705161855981 7.883495920222026E-11
 319.69946194165493 4.5999345364316675E-11
 323.77347884092603 2.629494109089144E-11
 327.89308494252873 1.4728011615804487E-11
 332.058280246463 8.083783707403704E-12
 336.26958281184636 4.348206181699836E-12
 340.52802875691355 2.292101940022102E-12
 344.834136140782 1.1840427145287806E-12
 349.18738690433423 5.9933621575444E-13
 353.5893352249225 2.97223648600577E-13
 358.0404991616643 1.4438662043469906E-13
 362.54036065544204 6.869182421583749E-14
 367.09047388360806 3.1996759550796756E-14
 371.6908388461624 1.4588337604146676E-14
 376.3419736022224 6.508384654219107E-15
 381.04439621090546 2.8403798629383797E-15
 385.79862473132897 1.2122457831915657E-15
 390.60569528172783 5.058298011762112E-16
 395.46560786210193 2.0631052485494935E-16
 400.3788805315687 8.223548071892368E-17
 405.34654940836304 3.2029116422410603E-17
 410.3686144924848 1.2187296726359479E-17
 415.44559384305154 4.5297035245682105E-18
 420.57852357829796 1.6441603723124986E-18
 425.76792175734146 5.826667982897635E-19
 431.0137883801821 2.0153493958856024E-19
 436.31715956505473 6.800465522126804E-20
 441.67855337107664 2.2372805362153635E-20
 447.0984878573653 7.170311200167391E-21
 452.57799914215553 2.2363701139452864E-21
 458.1165691663299 6.779393770934555E-22
 463.7157521072406 1.9943326335602851E-22
 469.376066024005 5.682785553288619E-23
 475.09751091662326 1.5652016345992055E-23
 480.8816409624475 4.156512926238879E-24
 486.72793810236026 1.0611739121606088E-24
 492.6379565137138 2.5972198140790225E-25
 498.6122142556256 6.075872170532577E-26
 504.65071132809555 1.3535282948947013E-26
 510.75448384935845 2.8600652386047882E-27
 516.9240498785318 5.7182494513841485E-28
 523.1619997112026 1.080337281143377E-28
 529.4615985788446 1.9227118953357134E-29
 535.8337257229232 3.205933158738963E-30
 542.2732005522645 4.992976705841389E-31
 548.7852036580423 7.295277104367034E-32
 555.3593738579088 1.0111851093295111E-32
 562.011252925386 1.3465706888520836E-33
 568.7304796781258 1.8039079631444365E-34
 575.5222347073022 3.8556878694161944E-35
 582.3865180129154 1.824341501844331E-35
 589.3233295949652 1.0154006169879636E-35
 596.3326694534518 5.872307396624284E-36
 603.4197181795489 3.423306330224715E-36
 610.5844757732568 1.9608385621986395E-36
 617.8165810522273 1.0953054332473204E-36
 625.1315757899827 5.960075682722789E-37
 632.5242793953486 3.1864267234331866E-37
 639.9946918683254 1.7062148303156277E-37
 647.5376326177388 9.189129276895879E-38
 655.168643417111 4.886263161779001E-38
 662.8721824929199 2.5075375608590004E-38
 670.6637916186875 1.2344138725322943E-38
 678.5331096120659 5.944390984919015E-39
 686.485317064229 2.8875518034460733E-39
 694.5204139751769 1.4479303717749625E-39
 702.6384003449097 7.496782500106303E-40
 710.8444567646011 3.9287190781548805E-40
 719.1334026430774 2.049195966539755E-40
 727.5104185715124 1.0600278166646995E-40
 735.9755045499063 5.456975513975031E-41
 744.523479987085 2.8043338595763975E-41
 753.1647060653964 1.4361010415086405E-41
 761.8888216024927 7.287909590457868E-42
 770.7113683718959 3.6519125446041405E-42
 779.6168046000838 1.8063993918372237E-42
 788.6206720605786 8.80116090336681E-43
 797.7126095710323 4.194397393609044E-43
 806.8977977226187 1.9368871084446913E-43
 816.1814171065121 8.562698902700157E-44
 825.5531065403643 3.564292047465554E-44
 835.0232272065234 1.370820325595685E-44
 844.5917791049895 4.80403895768384E-45
 854.2535816445884 1.5314736127449287E-45
 864.0189960076683 4.480629390349135E-46
 873.8776610118808 1.2147248590108287E-46
 883.8399378395745 3.062318341601665E-47
 893.9006458995751 7.192536901060964E-48
 904.0597851918825 1.5866831541489582E-48
 914.327716898845 3.3404341740095496E-49
 924.6940798381144 6.826157428906818E-50
 935.1640546008647 1.364963961066298E-50
 945.7376411870958 2.6562099911279337E-51
 956.4200201879822 4.926972713338886E-52
 967.2060110123494 8.454877375306123E-53
 978.1007942513717 1.312321087936368E-53
 989.1043699050489 1.8242026252064088E-54
 1000.2167379733811 2.2700703732252795E-55
 1011.4378984563683 2.5617004587426166E-56
 1022.7678513540104 2.7366802207356816E-57
 1034.2065966663078 3.195314397475766E-58
 1045.7644955756081 5.614783214093048E-59
 1057.4311868995632 1.3781817054190077E-59
 1069.2118512293477 3.231102673959794E-60
 1081.1064885649611 7.57158753078064E-61
 1093.1150989064035 3.0259686965593376E-61
 1105.2428628448492 1.581993934514676E-61
 1117.489780380298 8.26005204200768E-62
 1129.8506709215755 4.1416706772727234E-62
 1142.3307150598564 1.963142229539317E-62
 1154.9350933863142 8.742084992642492E-63
 1167.6534447186013 3.6553873431792926E-63
 1180.5013108302393 1.436198741938547E-63
 1193.4631499477068 5.3120602066052404E-64
 1206.5545038445252 1.852444387138867E-64
 1219.7650113383467 6.102657673225469E-65
 1233.0998530203455 1.89952595299113E-65
 1246.5642094816953 5.578771072671048E-66
 1260.1529001312221 1.54360212197298E-66
 1273.8711055601004 3.987993423432636E-67
 1287.7136451771557 9.519130054635128E-68
 1301.6908801647364 2.051837748955514E-68
 1315.7924493404941 3.918520938516575E-69
 1330.028713886777 6.540308791922238E-70
 1344.3944932124113 1.0003991280323287E-70
 1358.8897873173964 1.8828509278073663E-71
 1373.519776792907 5.309533936313897E-72
 1388.2896422301171 1.6363225041112266E-72
 1403.189022446678 4.791541788177495E-73
 1418.2230980337642 1.3076165383130466E-73
 1433.391868991376 3.23987499967007E-74
 1448.7005159106868 7.329536350096035E-75
 1464.1490387916967 1.4726404244148654E-75
 1479.7322570432322 2.4445944449952566E-76
 1495.4605318476408 3.197019407572378E-77
 1511.3235020225747 3.2872326429403317E-78
 1527.3315287503821 2.8073056220513815E-79
 1543.4794314398886 2.4413724253116034E-80
 1559.7672100910942 2.6947349722924045E-81
 1576.2052258863477 3.058603489653176E-82
 1592.7831176433 2.9198214553909953E-83
 1609.5060659531261 2.218776972703615E-84
 1626.3740708158252 1.373208507156036E-85
 1643.3871322313975 7.7052933503081264E-87
 1660.5504307910175 3.599622887869764E-88
 1677.8587859035108 1.4594743789406237E-89
 1695.3173781600512 5.560131318442292E-91
 1712.9262075606395 2.2745529990132667E-92
 1730.6800935141006 1.2182917904500593E-93
 1748.5893972027836 9.21085023926731E-95
 1766.6489380355135 1.5100520845397493E-95
 1784.858716012291 3.2812283409292433E-96
 1803.2239117242902 6.892922914527784E-97
 1821.7393445803363 1.2833954923182814E-97
 1840.4050145804301 2.2231176429536714E-98
 1859.2312829069192 4.704021502564175E-99
 1878.2129689686298 1.131671041933472E-99
 1897.3448921743877 2.4305123869385154E-100
 1916.6374137065413 4.320748253104886E-101
 1936.0853529739163 6.4065433999903574E-102
 1955.6887099765124 7.7366028206583E-103
 1975.4526653055042 7.585056231427903E-104
 1995.3720383697175 7.922638803370577E-105
 2015.4520097603265 1.4054924769956955E-105
 2035.6873988861564 2.6812081911964224E-106
 2056.0885669295562 4.107298479525499E-107
 2076.645152708177 5.0518432245898125E-108
 2097.367517404368 5.204865671568646E-109
 2118.2504804269542 5.0413613769926984E-110
 2139.2888611847615 4.887296515931595E-111
 2160.4930208601385 4.497169578994767E-112
 2181.8629594530852 3.9226899920588783E-113
 2203.3934963724273 3.784729166443182E-114
 2225.0846316181646 4.000232770590542E-115
 2246.941545781472 3.5640709650804675E-116
 2268.9642388623483 2.524472706675071E-117
 2291.1475302696203 1.7171359789526041E-118
 2313.496600594462 1.6433705021600114E-119
 2336.011449836873 2.906932151473654E-120
 2358.6868974056797 6.3913500457162545E-121
 2381.5333044832295 1.2465788689759695E-121
 2404.5403098871756 2.107021192450496E-122
 2427.7182747998645 2.9082012752738048E-123
 2451.0568380389495 2.9288080779966443E-124
 2474.561180195604 2.015154867856532E-125
 2498.2364818610012 9.57775484748028E-127
 2522.072381852795 3.403222686687392E-128
 2546.0792413533313 9.824593113587164E-130
 2570.251879771438 2.4181678712414287E-131
 2594.5902971071136 5.193618131968401E-133
 2619.094493360359 9.872068010772432E-135
 2643.7644685311743 1.6822518778302051E-136
 2668.6002226195587 2.6083627362226448E-138
 2693.606936216687 3.750579321726455E-140
 2718.7742481402106 5.1248223127697996E-142
 2744.1125195724775 6.835687606372434E-144
 2769.61138933114 9.076866845925051E-146
 2795.2812185985462 1.203384341984712E-147
 2821.1116461923475 1.5752507715955874E-149
 2847.113033294893 2.0072290753814286E-151
 2873.2750187238334 0.0E+0
 2899.607963661518 0.0E+0
