 0.24102062801796442 0.0E+0
 0.7258954472920038 1.8841561597570872
 1.2164750766374512 1.5887692877212864
 1.7128288052454574 1.4527940598742925
 2.2150113351090365 1.3667556812713144
 2.72310775821732 1.3058467233458317
 3.237178854562547 1.259947946538321
 3.7572914821361766 1.2240563383656788
 4.283518576928896 1.1952908280278087
 4.8159330749313884 1.1718110167421398
 5.354613990133562 1.1523598518205417
 5.8996160245284334 1.1360403711409181
 6.4510060361074614 1.1221908638015956
 7.008905584855121 1.1103109583522874
 7.573369372764427 1.1000153878088034
 8.144458179827616 1.0910048100790812
 8.722232786036926 1.083044564983911
 9.306875531369068 1.0759495038184212
 9.898325635831808 1.0695761415102211
 10.496704659409618 1.0638112666901333
 11.102134162086973 1.0585665577120115
 11.71467492385611 1.0537709661405958
 12.334448504701506 1.0493690705414355
 12.96145490462316 1.0453254631474542
 13.595815683605547 1.0416171885844038
 14.237652401633142 1.0382373288618602
 14.88702583869818 1.035187378933777
 15.543996774792902 1.0324652616824421
 16.20868676990178 1.0300634693075672
 16.881217384009296 1.0279658007764178
 17.56158861711544 1.0261473754783148
 18.24998280919693 1.0245774073765248
 18.946399960253764 1.0232272439090941
 19.651083190254894 1.0220685295647504
 20.36397171920808 1.0210796122029832
 21.085187107097802 1.0202463551624751
 21.814911693900764 1.0195601245217704
 22.55320625960921 1.0190243154919
 23.300131584215375 1.018637467544268
 24.055870007695972 1.018377739119109
 24.820421530051003 1.018186630805775
 25.59390771126494 1.0179846841662016
 26.376510891314495 1.0177077798783902
 27.16829185019191 1.017329800047712
 27.969311367889414 1.0168663602234033
 28.779751784383726 1.016336622857797
 29.599673879667086 1.0157234650945017
 30.429199213723958 1.0149881641990041
 31.268449346538826 1.0141044238040062
 32.11754583809617 1.013083717527509
 32.976549468388213 1.011936898216805
 33.84564257739168 1.0107489997644667
 34.72488594509879 1.009567650528255
 35.61446191148628 1.0084533930345753
 36.514431256546373 1.0074725941010174
 37.424915540263555 1.0066835662612363
 38.34603632262228 1.006124260086961
 39.27797594359928 1.0057850012429008
 40.22085596317903 1.0055633464546083
 41.17473716135375 1.00526200529663
 42.13974109810792 1.0046880482784077
 43.11605011341827 1.0037952570542862
 44.10378576726926 1.00271242453126
 45.10306961964536 1.0016288430637574
 46.11402323053106 1.0006112484315274
 47.13682893990306 0.999554904144085
 48.17154752775361 0.9982962908883212
 49.218361334059416 0.9967323358034019
 50.27745269879718 0.9948275170865158
 51.34888240195915 0.9926229028252272
 52.43283278352204 0.9902603644224924
 53.52942540347033 0.9878994779325925
 54.63884260178071 0.9856401658057814
 55.761205938437676 0.983568271278834
 56.89669775341794 0.9818536370253421
 58.04537882671372 0.9807328947684791
 59.207492278293983 0.980344324614043
 60.38322044813544 0.9806159640259856
 61.57256333623809 0.98131749312245
 62.77600718253983 0.9821785056399187
 63.99343042705619 0.9828884614281672
 65.22483306978715 0.9830516941850015
 66.47082291065512 0.9823696877033259
 67.7307921497377 0.9808263153513802
 69.00595638687965 0.9785510935618763
 70.29570782215858 0.9756964443918352
 71.60065425549688 0.9724566712769392
 72.92079568689454 0.9689998479109986
 74.25673991627396 0.9654957681142805
 75.60787914371272 0.9622251386993472
 76.97421336921086 0.9594434501770507
 78.3569581926131 0.9571418459567602
 79.75611361391947 0.9551093284628743
 81.17107183320758 0.9531324590668527
 82.60244065039981 0.9510177114193257
 84.05082786541851 0.9486610945189698
 85.51562567834134 0.9462694588395043
 86.99804968901302 0.9442507341293624
 88.4974920975112 0.9427233900381802
 90.01395290383587 0.941360686050826
 91.5480399079094 0.9398435821851773
 93.10036090965417 0.9379352916747254
 94.6703081091478 0.9355386576825766
 96.25909710623505 0.9324576528092633
 97.86612010099353 0.9288387809807965
 99.49137709342327 0.9253802007363905
 101.1354758834466 0.9226946428709895
 102.79902427098591 0.9206876470398724
 104.48202225604122 0.9188431959702912
 106.18386203869017 0.916838778140223
 107.90636701869983 0.914745021588992
 109.64771379630308 0.9129077224912856
 111.41033357118947 0.9117425895404178
 113.19240294359184 0.911362225060069
 114.99574531327733 0.9112834422636191
 116.81975288032356 0.9109770088908349
 118.66503344465289 0.9107369673421408
 120.53158700626533 0.9112549470131824
 122.4194135651609 0.9125882507933739
 124.32972872118431 0.9142477138537718
 126.26131687449084 0.9161002677438472
 128.2160014248476 0.9183812062927904
 130.19256677240986 0.9205524443946776
 132.19283631694472 0.9212643466801403
 134.21559445860742 0.919499194421155
 136.2614489973204 0.9152989757994641
 138.33161553292833 0.9099639253172361
 140.42548626550888 0.9051772978039094
 142.54306119506205 0.9017169947705089
 144.68555592143258 0.8996010219517387
 146.85236264469807 0.8987124960799269
 149.04469696470331 0.8987362181182429
 151.26195108152592 0.8992239132122696
 153.50473279508824 0.8996510141661053
 155.77304210539031 0.8990485097593944
 158.06809461227686 0.8964359198898967
 160.38867471590313 0.8920973834823747
 162.73660581603627 0.8876933104277291
 165.11188791267628 0.8849582981163348
 167.51391320590076 0.884339866512465
 169.94328949563211 0.8846874877504861
 172.40123238171506 0.8847649949537708
 174.88713406422724 0.8842039388755645
 177.40160234309104 0.8828029525970082
 179.9446372183064 0.880536342177924
 182.51745428971815 0.8779455627427416
 185.1194457574039 0.8762028272989614
 187.75121942128598 0.8767625745858868
 190.41277528136441 0.8805606938236858
 193.10532893748396 0.8870623423217514
 195.82888038964463 0.8935040714902295
 198.582821837924 0.8969396266013393
 201.36897668208925 0.8963963095825885
 204.186737122218 0.8930882411227953
 207.03671095823253 0.8880828258892643
 209.91950599005537 0.8823073383091092
 212.8351222176864 0.8787272412301401
 215.78355964112566 0.8801683677956176
 218.76603386021787 0.885273925443986
 221.78315267488548 0.8903435901744743
 224.83370048528368 0.8922378738051367
 227.9195006911796 0.8880230980635324
 231.04055329257326 0.8776787749677021
 234.19685828946464 0.8662620426480834
 237.3890234817761 0.8591755590323472
 240.61765666943006 0.8577734049762734
 243.88336565234888 0.8599179003773784
 247.18554263061017 0.8622030482850584
 250.5254032040587 0.8620755565297481
 253.9035551726168 0.859180797522308
 257.3199985362845 0.8551591364030082
 260.7747332950618 0.8528616023277548
 264.2695828487159 0.8550668333626357
 267.8033315974019 0.861695564262992
 271.3771951409646 0.8696501203871649
 274.9911734794041 0.8755450468290813
 278.64648221256504 0.8785283340265551
 282.34312134044745 0.8807075307559544
 286.08169866297373 0.8824480808506056
 289.8628219800662 0.8814661281607316
 293.68588349180254 0.8773555169392544
 297.55270659794985 0.8719099838152851
 301.46268349858576 0.86602937598391
 305.417029793555 0.85937533991989
 309.41574548285763 0.8529982222169352
 313.45943836641595 0.8479365783224619
 317.54871624415233 0.8424296692039679
 321.68418691598924 0.8360581065866471
 325.8658503819266 0.83272535797408
 330.0949222418092 0.834728442395231
 334.3714024956369 0.8393315496030337
 338.69529114341 0.8419382775331701
 343.06841158489532 0.8402716328928571
 347.4901560201707 0.8362562826921953
 351.96174004908073 0.8320073848560838
 356.4831636716255 0.828941121368645
 361.05503468772735 0.8282870099786657
 365.6779608973087 0.8301724776072964
 370.35255010029186 0.8348185656445691
 375.07941009659924 0.8402161979918705
 379.8591486861532 0.8434915126719041
 384.6923736688762 0.8460206644222517
 389.5790850447681 0.852222629057609
 394.5198906137513 0.8622310646276223
 399.5160059756707 0.8691414307908912
 404.5680389304485 0.8673226249738294
 409.6753816781624 0.8615373168067291
 414.83985761857945 0.857798477217807
 420.06207455162223 0.8544237671025929
 425.3414246773681 0.8502514715501055
 430.6797313955843 0.8487264013353047
 436.0769947062709 0.8527731837548207
 441.53382240935025 0.8629783752901959
 447.05082230474465 0.8758991977671365
 452.62860219237643 0.8842895654760177
 458.26837767209053 0.8836275266921735
 463.9701487438868 0.8749949252087429
 469.7345232076877 0.8625945339739611
 475.5627166633379 0.8521823162124257
 481.4547291108374 0.8458795007611151
 487.41116835010865 0.8437394499608755
 493.4332499809964 0.84802787784015
 499.52158180342286 0.8539280739427715
 505.6761638173882 0.8542780675364123
 511.89821162273716 0.8479801891239815
 518.1883330193921 0.832819606410076
 524.5471358072753 0.8077898766526609
 530.9758355862316 0.7833660330087331
 537.4738245563386 0.7717071030207873
 544.0429261173634 0.7720711119369935
 550.6837480692285 0.7802244739106351
 557.3962904119338 0.7923358587475392
 564.1823765452464 0.8032972340920972
 571.0413986692439 0.8128955166395884
 577.9751801836935 0.821906037581779
 584.9843288885177 0.8310956121586778
 592.0688447837161 0.8411155870538162
 599.2299434691338 0.8463071760670332
 606.4682327446932 0.8422357736856969
 613.7867516100059 0.8340479654787741
 621.1775986660812 0.8291779916171927
 628.653537711289 0.8292531087476459
 636.2084907464055 0.8337570111682986
 643.8485357706544 0.8380052347917044
 651.5615167855883 0.8359981177134088
 659.3656677888783 0.8322943901691685
 667.2488327820771 0.8282925512108118
 675.2170897644083 0.8240553411074469
 683.270438735872 0.8274461416271128
 691.408879696468 0.8374744486096635
 699.6324126461967 0.8403609609712872
 707.9471155842814 0.832115526749386
 716.3529885107224 0.8201101652658768
 724.8378754270719 0.809981101217803
 733.4200103310015 0.8048001591086015
 742.0933152232873 0.8038804887440861
 750.8577901039292 0.7998059838978225
 759.7073569737038 0.7903525884418218
 768.6602498302817 0.7829337110935687
 777.6982346759924 0.7794378153384878
 786.8395455085065 0.7776252803391687
 796.072026329377 0.7750562836703728
 805.4017551378272 0.7734132618021567
 814.8287319338575 0.7791839125113501
 824.3529567174678 0.7839536076480443
 833.9805074878817 0.7796980030274078
 843.7053062458756 0.7770589928105018
 853.5334309906732 0.7806444769397783
 863.4648817222743 0.7825869385349076
 873.4935804414556 0.7827341411827935
 883.6316831466642 0.7822395130914627
 893.8670338394527 0.7773365090626821
 904.2178665174924 0.773149145044057
 914.665947183112 0.7757795949403649
 925.2295098339829 0.7776796354312919
 935.8963984716573 0.7752329365640981
 946.6726910953593 0.7709876776346551
 957.5644657043124 0.7627394586858338
 968.5595663000691 0.7530271314066045
 979.6701488810771 0.7479458971349939
 990.8962134473364 0.7419428910245026
 1002.231681999623 0.7380405571496242
 1013.6887105363845 0.7460235352424979
 1025.2551430591734 0.7568445247452522
 1036.9431355664373 0.7624680271294594
 1048.7466100589522 0.7631328506918954
 1060.6655665367184 0.764621554104098
 1072.7121609981834 0.7642895027850464
 1084.8742374448995 0.7564720525497827
 1097.1578738760904 0.7558107753136659
 1109.5630702917562 0.762816157949063
 1122.095904691121 0.7634920283770399
 1134.7502990749603 0.7456931126302642
 1147.5323314424986 0.7116934773025909
 1160.4420017937354 0.6892225767290243
 1173.479310128671 0.6852743253670659
 1186.644256447305 0.6743238547717306
 1199.936840749638 0.666413890203611
 1213.3570630356696 0.6939911217983122
 1226.9170793038472 0.7295063575049024
 1240.6047335557234 0.7169629779871951
 1254.4261037905223 0.66729129039422
 1268.3811900082434 0.6385285004239197
 1282.469992208887 0.6439120174334148
 1296.6985883916768 0.6739366232392013
 1311.0669785566128 0.7234040000102417
 1325.5690847044711 0.7659498858378858
 1340.2109848344755 0.7676179075957562
 1354.99875694585 0.7332785967598147
 1369.920245040147 0.7057869495903918
 1384.9936831150373 0.726591021459931
 1400.2008371728502 0.8166063844865346
 1415.5599412112567 0.9767778839439339
 1431.0588392318093 1.1327831694349963
 1446.703609233732 1.1598624663059762
 1462.5003292162482 1.116891253185384
 1478.4429211801343 1.1284775470987327
 1494.5374631246143 1.2454542077231325
 1510.7778770504642 1.6215495974411184
 1527.1763189561313 2.7177459503031364
 1543.7206328431684 8.602761417384292
 1628.776153980272 0.0E+0
 1646.256479747766 0.0E+0
 1663.8948334950771 0.0E+0
 1681.6912152222062 0.0E+0
 1699.651702928376 0.0E+0
 1717.776296613587 0.0E+0
 1736.0589182786154 0.0E+0
 1754.5117239219086 0.0E+0
 1773.1225575450193 0.0E+0
 1791.9035751463952 0.0E+0
 1810.848698726812 0.0E+0
 1829.9579282862698 0.0E+0
 1849.2434198232165 0.0E+0
 1868.6930173392042 0.0E+0
 1888.3127988334567 0.0E+0
 1908.1027643059742 0.0E+0
 1928.0629137567566 0.0E+0
 1948.1993251850276 0.0E+0
 1968.5059205915636 0.0E+0
 1988.988777975588 0.0E+0
 2009.6478973371015 0.0E+0
 2030.4772006768791 0.0E+0
 2051.48884399337 0.0E+0
 2072.676749287349 0.0E+0
 2094.0409165588166 0.0E+0
 2115.587423806997 0.0E+0
 2137.3101930326656 0.0E+0
 2159.209224235823 0.0E+0
 2181.2966734149163 0.0E+0
 2203.5664625707222 0.0E+0
 2226.0125137040172 0.0E+0
 2248.6469828132476 0.0E+0
 2271.463791899191 0.0E+0
 2294.462940961846 0.0E+0
 2317.650508000438 0.0E+0
 2341.020415015742 0.0E+0
 2364.578740006982 0.0E+0
 2388.3194049749345 0.0E+0
 2412.254565918047 0.0E+0
 2436.372066837872 0.0E+0
 2460.6840637328564 0.0E+0
 2485.1844786037772 0.0E+0
 2509.8672334514103 0.0E+0
 2534.7444842742033 0.0E+0
 2559.8162310721563 0.0E+0
 2585.076395846045 0.0E+0
 2610.5249785958703 0.0E+0
 2636.1680573208554 0.0E+0
 2662.005632021 0.0E+0
 2688.0316246970814 0.0E+0
 2714.2521133483223 0.0E+0
 2740.667097974723 0.0E+0
 2767.27050057706 0.0E+0
 2794.0744771537806 0.0E+0
 2821.0668717064372 0.0E+0
 2848.2598402334774 0.0E+0
 2875.6412267364544 0.0E+0
 2903.2171092145904 0.0E+0
 2930.9935656671104 0.0E+0
 2958.9584400955664 0.0E+0
 2987.123888498406 0.0E+0
 3015.483832876406 0.0E+0
 3044.038273229565 0.0E+0
 3072.7872095578845 0.0E+0
 3101.730641861364 0.0E+0
 3130.8685701400027 0.0E+0
 3160.2070723930255 0.0E+0
 3189.7339926219847 0.0E+0
 3219.461486825327 0.0E+0
 3249.3773990046056 0.0E+0
 3279.493885158268 0.0E+0
 3309.798789287866 0.0E+0
 3340.304267391848 0.0E+0
 3370.998163471766 0.0E+0
 3401.892633526068 0.0E+0
 3464.2529055617033 0.0E+0
 3495.718707543037 0.0E+0
 3527.3850834987547 0.0E+0
 3559.2337994311847 0.0E+0
 3591.2830893379982 0.0E+0
 3623.5147192215235 0.0E+0
 3655.9408450802102 0.0E+0
 3688.561466914056 0.0E+0
 3721.364428724614 0.0E+0
 3754.3558085111076 0.0E+0
 3787.535606273538 0.0E+0
 3820.903822011904 0.0E+0
 3854.460455726207 0.0E+0
 3888.199429417222 0.0E+0
 3922.1268210841726 0.0E+0
 3956.2304747286125 0.0E+0
 3990.5225463489887 0.0E+0
 4024.9969579460766 0.0E+0
 4059.6537095198773 0.0E+0
 4094.486723071166 0.0E+0
 4129.502076599168 0.0E+0
 4164.693692104658 0.0E+0
 4200.061569587637 0.0E+0
 4235.6057090481044 0.0E+0
 4271.326110486061 0.0E+0
 4307.222773901506 0.0E+0
 4343.2896212952155 0.0E+0
 4379.520574667967 0.0E+0
 4415.927790018206 0.0E+0
 4452.505189346711 0.0E+0
 4489.246694654255 0.0E+0
 4526.152305940842 0.0E+0
 4563.22202320647 0.0E+0
 4600.461924450363 0.0E+0
 4637.853775674849 0.0E+0
 4675.409732878376 0.0E+0
 4713.123718061722 0.0E+0
 4750.98965322566 0.0E+0
 4789.013616369416 0.0E+0
 4827.189529493766 0.0E+0
 4865.523470597933 0.0E+0
 4903.997205684246 0.0E+0
 4942.622890751153 0.0E+0
 4981.39444779943 0.0E+0
 5020.311876829076 0.0E+0
 5059.369099840869 0.0E+0
 5098.566116834809 0.0E+0
 5137.902927810893 0.0E+0
 5177.3734547699004 0.0E+0
 5216.977697711831 0.0E+0
 5256.715656636683 0.0E+0
 5296.587331544458 0.0E+0
 5336.580566436708 0.0E+0
 5376.70751731188 0.0E+0
 5416.949950172303 0.0E+0
 5457.320021016425 0.0E+0
 5497.805573845798 0.0E+0
 5538.4066086604225 0.0E+0
 5579.123125460298 0.0E+0
 5619.949046246201 0.0E+0
 5660.890449017355 0.0E+0
 5701.935177775314 0.0E+0
 5743.089310519298 0.0E+0
 5784.3406912508635 0.0E+0
 5825.6953979692325 0.0E+0
 5867.147352675181 0.0E+0
 5908.690477369486 0.0E+0
 5950.330850051371 0.0E+0
 5992.056314722388 0.0E+0
 6033.872949381762 0.0E+0
 6075.774676030268 0.0E+0
 6117.749338669459 0.0E+0
 6159.809093297783 0.0E+0
 6201.929627918343 0.0E+0
 6244.171722523379 0.0E+0
 6286.474597120652 0.0E+0
 6328.777471717926 0.0E+0
 6371.201906299674 0.0E+0
 6413.687120873659 0.0E+0
 6456.233115439883 0.0E+0
 6498.839889998343 0.0E+0
 6541.446664556804 0.0E+0
 6584.17499909974 0.0E+0
 6626.903333642675 0.0E+0
 6669.753228170085 0.0E+0
 6712.542342705258 0.0E+0
 6755.453017224905 0.0E+0
 6798.363691744554 0.0E+0
 6841.33514625644 0.0E+0
 6884.306600768325 0.0E+0
 6927.27805528021 0.0E+0
 6970.310289784334 0.0E+0
 7013.403304280692 0.0E+0
 7056.496318777054 0.0E+0
 7099.528553281176 0.0E+0
 7142.682347769774 0.0E+0
 7185.775362266135 0.0E+0
