 1.4144633824682213 1.395585511265408
 1.9916015313304644 1.978086830159606
 2.575517152331703 2.563619913444534
 3.1663091866710457 3.1524213287223523
 3.7640483066335712 3.7436097007308024
 4.368812251732865 4.3355830062867024
 4.980685828711021 4.9262707722994685
 5.5997538443101344 5.513186833853917
 6.226108172500805 6.093612870717082
 6.859812418339603 6.664519357485081
 7.500944321340116 7.222110970463404
 8.149645226072499 7.762797409348106
 8.805978737593321 8.283193064391574
 9.470015528187664 8.779343718354816
 10.141826270140603 9.246267478697177
 10.821622980307373 9.680741825573358
 11.5093349864029 10.079135200544249
 12.205103632997332 10.435703938827373
 12.909070264660832 10.746728581964051
 13.621305553678477 11.008054526242091
 14.34195084462042 11.216192577720756
 15.071006137486666 11.367334828516016
 15.808612776847367 11.456910809067809
 16.55491210727268 11.482512761265763
 17.309974801047687 11.442372677509537
 18.073871530457463 11.334485970596916
 18.846743640072165 11.1579253892623
 19.628732474461944 10.914466810185944
 20.41983803362681 10.605626531977347
 21.220272334421991 10.234777719082125
 22.03003537684749 9.806285981088024
 22.849409850043617 9.326675130553543
 23.678325081725294 8.80389779150337
 24.51692241646268 8.244610977611188
 25.365413871111005 7.658289859725886
 26.22387011795535 7.054996792239032
 27.092361829280793 6.44369977474679
 27.97110102194257 5.834134983505422
 28.860087695940684 5.235453723083062
 29.759463195845277 4.655301406418753
 30.669439538511603 4.101306681223038
 31.590087396224724 3.5799486049244086
 32.521477441269723 3.095823346375881
 33.46382169050184 2.6525700802773943
 34.41719081620615 2.2525719043930614
 35.3817261629528 1.8967274854558178
 36.357569075311964 1.5848789971182566
 37.34486089785379 1.3158629774326857
 38.343672302863353 1.087520349699826
 39.35421530719589 0.8970122704683693
 40.376560583136473 0.7408908610935877
 41.410920147540345 0.6152411049809233
 42.457364672692584 0.5157581570584865
 43.516035503163344 0.43774968439747996
 44.587073983522785 0.3763488851188023
 45.67069213062612 0.326388651161457
 46.767031289043544 0.2826824312924127
 47.876162131060105 0.24019002735120825
 48.99822600124597 0.19424827158671842
 50.133434916456366 0.14111716440429453
 51.28193022126146 0.07830836964527169
 52.4438532602314 5.179692497737407E-3
 53.61934537793635 -0.07675401218927934
 54.808618591231535 -0.16385514501822967
 56.01174357240205 -0.250463932556895
 57.22893233830311 -0.32957305973012473
 58.460396905789956 -0.3939877177499265
 59.706207947147674 -0.4374569650490302
 60.966577479231474 -0.45554995195636394
 62.24164684661155 -0.4466021491081015
 63.531628066143113 -0.4121528510437932
 64.83666248239632 -0.3565072181231525
 66.15696211222641 -0.2860694970833319
 67.49259762791846 -0.20816425338662614
 68.84385171861277 -0.1300221636881953
 70.21093640116459 -0.05778501156771129
 71.59385167557393 4.184641216697738E-3
 72.99316292012139 0.05347569793679639
 74.40872879023684 0.08954370241713798
 75.84054928592025 0.11324608904738118
 77.28933113002242 0.12643578805258062
 78.75436759969257 0.1313643804282846
 80.23707214063226 0.13033790847027765
 81.7367380299907 0.12546745777814885
 83.2540719906187 0.11841234596988609
 84.7890740225162 0.1104200292918576
 86.34245084853406 0.10235925277020116
 87.91349574582144 0.09475120449036446
 89.50220871437836 0.08782145743176856
 91.11000319990637 0.08174124661265551
 92.73687920240549 0.07641200032523084
 94.38212999902494 0.07186058111267257
 96.04646231261549 0.06801577894948312
 97.73058286602792 0.06467672608733546
 99.43378493641144 0.061840453486564556
 101.15748196946764 0.05939384714596889
 102.90096724234571 0.05724376801958756
 104.66424075504568 0.05537022438615706
 106.44800923041831 0.05370752258409607
 108.25297939131438 0.052217878964194636
 110.07844451488312 0.050831713411660796
 111.92581804682608 0.04955007856275897
 113.7943932642925 0.04839516503856071
 115.68417016728236 0.047284136791552626
 117.59585547864646 0.046146555577615905
 119.53015592123553 0.04492602651272371
 121.48707149504965 0.04383381554676756
 123.46589547723799 0.042718579967942274
 125.4687480363529 0.04152719619416201
 127.49350900384202 0.04038623503058936
 129.5430052711085 0.03916317327647386
 131.6151166696 0.037797089573802254
 133.71196336786886 0.03647405848338388
 135.8328386430643 0.03514333052287777
 137.97844921803707 0.033593315883084555
 140.1487950927872 0.032031088937183295
 142.3438762673147 0.03051616079013941
 144.5651061873211 0.028785828798029343
 146.81107140710486 0.02696779998560864
 149.08389209521831 0.02520315967253063
 151.3821548059599 0.02321471083075874
 153.70797970788197 0.021207642759565097
 156.05995335528297 0.019121599767548461
 158.43878247101366 0.016940070697175416
 160.84588050077562 0.014743654635639975
 163.28054072171804 0.012532873522369911
 165.74276313384095 0.010234203801728518
 168.23396118284591 7.774651569326154E-3
 170.75342814588213 5.44087951492847E-3
 173.30257746865117 3.0920159735920342E-3
 175.88070242830227 6.551417395135485E-4
 178.48850974768618 -1.6548085351681778E-3
 181.1259994268029 -3.9057256443935013E-3
 183.79458491135403 -6.0998918829337925E-3
 186.49285275563798 -8.088759253904055E-3
 189.2229231282071 -0.01001348333191471
 191.98479602906138 -0.011805826663656972
 194.77776473535007 -0.013389350726293653
 197.60253596992393 -0.014757556825345441
 200.4605231784845 -0.015910427158611455
 203.35101963818101 -0.016849039563159078
 206.27473207186432 -0.017642722013826737
 209.2316604795343 -0.01814122258510874
 212.2232183068926 -0.018340636687472024
 215.24869883108837 -0.018468080006108954
 218.30880877497247 -0.01837016115739778
 221.4035481385449 -0.018192220947626076
 224.53433036750715 -0.017861194805494636
 227.70115546185925 -0.01737846440184225
 230.90331669875044 -0.016891624467477932
 234.1429342467331 -0.01639919253502937
 237.41930138295634 -0.01590660671961186
 240.73312483027098 -0.015332437374282996
 244.0851113115279 -0.014831619522224861
 247.47526082672698 -0.014407057914214247
 250.9035733758683 -0.013901850692679577
 254.37146240465332 -0.013467440668257434
 257.8796346359329 -0.013112513974044738
 261.4266766240055 -0.01275484518939811
 265.0147085374234 -0.01231626978095575
 268.6437303761867 -0.011719750334887083
 272.3137421402953 -0.011120381486827199
 276.0254505525999 -0.010361117684735731
 279.77956233595153 -9.36124563323395E-3
 283.57678421320076 -8.357021556045873E-3
 287.4164094614969 -7.2706212434038184E-3
 291.29985152654154 -5.861623890112818E-3
 295.22781713118536 -4.366310224133806E-3
 299.2003062754285 -2.7078737654794705E-3
 303.21731895927075 -8.018016219055379E-4
 307.2809753512647 1.1118060049589615E-3
 311.3898620057086 3.112973739448121E-3
 315.5453923683041 5.043553007657693E-3
 319.7475664390512 6.899863333967808E-3
 323.9977976636514 8.683694360597786E-3
 328.29608604210483 0.010232178500972624
 332.6431382972621 0.011544009839901372
 337.0396611519741 0.01261881964629784
 341.4849478833901 0.013373723265931486
 345.98111866006223 0.013966361044099032
 350.52746675913994 0.014400623808587963
 355.12540562632466 0.01434660039103179
 359.7749352616165 0.014452321811289519
 364.47676238786613 0.01415552260242331
 369.2315937279244 0.013277368909537457
 374.0401360046421 0.012889036797609915
 378.9023892180191 0.011929029132920464
 383.8197668137571 0.010874182220506418
 388.79226879185603 0.01007118290153217
 393.819895152316 8.929907489007563E-3
 398.9047660636893 8.692031547859901E-3
 404.04617480312504 8.049625377065753E-3
 409.24553481632483 7.226550796639416E-3
 414.5028461032888 5.998553991076563E-3
 419.8188153868676 3.7556985168050865E-3
 425.19414938991207 1.3440466793358787E-3
 430.6295548352729 -2.2459995147132787E-3
 436.12573844580106 -5.437297692495809E-3
 441.68340694434715 -9.711435413750535E-3
 447.303267053762 -0.015024924407819787
 452.98531877404565 -0.021013310899059407
 458.7302688280488 -0.027792935720303012
 464.5395306614732 -0.03441125436888195
 470.41381099716943 -0.04148247935290418
 476.35240311228676 -0.04806531455458898
 482.35742717537755 -0.05499717847643322
 488.42958990929264 -0.0617060175841867
 494.56818459118113 -0.06884961302691259
 500.77533138959546 -0.07602140616053212
 507.05103030453562 -0.0836290846966561
 513.3959880588524 -0.0914452845172862
 519.8109113753965 -0.09952346678329863
 526.2965069770187 -0.10772151520247326
 532.8541883094207 -0.11592446505731092
 539.4839553726024 -0.12442936479260401
 546.1865148894146 -0.13250922849722507
 552.9632803055589 -0.14087718290326847
 559.8142516210352 -0.1488401212626789
 566.7401355586944 -0.15681949514332696
 573.742345564238 -0.16412231083484662
 580.8215883605167 -0.17171438906936645
 587.9778639475306 -0.17840497943105426
 595.2125857709814 -0.1858204906256604
 602.5264605537196 -0.19356868124379594
 609.9201950185961 -0.2006210610535047
 617.3952026113126 -0.2071811945968723
 624.9507766090181 -0.21043877129965773
 632.5890371802651 -0.2142553570465811
 640.3106910479042 -0.21536232570184976
 648.1157382119358 -0.21350288195911526
 656.0062988409117 -0.20898772249247124
 663.9816662119814 -0.19580621373416423
 672.0439604936973 -0.18215405334526083
 680.1938884089102 -0.16281498753609008
 688.43144995762 -0.13204875915789587
 696.758058585528 -0.10573017221465847
 705.1744210154856 -0.07569079945728137
 713.6840708617462 -0.036294674553910603
 722.2778207272498 -5.565340774794144E-3
 730.9705117918628 0.021378660608217456
 739.7550768270775 0.05123794392528389
 748.6385830614015 0.07202700686764066
 757.6068960378194 0.08117862762944643
 766.6812174418544 0.08784410177823795
 775.8474128164911 0.09328685608028386
 785.1125493902372 0.08925679500314271
 794.4766271630928 0.07750006597508934
 803.9396461350576 0.06657387115633737
 813.501606306132 0.056576450478167374
 823.1695749048235 0.043078703322406895
 832.9435519311324 0.028901472111327864
 842.8094029280428 0.024070691461435898
 852.7883295810782 0.031373294397295956
 862.8732646617309 0.0401084500095977
 873.0642081700008 0.0433816418591556
 883.3540928773803 0.04249724720914292
 893.7641204693923 0.03844522314518899
 904.2730892605141 0.03349881563132473
 914.9022009362684 0.026691513288911491
 925.6373210396403 0.013544819132664348
 936.4855167991369 -4.87187743717723E-3
 947.4467882147587 -0.02522691135331185
 958.5211352865056 -0.046487907361087564
 969.7156252428854 -0.06647982175548875
 981.02319085539 -0.08249551438645535
 992.4508993525277 -0.09161632108063988
 1003.9987507342981 -0.09256125066148697
 1015.6596777721938 -0.08872795153549184
 1027.44781492323 -0.08416076192830392
 1039.3490277303912 -0.07879505493571286
 1051.3845178792012 -0.07284662630033684
 1063.5330836841358 -0.06807787390811612
 1075.815926830719 -0.06505139302247373
 1088.2189128619354 -0.06307231227023613
 1100.7491090062922 -0.061669595490396134
 1113.4135824922973 -0.06122279613670965
 1126.1981988629356 -0.06114689741165296
 1139.1170925752223 -0.05896501619132636
 1152.1702636291577 -0.05130798950408871
 1165.3506447962336 -0.035125617938399564
 1178.6723705334657 -7.310327426386288E-3
 1192.1213063838383 0.031139662373106422
 1205.7115868043676 0.07350497516689276
 1219.4361445665454 0.11715311532060162
 1233.2949796703715 0.16359017543706247
 1247.3022265728618 0.21045596680537012
 1261.4437508170005 0.25178412015351475
 1275.7266196312955 0.28219523934662332
 1290.150833015747 0.30186840367478245
 1304.7234581988625 0.313160025345094
 1319.4374279521343 0.311678949244143
 1334.2998095040702 0.29571292398073684
 1349.3106028546703 0.27449195520905544
 1364.4698080039345 0.2600885448084889
 1379.777424951863 0.262043906063088
 1395.2334536984551 0.2745642573006434
 1410.8378942437118 0.2808070967667777
 1426.6048810446484 0.27356503268044846
 1442.5202796442486 0.25039391563774354
 1458.591157271021 0.20565905509800366
 1474.8175139249653 0.13756488370467892
 1491.1993496060817 0.06723865542942856
 1507.7437315428778 0.0245011822651903
 1524.4506597353536 0.012722135277583535
 1541.3130669550014 0.04320316370916323
 1558.3380204303286 0.10367149819242874
 1575.532587389844 0.15844968230607803
 1592.882633376531 0.20810662085445735
 1610.4093600759131 0.23743790058651345
 1628.0915658024675 0.2318431512570706
 1645.9504522417171 0.19922363619631136
 1663.9718849366465 0.1400285994113689
 1682.162931115764 0.08125604017661003
 1700.5306580075762 0.05225652492393966
 1719.0679983835761 0.03881772856312707
 1737.7820194722717 7.664919987930035E-3
 1756.6656540451547 -0.0433057550733702
 1775.7330365592408 -0.07084029738722786
 1794.9700325575145 -0.05762151140704253
 1814.3907764969912 -0.03537119568150754
 1833.9882011491638 -0.04795431401815443
 1853.7623065140312 -0.10313346974945087
 1873.7201598201022 -0.15589954822829982
 1893.8688282958844 -0.1801314180956022
 1914.1941774843617 -0.17912821049630153
 1934.703274614042 -0.1789665795247656
 1955.396119684926 -0.2022729427176912
 1976.2797799255206 -0.21913739888582736
 1997.3542553358263 -0.22809271669036276
 2018.6124786873351 -0.25949255207350996
 2040.068584437063 -0.2837353264692056
 2061.708438127994 -0.2485629796097239
 2083.546174217144 -0.16212876729292005
 2105.574725476005 -0.07098091730842795
 2127.7940919045763 1.987754868398652E-3
 2150.218407959875 0.050692153901568635
 2172.8335391848845 0.055787511338395934
 2195.646552808113 0.022065012391842771
 2218.65744882956 -7.405168194109296E-3
 2241.866227249226 -0.020287122568338575
 2265.279955295619 -0.05763189498317768
 2288.8915657402303 -0.13185755485480366
 2312.7081258115686 -0.17535808880470304
 2336.7296355096336 -0.12072186427168252
 2360.949027605917 0.020904344784594831
 2385.3804365574355 0.1638133791545833
 2410.0167951356802 0.21842317589575663
 2434.8581033406512 0.1555208847518665
 2459.9114284008574 -3.7226581843374183E-3
 2485.16970308779 -0.185282077494857
 2510.6329274014492 -0.29055599078256433
 2536.31523579885 -0.29175423124590577
 2562.209561051486 -0.23776637071657677
 2588.308835930849 -0.1655069767448967
 2614.627194893954 -0.09072592208035529
 2641.1575707122933 -0.03948641111422712
 2667.8999633858666 -0.040816916133290345
 2694.861440143183 -0.10937734215616687
 2722.034933755733 -0.20036468544470936
 2749.4275114520264 -0.20972877529643055
 2777.0321060035535 -0.1264337747022249
 2804.862851867331 -0.076905601858282
 2832.905614586343 -0.12070730619036805
 2861.1745286176046 -0.19118440590656984
 2889.662526732609 -0.19928838327882225
 2918.3625417028474 -0.1202267640460973
 2947.2887079853362 -7.562695740339868E-4
 2976.441025580075 0.11132058168468172
 3005.812427258556 0.2154180052460185
 3035.4029130207795 0.352970466458372
 3065.2195500952534 0.5012475795719108
 3095.2623384819762 0.5445075159186942
 3125.5242109524424 0.4364299287437987
 3156.0122347351584 0.2165049726310405
 3186.7264098301243 -0.6384649984157221
 3217.659669008833 0.38892591705694345
 3248.826146728299 2.1285364412116747
 3280.2117085315076 0.014868039868365058
 3311.830488875474 -1.3520199860346662
 3343.6683533031832 -0.41251482560642366
 3375.7323690431417 -0.14872650224656328
 3408.0296033238582 -0.05950425058616603
 3440.545921688318 -0.023209661933836733
 3473.2954585935344 -6.8260510313916354E-3
 3506.2711468110014 9.023075329724464E-4
 3539.4729863407183 4.517367310117477E-3
 3572.900977182686 6.069166956684803E-3
 3606.5551193369033 6.562616769236762E-3
 3640.4354128033705 6.523269251394034E-3
 3674.548924810596 6.210781978834321E-3
 3708.881520901564 5.770721442199918E-3
 3743.4473355332893 5.293892743254636E-3
 3778.232234248757 4.825870261214044E-3
 3813.250351504983 4.378411202905554E-3
 3848.48755284495 3.96305267903804E-3
 3883.957972725676 3.591813117069438E-3
 3919.6474766901442 3.253337166138842E-3
 3955.5701991953706 2.959571874607599E-3
 3991.712005784339 2.699500726460016E-3
