 0.0E+0 0.0E+0
 0.257209777409705 0.10906842165947406
 0.7746532234858269 0.3265941587455438
 1.2981846668454102 0.5449404935968282
 1.8278780507752985 0.7627221812668195
 2.3637917515545794 0.9775058689232332
 2.9060165767284984 1.186352591889342
 3.4546173888293756 1.386326385914572
 4.009665536642761 1.5748535792908344
 4.571238855207438 1.749926451674973
 5.1394151795621905 1.9101807978872715
 5.714278830999031 2.0548824611827525
 6.295888185797048 2.1838558121503686
 6.8843145927417914 2.2973822671802572
 7.4796877768979 2.3960902795904113
 8.08206611454446 2.48085046500923
 8.691514468213793 2.552685084946363
 9.308097700438214 2.61269377822764
 9.932010398814683 2.6619976908422864
 10.56318770081088 2.701696891345623
 11.201759331491443 2.7328417625514083
 11.847855015921011 2.756413357984672
 12.5015396166319 2.7733118791563886
 13.162942858688753 2.7843543511061117
 13.832064742091566 2.7902770145040833
 14.509034991904977 2.791741828565762
 15.193983333193625 2.7893424812698484
 15.88697462848983 2.7836114029991105
 16.58807374032591 2.775024825566253
 17.297410393766504 2.764007578226938
 18.015114313876246 2.7509359208670165
 18.741185500655141 2.736140660681959
 19.475818541700146 2.71991064629631
 20.219013437011255 2.7024971884096875
 20.971029636717755 2.684121341077983
 21.731802278287315 2.664977728946175
 22.50146108678458 2.6452366004889973
 23.280200649806502 2.6250474644342536
 24.068085829885404 2.604541484506273
 24.865181489553606 2.58383034056412
 25.671682216408061 2.563003063192126
 26.487588010448774 2.5421301151398014
 27.313028596740377 2.5212750584611973
 28.148198562879834 2.500499510942508
 28.993162771399457 2.4798600332649005
 29.847986084831568 2.4594034334228394
 30.712863090773126 2.4391692844019665
 31.58785865175645 2.4191937860020003
 32.47310249284617 2.3995124840227353
 33.36872433910693 2.3801608756650804
 34.27485391560337 2.361174700361127
 35.19155608486781 2.3425864722915057
 36.11902543449721 2.3244224194953364
 37.05732682702387 2.306702682681598
 38.00665485004477 2.2894460347631864
 38.96707436609221 2.272668025214738
 39.938715100230844 2.2563738561159105
 40.92170677752531 2.240554510698703
 41.91624398557254 2.2251896046455006
 42.922456449437206 2.210255901738169
 43.940409031651604 2.1957372347829764
 44.97023145728038 2.1816280885646155
 46.01211831392049 2.1679265048159872
 47.06619932663657 2.154628940325528
 48.13260422049326 2.141734992329461
 49.211462720555203 2.1292499336942882
 50.30296941441935 2.117185077636412
 51.40718916461802 2.1055529306350924
 52.524316558748175 2.0943543952813672
 53.65454618440676 2.0835735291707204
 54.79794290412611 2.073182616650268
 55.954701305503164 2.063146813891207
 57.124951113602584 2.0534293051497183
 58.30888691602131 2.043994807809272
 59.50663843782397 2.034815141201106
 60.71840026660755 2.0258703538313036
 61.94423726490435 2.01715141420527
 63.18440888284364 2.0086595193862466
 64.43910970802239 2.000392427757014
 65.70833974044059 1.9923401202254118
 66.99261788035682 1.9844962507512557
 68.29181440270641 1.9768605951618842
 69.60592930748936 1.9694284877244117
 70.93561122002887 1.9621919660643774
 72.28021151500177 1.95514600792119
 73.6410274430544 1.9482931474503775
 75.0174103788636 1.941636806424997
 76.41000894775254 1.935184180627137
 77.81882314972124 1.9289467271688531
 79.24450161009288 1.9229248573078772
 80.68639570354428 1.917105343264585
 82.14450543007541 1.9114602919939851
 83.62012804033267 1.9059475651098056
 85.11326353431608 1.9005306212722221
 86.62326328670241 1.895183558474403
 88.15077592281489 1.8898884346350981
 89.69645006797667 1.8846335563741027
 91.2596370968646 1.879403240580062
 92.84163426012502 1.8741836678405665
 94.44179293243478 1.8689732541949115
 96.06011311379385 1.8637759645892004
 97.69724342952543 1.8585933190813521
 99.35383250495272 1.8534404882872672
 101.0292317147525 1.84835174838771
 102.72473830957118 1.843363199733622
 104.43970366408557 1.8384988712119803
 106.17412777829566 1.8337756750270484
 107.92865927752463 1.8292204329361518
 109.70394678709567 1.824849363864236
 111.4999903070088 1.820648769377693
 113.31614121194085 1.8165820754772072
 115.15434537786132 1.8126156928940457
 117.01265692880068 1.8087317573444641
 118.8936703660517 1.804905378202845
 120.7954398136448 1.8010977128084251
 122.71991114754957 1.7972740654459096
 124.66643574244279 1.7934289513555261
 126.63566222364766 1.7895859604053607
 128.62759059116416 1.7857518297309353
 130.64222084499232 1.781904422004126
 132.68085023577853 1.7780169564056105
 134.74218151287638 1.7740664851397895
 136.82816055225544 1.7700331435210272
 138.93749010326934 1.765900857842069
 141.07211604188765 1.761665638008764
 143.23074111746402 1.7573482861010032
 145.41401395532156 1.7529943087662691
 147.62323180610673 1.7486456234191527
 149.85774604449633 1.7443103945361486
 152.1175566704903 1.73999265691073
 154.4039609347351 1.7357334591226325
 156.71631021190748 1.7315812604673637
 159.05590175265382 1.727530671899157
 161.422086931651 1.7235354318063633
 163.8155143742221 1.7195462109968873
 166.23618408036722 1.7155151368499397
 168.6853933007327 1.711399399182518
 171.16184478467215 1.7072053557843287
 173.66748440815513 1.7029952681221172
 176.2023121711817 1.6988243925971713
 178.7656794484286 1.6947120005065463
 181.3582348652191 1.6906476843208895
 183.98127567219947 1.6866223900200105
 186.6341532440466 1.6826224445530555
 189.3175162060837 1.6785777302962268
 192.03136455831068 1.6744003136026346
 194.77699555137397 1.6700285630025222
 197.5537605599504 1.6654128926299467
 200.36230820936313 1.6605301570456525
 203.2026384996122 1.6554013993338867
 206.0760486813439 1.65007389861303
 208.98253875455833 1.644589705934575
 211.92146009393223 1.638954100832043
 214.89475857543527 1.6331415452648887
 217.90178557374417 1.627155385273458
 220.94318971418206 1.6210870302514805
 224.01961962207232 1.6150508432962
 227.13107529741478 1.6090886993053177
 230.27755674020951 1.603158057706024
 233.46036120110287 1.597144654319225
 236.68013730541807 1.5909427913481086
 239.93558780250873 1.5845201158533228
 243.2286585683444 1.577867237337467
 246.5593496029251 1.5709955120123284
 249.92766090625082 1.5639913232040771
 253.3342411036447 1.5569667545125271
 256.77973882043005 1.5499703184763644
 260.26480268192995 1.5429965402361833
 263.78878406282126 1.5360226794111522
 267.3529802137504 1.5290338349111882
 270.95803976004043 1.5220065039520138
 274.6039627016915 1.5149074080003137
 278.2907490387035 1.5077586955289092
 282.02034464704604 1.5005698683276535
 285.79145227607273 1.4932915336897467
 289.60536917643 1.485912820597428
 293.46209534811777 1.478532839921297
 297.3629280417825 1.4711605880399365
 301.30786725742416 1.46366841178794
 305.2975616203659 1.4560292631662266
 309.3326597559309 1.4482798486403702
 313.4125130387961 1.4404400713418867
 317.53906734493085 1.4325485058463114
 321.7116740490122 1.4246395228724493
 325.9316304016864 1.4167356690664731
 330.1989364029535 1.4088542837777855
 334.5142406781366 1.4010038197965453
 338.878191852559 1.3931029752029115
 343.2914385515438 1.384954716873365
 347.75398077509106 1.3763847845722974
 352.26711577384713 1.3673068292512682
 356.830843547812 1.357754067920899
 361.4451640969857 1.3479301158001364
 366.1120232973379 1.3380428106400896
 370.8307725235452 1.3281974451097666
 375.60270902625404 1.3184393764779545
 380.4278328054645 1.3087191710340373
 385.3067924864998 1.2988408953841064
 390.24023669468294 1.2886261207793245
 395.22881405533735 1.2780255612171957
 400.273173193786 1.2669924101558258
 405.3739627353523 1.2556179801078013
 410.5318313053592 1.244130430209712
 415.7467789038069 1.2324879356470381
 421.0194541560184 1.2204375373767448
 426.3511543126403 1.2077621812756764
 431.7425279989957 1.194502795907474
 437.1929265897613 1.1807899702670463
 442.7042959609068 1.1667154399416965
 448.2772847377554 1.1523729514965213
 453.91124429498376 1.137806943211257
 459.60812050856156 1.1232107852332231
 465.3679133784889 1.108607696909925
 471.1912715300888 1.0934851337655557
 477.0788435886845 1.0773315531967861
 483.03127817959915 1.0602425088448412
 489.0498725534793 1.0425836132175196
 495.1346267103247 1.0245686401636704
 501.2861892754588 1.0065039672749436
 507.5058574995278 0.9885189942869791
 513.7936313825317 0.9702656171559916
 520.1501595497938 0.9514027832368773
 526.5767392519605 0.9318900985230214
 533.0740191143547 0.9118328892553078
 539.6419991369768 0.8911080326996273
 546.2819765704729 0.869696516302884
 552.9946000401662 0.8476454568008391
 559.7805181713801 0.8250327682875827
 566.6410282147608 0.8021716315544591
 573.5754815449852 0.7794365223182615
 580.5858240380228 0.7568930299152137
 587.6727043191968 0.734395474243291
 594.8361223885073 0.7121866710937091
 602.0780241219237 0.6903543842301396
 609.3977608941229 0.6686940959780833
 616.7972785810746 0.6471108117806993
 624.2772258081018 0.6254933840588084
 631.8376025752045 0.6040027924020532
 639.4797061330291 0.582927328536855
 647.204185106899 0.5625767301692348
 655.01428262343 0.5430064828783497
 662.9015665534204 0.5239802117877389
 670.8796580286574 0.5053136822188578
 678.9420707959093 0.4867970250025513
 687.0952911084077 0.4682476558788065
 695.3263464596889 0.45010823792902865
 703.6546956094486 0.4330924157563456
 712.0673660512231 0.4174417721630364
 720.570844038244 0.40308138740577365
 729.1651295705117 0.3899381899319848
 737.8502226480258 0.3779618594218924
 746.6261232707867 0.3671016536574206
 755.4993176920259 0.35735157149768637
 764.4698059117438 0.34867498179193784
 773.5246154234763 0.3410311273206981
 782.6832049869192 0.3343350111751228
 791.9390883488406 0.32832351611035504
 801.2922655092405 0.32281407069786266
 810.7362502148871 0.3178985777783973
 820.2905012254758 0.31366725770585135
 829.9355597813114 0.31016130505368844
 839.6908846420889 0.30725433648183964
 849.5435033013454 0.3046452792494817
 859.4999020123118 0.30210380352984955
 869.5600807749888 0.29955703884890516
 879.7240395893764 0.2970657591573336
 889.9982647087061 0.2946685532086218
 900.3762698797461 0.2924915742384964
 910.8645413557286 0.2906515200776766
 921.4630791366534 0.2891791988623312
 932.1653969692886 0.28809320654809322
 942.9844673600979 0.2873696363443983
 953.9073178026176 0.2869154275166664
 964.9534070565435 0.28657295012951733
 976.1032763621797 0.2862933774397329
 987.376384479222 0.2860634055307185
 998.7597589012067 0.28585544756539416
 1010.2598858813656 0.28567669362056036
 1021.8832516729304 0.28553945733440916
 1033.6168837694376 0.28543269736478144
 1045.473754677351 0.2853418853108912
 1057.4538643966704 0.2852418761623841
 1069.5507266741642 0.2850714048823016
 1081.7773140162958 0.2848743718190083
 1094.1206539166016 0.28485265963429334
 1106.5937188815455 0.2851282712278715
 1119.1900226578954 0.28560226015383333
 1131.9095652456514 0.28611315874214915
 1144.7653191512777 0.28655633108541905
 1157.7443118683097 0.28692236143159444
 1170.8530296499798 0.2871716194528571
 1184.0914724962876 0.28717174981489523
 1197.4661266604657 0.28694492345473027
 1210.9705058892816 0.28664796178338736
 1224.6110964359675 0.2864605638438166
 1238.3878983005233 0.2865412695357581
 1252.300911482949 0.286838761172325
 1266.3501359832446 0.2871574561960834
 1280.53557180141 0.28734123559273744
 1294.8572189374453 0.287335074901937
 1309.3280498978147 0.28726489698656842
 1323.9350921760535 0.28741167398243455
 1338.6848320253941 0.28780442601195432
 1353.577269445837 0.2879976903841397
 1368.6124044373812 0.2877271415353661
 1383.7967232532594 0.2871820947851049
 1399.1302258934713 0.2865549126832819
 1414.6064261047847 0.2860369878535281
 1430.2318101404321 0.28583488574519455
 1446.012864253645 0.2858044519107458
 1461.9366159379596 0.2857146096921898
 1478.0225239530718 0.285608486309773
 1494.2511295392857 0.2856928303273362
 1510.6418914562973 0.2860465325258337
 1527.1818371976426 0.286711566361208
 1543.8774530165535 0.28775598741814006
 1560.7352251662616 0.28919403980764224
 1577.7486673935356 0.2907173300783499
 1594.9242659516071 0.291802912516505
 1612.2555345872442 0.29221929294915505
 1629.7554458069105 0.29222670494808122
 1647.4110271041427 0.29237055200469896
 1665.2352509854038 0.29277135672060966
 1683.221631197463 0.29359093467104646
 1701.3701677403191 0.2947229689915432
 1719.687346867205 0.2954396808216506
 1738.1796548313525 0.29557277274672844
 1756.834119126297 0.29536635873591082
 1775.6572260052707 0.2951841605481998
 1794.6489754682745 0.29553453802973883
 1813.8158537685392 0.29639983314296663
 1833.157860906065 0.297179488619691
 1852.6685106276206 0.2974972809567562
 1872.3607754396691 0.2974541335743426
 1892.2216828357472 0.29689768167621
 1912.2642053223187 0.2962520665208081
 1932.4818566461513 0.29615164242521963
 1952.874636807245 0.2961885786899539
 1973.4555183120642 0.2956095732879247
 1994.2115286541443 0.29483655916291595
 2015.1491540867177 0.2942275117064429
 2036.2683946097843 0.29386471131160746
 2057.569250223344 0.2934202105906491
 2079.0582071806293 0.293222130390814
 2100.7287792284073 0.29391807500388034
 2122.5874526199104 0.2950316340098049
 2144.634227355139 0.29545571873366976
 2166.8626171808605 0.2951131217856028
 2189.2855946035392 0.2951748479334339
 2211.896673369943 0.29553851011060355
 2234.695853480072 0.29500853929733256
 2257.6896211871576 0.29392151396833376
 2280.8714902379683 0.2922812642858774
 2304.2414606325046 0.2905872595383229
 2327.8125048772294 0.2891745291238801
 2351.578136718911 0.2883216800133328
 2375.5318699043182 0.2870500031378331
 2399.686676939914 0.2849384849164678
 2424.0360715724673 0.2824348071847069
 2448.5800538019766 0.27988533916647007
 2473.325109881676 0.27765223413560524
 2498.2647535583314 0.275675006213187
 2523.4054710851764 0.27337469965903543
 2548.740776208978 0.27115449284408527
 2574.2836414362004 0.2695458085846101
 2600.0210942603803 0.2685155434917458
 2625.9661071879804 0.2666627699588846
 2652.11219396577 0.26516612389712945
 2678.452868340516 0.26419475738282993
 2705.001102818683 0.26305100282557614
 2731.756897400271 0.26230207789570375
 2758.7137658320475 0.26119684448755026
 2785.871708114013 0.25949121479252407
 2813.2372104993996 0.2576854768139151
 2840.8102729882066 0.25559049497637914
 2868.584409327203 0.25299882791048683
 2896.56610576962 0.2491928489017745
 2924.7553623154576 0.24475118751002034
 2953.1456927114845 0.24007550543462183
 2981.7500694641635 0.23435616657325025
 3010.555520067032 0.2282868806822639
 3039.575017026553 0.2225143482747487
 3068.795587836263 0.2166839072717765
 3098.2237187493933 0.21050685407742672
 3127.865896019177 0.20356204804716535
 3157.7091471391495 0.19478466926602527
 3187.766444615774 0.1848448429180426
 3218.03130219582 0.17541158066754011
 3248.5037198792865 0.1662784119766874
 3279.183697666174 0.15654009338225838
 3310.0712355564824 0.14649510309683555
 3341.166333550211 0.1364438195003257
 3372.475477900593 0.1276858169965997
 3403.9856961011637 0.12060594998205083
 3435.709960658387 0.11384334390376451
 3467.6352990657992 0.10600630978456707
 3499.7746838298644 0.09595321939169739
 3532.1151424441177 0.08390480046588303
 3564.669647415024 0.07259947753134686
 3597.4252262361196 0.06287108155672605
 3630.394851413868 0.0548017682261054
 3663.5655504418045 0.04786784651636777
 3696.9438095731625 0.04105898304769879
 3730.523142554709 0.03566547893992489
 3764.316521892909 0.031466835625520404
 3798.3044888280655 0.02755948636766872
 3832.5065021198743 0.024508955561256592
 3866.9031030086403 0.021488586068639167
 3901.507264000828 0.017776237695026245
 3936.3189850964354 0.014309928432648462
 3971.325293789 0.011789836548252103
 4006.532676331754 9.993049411147268E-3
 4041.941132724696 8.578278407709458E-3
 4077.5506629678275 7.420859559472488E-3
 4113.361267061148 6.4639364755341615E-3
 4149.366458751425 5.661611807239621E-3
 4185.572724291891 4.980276565256562E-3
 4221.967091176083 4.3959654183344494E-3
 4258.562531910464 3.891036657839356E-3
 4295.3525602418 3.452057650231402E-3
 4332.337176170095 3.0685268500323867E-3
 4369.509893442114 2.7320656229174065E-3
 4406.87719831109 2.435879531707976E-3
 4444.432604523792 2.1743847311782344E-3
 4482.176112080218 1.9429410854547464E-3
 4520.107720980371 1.7376553664921272E-3
 4558.227431224247 1.5552340804660077E-3
 4596.5352428118494 1.3928709878446936E-3
 4635.024669489944 1.2481598341431182E-3
 4673.689225005301 1.1190258004462815E-3
 4712.541881864382 1.003671162611371E-3
 4751.576153813957 9.005313149577117E-4
 4790.785554600792 8.082394112360541E-4
 4830.170084224889 7.255972585148031E-4
 4869.729742686249 6.515511910335331E-4
 4909.471016238101 5.851722657349923E-4
 4949.37444612075 5.256394592874528E-4
 4989.4530048406604 4.7222560255201685E-4
 5029.7002061446 4.242854168292413E-4
 5070.109563779338 3.812453295954969E-4
 5110.687563998104 3.4259476764768326E-4
 5151.427720547669 3.078786005324949E-4
 5192.336519681263 2.766906742817987E-4
 5233.39450263919 2.4866812188762272E-4
 5274.614641927916 2.234865027378612E-4
 5315.990451294207 2.0085546543824136E-4
 5357.521930738062 1.8051498436336962E-4
 5399.202594006252 1.622320486718378E-4
 5441.032441098776 1.457977366128856E-4
 5483.011472015633 1.3102463743287594E-4
 5525.133200503592 1.1774455788035305E-4
 5567.397626562653 1.058065076556493E-4
 5609.804750192816 9.507488391387843E-5
 5652.35457139408 8.542787056219352E-5
 5695.034117659983 7.67560216648705E-5
 5737.856361496988 6.89609731558276E-5
 5780.801844145398 6.195430702729901E-5
 5823.883538111679 5.565654020377212E-5
 5867.0884708893645 4.9996209171856065E-5
 5910.416642478457 4.490905445780419E-5
 5953.8680528789554 4.03372910282571E-5
 5997.436215837629 3.62289539235886E-5
 6041.127617607708 3.253730953938423E-5
 6084.92928568273 2.922032604268662E-5
 6128.847706315924 2.6240204582530684E-5
 6172.869907000831 2.356295056500126E-5
 6217.002373990679 2.115799016391561E-5
 6261.238621032237 1.8997830690897675E-5
 6305.572161872275 1.7057748680010066E-5
 6350.009482764021 1.5315513544224182E-5
 6394.537611201015 1.3751137519611605E-5
 6439.163033436488 1.2346651057388736E-5
 6483.879263217208 1.108590185267385E-5
 6528.67332803671 9.954371507678008E-6
 6573.558200401459 8.939014329620822E-6
 6618.507935298525 8.028108710226928E-6
 6663.587395260231 7.211125980291929E-6
 6708.731717754255 6.478611643477833E-6
 6753.876040248281 5.822078457424208E-6
 6799.150087806944 5.233910737536902E-6
 6844.488997897924 4.707278219216755E-6
 6889.892770521225 4.236058762602891E-6
 6935.361405676845 3.814769076685505E-6
 6980.830040832464 3.438502827607201E-6
 7026.428401052722 3.1028748786081782E-6
 7072.026761272979 2.803972131107869E-6
 7117.754846557874 2.5383093336196386E-6
 7163.418069310452 2.3027903635672394E-6
 7209.211017127665 2.094674598873595E-6
 7255.003964944881 1.9115473880850067E-6
 7300.861775294415 1.7512958359215768E-6
 7346.7195856439475 1.612089413583512E-6
 7392.577395993481 1.4923658546167762E-6
 7438.500068875334 1.3908235815872938E-6
 7484.487604289505 1.306421477665934E-6
 7530.475139703677 1.238388973511974E-6
 7576.397812585529 1.1862502114925057E-6
 7622.450210532021 1.1498729513605637E-6
 7668.437745946193 1.1295666327840234E-6
 7714.490143892683 1.126101821064795E-6
 7760.477679306854 1.138054692872536E-6
