 1.1147841883921485 0.9979058330795616
 1.5696453681470068 0.9942812973995786
 2.0298480921733306 0.9883862035382044
 2.495470339219607 0.9802485651819338
 2.966567808391901 0.9701763113801949
 3.4432017687068805 0.9585784742812992
 3.9254390590918224 0.9458997679493234
 4.413346518474003 0.9325489494374909
 4.906996555691303 0.9188877736994692
 5.40643929993918 0.9051953336415877
 5.911736020234304 0.8916190722848795
 6.422998114788802 0.878315277957618
 6.940275712798129 0.8654253599873362
 7.463624513368351 0.8529951582486708
 7.993100215605527 0.8409622377773927
 8.528869916827851 0.829422434148147
 9.07087791792926 0.818406573208901
 9.619235617121873 0.8077697689797029
 10.174054412617826 0.7975329358085205
 10.735390003523179 0.7876661628957017
 11.303353788050057 0.7781718151889041
 11.87794576619846 0.769015109010987
 12.459277336180515 0.7600976401128227
 13.04745989620835 0.7514420982168306
 13.642549145388026 0.7430683589036496
 14.244600782825607 0.7349252097748482
 14.85372620673322 0.7269664694369841
 15.470036815322992 0.7192476214742552
 16.093532608594923 0.7117248962257441
 16.7243806838672 0.70438080447195
 17.362581041139826 0.6971619809984724
 18.00835647683705 0.690073430348347
 18.661651291852816 0.6831545420422902
 19.322576884399243 0.6762741116948366
 19.991300351794524 0.6694470743431075
 20.667877393144724 0.6626994842114572
 21.352363707555905 0.6559352402112156
 22.04492639234625 0.6491392926714836
 22.745565447515776 0.6423083180513288
 23.45439227127659 0.6353520210086343
 24.171573960946894 0.6282807735416961
 24.897166215632747 0.621121846674133
 25.63122473444021 0.613814436360341
 26.373916614687477 0.6063543675557516
 27.12529755548061 0.5987566864891853
 27.885478955031736 0.5909819384825823
 28.654572211552977 0.5830171660641176
 29.43268872325647 0.574883696203744
 30.21988418924827 0.5665698849192943
 31.016325706846561 0.5580802726204783
 31.822068975157417 0.5494200234593695
 32.63728109149903 0.5405929385620007
 33.46201775497745 0.5316054271940257
 34.29639036380481 0.5224196100282203
 35.14051031619324 0.5130161004784853
 35.99454470946093 0.5034057525857041
 36.858604941820004 0.4936334714221481
 37.732746712376524 0.48372173915012883
 38.61708141934261 0.4736609870003471
 39.51177616003647 0.4634437357993076
 40.41694233267021 0.45307767297153422
 41.33269133545597 0.4425915717839693
 42.25913456660587 0.43200327515521774
 43.196439123438103 0.4213254681657939
 44.14466070505874 0.4105548867782396
 45.10396640878596 0.39968625613016733
 46.07452333193794 0.38875276723666346
 47.05638717362078 0.37773918464800204
 48.049725031152625 0.3666306091503501
 49.05464830274564 0.35543821719880003
 50.07132408571799 0.34417046599742273
 51.099863778281815 0.33283336188035134
 52.140434477755306 0.32144045165265833
 53.19309188324451 0.3100164290973707
 54.258058791173695 0.29861081699754665
 55.335502298861044 0.28730312707608396
 56.42542240630656 0.27608548946776645
 57.52826470635875 0.2650139335297332
 58.64391780080549 0.2541652983261219
 59.772381689646763 0.2434434955154677
 60.914213363943225 0.23287700010900666
 62.068855832634234 0.22241259072035823
 63.23742307784104 0.2120856129980874
 64.41935810850305 0.20198675041843652
 65.61521791568084 0.1921237156901698
 66.82500249937445 0.18254242443178134
 68.04926885064451 0.17327114767795734
 69.28745997843038 0.16432011938163934
 70.53957588273205 0.1555892467027007
 71.8067305456708 0.14712989146978022
 73.08892396724663 0.1390686024605136
 74.38559915639891 0.13136148570520705
 75.69731310418825 0.12392541137075158
 77.0246228016753 0.116786686102895
 78.36697125779943 0.10990464897818991
 79.7254724546819 0.10329825604551944
 81.09956940126209 0.09702290188031308
 82.48926209753996 0.09100681540534976
 83.8951075345762 0.08520555402300918
 85.3176627034314 0.07963006125859558
 86.75637061304494 0.07422490001369669
 88.21234524553807 0.068972138553753
 89.68502960985019 0.0639250069413973
 91.17442370598128 0.05910574545918486
 92.68108452499197 0.054528157112102626
 94.2055690579429 0.05018248442417005
 95.74787730483406 0.04606081047180469
 97.30745227460486 0.042135364885816525
 98.88596494043712 0.03843224048332257
 100.481744329149 0.034961434376995254
 102.097018404983 0.03173851619981002
 103.73011619475726 0.0287738587599239
 105.38270867165365 0.026026264486507376
 107.05423884461155 0.023466645096470391
 108.74526370469158 0.02107556017991314
 110.45578325189372 0.018826896080859713
 112.18579748621802 0.016705169649047602
 113.93642038978571 0.014747665525269814
 115.70653798047555 0.012958710822215402
 117.49782123146939 0.011335516566114277
 119.30915616064603 9.874286131829082E-3
 121.1422137411873 8.5355004217756E-3
 122.995879990972 7.279655726928366E-3
 124.87071190106072 6.072577807851683E-3
 126.76782345357474 4.898719435603485E-3
 128.68665765745342 3.77187372375648E-3
 130.62721451269678 2.7264836917338885E-3
 132.59060800142606 1.7944962739736174E-3
 134.57628113258061 9.881329031293623E-4
 136.58534788828174 3.0711773029223335E-4
 138.61725127746882 -2.544095953078539E-4
 140.67254829120244 -7.102840510318256E-4
 142.75123892948263 -1.0804447279089705E-3
 144.85443717443064 -1.3797409319884553E-3
 146.98102904392521 -1.621144679782272E-3
 149.13268551114825 -1.81433106418252E-3
 151.30940657609974 -1.9511259474605956E-3
 153.51063524771907 -2.023088493115642E-3
 155.73692851706684 -2.0417146560637983E-3
 157.98940036626433 -2.015858412068634E-3
 160.26749380425093 -1.9369865775873992E-3
 162.57176582208725 -1.789911879150165E-3
 164.9022164197733 -1.5688712144383363E-3
 167.25995957943032 -1.2816525000534048E-3
 169.64443830999772 -9.42042604724075E-4
 172.0562096025361 -5.668770240725204E-4
 174.49527345704544 -1.74131681021515E-4
 176.96274385564706 2.1926697886574166E-4
 179.45862079834094 6.000775486721026E-4
 181.98234729406641 9.576687650450896E-4
 184.53559431600544 1.2829993429269445E-3
 187.11780487309735 1.5680944943214181E-3
 189.72953595640274 1.8112009019777791E-3
 192.3713445569823 2.020128555775805E-3
 195.04323067483602 2.2047071935050737E-3
 197.7451943099639 2.370549994296582E-3
 200.47834944448715 2.514661304799582E-3
 203.2432530694665 2.6345626597511452E-3
 206.0387912027806 2.7281521630429963E-3
 208.86663481761138 2.795388505393576E-3
 211.72678391395885 2.8402515789041032E-3
 214.619238491823 2.8656455969575723E-3
 217.54455554226444 2.8759962993146542E-3
 220.5032920563439 2.8775354152752795E-3
 223.49600502512186 2.8808086665730392E-3
 226.5221374575378 2.8993818890067062E-3
 229.58280333571295 2.9396165049629776E-3
 232.6785596507079 2.9928356526027432E-3
 235.80940640252276 3.0357365481280857E-3
 238.9753435911574 3.0384268847775263E-3
 242.17804218979384 2.9834056903404906E-3
 245.4163882163107 2.87242012343137E-3
 248.69149565282933 2.722392747281899E-3
 252.0033644993497 2.5597218554853332E-3
 255.35310873799306 2.413314209971521E-3
 258.74072836875944 2.310566338582907E-3
 262.1667803827095 2.2672489246682225E-3
 265.6318217709037 2.28332780531311E-3
 269.13529554228165 2.3453962322601473E-3
 272.6788726700251 2.4325790800629617E-3
 276.26199616307343 2.529392440725266E-3
 279.88578000354794 2.6287350653815292E-3
 283.55022419144864 2.7246500496916977E-3
 287.2558857178361 2.808405003408291E-3
 291.0033215737711 2.872554306024767E-3
 294.79308875031404 2.915248604931767E-3
 298.6251872474651 2.942367790294653E-3
 302.5007310473454 2.9593168336942395E-3
 306.41972014995513 2.962203290392298E-3
 310.38215455529416 2.9425074083705353E-3
 314.38970523654444 2.903800332414509E-3
 318.4418152026453 2.860320628424229E-3
 322.53959843571794 2.8134840474516335E-3
 326.6830549357625 2.7512841812308503E-3
 330.8727416938396 2.665546251062028E-3
 335.10921570100975 2.5534111198172145E-3
 339.3930339483337 2.402567917186615E-3
 343.72475342687204 2.1910857951481454E-3
 348.10493112768534 1.8980893849298876E-3
 352.5341240418344 1.5086106703238472E-3
 357.012332169319 1.0177171735302461E-3
 361.5401125011999 4.450125447115864E-4
 366.1185790195984 -1.5196061826979083E-4
 370.7482887155751 -6.934387785369796E-4
 375.4286845980693 -1.121455574194991E-3
 380.161437640263 -1.4231333362546315E-3
 384.9471048332167 -1.6158048487372907E-3
 389.7851291858699 -1.7369657279377524E-3
 394.6771816714044 -1.8280782135580966E-3
 399.62326228982033 -1.892210632689819E-3
 404.6239280321782 -1.87999719753345E-3
 409.6797358895386 -1.7681873166714048E-3
 414.79124285296234 -1.6421678064296443E-3
 419.9595629045706 -1.6225745020354424E-3
 425.1846960443633 -1.7161113869750411E-3
 430.46719926340114 -1.8179004918520795E-3
 435.8081865438054 -1.8338021536209432E-3
 441.20765788557605 -1.7409159348434422E-3
 446.66617027977383 -1.5666866335180074E-3
 452.1848377085198 -1.3744884768120658E-3
 457.76421716287472 -1.2455002724113888E-3
 463.4043086428386 -1.2215215572718123E-3
 469.1062261305327 -1.25722854711812E-3
 474.87052661701756 -1.2681479776000567E-3
 480.6977670933539 -1.2656074535433302E-3
 486.58906154166305 -1.3789472151260677E-3
 492.54385297088424 -1.7047519140409466E-3
 498.5638123541994 -2.223300001515369E-3
 504.6494966826692 -2.8360224913055445E-3
 510.80090595629366 -3.344504747447127E-3
 517.0197111482546 -3.5537876130859384E-3
 523.3053552674914 -3.538498387535884E-3
 529.6595092871861 -3.5427097407860217E-3
 536.0827301983992 -3.561081128457882E-3
 542.5750180011306 -3.352381004040933E-3
 549.1374866775018 -2.8572326172860182E-3
 555.7706932185733 -2.295186767560978E-3
 562.4774225796482 -1.8863419432377367E-3
 569.2504338769385 -1.6694017460108408E-3
 576.1014239227171 -1.5914016747805015E-3
 583.0248228063782 -1.516096120284929E-3
 590.0262004385277 -1.1584473960576655E-3
 597.0944169979531 -3.6946396229607723E-4
 604.2461822164732 6.166084877020968E-4
 611.4703562728758 1.444292779461995E-3
 618.7725090777668 2.012401794674958E-3
 626.1526406311464 2.493272613236535E-3
 633.6107509330144 2.964024402726178E-3
 641.146839983371 3.310515805471799E-3
 648.7664776928225 3.435807412685473E-3
 656.4696640613689 3.247420288578184E-3
 664.2452592677975 2.6771371753409344E-3
 672.1099730439272 1.8414620189080674E-3
 680.0582354791518 9.572494988906269E-4
 688.0900465734713 2.195162775230703E-4
 696.1998364162794 -2.0632239806413763E-4
 704.4043147393949 -3.114680369312362E-4
 712.686771810999 -2.11318899441555E-4
 721.0639173629105 1.9041618415633344E-5
 729.524611573917 3.9960186815303565E-4
 738.0744243546245 7.915492656644057E-4
 746.7133557050333 8.100085441229164E-4
 755.4414056251434 2.2426153996253582E-4
 764.2641440255609 -9.741263665356693E-4
 773.1760009956796 -2.5431738555476684E-3
 782.1825464461058 -4.078109894165967E-3
 791.2837803768396 -5.4625963737295274E-3
 800.4741328772745 -6.870792293899498E-3
 809.7647437686232 -8.31770430834975E-3
 819.1444732296732 -9.399470709551598E-3
 828.6300309922433 -9.817161086073257E-3
 838.2047073245146 -9.862059182275415E-3
 847.885211958306 -9.795309128875348E-3
 857.660405072405 -9.105664597663184E-3
 867.5358565774177 -7.1857883094958224E-3
 877.5171363839506 -4.3347459031026994E-3
 887.5931046707911 -1.4622744203330068E-3
 897.7749012591516 8.936301630853568E-4
 908.0625261490326 3.0465322810121204E-3
 918.4504094298272 5.115179441876255E-3
 928.9496909227482 6.919291787135402E-3
 939.5492308065832 8.724255641914725E-3
 950.2601689025446 0.010558836046965782
 961.0769353000262 0.011989341000371887
 971.9995299990279 0.01253932670989043
 983.0390928207624 0.012074774449268853
 994.1844839440172 0.011226847234781245
 1005.4412732793984 0.01089814799928695
 1016.8094608269059 0.01092950804261755
 1028.2946164971465 0.010925920256545454
 1039.8911703795133 0.01120038782500588
 1051.6046923846131 0.011870160573760023
 1063.4351825124458 0.013451514446138407
 1075.382640763011 0.015641464309084397
 1087.4470671363092 0.017021127446755435
 1099.6284616323403 0.017396696609847037
 1111.926824251104 0.017029643813296524
 1124.3532948138135 0.015824589085726346
 1136.8967334992553 0.013439169068099088
 1149.5627102180367 0.010266230984427976
 1162.351224970157 7.506259092285169E-3
 1175.2622777556164 4.836862807368405E-3
 1188.3014384850214 2.6086575046804973E-3
 1201.468707158372 1.3140169724854158E-3
 1214.7585138650613 -4.319976439652642E-4
 1228.1764285156962 -6.568205590822665E-4
 1241.728021020883 2.3626293391515547E-3
 1255.402151559409 5.303914446580191E-3
 1269.2155298630927 6.188570704797602E-3
 1283.151446200116 6.269527723815961E-3
 1297.2266103022973 7.112896037113232E-3
 1311.429882348424 8.978957246211826E-3
 1325.7668322491024 0.010542197496105193
 1340.243029914939 0.010567230921297029
 1354.8529054353273 8.587636228767154E-3
 1369.6020287208737 7.368247086864131E-3
 1384.484829860972 0.010247724658437957
 1399.5124486768347 0.014899357205081318
 1414.6737453472492 0.01716188207550416
 1429.979859693428 0.015861925863123505
 1445.425221804765 0.011967597394148979
 1461.00983168126 6.640489727837326E-3
 1476.7392592335193 1.2781137612334144E-3
 1492.61907437215 -1.9512923684518535E-3
 1508.6381372759383 -3.7294835979911934E-3
 1524.8020178554907 -7.660744741315963E-3
 1541.1107161108081 -0.011434616754912195
 1557.5698019524961 -0.010942882454800153
 1574.1792753805548 -5.6647077657776354E-3
 1590.933566484378 3.1873446144371386E-3
 1607.8438150851782 9.552775393791579E-3
 1624.898881361743 9.667238906322484E-3
 1642.1099051352848 4.936247462323591E-3
 1659.4713164951972 -4.566092057904657E-3
 1676.9831154414803 -0.018121910155522162
 1694.6564417953472 -0.029639287270472165
 1712.4801557355845 -0.03475508517955255
 1730.4598271727991 -0.031362695140481636
 1748.5954561069904 -0.019545518465833574
 1766.8870425381592 -9.006639749308957E-3
 1785.3401563769111 -3.37658304372949E-3
 1803.9492277126403 2.6629233190309663E-3
 1822.7198264559526 0.010798844619122542
 1841.651952606849 0.016140756006975367
 1860.7400362547216 0.01459706418151126
 1879.9952172207845 0.010262339420445753
 1899.4119255944306 6.723521938543086E-3
 1918.9901613756601 3.649056308949895E-3
 1938.7354944750795 -3.859670050773698E-4
 1958.642354982082 -6.022901268481677E-3
 1978.710742896668 -0.016523961927850935
 1998.95179804005 -0.030220524162921116
 2019.3599505016218 -0.036995004144068054
 2039.9296303707772 -0.028046056455729644
 2060.6719774687285 -9.76445799210645E-3
 2081.5814218848695 5.147146304633229E-3
 2102.6579636192 0.021102759415144462
 2123.907172582327 0.02920407826761774
 2145.3234788636432 0.014891651031246669
 2166.9124523737564 -2.014281800340831E-3
 2188.668523202058 -6.352198579424814E-3
 2210.602831169763 -0.012281452103042467
 2232.7042364556573 -0.025164173522596994
 2254.9838788809543 -0.031905361229793295
 2277.436188535047 -0.03198467699774542
 2300.0555955073295 -0.029065755790163533
 2322.8532396190144 -0.033214625886353266
 2345.8291208701016 -0.0391863582228859
 2368.977669349985 -0.0482062863038059
 2392.2988850586643 -0.043665722834701985
 2415.7983379067463 -0.041913693208267766
 2439.4760278942303 -8.677736403363037E-4
 2463.3263851105102 0.03397802141738938
 2487.354979466193 0.09731659605975783
 2511.561810961278 0.17873763752576485
 2535.941309685159 0.19718241088297128
 2560.5046154590486 0.20005505119019481
 2585.240588461734 0.1598090197287481
 2610.1603685144286 0.10902041424757156
 2635.252815795919 4.2794320503248915E-3
 2660.523500216812 -0.08697304099278429
 2685.9779916877137 -0.11319056886177703
 2711.6051503874114 -0.11132070956161215
 2737.4161161371175 -0.08189974202400785
 2763.405319026226 -0.05093234806804044
 2789.572759054737 -0.028143602110626823
 2815.9184362226505 -0.014783437018653334
 2842.4423505299664 -7.697084849451348E-3
 2869.1445019766842 -3.9038278478629863E-3
 2896.0304604734114 -1.717914387619778E-3
 2923.0890861989346 -3.503073752434674E-4
 2950.3315189744662 5.609926206283897E-4
 2977.746618978794 1.1938463082637031E-3
 3005.34552603313 1.6454154632752802E-3
 3033.117100316262 1.975249975986981E-3
 3061.0724816494034 2.2195003402369797E-3
 3089.2005302113402 2.4037537153016063E-3
 3117.5123858232864 2.5456447773292375E-3
 3145.996908664028 2.656103346782202E-3
