 0.0E+0 0.0E+0
 0.24102062801796442 0.10482121707063397
 0.7258954472920038 0.3156948133715132
 1.2164750766374512 0.5285265238266734
 1.7128288052454574 0.7420145233633341
 2.2150113351090365 0.9541949003711809
 2.72310775821732 1.162690472402823
 3.237178854562547 1.3650059896915602
 3.7572914821361766 1.5587964987506106
 4.283518576928896 1.7420625388038095
 4.8159330749313884 1.9132588768077307
 5.354613990133562 2.0713277502885465
 5.8996160245284334 2.215677137876762
 6.4510060361074614 2.346125450722759
 7.008905584855121 2.462830997717575
 7.573369372764427 2.5662188305387312
 8.144458179827616 2.656913382224664
 8.722232786036926 2.7356789413912854
 9.306875531369068 2.803370107017952
 9.898325635831808 2.8608879079143907
 10.496704659409618 2.9091432580811296
 11.102134162086973 2.949027370814831
 11.71467492385611 2.9813907249429414
 12.334448504701506 3.007028502069646
 12.96145490462316 3.026673089866595
 13.595815683605547 3.0409917198464775
 14.237652401633142 3.050588485669239
 14.88702583869818 3.0560084074359865
 15.543996774792902 3.057741149577849
 16.20868676990178 3.056224969749721
 16.881217384009296 3.051851111202405
 17.56158861711544 3.0449687012322237
 18.24998280919693 3.0358893008646656
 18.946399960253764 3.024890766976962
 19.651083190254894 3.012222953115688
 20.36397171920808 2.9981130177697474
 21.085187107097802 2.982768797328136
 21.814911693900764 2.9663764164974164
 22.55320625960921 2.949099254194637
 23.300131584215375 2.9310804606510316
 24.055870007695972 2.912448314501088
 24.820421530051003 2.893323278420371
 25.59390771126494 2.873821253164668
 26.376510891314495 2.8540522630335916
 27.16829185019191 2.834113740259697
 27.969311367889414 2.814087130491607
 28.779751784383726 2.794040413970069
 29.599673879667086 2.7740310260698022
 30.429199213723958 2.7541097431114187
 31.268449346538826 2.7343237610975963
 32.11754583809617 2.714713945890925
 32.976549468388213 2.6953106506493105
 33.84564257739168 2.676133199684091
 34.72488594509879 2.6571905769741976
 35.61446191148628 2.6384850543855
 36.514431256546373 2.6200166602885817
 37.424915540263555 2.6017862630854815
 38.34603632262228 2.5837923004050264
 39.27797594359928 2.5660278296469716
 40.22085596317903 2.548483228584409
 41.17473716135375 2.5311486653606607
 42.13974109810792 2.5140167894835854
 43.11605011341827 2.4970896532944144
 44.10378576726926 2.480382235504463
 45.10306961964536 2.4639152347789803
 46.11402323053106 2.4477093593520087
 47.13682893990306 2.431783008757663
 48.17154752775361 2.416144984047395
 49.218361334059416 2.400791305681663
 50.27745269879718 2.3857147942715384
 51.34888240195915 2.370904901015724
 52.43283278352204 2.356341323186581
 53.52942540347033 2.34199983146286
 54.63884260178071 2.3278634755796194
 55.761205938437676 2.3139280609196757
 56.89669775341794 2.3002023269942446
 58.04537882671372 2.286709259219193
 59.207492278293983 2.273483767093712
 60.38322044813544 2.2605606963851885
 61.57256333623809 2.2479536075279722
 62.77600718253983 2.2356463829687953
 63.99343042705619 2.223615771580734
 65.22483306978715 2.2118517711156227
 66.47082291065512 2.2003412465535436
 67.7307921497377 2.1890442625111736
 69.00595638687965 2.177909804580665
 70.29570782215858 2.166914652161586
 71.60065425549688 2.156065613940767
 72.92079568689454 2.145379091136775
 74.25673991627396 2.1348708971979
 75.60787914371272 2.124558527652708
 76.97421336921086 2.114455888466046
 78.3569581926131 2.104561277908247
 79.75611361391947 2.0948517485818314
 81.17107183320758 2.085286797363012
 82.60244065039981 2.0758279424427796
 84.05082786541851 2.066464361836744
 85.51562567834134 2.0572021444092736
 86.99804968901302 2.04803752588542
 88.4974920975112 2.0389774316895126
 90.01395290383587 2.030056964354401
 91.5480399079094 2.021340345909194
 93.10036090965417 2.0128897923948643
 94.6703081091478 2.004712335104554
 96.25909710623505 1.9967637832922622
 97.86612010099353 1.988981469898972
 99.49137709342327 1.9813040632885672
 101.1354758834466 1.973682540576989
 102.79902427098591 1.9660667510366605
 104.48202225604122 1.9584220815453
 106.18386203869017 1.9507756086802114
 107.90636701869983 1.9431951284272401
 109.64771379630308 1.9357369177361076
 111.41033357118947 1.9284118635220568
 113.19240294359184 1.9211945998433912
 114.99574531327733 1.9140872369373302
 116.81975288032356 1.9071278194935057
 118.66503344465289 1.9003310159362858
 120.53158700626533 1.8936378996703744
 122.4194135651609 1.8869497909319881
 124.32972872118431 1.8802149365345655
 126.26131687449084 1.8734629649588594
 128.2160014248476 1.8667661430106703
 130.19256677240986 1.8601998769061336
 132.19283631694472 1.8538454267746231
 134.21559445860742 1.847768198183457
 136.2614489973204 1.841947230934316
 138.33161553292833 1.836299558214766
 140.42548626550888 1.8307761316094117
 142.54306119506205 1.825358073534166
 144.68555592143258 1.8200021417655385
 146.85236264469807 1.8146695311411618
 149.04469696470331 1.8094029085002878
 151.26195108152592 1.8042734789773651
 153.50473279508824 1.7993014693880502
 155.77304210539031 1.7944770302589065
 158.06809461227686 1.78976674176834
 160.38867471590313 1.7850900113692467
 162.73660581603627 1.780323179287204
 165.11188791267628 1.7754035670801111
 167.51391320590076 1.7703810536370716
 169.94328949563211 1.7653818910734873
 172.40123238171506 1.7605327234397674
 174.88713406422724 1.755872871943425
 177.40160234309104 1.7513494211435436
 179.9446372183064 1.746937444321269
 182.51745428971815 1.7426454480949451
 185.1194457574039 1.7384572393422901
 187.75121942128598 1.7342967902145232
 190.41277528136441 1.7301074728374548
 193.10532893748396 1.7258979015526336
 195.82888038964463 1.7217280742024507
 198.582821837924 1.7176315746413721
 201.36897668208925 1.7135591356368533
 204.186737122218 1.709548835513283
 207.03671095823253 1.7057831932977747
 209.91950599005537 1.702323645604174
 212.8351222176864 1.6990219628132203
 215.78355964112566 1.6956083054597013
 218.76603386021787 1.6919105183728235
 221.78315267488548 1.6879599867838224
 224.83370048528368 1.6838260361706864
 227.9195006911796 1.6795708764543006
 231.04055329257326 1.6753147195230151
 234.19685828946464 1.6710683257791574
 237.3890234817761 1.666701991201748
 240.61765666943006 1.6621128642238418
 243.88336565234888 1.6572262659581122
 247.18554263061017 1.652066110246021
 250.5254032040587 1.6467973585247421
 253.9035551726168 1.6415685102805428
 257.3199985362845 1.6365931212440356
 260.7747332950618 1.632017497997974
 264.2695828487159 1.6276148862733175
 267.8033315974019 1.6230928254928214
 271.3771951409646 1.6184862479015902
 274.9911734794041 1.6138852862918102
 278.64648221256504 1.6093329780093865
 282.34312134044745 1.6048391173957714
 286.08169866297373 1.6003617945273365
 289.8628219800662 1.5959363370264825
 293.68588349180254 1.5916247675999672
 297.55270659794985 1.5874344227640175
 301.46268349858576 1.5833602856423598
 305.417029793555 1.5793415425730472
 309.41574548285763 1.5753773856923327
 313.45943836641595 1.5714434933979772
 317.54871624415233 1.5673596990554228
 321.68418691598924 1.563185281226161
 325.8658503819266 1.5588615901772704
 330.0949222418092 1.5543870019417898
 334.3714024956369 1.5499351972011787
 338.69529114341 1.5458423988917708
 343.06841158489532 1.542230013817364
 347.4901560201707 1.538906137598838
 351.96174004908073 1.5358710544623332
 356.4831636716255 1.5331408053208663
 361.05503468772735 1.5304857393862791
 365.6779608973087 1.527689245207741
 370.35255010029186 1.524711592109657
 375.07941009659924 1.5216045659568664
 379.8591486861532 1.51849110499593
 384.6923736688762 1.5151137537754943
 389.5790850447681 1.5112181691624841
 394.5198906137513 1.506903766024224
 399.5160059756707 1.5021280630389062
 404.5680389304485 1.4970340518552263
 409.6753816781624 1.4920619928712934
 414.83985761857945 1.4872890236374172
 420.06207455162223 1.4827643007133965
 425.3414246773681 1.4785083391066105
 430.6797313955843 1.4741343848593808
 436.0769947062709 1.4693154463133941
 441.53382240935025 1.4644863928650275
 447.05082230474465 1.459699656761503
 452.62860219237643 1.4546780089697606
 458.26837767209053 1.449244015531038
 463.9701487438868 1.4434780008046643
 469.7345232076877 1.4375146087834813
 475.5627166633379 1.4312254067861274
 481.4547291108374 1.424985327476671
 487.41116835010865 1.4192262455487687
 493.4332499809964 1.4138817143239432
 499.52158180342286 1.4086974980017421
 505.6761638173882 1.4037341264550327
 511.89821162273716 1.399173735292246
 518.1883330193921 1.394453585241575
 524.5471358072753 1.3895550362954671
 530.9758355862316 1.384813714756114
 537.4738245563386 1.3799125011721824
 544.0429261173634 1.374693112411266
 550.6837480692285 1.369368421272354
 557.3962904119338 1.3640577559629358
 564.1823765452464 1.3586270485301283
 571.0413986692439 1.3530340661422715
 577.9751801836935 1.3476002140171376
 584.9843288885177 1.3420193566142288
 592.0688447837161 1.3356263249435411
 599.2299434691338 1.328676249221578
 606.4682327446932 1.3216864460333233
 613.7867516100059 1.315281900066864
 621.1775986660812 1.3094422560225491
 628.653537711289 1.3030013335206422
 636.2084907464055 1.2958387210589461
 643.8485357706544 1.2885688046913861
 651.5615167855883 1.2815452573945556
 659.3656677888783 1.2742030914320405
 667.2488327820771 1.2661813713141254
 675.2170897644083 1.2583201968875403
 683.270438735872 1.2505237795600492
 691.408879696468 1.242284988833471
 699.6324126461967 1.2337421778006925
 707.9471155842814 1.225351451993092
 716.3529885107224 1.216728463055725
 724.8378754270719 1.2076325092061357
 733.4200103310015 1.1984313845155782
 742.0933152232873 1.189211904485349
 750.8577901039292 1.1793462978368631
 759.7073569737038 1.1697970913040458
 768.6602498302817 1.1609436611391081
 777.6982346759924 1.151327323108238
 786.8395455085065 1.1407611389766272
 796.072026329377 1.1305914278709072
 805.4017551378272 1.1213094301966681
 814.8287319338575 1.111512334133721
 824.3529567174678 1.0997329882937003
 833.9805074878817 1.0872024869781591
 843.7053062458756 1.0745568463502068
 853.5334309906732 1.0608456079345083
 863.4648817222743 1.0459661535768165
 873.4935804414556 1.0300706155128342
 883.6316831466642 1.013808460712674
 893.8670338394527 0.997370666407402
 904.2178665174924 0.9802776151605702
 914.665947183112 0.9622531314947974
 925.2295098339829 0.9438583785459651
 935.8963984716573 0.9256698130092327
 946.6726910953593 0.9070241120791444
 957.5644657043124 0.8871186864445746
 968.5595663000691 0.8664587324152587
 979.6701488810771 0.8446345773003605
 990.8962134473364 0.8224432001193923
 1002.231681999623 0.8009429495902831
 1013.6887105363845 0.7780193958663666
 1025.2551430591734 0.7539013594750702
 1036.9431355664373 0.7302732564315119
 1048.7466100589522 0.7069980771484221
 1060.6655665367184 0.6827435784640421
 1072.7121609981834 0.6568192452100533
 1084.8742374448995 0.6305661313448433
 1097.1578738760904 0.604104367186693
 1109.5630702917562 0.5762933351523234
 1122.095904691121 0.5479706066778799
 1134.7502990749603 0.5203741695039557
 1147.5323314424986 0.495038370113077
 1160.4420017937354 0.47061911754886026
 1173.479310128671 0.4452622576364159
 1186.644256447305 0.4206618331275868
 1199.936840749638 0.39819437849442806
 1213.3570630356696 0.37510362274420433
 1226.9170793038472 0.3503026700777931
 1240.6047335557234 0.3280503002462001
 1254.4261037905223 0.31079919002922956
 1268.3811900082434 0.29641737989444355
 1282.469992208887 0.2822005932639066
 1296.6985883916768 0.26734041255198814
 1311.0669785566128 0.25055300820873482
 1325.5690847044711 0.23220243824101738
 1340.2109848344755 0.2142589292387067
 1354.99875694585 0.19749382298576215
 1369.920245040147 0.18164127542864016
 1384.9936831150373 0.16609009712014441
 1400.2008371728502 0.15012052373971734
 1415.5599412112567 0.13356958422879455
 1431.0588392318093 0.11963546668014949
 1446.703609233732 0.10893071577869166
 1462.5003292162482 0.09973944855927587
 1478.4429211801343 0.09047933571846498
 1494.5374631246143 0.08165287162485424
 1510.7778770504642 0.07290591828635873
 1527.1763189561313 0.06422210398970672
 1543.7206328431684 0.053657402458324815
 1560.4229747100225 0.04262148832957886
 1577.277266557471 0.03541113841761085
 1594.2835083855125 0.032114287002251815
 1611.4477781933715 0.03026663472687819
 1628.776153980272 0.028482009929408972
 1646.256479747766 0.027217963793715993
 1663.8948334950771 0.02617133693492033
 1681.6912152222062 0.023703202990878437
 1699.651702928376 0.01907281149980768
 1717.776296613587 0.01342434201302004
 1736.0589182786154 8.869764240448596E-3
 1754.5117239219086 6.888732051151128E-3
 1773.1225575450193 6.356537590495086E-3
 1791.9035751463952 6.057584990449759E-3
 1810.848698726812 5.6998257214578634E-3
 1829.9579282862698 5.297562393886595E-3
 1849.2434198232165 4.930772878541166E-3
 1868.6930173392042 4.745080379545665E-3
 1888.3127988334567 4.675868794137708E-3
 1908.1027643059742 4.331670800722595E-3
 1928.0629137567566 3.841545257794561E-3
 1948.1993251850276 3.4586049014398586E-3
 1968.5059205915636 3.1161939903448592E-3
 1988.988777975588 2.7304147449496935E-3
 2009.6478973371015 2.231819858333657E-3
 2030.4772006768791 1.599688314817855E-3
 2051.48884399337 9.729117734649918E-4
 2072.676749287349 5.511941323397352E-4
 2094.0409165588166 3.7112750088381056E-4
 2115.587423806997 3.07709352667168E-4
 2137.3101930326656 2.6277677303998775E-4
 2159.209224235823 2.088334361243546E-4
 2181.2966734149163 1.508540423205505E-4
 2203.5664625707222 1.0286331792245012E-4
 2226.0125137040172 6.811886425119405E-5
 2248.6469828132476 4.267291182352535E-5
 2271.463791899191 2.4918997035721434E-5
 2294.462940961846 1.3030462819275159E-5
 2317.650508000438 6.412982446412372E-6
 2341.020415015742 4.306423179654608E-6
 2364.578740006982 4.248904702470769E-6
 2388.3194049749345 4.391751779941172E-6
 2412.254565918047 4.209251628414892E-6
 2436.372066837872 3.82558590785202E-6
 2460.6840637328564 3.2787353587244522E-6
 2485.1844786037772 2.632380812212299E-6
 2509.8672334514103 1.971232467663688E-6
 2534.7444842742033 1.342568322616007E-6
 2559.8162310721563 8.202244818071517E-7
 2585.076395846045 4.5142354782178056E-7
 2610.5249785958703 2.2550496319226608E-7
 2636.1680573208554 1.0410002722394793E-7
 2662.005632021 4.770544357613225E-8
 2688.0316246970814 2.2678208666118885E-8
 2714.2521133483223 1.1077225897236154E-8
 2740.667097974723 5.330387089360958E-9
 2767.27050057706 2.2129122409622062E-9
 2794.0744771537806 6.708088015296333E-10
 2821.0668717064372 1.3738147018423936E-10
 2848.2598402334774 1.9993935868505128E-11
 2875.6412267364544 2.393396266842246E-12
 2903.2171092145904 2.7857743752915644E-13
 2930.9935656671104 3.627366676126118E-14
 2958.9584400955664 5.3127439336011615E-15
 2987.123888498406 7.745428422194744E-16
 3015.483832876406 1.0877530934839643E-16
 3044.038273229565 1.8141071229471985E-17
 3072.7872095578845 5.809023770930576E-18
 3101.730641861364 2.006528320138284E-18
 3130.8685701400027 4.754022041329003E-19
 3160.2070723930255 7.69229966707328E-20
 3189.7339926219847 9.872060016336946E-21
 3219.461486825327 9.833375528700795E-22
 3249.3773990046056 6.960483522377854E-23
 3279.493885158268 6.165747458509186E-24
 3309.798789287866 1.5219510273178911E-24
 3340.304267391848 4.63084867643853E-25
 3370.998163471766 1.4378817409510198E-25
 3401.892633526068 4.414971200447625E-26
