 0.0E+0 0.0E+0
 0.257209777409705 3.6468122748187804E-5
 0.7746532234858269 5.618589725121215E-4
 1.2981846668454102 2.528302843748426E-3
 1.8278780507752985 7.010084492895539E-3
 2.3637917515545794 0.015031749265328635
 2.9060165767284984 0.0274113919666142
 3.4546173888293756 0.044644788096573864
 4.009665536642761 0.06685819526093664
 4.571238855207438 0.09382723187315829
 5.1394151795621905 0.1250419434972317
 5.714278830999031 0.1597941430407343
 6.295888185797048 0.19726721347836387
 6.8843145927417914 0.23661524415086163
 7.4796877768979 0.27702487695625233
 8.08206611454446 0.3177579710004089
 8.691514468213793 0.35817665753491373
 9.308097700438214 0.39775405982382155
 9.932010398814683 0.43607419359455545
 10.56318770081088 0.47282449037618984
 11.201759331491443 0.5077838725645758
 11.847855015921011 0.5408090523218592
 12.5015396166319 0.5718210610107671
 13.162942858688753 0.6007936753013134
 13.832064742091566 0.6277426658674758
 14.509034991904977 0.6527164974050327
 15.193983333193625 0.6757875263949249
 15.88697462848983 0.6970449802716508
 16.58807374032591 0.7165892988425697
 17.297410393766504 0.7345280999294429
 18.015114313876246 0.7509729833182253
 18.741185500655141 0.7660366490744518
 19.475818541700146 0.7798296490987631
 20.219013437011255 0.7924583961448092
 20.971029636717755 0.8040238539626066
 21.731802278287315 0.81462017504763
 22.50146108678458 0.8243325524759183
 23.280200649806502 0.8332352289219775
 24.068085829885404 0.8413921253899698
 24.865181489553606 0.8488605612065782
 25.671682216408061 0.8556948168310744
 26.487588010448774 0.8619461862495853
 27.313028596740377 0.8676607240216669
 28.148198562879834 0.872878302183522
 28.993162771399457 0.877636854183522
 29.847986084831568 0.8819766188177296
 30.712863090773126 0.8859408213553527
 31.58785865175645 0.889570014958048
 32.47310249284617 0.892896998436148
 33.36872433910693 0.8959492263848828
 34.27485391560337 0.8986306825733602
 35.19155608486781 0.9013434256164348
 36.11902543449721 0.9037453359392199
 37.05732682702387 0.9059794798232128
 38.00665485004477 0.9080493676842156
 38.96707436609221 0.9099464068626526
 39.938715100230844 0.911660170899648
 40.92170677752531 0.9131868874080711
 41.91624398557254 0.9145319006030239
 42.922456449437206 0.9157064228573675
 43.940409031651604 0.9167224000636831
 44.97023145728038 0.9175870626306383
 46.01211831392049 0.9183027683001896
 47.06619932663657 0.9188718748142942
 48.13260422049326 0.919302031735745
 49.211462720555203 0.9196059708711086
 50.30296941441935 0.9197954285359035
 51.40718916461802 0.9198796785151596
 52.524316558748175 0.9198710858555837
 53.65454618440676 0.9197887744641587
 54.79794290412611 0.9196564789432498
 55.954701305503164 0.9194919609489312
 57.124951113602584 0.9192963731550486
 58.30888691602131 0.9190564074181127
 59.50663843782397 0.9187556643329571
 60.71840026660755 0.9183847129317547
 61.94423726490435 0.9179436056087713
 63.18440888284364 0.9174377913676404
 64.43910970802239 0.9168726144234638
 65.70833974044059 0.916256615041552
 66.99261788035682 0.9155989098241376
 68.29181440270641 0.9149021708787719
 69.60592930748936 0.9141681272162232
 70.93561122002887 0.9134080959978841
 72.28021151500177 0.912641987044723
 73.6410274430544 0.9118842087798092
 75.0174103788636 0.911135075568737
 76.41000894775254 0.9103941682573807
 77.81882314972124 0.9096725420358044
 79.24450161009288 0.9089802042087581
 80.68639570354428 0.9083098719733086
 82.14450543007541 0.9076389110066705
 83.62012804033267 0.9069444250147302
 85.11326353431608 0.9062173497895205
 86.62326328670241 0.9054649157397088
 88.15077592281489 0.904695872707668
 89.69645006797667 0.903914412234655
 91.2596370968646 0.9031256689587085
 92.84163426012502 0.9023355110375881
 94.44179293243478 0.9015521119767438
 96.06011311379385 0.9007926174786233
 97.69724342952543 0.9000242951887409
 99.35383250495272 0.8992330369880407
 101.0292317147525 0.8983695794891968
 102.72473830957118 0.8974030624697081
 104.43970366408557 0.8963057169687502
 106.17412777829566 0.8950764427067432
 107.92865927752463 0.8937552165084213
 109.70394678709567 0.8923757802808993
 111.4999903070088 0.8909259261602677
 113.31614121194085 0.8893647342250097
 115.15434537786132 0.8876675267759776
 117.01265692880068 0.8858524846233714
 118.8936703660517 0.8839650335955588
 120.7954398136448 0.882030113363016
 122.71991114754957 0.8800251419972236
 124.66643574244279 0.8779241843366568
 126.63566222364766 0.8757479361162697
 128.62759059116416 0.8735245854510123
 130.64222084499232 0.8712792291941581
 132.68085023577853 0.8690555641633066
 134.74218151287638 0.8668486652974813
 136.82816055225544 0.8645811462662333
 138.93749010326934 0.8621903959220435
 141.07211604188765 0.8596715415982014
 143.23074111746402 0.8570400919973556
 145.41401395532156 0.8543141231411755
 147.62323180610673 0.851516269352446
 149.85774604449633 0.8486539182226315
 152.1175566704903 0.8457111418949577
 154.4039609347351 0.8426928130361349
 156.71631021190748 0.8396626954675281
 159.05590175265382 0.8367230627957967
 161.422086931651 0.8339361594085997
 163.8155143742221 0.8312677194561653
 166.23618408036722 0.8286361126725226
 168.6853933007327 0.8259905690142019
 171.16184478467215 0.8233089781010752
 173.66748440815513 0.8205616847787524
 176.2023121711817 0.8177274693696225
 178.7656794484286 0.8148210022680832
 181.3582348652191 0.811885770714671
 183.98127567219947 0.8089296338492419
 186.6341532440466 0.8058649884595346
 189.3175162060837 0.8026064318924474
 192.03136455831068 0.799167743839861
 194.77699555137397 0.795567943420227
 197.5537605599504 0.7917594566402838
 200.36230820936313 0.7877236835357055
 203.2026384996122 0.7835251738418428
 206.0760486813439 0.7793267299009903
 208.98253875455833 0.7750799517296674
 211.92146009393223 0.7710307132988027
 214.89475857543527 0.7670877304387909
 217.90178557374417 0.7631823142672906
 220.94318971418206 0.7592301100165142
 224.01961962207232 0.7551122874918397
 227.13107529741478 0.7507363184200289
 230.27755674020951 0.7460863273385727
 233.46036120110287 0.74118295758816
 236.68013730541807 0.7360694344379981
 239.93558780250873 0.7308048062255386
 243.2286585683444 0.7253825760618338
 246.5593496029251 0.7197984476170957
 249.92766090625082 0.7142020065199166
 253.3342411036447 0.7087299494095248
 256.77973882043005 0.7033192983785412
 260.26480268192995 0.6978739099493941
 263.78878406282126 0.6924280499718557
 267.3529802137504 0.6871200393073911
 270.95803976004043 0.6819948322359767
 274.6039627016915 0.6769364802476038
 278.2907490387035 0.6718530838002232
 282.02034464704604 0.6667816856396894
 285.79145227607273 0.6617689166624813
 289.60536917643 0.6567140750899108
 293.46209534811777 0.6515088619747624
 297.3629280417825 0.6462507306512506
 301.30786725742416 0.6409967908689952
 305.2975616203659 0.6357562640187607
 309.3326597559309 0.6305092926738443
 313.4125130387961 0.6252233399952422
 317.53906734493085 0.6198038343333541
 321.7116740490122 0.6141240863537016
 325.9316304016864 0.608232770329126
 330.1989364029535 0.6021909779734413
 334.5142406781366 0.5958017592418565
 338.878191852559 0.5890335727864162
 343.2914385515438 0.5820319174829874
 347.75398077509106 0.5749483175479938
 352.26711577384713 0.5678998217710235
 356.830843547812 0.5608998954783632
 361.4451640969857 0.5539512631718294
 366.1120232973379 0.5470417169875129
 370.8307725235452 0.5401222682869778
 375.60270902625404 0.5331423566038174
 380.4278328054645 0.5262337011220177
 385.3067924864998 0.5193912405555119
 390.24023669468294 0.5125954370826177
 395.22881405533735 0.5058946401317291
 400.273173193786 0.4992177689112296
 405.3739627353523 0.49246620464763063
 410.5318313053592 0.4853569943955595
 415.7467789038069 0.4778295102415
 421.0194541560184 0.46999505332409236
 426.3511543126403 0.4618514388024566
 431.7425279989957 0.4534956798989751
 437.1929265897613 0.44516075819496503
 442.7042959609068 0.43697881202853844
 448.2772847377554 0.42884505810770873
 453.91124429498376 0.42058951371624414
 459.60812050856156 0.4120526121179353
 465.3679133784889 0.4030444607755822
 471.1912715300888 0.3935575515909089
 477.0788435886845 0.3838376293883589
 483.03127817959915 0.3742024706288689
 489.0498725534793 0.36456908803498633
 495.1346267103247 0.354765712246019
 501.2861892754588 0.3448696090856041
 507.5058574995278 0.33507582668668756
 513.7936313825317 0.3254234616503396
 520.1501595497938 0.3159263984569723
 526.5767392519605 0.30652965980358
 533.0740191143547 0.2971584895518524
 539.6419991369768 0.2878606765115407
 546.2819765704729 0.2785904647704031
 552.9946000401662 0.26909795463872576
 559.7805181713801 0.25921672621034497
 566.6410282147608 0.2492098406145202
 573.5754815449852 0.23920843545888834
 580.5858240380228 0.22914688168622532
 587.6727043191968 0.21904419317555612
 594.8361223885073 0.20891807394926295
 602.0780241219237 0.19889546483429965
 609.3977608941229 0.18912280256388944
 616.7972785810746 0.17948657496137901
 624.2772258081018 0.16991849658027313
 631.8376025752045 0.16059038393610325
 639.4797061330291 0.15149529478866324
 647.204185106899 0.14258674494541823
 655.01428262343 0.13395980380149274
 662.9015665534204 0.12566692325628564
 670.8796580286574 0.11765926661473187
 678.9420707959093 0.10989057497963907
 687.0952911084077 0.1024446686972846
 695.3263464596889 0.0952427782286052
 703.6546956094486 0.08824836381269718
 712.0673660512231 0.08153369809967612
 720.570844038244 0.07511738629329442
 729.1651295705117 0.06905739216970323
 737.8502226480258 0.06361133286039969
 746.6261232707867 0.05810833193023705
 755.4993176920259 0.05313968416418038
 764.4698059117438 0.0483954709028763
 773.5246154234763 0.04381664276098822
 782.6832049869192 0.0395491125290823
 791.9390883488406 0.03575719857932476
 801.2922655092405 0.032369070469202544
 810.7362502148871 0.029263011603995445
 820.2905012254758 0.026419153030262217
 829.9355597813114 0.02373762603813961
 839.6908846420889 0.02115383426138068
 849.5435033013454 0.018718398943740464
 859.4999020123118 0.016514150703817103
 869.5600807749888 0.014644332966128
 879.7240395893764 0.013092474021420334
 889.9982647087061 0.011756887602753494
 900.3762698797461 0.010540971258788378
 910.8645413557286 9.411459870227899E-3
 921.4630791366534 8.405134735540712E-3
 932.1653969692886 7.502505187883978E-3
 942.9844673600979 6.640591748050459E-3
 953.9073178026176 5.822599897216081E-3
 964.9534070565435 5.097283809477429E-3
 976.1032763621797 4.462818278194349E-3
 987.376384479222 3.895797684596147E-3
 998.7597589012067 3.404012112896604E-3
 1010.2598858813656 3.0084568884611155E-3
 1021.8832516729304 2.6848411913998754E-3
 1033.6168837694376 2.380069039605729E-3
 1045.473754677351 2.086855377192042E-3
 1057.4538643966704 1.826582513570717E-3
 1069.5507266741642 1.5873422276377056E-3
 1081.7773140162958 1.3596690237447286E-3
 1094.1206539166016 1.1614739864121003E-3
 1106.5937188815455 9.935147367219376E-4
 1119.1900226578954 8.415814782662334E-4
 1131.9095652456514 7.00430854904405E-4
 1144.7653191512777 5.776234115721729E-4
 1157.7443118683097 4.7678437562631863E-4
 1170.8530296499798 3.9186498103439175E-4
 1184.0914724962876 3.196101502085479E-4
 1197.4661266604657 2.6249410803710063E-4
 1210.9705058892816 2.207886759705353E-4
 1224.6110964359675 1.8938647670605762E-4
 1238.3878983005233 1.633575975582477E-4
 1252.300911482949 1.4052484197050907E-4
 1266.3501359832446 1.2004370344990396E-4
 1280.53557180141 1.0288136442309551E-4
 1294.8572189374453 8.972673089272624E-5
 1309.3280498978147 8.05915018940938E-5
 1323.9350921760535 7.137028463505302E-5
 1338.6848320253941 6.396228560393724E-5
 1353.577269445837 5.6887236413106843E-5
 1368.6124044373812 4.9721632117085184E-5
 1383.7967232532594 4.218316507704821E-5
 1399.1302258934713 3.484401420684144E-5
 1414.6064261047847 2.8613117323712697E-5
 1430.2318101404321 2.3662765111298093E-5
 1446.012864253645 1.998208313975024E-5
 1461.9366159379596 1.7789721586887723E-5
 1478.0225239530718 1.6484029240462407E-5
 1494.2511295392857 1.4568044819488639E-5
 1510.6418914562973 1.1366734227112351E-5
 1527.1818371976426 7.886919819602283E-6
 1543.8774530165535 5.533673290805301E-6
 1560.7352251662616 4.4296249914355464E-6
 1577.7486673935356 3.782091334794205E-6
 1594.9242659516071 3.0948742613067253E-6
 1612.2555345872442 2.325982439116861E-6
 1629.7554458069105 1.6240460349873786E-6
 1647.4110271041427 1.1111944056637354E-6
 1665.2352509854038 7.842104384430188E-7
 1683.221631197463 5.801100434226057E-7
 1701.3701677403191 4.444451468350919E-7
 1719.687346867205 3.480821582479744E-7
 1738.1796548313525 2.769795925924021E-7
 1756.834119126297 2.259708460876259E-7
 1775.6572260052707 1.8817371187717473E-7
 1794.6489754682745 1.5575249129954384E-7
 1813.8158537685392 1.301404923662546E-7
 1833.157860906065 1.1342588853704144E-7
 1852.6685106276206 1.0016235876482771E-7
 1872.3607754396691 8.324269949791883E-8
 1892.2216828357472 5.76541417591067E-8
 1912.2642053223187 3.077001738965971E-8
 1932.4818566461513 1.8187033067109692E-8
 1952.874636807245 1.3499159883662521E-8
 1973.4555183120642 1.1755919356723236E-9
 1994.2115286541443 -1.5198787423827676E-8
 2015.1491540867177 -9.42403905346216E-9
 2036.2683946097843 -3.5991999289547394E-9
 2057.569250223344 2.4729461014702993E-8
 2079.0582071806293 4.9456077020778126E-8
 2100.7287792284073 7.554637482261992E-8
 2122.5874526199104 1.0566137272492545E-7
 2144.634227355139 1.3627744842674214E-7
 2166.8626171808605 1.564575871302897E-7
 2189.2855946035392 1.5473763533051433E-7
 2211.896673369943 1.4595278834860245E-7
 2234.695853480072 1.2763096588778647E-7
 2257.6896211871576 1.0915276940881261E-7
 2280.8714902379683 7.458945119318212E-8
 2304.2414606325046 7.546543224423713E-8
 2327.8125048772294 7.63489501847128E-8
 2351.578136718911 1.0625096015749466E-7
 2375.5318699043182 1.347960791552881E-7
 2399.686676939914 1.6476159621753285E-7
 2424.0360715724673 1.9715952230463064E-7
 2448.5800538019766 2.0439629687541743E-7
 2473.325109881676 1.8025608430238452E-7
 2498.2647535583314 1.567568265000195E-7
 2523.4054710851764 1.550954234743285E-7
 2548.740776208978 1.552356047391465E-7
 2574.2836414362004 1.5537693444238588E-7
 2600.0210942603803 1.6412845343188182E-7
 2625.9661071879804 1.7349287530218633E-7
 2652.11219396577 1.7640178397650754E-7
 2678.452868340516 1.6481378090617657E-7
 2705.001102818683 1.4063854276651883E-7
 2731.756897400271 1.0259955662556628E-7
 2758.7137658320475 6.28040422479486E-8
 2785.871708114013 3.479957024701321E-8
 2813.2372104993996 2.003359508602229E-8
 2840.8102729882066 1.3318463587979096E-8
 2868.584409327203 1.4717947632579208E-8
 2896.56610576962 1.6127890222117954E-8
 2924.7553623154576 2.4800037138495027E-8
 2953.1456927114845 1.5972801623798604E-8
 2981.7500694641635 -6.720192260167787E-9
 3010.555520067032 -1.1331745377730721E-8
 3039.575017026553 -2.345027092484211E-9
 3068.795587836263 6.703959468766584E-9
 3098.2237187493933 2.8995249661216824E-8
 3127.865896019177 4.5471205469276515E-8
 3157.7091471391495 5.166222560071866E-8
 3187.766444615774 4.820722511744722E-8
 3218.03130219582 3.7602036826895605E-8
 3248.5037198792865 2.7852177064863523E-8
 3279.183697666174 2.0097444310040257E-8
 3310.0712355564824 1.0562360169877761E-8
 3341.166333550211 5.118071653550627E-10
 3372.475477900593 -7.018674532758128E-9
 3403.9856961011637 -1.1780086211780382E-8
 3435.709960658387 -1.810113266848381E-8
 3467.6352990657992 -2.424785659192702E-8
 3499.7746838298644 -2.992201462737128E-8
 3532.1151424441177 -2.9174746029397002E-8
 3564.669647415024 -2.842253161037716E-8
 3597.4252262361196 -2.4069250827445282E-8
 3630.394851413868 -9.895265376106208E-9
