 0.0E+0 0.0E+0
 0.24102062801796442 0.02410206280179645
 0.7258954472920038 0.07257942684107581
 1.2164750766374512 0.12157271542798409
 1.7128288052454574 0.17099530811710506
 2.2150113351090365 0.2207107586916048
 2.72310775821732 0.27053838598329404
 3.237178854562547 0.32026373784237516
 3.7572914821361766 0.36965192282720055
 4.283518576928896 0.41846155393754336
 4.8159330749313884 0.4664575620417035
 5.354613990133562 0.5134219806755157
 5.8996160245284334 0.5591617199821377
 6.4510060361074614 0.6035137246594022
 7.008905584855121 0.6463474665563842
 7.573369372764427 0.6875652655026617
 8.144458179827616 0.7271010800287934
 8.722232786036926 0.7649179160530553
 9.306875531369068 0.8010045692304826
 9.898325635831808 0.8353719971143008
 10.496704659409618 0.8680493211297498
 11.102134162086973 0.8990801987355145
 11.71467492385611 0.9285191955851583
 12.334448504701506 0.9564288733845979
 12.96145490462316 0.9828770011454502
 13.595815683605547 1.0079343587385516
 14.237652401633142 1.0316729846726087
 14.88702583869818 1.0541646953437633
 15.543996774792902 1.0754801965853295
 16.20868676990178 1.095688392650925
 16.881217384009296 1.1148559666685133
 17.56158861711544 1.1330471091694915
 18.24998280919693 1.150323345334471
 18.946399960253764 1.1667434115974093
 19.651083190254894 1.1823630088538708
 20.36397171920808 1.1972348764985472
 21.085187107097802 1.211408594991868
 21.814911693900764 1.2249306598975202
 22.55320625960921 1.2378445065616241
 23.300131584215375 1.2501905101127321
 24.055870007695972 1.2620062569327414
 24.820421530051003 1.2733267420902885
 25.59390771126494 1.2841847148491802
 26.376510891314495 1.2946105799517002
 27.16829185019191 1.3046325210144791
 27.969311367889414 1.3142765992451888
 28.779751784383726 1.3235668521592387
 29.599673879667086 1.3325256390882107
 30.429199213723958 1.341173665859034
 31.268449346538826 1.3495299847939836
 32.11754583809617 1.3576121427857255
 32.976549468388213 1.3654363293723585
 33.84564257739168 1.373017944358416
 34.72488594509879 1.3803719926816486
 35.61446191148628 1.3875131090921981
 36.514431256546373 1.394455410077553
 37.424915540263555 1.4012119262415498
 38.34603632262228 1.407794626983545
 39.27797594359928 1.4142142971025468
 40.22085596317903 1.4204809810223457
 41.17473716135375 1.426604204904079
 42.13974109810792 1.4325933468338414
 43.11605011341827 1.4384573653517696
 44.10378576726926 1.4442043799060868
 45.10306961964536 1.4498411525904513
 46.11402323053106 1.4553733842940408
 47.13682893990306 1.460806455076772
 48.17154752775361 1.466145794356911
 49.218361334059416 1.4713964366859386
 50.27745269879718 1.4765626268817717
 51.34888240195915 1.4816480914996743
 52.43283278352204 1.4866563349823442
 53.52942540347033 1.4915908370933064
 54.63884260178071 1.496454880162693
 55.761205938437676 1.50125145037055
 56.89669775341794 1.5059833364635322
 58.04537882671372 1.5106530063590324
 59.207492278293983 1.5152627798993998
 60.38322044813544 1.5198149769269848
 61.57256333623809 1.5243121393967014
 62.77600718253983 1.52875740156364
 63.99343042705619 1.53315434190802
 65.22483306978715 1.5375066869851052
 66.47082291065512 1.5418179659167681
 67.7307921497377 1.5460909180913151
 69.00595638687965 1.550327591880182
 70.29570782215858 1.5545299122589362
 71.60065425549688 1.5586996808072743
 72.92079568689454 1.56283855102985
 74.25673991627396 1.566948176431316
 75.60787914371272 1.5710304573080662
 76.97421336921086 1.575087392673188
 78.3569581926131 1.5791214257649015
 79.75611361391947 1.5831358142341651
 81.17107183320758 1.587134259957069
 82.60244065039981 1.5911201193012673
 84.05082786541851 1.5950963537676323
 85.51562567834134 1.5990651104442965
 86.99804968901302 1.6030272531023463
 88.4974920975112 1.6069826089875651
 90.01395290383587 1.6109305857997782
 91.5480399079094 1.6148698755427677
 93.10036090965417 1.618798405165923
 94.6703081091478 1.6227139041852418
 96.25909710623505 1.626614916529463
 97.86612010099353 1.6305013434818904
 99.49137709342327 1.6343739747760901
 101.1354758834466 1.638233846937367
 102.79902427098591 1.6420820211702
 104.48202225604122 1.645919459962373
 106.18386203869017 1.6497462620305811
 107.90636701869983 1.6535618103954761
 109.64771379630308 1.657365315323493
 111.41033357118947 1.661156505343718
 113.19240294359184 1.6649365897356731
 114.99574531327733 1.6687080117375785
 116.81975288032356 1.6724728197208702
 118.66503344465289 1.6762322229650707
 120.53158700626533 1.6799871099204417
 122.4194135651609 1.6837389119790715
 124.32972872118431 1.6874896281540481
 126.26131687449084 1.6912416276460691
 128.2160014248476 1.6949971809391364
 130.19256677240986 1.6987585091589036
 132.19283631694472 1.702528573806243
 134.21559445860742 1.7063099661944165
 136.2614489973204 1.71010303183186
 138.33161553292833 1.7139060431763983
 140.42548626550888 1.7177159153312893
 142.54306119506205 1.7215297608331834
 144.68555592143258 1.7253454079147745
 146.85236264469807 1.7291606848087566
 149.04469696470331 1.7329733950686501
 151.26195108152592 1.7367812682104522
 153.50473279508824 1.7405825026544672
 155.77304210539031 1.7443761605920853
 158.06809461227686 1.7481627109276105
 160.38867471590313 1.751943486336436
 162.73660581603627 1.755718610214431
 165.11188791267628 1.759486330340247
 167.51391320590076 1.7632455114718823
 169.94328949563211 1.7669981773015994
 172.40123238171506 1.7707474374053138
 174.88713406422724 1.774494427025027
 177.40160234309104 1.7782387512939554
 179.9446372183064 1.7819801634203598
 182.51745428971815 1.7857196258920233
 185.1194457574039 1.7894585701010343
 187.75121942128598 1.7931974155933496
 190.41277528136441 1.7969361376897954
 193.10532893748396 1.8006772783452866
 195.82888038964463 1.8044274515784366
 198.582821837924 1.808194998950035
 201.36897668208925 1.8119874476081301
 204.186737122218 1.8158099555000744
 207.03671095823253 1.8196625473050414
 209.91950599005537 1.8235402625090708
 212.8351222176864 1.827437893806463
 215.78355964112566 1.831353837050913
 218.76603386021787 1.8352878948090287
 221.78315267488548 1.8392391786305488
 224.83370048528368 1.8432094160576486
 227.9195006911796 1.8472046288087673
 231.04055329257326 1.8512294072102564
 234.19685828946464 1.8552841461288982
 237.3890234817761 1.8593707458610861
 240.61765666943006 1.8634933771872146
 243.88336565234888 1.8676531259909365
 247.18554263061017 1.871847623071554
 250.5254032040587 1.8760765969581545
 253.9035551726168 1.8803444158645234
 257.3199985362845 1.8846537698206196
 260.7747332950618 1.88899710699922
 264.2695828487159 1.8933628528677504
 267.8033315974019 1.897742122923595
 271.3771951409646 1.9021281550730972
 274.9911734794041 1.90652122078717
 278.64648221256504 1.9109262312214256
 282.34312134044745 1.915349158735956
 286.08169866297373 1.9198003685838118
 289.8628219800662 1.9242874372713907
 293.68588349180254 1.9288095257067787
 297.55270659794985 1.9333607849257543
 301.46268349858576 1.9379323304257014
 305.417029793555 1.9425201395012701
 309.41574548285763 1.94713112232116
 313.45943836641595 1.9517727319958997
 317.54871624415233 1.9564472636886642
 321.68418691598924 1.9611521507653648
 325.8658503819266 1.9658844810834776
 330.0949222418092 1.9706455132808731
 334.3714024956369 1.9754411703592951
 338.69529114341 1.980279448371097
 343.06841158489532 1.9851629633087157
 347.4901560201707 1.990092184076456
 351.96174004908073 1.9950657533197517
 356.4831636716255 2.0000738734065524
 361.05503468772735 2.0051015393991065
 365.6779608973087 2.0101344126973605
 370.35255010029186 2.0151679523333103
 375.07941009659924 2.0202063044081772
 379.8591486861532 2.025243373166
 384.6923736688762 2.0302685218828133
 389.5790850447681 2.0352840950801405
 394.5198906137513 2.040290660378983
 399.5160059756707 2.045289673850603
 404.5680389304485 2.0503002124964484
 409.6753816781624 2.0553501144247152
 414.83985761857945 2.060458037090896
 420.06207455162223 2.0656243506825986
 425.3414246773681 2.0708536948845233
 430.6797313955843 2.0761533994113277
 436.0769947062709 2.0814988591266012
 441.53382240935025 2.086847650530356
 447.05082230474465 2.092160854565301
 452.62860219237643 2.097418801929812
 458.26837767209053 2.1026389407998604
 463.9701487438868 2.1078469375163342
 469.7345232076877 2.1130577723378105
 475.5627166633379 2.1182983208847
 481.4547291108374 2.123586154728843
 487.41116835010865 2.1289070339868803
 493.4332499809964 2.13424104256545
 499.52158180342286 2.139584898134418
 505.6761638173882 2.1449515819392734
 511.89821162273716 2.1503518540998496
 518.1883330193921 2.155808641568729
 524.5471358072753 2.1613640716958144
 530.9758355862316 2.1670353952236833
 537.4738245563386 2.1728030415674082
 544.0429261173634 2.1786423562322303
 550.6837480692285 2.184519528749864
 557.3962904119338 2.1903910744158414
 564.1823765452464 2.196232906356405
 571.0413986692439 2.202016223975576
 577.9751801836935 2.2077165208536402
 584.9843288885177 2.2133688660967556
 592.0688447837161 2.2190284916961813
 599.2299434691338 2.2247097856103184
 606.4682327446932 2.2304181032199106
 613.7867516100059 2.236171731792842
 621.1775986660812 2.2419704985748944
 628.653537711289 2.24779426536014
 636.2084907464055 2.2536074941381163
 643.8485357706544 2.2593456488689924
 651.5615167855883 2.2650113702243785
 659.3656677888783 2.270669737185933
 667.2488327820771 2.2763435533103697
 675.2170897644083 2.282013173975237
 683.270438735872 2.2876535498189953
 691.408879696468 2.2932570796560733
 699.6324126461967 2.2988111277494183
 707.9471155842814 2.304327564781692
 716.3529885107224 2.3098542683503202
 724.8378754270719 2.3154323786382486
 733.4200103310015 2.3210452372030734
 742.0933152232873 2.3266603909310732
 750.8577901039292 2.3323008408123535
 759.7073569737038 2.3379662413384787
 768.6602498302817 2.3436188333733336
 777.6982346759924 2.349275028567582
 786.8395455085065 2.354941194148099
 796.072026329377 2.36055101717453
 805.4017551378272 2.3660723653624153
 814.8287319338575 2.3715065960663217
 824.3529567174678 2.376868171282173
 833.9805074878817 2.3821849784765114
 843.7053062458756 2.3874498113305504
 853.5334309906732 2.392620665890257
 863.4648817222743 2.3976782677207904
 873.4935804414556 2.4026324884917236
 883.6316831466642 2.4074716055954392
 893.8670338394527 2.4121784423268803
 904.2178665174924 2.416775629488543
 914.665947183112 2.4212578610580313
 925.2295098339829 2.425590438116797
 935.8963984716573 2.429766721967053
 946.6726910953593 2.433802112413333
 957.5644657043124 2.4377285689858774
 968.5595663000691 2.441566575399051
 979.6701488810771 2.4452895028241803
 990.8962134473364 2.4488417737615715
 1002.231681999623 2.4522082351984302
 1013.6887105363845 2.45539298387763
 1025.2551430591734 2.4583937493151677
 1036.9431355664373 2.4612264002198824
 1048.7466100589522 2.4638968842726916
 1060.6655665367184 2.4664075213159444
 1072.7121609981834 2.4687448858790226
 1084.8742374448995 2.4709023392641382
 1097.1578738760904 2.472891727474778
 1109.5630702917562 2.474718233137468
 1122.095904691121 2.4763946894226536
 1134.7502990749603 2.4779381249603464
 1147.5323314424986 2.4793645812136024
 1160.4420017937354 2.4806797343924267
 1173.479310128671 2.4818559438220155
 1186.644256447305 2.482880623123662
 1199.936840749638 2.4837752431786892
 1213.3570630356696 2.484552883949279
 1226.9170793038472 2.485217247311522
 1240.6047335557234 2.4857843747284746
 1254.4261037905223 2.486278204998849
 1268.3811900082434 2.486718481461792
 1282.469992208887 2.4871113739107855
 1296.6985883916768 2.4874615713888772
 1311.0669785566128 2.487778451982162
 1325.5690847044711 2.4880667047336846
 1340.2109848344755 2.4883327462286692
 1354.99875694585 2.4885827462605982
 1369.920245040147 2.4888233682064324
 1384.9936831150373 2.489053131315737
 1400.2008371728502 2.4892624107106784
 1415.5599412112567 2.4894373860538552
 1431.0588392318093 2.4895736150939584
 1446.703609233732 2.489687386085784
 1462.5003292162482 2.489792272574994
 1478.4429211801343 2.4898875341863706
 1494.5374631246143 2.489973911295132
 1510.7778770504642 2.490048442400406
 1527.1763189561313 2.4901037237500127
 1543.7206328431684 2.4901318580082953
 1560.4229747100225 2.490133091966992
 1577.277266557471 2.490118531254372
 1594.2835083855125 2.490096813581312
 1611.4477781933715 2.4900615223625894
 1628.776153980272 2.49000352630385
 1646.256479747766 2.4899292419903154
 1663.8948334950771 2.489862855012439
 1681.6912152222062 2.489827563793716
 1699.651702928376 2.4898307720863277
 1717.776296613587 2.4898737138489686
 1736.0589182786154 2.489950712871636
 1754.5117239219086 2.490034868854743
 1773.1225575450193 2.4900948392473973
 1791.9035751463952 2.4901205055882864
 1810.848698726812 2.4901306240495983
 1829.9579282862698 2.490154069264834
 1849.2434198232165 2.490194543110082
 1868.6930173392042 2.4902229241601032
 1888.3127988334567 2.4902044147796544
 1908.1027643059742 2.4901301304661203
 1928.0629137567566 2.4900173466412516
 1948.1993251850276 2.4899033288576872
 1968.5059205915636 2.489814730623272
 1988.988777975588 2.489749577604092
 2009.6478973371015 2.4896950366297025
 2030.4772006768791 2.4896338322783524
 2051.48884399337 2.4895642370078645
 2072.676749287349 2.489501798697817
 2094.0409165588166 2.489455155059086
 2115.587423806997 2.4894361520951586
 2137.3101930326656 2.489460337685612
 2159.209224235823 2.4895301797478386
 2181.2966734149163 2.4896266753179117
 2203.5664625707222 2.4897239112632032
 2226.0125137040172 2.4898014038693485
 2248.6469828132476 2.489860633886785
 2271.463791899191 2.489910239026388
 2294.462940961846 2.489951946830333
 2317.650508000438 2.489990199549927
 2341.020415015742 2.4900279586860425
 2364.578740006982 2.490058560861718
 2388.3194049749345 2.49009015020435
 2412.254565918047 2.4901355598843846
 2436.372066837872 2.490181463147898
 2460.6840637328564 2.490212558907052
 2485.1844786037772 2.490250318043168
 2509.8672334514103 2.49035791924151
 2534.7444842742033 2.490578057472982
 2559.8162310721563 2.4908784030197317
 2585.076395846045 2.491215520535639
 2610.5249785958703 2.4915580674698123
 2636.1680573208554 2.4918969125278955
 2662.005632021 2.4922629046773034
 2688.0316246970814 2.492681216675447
 2714.2521133483223 2.4931617201918987
 2740.667097974723 2.493673813050983
 2767.27050057706 2.4941264291008917
 2794.0744771537806 2.494479588079855
 2821.0668717064372 2.4948263304735966
 2848.2598402334774 2.4952441488882612
 2875.6412267364544 2.4956984924803453
 2903.2171092145904 2.496159005865912
 2930.9935656671104 2.496598541953637
 2958.9584400955664 2.4969561431839082
 2987.123888498406 2.4972207039284572
 3015.483832876406 2.4974169033612145
 3044.038273229565 2.4975491837334886
 3072.7872095578845 2.497663941892272
 3101.730641861364 2.4978065875175974
 3130.8685701400027 2.497966261772936
 3160.2070723930255 2.4981128560660903
 3189.7339926219847 2.498255254899677
 3219.461486825327 2.498363843264977
 3249.3773990046056 2.4984006152341353
 3279.493885158268 2.498387288480212
 3309.798789287866 2.4983411384249594
 3340.304267391848 2.498234277601835
 3370.998163471766 2.498046962671693
 3401.892633526068 2.4978130041028197
