 0.0E+0 0.0E+0
 0.2711594663994602 0.07132686223556581
 0.8166662902182228 0.19694235746183427
 1.368591291881738 0.3084002585212971
 1.9270124249670677 0.4072143378340083
 2.491991231771893 0.49473921014838534
 3.0636234447592705 0.5722525448010405
 3.641977444259958 0.640988773927565
 4.227128448637785 0.7021274599926128
 4.819158514289661 0.7567631279473713
 5.418149697612492 0.8058769961842791
 6.02419089303626 0.8503193979268925
 6.637343642858646 0.8908051145176215
 7.257683165443483 0.9279193319698364
 7.88534622145228 0.9621310774688332
 8.520394353182718 0.9938104514480084
 9.162895940965557 1.0232463792954566
 9.812919365131545 1.0506634436945836
 10.470669766672957 1.0762362935610194
 11.136078765259036 1.100102384308248
 11.80928312155129 1.1223726995809772
 12.490419596211236 1.1431402348084294
 13.179556569569625 1.1624863197118053
 13.876830802287973 1.1804852645883623
 14.582242294366278 1.1972073162029943
 15.29592780646605 1.2127201172906578
 16.018024099248805 1.2270884719434851
 16.748599553045295 1.2403734317645971
 17.487722548186276 1.2526316143592046
 18.235529845333267 1.2639161574513553
 18.99215820514777 1.2742790033701596
 19.757607627629795 1.2837727970935541
 20.5320832537716 1.2924514832637938
 21.31558508357319 1.3003699417248026
 22.10838663835759 1.307582741267493
 22.91041953779404 1.314141432548514
 23.721820542544055 1.3200920351891927
 24.542794793599902 1.325474323738149
 25.373410671292337 1.330322921821917
 26.213736555952117 1.3346688475370585
 27.063977588571503 1.3385417663238712
 27.92413376915051 1.3419715372214513
 28.794341858350634 1.3449875246630018
 29.674806997164154 1.347617555562057
 30.56559756592182 1.3498891597790618
 31.466781944954384 1.351830894688364
 32.378565275254125 1.3534722846261977
 33.30101593715179 1.354842923575941
 34.23427069130889 1.3559721821895787
 35.17846629838695 1.3568891047831408
 36.13373951904747 1.3576231858608638
 37.10015873362121 1.3582067851742651
 38.07792908310043 1.3586724853933265
 39.06711894781589 1.3590449271301423
 40.06793346875987 1.359335408634418
 41.08044102626311 1.3595440532288105
 42.104778380987134 1.359665572311441
 43.14108229359345 1.3596927343317117
 44.18955790507431 1.3596175287123828
 45.250341976091256 1.3594312132034163
 46.323502886975013 1.3591239527432235
 47.409177398387114 1.358687856056871
 48.507570651319824 1.3581217892569765
 49.618819406434646 1.3574341683780308
 50.74306042439309 1.3566402024504171
 51.88043046585669 1.3557548955939902
 53.03113467181769 1.3547874810554478
 54.19524142260686 1.3537382448986807
 55.37295585921647 1.3526008421733708
 56.56448312263876 1.3513677150485936
 57.76989159320452 1.3500336111943536
 58.989386411906 1.3485979276474115
 60.22310433940471 1.3470662694221111
 61.47125051669294 1.345449574622043
 62.733961704432175 1.3437646712202784
 64.0114430436147 1.3420326007064196
 65.30376291457125 1.3402708085719261
 66.61119483862487 1.3384864934191815
 67.93394395676782 1.3366694492385142
 69.2720102690001 1.3347901978690384
 70.62594081796777 1.3328113079645502
 71.9955988430093 1.330704491462291
 73.3809843441247 1.32846511911365
 74.78278112462152 1.3261154704546647
 76.20030538119222 1.3236947464494397
 77.63492472045189 1.3212395413327073
 79.085955339093 1.3187700960011787
 80.55408104042309 1.316295451231116
 82.03930182444216 1.3138238183947636
 83.54230149445779 1.3113675437827625
 85.06239624716238 1.3089341398565763
 86.59958608255597 1.3065155765151932
 88.15523860725366 1.3040962175966215
 89.72935382125547 1.30166293522298
 91.32124792125381 1.2992091881447638
 92.93160471055627 1.2967369753499846
 94.56110799247037 1.2942476596097658
 96.20907396368858 1.2917363179589138
 97.87687023082603 1.2891985106439403
 99.56381299057514 1.2866336883649696
 101.2699022429359 1.2840477039525812
 102.99582179121589 1.2814495541539712
 104.74225543872268 1.2788447148510992
 106.50851938214868 1.2762289033501852
 108.295981228109 1.2735946845092966
 110.10395717329614 1.2709475662487113
 111.93244721771005 1.268309264397464
 113.7821351646583 1.2657051352225467
 115.65370481744843 1.2631456757403802
 117.54715617608048 1.260629764792015
 119.4618054372469 1.2581491730048912
 121.39970401087031 1.2556703870734242
 123.35880048702805 1.2531275644117583
 125.34183007895038 1.250455128415998
 127.34674137671462 1.247618228805218
 129.37558579024343 1.2446139238580671
 131.4276795162293 1.2414531303128837
 133.5037063579797 1.2381556362979515
 135.60366631549467 1.2347426383028394
 137.72755938877426 1.2312117883316822
 139.87675318443353 1.2275440965057866
 142.04988009585741 1.223733653147565
 144.24899153296851 1.2198137958539447
 146.47271988915176 1.2158656689562001
 148.72311657432985 1.211979125667559
 150.99881398188762 1.2081898888355313
 153.30049591513264 1.2044667967593065
 155.62952998068004 1.2007513964690446
 157.98523237522226 1.1969853095068021
 160.3676030987593 1.193119982661121
 162.7780097579063 1.1891070017877276
 165.21576854935565 1.1848997899200888
 167.6822470797225 1.1805014063812306
 170.1767615456993 1.1759746048939891
 172.69999575059355 1.1714007548397724
 175.25194969440534 1.1668339462432142
 177.83399098374974 1.1622656092516181
 180.44475201201163 1.1576452650047821
 183.08628418911368 1.152952776956471
 185.75858751505592 1.1481748973563137
 188.46097818653078 1.1432362683276746
 191.1941400068458 1.1380411662193752
 193.9594405826161 1.1325538141977573
 196.75619611053417 1.1268269530526917
 199.58509039390753 1.1209446374277585
 202.4461234327362 1.1149445449337715
 205.3406628336352 1.1088260655251847
 208.26802479329711 1.1026238435876007
 211.22889311502942 1.0964054085894205
 214.22326779883218 1.0902237138167047
 217.25251645132041 1.0840924819595176
 220.3166390724942 1.0779927549772074
 223.41495185904597 1.0719291781845858
 226.5495062208984 1.0658916467027668
 229.71961835474391 1.0598125930980262
 232.92597206389001 1.0536487129561851
 236.1692511516444 1.047379741279799
 239.44945561800696 1.0409539025482124
 242.76658546297775 1.0343286602198082
 246.12200829317183 1.027494139216891
 249.51640791189683 1.0204356660463904
 252.9484167125376 1.0131095421699725
 256.4200861050168 1.0054369825651436
 259.93141608933444 0.9973631219290409
 263.48240666549054 0.9888881305429085
 267.07374163679264 0.9800939323216498
 270.70610480654835 0.9710965338706636
 274.3801799780651 0.9619438343009618
 278.0952833480355 0.9526741905936146
 281.85278252307455 0.9433793143612842
 285.65336130648984 0.9340640418527113
 289.49701969828134 0.9246372611641148
 293.38375769844913 0.9150833266538179
 297.31562671691585 0.9054256100501847
 301.29125914706634 0.8956166985805634
 305.31202259551577 0.8855820478773299
 309.3779170622641 0.875279534968434
 313.4903101539265 0.8647872834016339
 317.64920187050296 0.854279581589099
 321.855276015301 0.84383509175859
 326.10921639162813 0.8333068171404828
 330.41033919617694 0.8225405347653996
 334.76069583887 0.8115321084785744
 339.1596025163998 0.8002812263294403
 343.6084268353814 0.7887079341377922
 348.1071687958149 0.776780321651702
 352.6565122010078 0.7645625571353546
 357.2571408542676 0.7520209194620846
 361.90973855890194 0.7389710054470331
 366.6143053149108 0.7253707229760887
 371.37220872890924 0.7114411991573207
 376.1834488008974 0.6974226557168506
 381.0480255308751 0.6834736153334398
 385.9679903287652 0.6696719766613108
 390.94265939126006 0.6559932939054347
 395.97340032497476 0.6424225459175134
 401.0602131299093 0.6291065135976364
 406.20378160937133 0.6162428824900796
 411.40478956666834 0.6037687951852593
 416.66392080510786 0.5914439977746545
 421.98185912799755 0.5791457435076709
 427.3592883386449 0.5667952575316115
 432.7968922403574 0.5545255815270083
 438.2946708331352 0.5426563780374043
 443.8533079202857 0.5313509656789789
 449.47417110842422 0.5206272873613931
 455.1579442008582 0.5104358416271054
 460.9039433942801 0.5005155738275061
 466.7142200986125 0.4905472910249697
 472.58945811716313 0.480518381682495
 478.52897364662425 0.47063361250137814
 484.5348180969187 0.4610568466042423
 490.60699146804643 0.45179528363853976
 496.746177563315 0.4427842943172835
 502.95306018603184 0.43408398932452912
 509.22832313950465 0.4257657877746367
 515.5733340303486 0.41794013657675294
 521.9880928585636 0.41070404778102292
 528.4732834274572 0.40400217880452504
 535.0302733436446 0.3977485542353175
 541.6590626071256 0.39187441146226525
 548.360335021208 0.3863829044212804
 555.1354581925068 0.38125502615121065
 561.9851159243295 0.3764049040542365
 568.9093082166763 0.3718247135794916
 575.9094026761622 0.36753438588413633
 582.9860831060946 0.36351732624926763
 590.1400333097813 0.3598085602782081
 597.3726208938374 0.3565088851333234
 604.6831620549553 0.3537161209939869
 612.0737082030575 0.35140855927833836
 619.5449431414518 0.34951552550677417
 627.0968668701381 0.34794924472420096
 634.7315307990391 0.3465444020101371
 642.4482511248473 0.3452040051971275
 650.2490792574852 0.34393955277250493
 658.1346990002605 0.34280801611590155
 666.1051103531732 0.34183894709036
 674.1616809228383 0.3410006555629279
 682.3050945125635 0.34028130352853797
 690.5387701388867 0.3397037378307098
 698.8538183588092 0.3392550309233009
 707.2645990417901 0.33893936454098583
 715.7642741547538 0.33878198209612075
 724.3596817307758 0.33877596679892163
 733.0371457037049 0.33886732105248262
 741.817180172768 0.33897584899592703
 750.6861090718137 0.33902743159811277
 759.6507704339177 0.3389766723352023
 768.7111642590802 0.33883612206611846
 777.8672905473009 0.338647532117638
 787.1191492985799 0.338389499777576
 796.4735785459928 0.33803677073734555
 805.9305782895398 0.33770105048823007
 815.4764724630694 0.3375061804436097
 825.1317751658084 0.33739243050335204
 834.8896483646814 0.33721776674397996
 844.7500920596883 0.3369774464348962
 854.7062682177536 0.33681348979447295
 864.778690938104 0.33681781148077283
 874.9468461215127 0.3368982418729664
 885.2312478672063 0.336847897452632
 895.6182201090342 0.3366411700488265
 906.1146008800712 0.3364346088245541
 916.7203901803178 0.33641291800938383
 927.4355880097742 0.33662224429924514
 938.2670324015155 0.33686163239107713
 949.2078853224663 0.3369535484982436
 960.2649848057023 0.336964830077804
 971.4383308512232 0.3368674390374995
 982.7210854259539 0.33655396553095845
 994.1269245960451 0.3361535497160681
 1005.6421722953457 0.3359202893875496
 1017.2873426230828 0.3359646427247481
 1029.0419214800294 0.3362360853337299
 1040.9264229654122 0.33651419419885514
 1052.9271710130801 0.3366079134826316
 1065.0510036561088 0.33653556392055505
 1077.3047589275736 0.3363737737410576
 1089.6747607613235 0.33635143522057
 1102.1746852235098 0.3365363288871077
 1114.8045323141325 0.3368007172801003
 1127.557464000116 0.3369499925803202
 1140.447156347611 0.33683080477882593
 1153.459933290467 0.33655122036622087
 1166.6094708948346 0.33648693135610935
 1179.888931127639 0.3368791234494639
 1193.298313988879 0.337697359948803
 1206.851295544707 0.33860125642102473
 1220.534199728971 0.33926096680845985
 1234.3538645747471 0.33974640044803616
 1248.310290082035 0.3400260393856355
 1262.4103142839103 0.33986462948764722
 1276.6470991472976 0.33915805633238316
 1291.0274827052724 0.33795809208757043
 1305.5514649578346 0.336764040041336
 1320.2190459049841 0.33597749715104874
 1335.0302255467213 0.33540115702193784
 1349.985003883046 0.3350311350045074
 1365.0833809139583 0.3350470197326572
 1380.339032705609 0.3356299537602786
 1395.7382831918471 0.3368477617432179
 1411.2879704057486 0.3380900266363183
 1426.988094347313 0.33886948655598525
 1442.8386550165405 0.33929288548063785
 1458.8464904465067 0.3398334087832876
 1475.0116006372115 0.3408853614238229
 1491.3271475555795 0.3416582328623847
 1507.7999692346861 0.342155320668675
 1524.436903707607 0.3426027220990169
 1541.2242749081908 0.3429766552668886
 1558.1825969356643 0.343444809214209
 1575.2913556908013 0.34370158036848386
 1592.571065272828 0.34330898961189076
 1610.0080496155933 0.34232970016007235
 1627.6091467521732 0.34103828108536204
 1645.3811947156425 0.3401208282663287
 1663.3173554729262 0.3400395893476098
 1681.4244670571 0.3409660389555502
 1699.6956914350878 0.34267035732206646
 1718.1447046730411 0.34487536663778495
 1736.7578307048088 0.3472649139830111
 1755.5487455965417 0.3485420429678632
 1774.5106113151646 0.3488954606834965
 1793.6434278606773 0.34894836938205525
 1812.9540332661554 0.34844250887335725
 1832.449265564675 0.3479089641828513
 1852.115448690084 0.34823089150632235
 1871.9594206754582 0.34976407048073027
 1891.9811815207986 0.3524466137696434
 1912.1875692591795 0.35480686425294183
 1932.5785838906015 0.35525357072349245
 1953.1473873819891 0.35413492257079615
 1973.907655799493 0.35290603676558773
 1994.845713076963 0.3525302486988751
 2015.9752352805494 0.35215436707081665
 2037.2893843771764 0.35001599277853806
 2058.7881603668447 0.34666857853493215
 2080.4852393157057 0.34625831918419913
 2102.366945157607 0.348222704101031
 2124.4401159256253 0.3494130117737775
 2146.7047516197603 0.3493410758568252
 2169.160852240012 0.3480736596763598
 2191.8152558194556 0.347039808525049
 2214.661124325016 0.34595976013277
 2237.7052957897685 0.3448314058857884
 2260.9477702137137 0.3449333630940427
 2284.381709563775 0.3456700404466764
 2308.0207899061047 0.3447545012094246
 2331.8581732076263 0.3426879450676974
 2355.89385946834 0.3408199980588367
 2380.134686721322 0.3381113608035372
 2404.5738169334954 0.33563605411414826
 2429.211250104862 0.33296320826788766
 2454.060662301571 0.3320965292574353
 2479.1152154905485 0.33241465499302186
 2504.368071638718 0.3326822683434368
 2529.832906812231 0.3325233787682093
 2555.502882978012 0.3332317384652961
 2581.3780001360605 0.33345759358493803
 2607.4650963194526 0.33232062917751126
 2633.7573334951125 0.3304683648609253
 2660.261549696116 0.328647171698715
 2686.970906889387 0.32594374474107823
 2713.8990811410776 0.3226373580670991
 2741.0323963850355 0.32007498042409715
 2768.384528687413 0.3202474692047423
 2795.948640015133 0.3193043378217199
 2823.7178923351216 0.3161104173504398
 2851.7059617135287 0.3131446041594001
 2879.9128481503553 0.3092460087740564
 2908.3317136125247 0.30495413141562655
 2936.962558100038 0.30017816097484456
 2965.8122196459703 0.294824567635399
 2994.880698250321 0.28883683170836554
 3024.161155880016 0.28256472106824903
 3053.66043056813 0.2775441291399701
 3083.3785223146624 0.27294035913589015
 3113.3085930865386 0.2662543215241504
 3143.464318949909 0.25830921747794532
 3173.832023838623 0.250922606024734
 3204.425383818832 0.24298640274067967
 3235.2307228243844 0.23309269843619154
 3266.254878888355 0.22143427899594883
 3297.504690043821 0.20729924518335124
 3328.9664802246302 0.1945862786924178
 3360.653925496934 0.18419345603059483
 3392.560187827657 0.17204186700555382
 3424.6852672167983 0.1585455389457991
 3457.0291636643596 0.14566056503831822
 3489.5918771703395 0.1318943311794003
 3522.3734077347385 0.11731870677298625
 3555.380593390632 0.10411768509705668
 3588.599758071869 0.09265703468251757
 3622.0445778446005 0.0811442272337614
 3655.7013766426753 0.0707759484322637
 3689.5838305322454 0.06278986107881591
 3723.678263447158 0.05518631568766888
 3757.998351453565 0.048739023095176775
 3792.530418485316 0.043798978906796265
 3827.2881406085625 0.039831870875163835
 3862.2578417571512 0.036225441820416814
 3897.446359964159 0.03172007851383989
 3932.8468571965104 0.02692761372701705
 3968.4730095203567 0.023235532986930356
 4004.304302836471 0.02053236713733963
 4040.3612512440795 0.01839069662366945
 4076.6233406439555 0.016592256921516213
 4113.104247102251 0.015033478542510081
 4149.803970618966 0.013658994403665022
 4186.708835127948 0.01243454951667339
 4223.825678662273 0.011336266043340953
 4261.154501221943 0.010346264998903941
 4298.695302806955 9.450546972182618E-3
 4336.448083417311 8.637802536279377E-3
 4374.406005019934 7.898679261012873E-3
 4412.575905647902 7.225302217813559E-3
 4450.944109235061 6.610943843554681E-3
 4489.524291847564 6.049788226093172E-3
 4528.309615452335 5.536759554368173E-3
 4567.300080049374 5.0673908661353255E-3
 4606.488847605604 4.63772394815649E-3
 4645.882756154102 4.244230568985145E-3
 4685.474967661794 3.8837498035986274E-3
 4725.265482128676 3.553437424425476E-3
 4765.254299554752 3.250724654419742E-3
 4805.441419940019 2.9732841299498946E-3
 4845.826843284479 2.7190011956634376E-3
 4886.403731555055 2.4859504881773954E-3
 4927.165246718672 2.2723748669357555E-3
 4968.1250648414825 2.0766686676850737E-3
 5009.276347890409 1.8973621560100214E-3
 5050.612257832376 1.7331087680622528E-3
 5092.132794667384 1.5826734940070771E-3
 5133.837958395434 1.444922811316313E-3
 5175.734587049599 1.318815723558177E-3
 5217.802166530655 1.203395759442908E-3
 5260.054372904752 1.0977837545886083E-3
 5302.484368138815 1.0011715305397086E-3
 5345.085314199767 9.128159307542868E-4
 5387.864049120685 8.320336042734188E-4
 5430.813734868492 7.581961397110832E-4
 5473.941209476265 6.907257383392799E-4
 5517.225958844777 6.290910971587435E-4
 5560.681659040179 5.728038187970943E-4
 5604.301472029394 5.21414995691366E-4
 5648.085397812424 4.7451208414510794E-4
 5692.026598356193 4.3171606859054325E-4
 5736.125073660701 3.92678794133543E-4
 5780.380823725946 3.5708058780798676E-4
 5824.787010518856 3.2462795572551784E-4
 5869.343634039428 2.9505157570016863E-4
 5914.050694287663 2.6810433289011675E-4
 5958.908191263561 2.4355959737253041E-4
 6003.902448900972 2.2120957739868313E-4
 6049.047143266045 2.0086382129447214E-4
 6094.321760259555 1.8234782375746913E-4
 6139.739975947652 1.6550175580691035E-4
 6185.2881142641845 1.501792765946522E-4
 6230.966175209155 1.3624644068204467E-4
 6276.77415878256 1.2358069115421942E-4
 6322.705226951327 1.1206993441129209E-4
 6368.766217748531 1.0161168227644126E-4
 6414.9434551080184 9.211226025954815E-5
 6461.243777062868 8.348608192108376E-5
 6507.6535075469255 7.565497993029403E-5
 6554.179484593269 6.854759057473501E-5
 6600.8148701688214 6.209877872252594E-5
 6647.552826240509 5.624912497639813E-5
 6694.400190841405 5.0944439027164434E-5
 6741.343287905359 4.613532074906315E-5
 6788.388955465448 4.177675428833097E-5
 6835.530355488595 3.782773515674173E-5
 6882.7538119086484 3.425092874121526E-5
 6930.073000791761 3.1012355878540355E-5
 6977.460570005629 2.8081108941139683E-5
 7024.9848998810084 2.5429083568992522E-5
 7072.577610087145 2.3030739202841462E-5
 7120.170320293282 2.08628818391645E-5
 7167.89979116093 1.8904456079599326E-5
 7215.697642359332 1.7136365934327053E-5
 7263.563873888494 1.5541303914211436E-5
 7311.498485748409 1.41035984125172E-5
 7359.433097608325 1.2809073568293315E-5
 7407.504470129753 1.16449221581749E-5
 7455.575842651179 1.0599589871513085E-5
 7503.783975834119 9.66267093280536E-6
 7551.923728686304 8.824812342530907E-6
 7600.200242199998 8.077628980805396E-6
 7648.476755713694 7.413625853639092E-6
 7696.821649558146 6.826130232538316E-6
 7745.166543402597 6.3092275310662495E-6
 7793.511437247048 5.857708454091255E-6
 7841.924711422257 5.4670198033655365E-6
 7890.406365928219 5.1332226309951065E-6
 7938.888020434182 4.852956292500416E-6
 7987.3012946093895 4.6234083610198415E-6
 8035.85132944611 4.4422908030809064E-6
 8084.332983952073 4.30782176704857E-6
 8132.883018788792 4.21871393314991E-6
 8181.364673294755 4.174189136236864E-6
